logFC	AveExpr	t	P.Value	adj.P.Val	B
ENSMUSG00000086671	-0.106225835650239	7.38054735499123	-5.67412539670586	1.49008075305503e-08	0.000202025148499201	9.05631317934608
ENSMUSG00000048281	0.190306039447965	6.92364396459714	5.17185789392584	2.42831089502082e-07	0.00164615195573461	6.46300725875353
ENSMUSG00000032024	0.228412216059708	6.76628768420883	5.03074681218293	5.09467643918448e-07	0.00184212084875119	5.82422735184496
ENSMUSG00000085030	0.200518302905963	6.95606745414101	4.96101586455686	7.29645649818527e-07	0.00184212084875119	5.47746682598458
ENSMUSG00000086129	0.141895540227111	7.21834650268866	4.91444647899503	9.25074340329231e-07	0.00184212084875119	5.3408189027412
ENSMUSG00000002881	0.114348848154313	7.20593925774128	4.9089780004928	9.51087619210676e-07	0.00184212084875119	5.32329805252956
ENSMUSG00000002731	0.099262709944421	7.16892230801889	4.91352401612746	9.29413872270221e-07	0.00184212084875119	5.28981718341491
ENSMUSG00000033790	0.154332729213145	7.02568063012654	4.86099808981844	1.21161402613847e-06	0.00205338287079817	5.02627789991473
ENSMUSG00000051316	0.180429142437395	6.6462916557989	4.81385860632642	1.53370880632652e-06	0.00205728689335729	4.8534281391668
ENSMUSG00000092765	0.338541506154003	7.30058938629236	4.79547802946902	1.68040630730468e-06	0.00205728689335729	4.78389910244198
ENSMUSG00000020090	0.0662409395500916	7.27999240812821	4.78001988791815	1.81413840926001e-06	0.00205728689335729	4.73571493404866
ENSMUSG00000094581	0.237716022604603	7.38266937198672	4.77927033692792	1.82087643607371e-06	0.00205728689335729	4.72418913187622
ENSMUSG00000007739	0.107174334981079	6.57553989207647	4.73166351273786	2.30179934517801e-06	0.00240059965553258	4.48641472518641
ENSMUSG00000065676	0.25842485597103	7.24391776459444	4.70687007398146	2.59841352421555e-06	0.00251637789723674	4.39628257811421
ENSMUSG00000046999	0.147458452968889	7.22335152946871	4.66135529548193	3.24104939652533e-06	0.00255556276014219	4.20129602378552
ENSMUSG00000082776	0.170777702435921	7.42217325101376	4.65631924672185	3.32087732557408e-06	0.00255556276014219	4.14115813011555
ENSMUSG00000089862	0.193429951621115	6.88916830456818	4.65187792974504	3.39284036602444e-06	0.00255556276014219	4.10763204673338
ENSMUSG00000088984	0.134693456834444	7.39674655285074	4.65198927588277	3.39101807113742e-06	0.00255556276014219	4.07981087624362
ENSMUSG00000021758	0.181053389793006	7.30548017707719	4.59659378005739	4.42363938168253e-06	0.00315661593351851	3.91914859866299
ENSMUSG00000073295	0.0772368762912929	7.30785256389296	4.58261827896977	4.72831772428993e-06	0.00320532658529615	3.85430882855801
ENSMUSG00000041837	0.201079997090748	6.9873245634969	4.55080680628918	5.49859316554422e-06	0.0034642498647877	3.67461119259256
ENSMUSG00000063714	0.154938717759456	7.16869751678687	4.53536155036073	5.91459801610657e-06	0.00348652695227708	3.64008649259998
ENSMUSG00000064658	0.14685048357746	7.46089969043529	4.54613800419866	5.62129348173251e-06	0.0034642498647877	3.50115458330779
ENSMUSG00000051705	0.0831298780662006	7.0872562868099	4.49346737511522	7.20019204705351e-06	0.00394229245941313	3.44993551229622
ENSMUSG00000024425	0.129693910747042	6.88801732206921	4.49142335453318	7.26931047981474e-06	0.00394229245941313	3.42885068071061
ENSMUSG00000034292	0.122510748153308	7.32691050027973	4.45599985239397	8.57287272486963e-06	0.00447042340014548	3.27309408313537
ENSMUSG00000051671	0.108036730668616	6.56984667007339	4.41068253755837	1.0568544451767e-05	0.00489123976681121	3.12042787640532
ENSMUSG00000049124	0.182778436340213	7.0925938040409	4.41596856029948	1.03147080525842e-05	0.00489123976681121	3.11891473202734
ENSMUSG00000048234	0.25242102379521	7.1559450479255	4.4106876923639	1.05682940343086e-05	0.00489123976681121	3.1019057879297
ENSMUSG00000064982	0.233153128283933	7.31035640713248	4.33919691898137	1.46444494046066e-05	0.00640482080734375	2.82071292868298
ENSMUSG00000028709	0.259803780487045	6.9816331049548	4.33038824217887	1.52399450983332e-05	0.00645697423885004	2.7731194516235
ENSMUSG00000021745	0.0666834577798134	7.54919475247618	4.40550551566777	1.08229232190837e-05	0.00489123976681121	2.64736818389565
ENSMUSG00000079737	0.209046838986872	6.98947676666958	4.29473100966787	1.78949236641809e-05	0.00735210227390801	2.62959047568104
ENSMUSG00000052364	0.125695140941573	7.24401309030831	4.25194409947368	2.16637535910543e-05	0.00831727493390341	2.47917917803561
ENSMUSG00000065414	0.126641850362354	7.32541815023121	4.25827989026058	2.10615358666503e-05	0.00831727493390341	2.47675402324212
ENSMUSG00000034501	0.099147838413721	7.15394920473083	4.24500672073952	2.23419483188484e-05	0.00831727493390341	2.44183822580281
ENSMUSG00000050069	0.246697375615748	6.83137532483456	4.24144469815813	2.26979770286492e-05	0.00831727493390341	2.42474716028439
ENSMUSG00000028132	0.086080632792255	7.29650818263753	4.22430187818302	2.44883019976084e-05	0.00873716838114671	2.33583760572428
ENSMUSG00000078768	0.147748101268281	6.95899308826023	4.21747707255125	2.52378052588816e-05	0.00877369650512608	2.3239216687843
ENSMUSG00000033717	0.0709815272422878	7.23446153131183	4.17177952809875	3.08480189020386e-05	0.0102233650997682	2.15723745850823
ENSMUSG00000071661	0.139659286673768	6.90842293928398	4.15896489040291	3.26226862059266e-05	0.0105309137995227	2.09844508105359
ENSMUSG00000021179	0.104207302286905	6.82855502128026	4.15232351320884	3.3580191726391e-05	0.0105879125448002	2.07607678297298
ENSMUSG00000054484	0.157826516379844	7.17984664729424	4.13170866967021	3.67252763241173e-05	0.0113163931000541	2.00297464328464
ENSMUSG00000083614	0.0946449818276491	7.42293744097721	4.17127651523434	3.09159145220901e-05	0.0102233650997682	1.91579832752879
ENSMUSG00000069844	0.175661982302605	6.9742893626893	4.10793632512511	4.06992412756759e-05	0.0119956589829481	1.90470862076335
ENSMUSG00000036390	0.135843474250255	6.70230235423982	4.09850077712539	4.23870224579005e-05	0.0122273032017918	1.87444505223245
ENSMUSG00000025340	0.211164575158849	6.76090483670553	4.07807996794884	4.62700136241905e-05	0.0127067113510719	1.79688441662223
ENSMUSG00000037957	0.142475399421378	6.96949918013782	4.06310642608432	4.93291421544524e-05	0.0127067113510719	1.73581754674141
ENSMUSG00000044502	0.0889343828494722	6.49327848643525	4.05258373116603	5.15926645302075e-05	0.0127067113510719	1.70144654629886
ENSMUSG00000045284	0.0828059668324386	7.1334525612042	4.05132888572505	5.18690715780343e-05	0.0127067113510719	1.69587824281021
ENSMUSG00000036466	0.102275901725243	7.38233489486321	4.06292585437168	4.93671779298246e-05	0.0127067113510719	1.67432667605481
ENSMUSG00000022538	0.135199771765436	6.84715225707404	4.04512276206322	5.32568708556039e-05	0.0127067113510719	1.66916115771373
ENSMUSG00000020525	0.135693862574175	6.94847253824002	4.03977005822144	5.44820299925201e-05	0.0127067113510719	1.64741606247474
ENSMUSG00000007836	0.115807493001034	6.94832004310215	4.03631848196332	5.52861625793784e-05	0.0127067113510719	1.6332235265067
ENSMUSG00000088615	0.121457146960805	7.28438737957919	4.03753890742885	5.50005565081258e-05	0.0127067113510719	1.6311555796812
ENSMUSG00000022103	0.106077673544276	7.09589698643474	4.03069095014957	5.66214064317431e-05	0.0127945504733595	1.61662117994665
ENSMUSG00000049339	0.110394428265105	6.58841124460394	4.02170470926084	5.8817115848428e-05	0.0128622031012922	1.586189014161
ENSMUSG00000031429	0.0971109489835129	6.38223451155146	4.02020031388175	5.91924942839585e-05	0.0128622031012922	1.5763228663559
ENSMUSG00000040446	0.112157119596814	7.15090111003873	4.01610292862849	6.02264204497199e-05	0.0128622031012922	1.56516986926783
ENSMUSG00000080485	0.0933015460942945	7.37082677738436	4.05393024878323	5.12976181320012e-05	0.0127067113510719	1.52837384688937
ENSMUSG00000103663	0.0735671761837828	7.54102255406921	4.12285411441203	3.81603475175148e-05	0.0114972887031659	1.51717024410634
ENSMUSG00000087298	0.0937274157448966	7.4042404230649	4.05642131455352	5.07559929063491e-05	0.0127067113510719	1.48773295883435
ENSMUSG00000083307	0.147862409960659	6.76924470592194	3.98851796999479	6.76453998243783e-05	0.014006639091211	1.46169166871715
ENSMUSG00000041324	0.198129914191448	6.72932277104087	3.98400826751527	6.89376781718502e-05	0.014006639091211	1.44527861244168
ENSMUSG00000014177	0.0997048207947104	6.68823153230222	3.98304384741349	6.92170540722182e-05	0.014006639091211	1.43988747756485
ENSMUSG00000035262	0.151135303321914	7.00250706369695	3.97770521852911	7.07830483746367e-05	0.0140131694820681	1.41691796894129
ENSMUSG00000067424	0.201594585634286	7.07979771629854	3.96271976886456	7.53598638580061e-05	0.0145961290598121	1.36611070248811
ENSMUSG00000034265	0.109913009525614	6.65896931218078	3.95425451147901	7.80676134432264e-05	0.0149076155361023	1.33484807226718
ENSMUSG00000028133	0.0726578080215603	7.46037564644856	4.01418782697227	6.07155184011434e-05	0.0128622031012922	1.28592991953426
ENSMUSG00000043262	0.129787486267122	7.39493959435659	3.97591223028886	7.13164695576561e-05	0.0140131694820681	1.28381392528612
ENSMUSG00000014349	0.202348709085491	6.79724198998919	3.93970025937331	8.29393402385331e-05	0.0154233203063391	1.28054382588924
ENSMUSG00000020134	0.16643894828107	7.03506169448921	3.93288381692686	8.53185590039411e-05	0.0154233203063391	1.25413972056916
ENSMUSG00000036104	0.1441678023079	6.99048000546547	3.90011501095939	9.76847045712594e-05	0.0169411269375802	1.13478631371039
ENSMUSG00000017776	0.125054285727057	6.77077925278967	3.89179073582935	0.000101085626903038	0.0169477798610823	1.10602485509503
ENSMUSG00000011837	0.0828322278808544	6.70323714042586	3.88452615795586	0.000104144673320936	0.0172194326937226	1.08057793337727
ENSMUSG00000005687	0.0346346418632777	7.02847725187423	3.87225807364624	0.000109509942507875	0.0173041238832513	1.03597824444411
ENSMUSG00000089889	0.0948792142844477	7.37627416989835	3.89756993420116	9.87128653244459e-05	0.0169411269375802	0.983508397905175
ENSMUSG00000086231	0.0417190621642831	7.58837113541296	4.03627881490716	5.52954690745862e-05	0.0127067113510719	0.967725957836494
ENSMUSG00000035171	0.118133121590183	6.97246342483541	3.85073272699037	0.00011955944789944	0.0178130438969297	0.957420380268824
ENSMUSG00000048486	0.137270660027576	6.54676944355452	3.84374834788683	0.000123002946927913	0.0179160871390576	0.933122961174627
ENSMUSG00000097251	0.0881484040826601	7.47356632567658	3.9392918887112	8.30800936111984e-05	0.0154233203063391	0.919140849121494
ENSMUSG00000032641	0.180175664525585	6.8099953979769	3.8359988015854	0.000126933080024861	0.0179160871390576	0.90634746693951
ENSMUSG00000089810	0.130575950465413	7.17680052153415	3.83743343109114	0.000126196699681852	0.0179160871390576	0.900455428501916
ENSMUSG00000073073	0.0925338914935123	7.50979022399745	3.93416211950411	8.48675200585817e-05	0.0154233203063391	0.888077558320021
ENSMUSG00000020950	0.122668115936418	6.7701099299819	3.82783189354749	0.000131202842859006	0.0179681630654789	0.877171180333502
ENSMUSG00000029229	0.055555284765151	7.44144675055981	3.90248879178149	9.67348673637414e-05	0.0169411269375802	0.874551892016888
ENSMUSG00000029649	0.0622684721771725	6.52302199407404	3.82184866467087	0.00013441649145207	0.0182241879110716	0.852285945100372
ENSMUSG00000088990	0.132649586550798	7.41869070800174	3.85229093723135	0.00011880371196548	0.0178130438969297	0.837348091097911
ENSMUSG00000090069	0.0917058338093026	7.41067694457183	3.87335073317405	0.000109021700788003	0.0173041238832513	0.834635742456779
ENSMUSG00000029175	0.212332619005171	6.94289049390472	3.81487624544719	0.000138255022867087	0.0185590257428907	0.830869962862363
ENSMUSG00000001844	-0.0614678769208927	7.35620900115746	-3.86166389140431	0.000114352032558317	0.0176180097434735	0.822146253812956
ENSMUSG00000032567	0.093603594162408	7.46869055265216	3.89139112020652	0.000101251671983159	0.0169477798610823	0.817556162711529
ENSMUSG00000024726	0.062740695436112	7.3740236056881	3.8688669232548	0.000111038411110995	0.0173041238832513	0.815111075283678
ENSMUSG00000098882	0.112814337925394	7.3650321024463	3.8448020098522	0.000122477537608016	0.0179160871390576	0.789965815507848
ENSMUSG00000032870	0.103590622863331	6.48457625836384	3.80143405522101	0.000145948668216264	0.0189145665381816	0.774484413589366
ENSMUSG00000027185	-0.064902497766858	7.29459236268379	-3.83067731872219	0.000129700079635465	0.0179436089765065	0.750537948831481
ENSMUSG00000068250	0.0603870205633603	7.26368431368457	3.79662663720947	0.000148796796333479	0.019031952497069	0.740939573990661
ENSMUSG00000092384	-0.0776070748790403	7.19170536212364	-3.80352053388039	0.000144728594891793	0.0189145665381816	0.711989312869586
ENSMUSG00000064080	-0.0841539965025619	7.31931277833304	-3.83358789487456	0.000128179705892358	0.0179160871390576	0.693633535429306
ENSMUSG00000020250	0.130932599949458	6.5482783344091	3.77005278562444	0.000165508326962903	0.0209716065136733	0.671307643695886
ENSMUSG00000058743	0.217355372837502	6.83009882890001	3.76337359582926	0.00016997822971507	0.0211959253450618	0.650518148995372
ENSMUSG00000053536	0.149053194858375	6.75441547573128	3.76045233708109	0.000171968711311167	0.0211959253450618	0.640126298116706
ENSMUSG00000026511	0.0687486227643204	6.57616060264642	3.76141315601363	0.00017131162255777	0.0211959253450618	0.639323871826613
ENSMUSG00000044147	0.0844065100995959	6.68295585876264	3.75203747683645	0.000177825689426184	0.0214230427536604	0.61000581836105
ENSMUSG00000045435	0.0914455713050639	6.95611261009512	3.7488525256298	0.000180091060247629	0.0214230427536604	0.599843497450769
ENSMUSG00000032215	0.0784131280577522	6.61566347827663	3.7475106748026	0.000181053586585755	0.0214230427536604	0.59293369633566
ENSMUSG00000078853	0.199905034621234	6.75048478206589	3.7442002672177	0.000183448916544177	0.0214230427536604	0.578823975118825
ENSMUSG00000043702	0.145049910640803	7.09744976904958	3.74141726906132	0.000185485652605154	0.0214230427536604	0.573593391402843
ENSMUSG00000097392	0.0580191214992727	7.53554977110151	3.90845367659253	9.43864526816549e-05	0.0168380463876036	0.552835263307428
ENSMUSG00000037843	0.089994237407141	6.73861668767781	3.73441592342337	0.000190704022378705	0.0214230427536604	0.549198583873824
ENSMUSG00000050148	0.194750871446561	6.9966454436621	3.73376977097187	0.000191192519043584	0.0214230427536604	0.547800739238594
ENSMUSG00000052676	0.0563082999752762	7.51473226299257	3.86953874656318	0.000110734014962049	0.0173041238832513	0.540131093146947
ENSMUSG00000030525	0.0381065260707034	7.51124627385936	3.85504473045408	0.000117479122130367	0.0178130438969297	0.5167553872884
ENSMUSG00000096346	-0.182466249531374	7.09749267475406	-3.73723324769736	0.000188587781867048	0.0214230427536604	0.514910521945284
ENSMUSG00000040822	0.115672298614211	6.45585807103008	3.72792486869938	0.000195665078844424	0.0217444847456778	0.513802071113356
ENSMUSG00000028603	0.0471677339418779	7.01377550799297	3.71995606257983	0.000201921480815133	0.0220335830281452	0.500082857927894
ENSMUSG00000044408	0.0489739728723491	7.08330202625878	3.71842870197818	0.000203141899875952	0.0220335830281452	0.492250583185613
ENSMUSG00000034042	0.0904090247076015	7.27066024882211	3.73535331621878	0.000189997431200016	0.0214230427536604	0.473343264727703
ENSMUSG00000046756	0.121582451125437	6.49973761455486	3.70982745479939	0.000210145063982707	0.0226122760117265	0.454083898760472
ENSMUSG00000034789	0.0392136442668463	6.83877941120504	3.70499030923468	0.000214182496025827	0.0228576693032167	0.448832475231644
ENSMUSG00000104245	0.024438561582719	7.56245139970034	3.87335781597658	0.000109018542635546	0.0173041238832513	0.396609615923434
ENSMUSG00000089989	-0.0967115867105228	7.18607450544631	-3.71875464060425	0.000202880882212719	0.0220335830281452	0.394853931938504
ENSMUSG00000042505	0.171182058831143	6.89210875633954	3.68608193112106	0.000230674496443889	0.0240575755598942	0.384156483283244
ENSMUSG00000020280	0.0531510508629385	7.46469815772778	3.80052382541027	0.000146483956815833	0.0189145665381816	0.374235119018633
ENSMUSG00000028165	0.0887576817777651	7.24401084179703	3.68643466110964	0.000230356218716021	0.0240575755598942	0.352992521185179
ENSMUSG00000073792	0.056705660934429	7.56026137372614	3.84023128997914	0.000124772161087826	0.0179160871390576	0.306907943835938
ENSMUSG00000086536	0.155983901625467	7.29898362057083	3.68327736907161	0.000233219859268271	0.0241373652821314	0.289885061143763
ENSMUSG00000024645	-0.0968305391066533	6.85504231580436	-3.65796740527105	0.000257413536215033	0.026240697172958	0.288764137531777
ENSMUSG00000098960	0.0857310951152526	7.36797492265891	3.74497319013291	0.000182886996205378	0.0214230427536604	0.282538017864312
ENSMUSG00000031754	0.12837228311778	7.20793773338612	3.64927917102699	0.000266247781768047	0.0267391661126755	0.23338335417237
ENSMUSG00000059772	-0.0804355020728691	7.32648914148154	-3.74218453604091	0.000184922015544064	0.0214230427536604	0.226294237514672
ENSMUSG00000029415	0.0449319693255452	7.53648055304135	3.80342534583749	0.000144784046517923	0.0189145665381816	0.221893741068986
ENSMUSG00000047539	0.173550657181992	6.99706889665854	3.62939184153706	0.000287550940283806	0.0279919925695071	0.189030805696644
ENSMUSG00000024293	0.0692920880830883	7.42245372266815	3.70307943435902	0.000215797438472616	0.0228576693032167	0.180094967326349
ENSMUSG00000050711	0.223682479782164	6.96863963650237	3.62007453887292	0.000298071883116351	0.0283798692319816	0.160990427166463
ENSMUSG00000014633	0.106457384974895	6.51193412979285	3.62156587173606	0.000296363996858233	0.0283798692319816	0.155692627687268
ENSMUSG00000001157	0.0536200004659602	7.25454763612479	3.63810085806638	0.000278032471637812	0.0273156829743874	0.153896906249825
ENSMUSG00000032802	0.169991864073197	6.68919687093358	3.61181134838727	0.000307703258378913	0.0283798692319816	0.128553782367068
ENSMUSG00000030101	0.113637839389588	6.62434547442938	3.61191976903009	0.000307575019889992	0.0283798692319816	0.124819202103875
ENSMUSG00000047514	0.133734771460858	6.69886990403684	3.60589031670847	0.000314783116146493	0.0288366857345551	0.109854877973727
ENSMUSG00000047554	0.0675189106916836	7.40091837941311	3.66717382327322	0.000248352893786558	0.025508852529986	0.106834098364725
ENSMUSG00000056296	0.175894887321679	6.81022230230553	3.5993589795856	0.000322769539891043	0.0291740628122851	0.0905019854142139
ENSMUSG00000033009	0.0848857716888372	7.07340602108507	3.59678790617411	0.000325965141236711	0.0292677840058764	0.0809577214601216
ENSMUSG00000098090	0.0715400305304037	7.24564107618899	3.61336711217765	0.000305867909449864	0.0283798692319816	0.0715828008298018
ENSMUSG00000035274	0.212309130196814	7.10142506725311	3.58895260405644	0.000335887314606648	0.0295383995358439	0.0565659978136113
ENSMUSG00000054676	0.182900795862349	6.9658632395638	3.58451451006597	0.000341632159320959	0.0295383995358439	0.0424102532183612
ENSMUSG00000062590	0.0576951453241454	7.1957262378838	3.58910408897989	0.000335692831633188	0.0295383995358439	0.0310151808852837
ENSMUSG00000051617	0.161533862324598	6.90625974173936	3.58087752850271	0.000346408432379347	0.0295383995358439	0.0308854992848113
ENSMUSG00000098475	-0.075114813369602	7.20825728119449	-3.63815575409622	0.000277973421165065	0.0273156829743874	0.0285906788446413
ENSMUSG00000022151	0.0660259037458477	6.56996787963646	3.58325822114214	0.000343274971836234	0.0295383995358439	0.027580917498887
ENSMUSG00000030057	0.0732788090427574	6.77680546109078	3.57079086629596	0.00035998375273316	0.0304887870812514	-0.00440562712822334
ENSMUSG00000077614	0.184508482455994	7.14618933868205	3.58204638289163	0.00034486666014117	0.0295383995358439	-0.00712249391894559
ENSMUSG00000066149	0.12115526478893	7.17356908807538	3.56853049625051	0.000363093415272955	0.0304887870812514	-0.0214450989059225
ENSMUSG00000060935	0.0828905743431649	6.74895853146663	3.5647962082773	0.000368285896234116	0.0306332526450438	-0.0241858043743521
ENSMUSG00000077380	0.0744149137262227	7.40077430424165	3.64334515323717	0.000272444081831611	0.0271602710402425	-0.033162171384137
ENSMUSG00000022895	0.131874681444486	6.86963940440074	3.5586581696536	0.000376971914266171	0.0309756679613379	-0.0426354760006822
ENSMUSG00000040331	0.0577829235535345	6.73913392356171	3.55549483757166	0.000381522830669297	0.0311607622783995	-0.0560805039667454
ENSMUSG00000024424	0.141078244860251	6.80216219857112	3.55045925027782	0.000388873362963865	0.0313018452740888	-0.0705761959465976
ENSMUSG00000061175	0.0921187216965338	7.44962959813426	3.65174702523853	0.000263709965165527	0.0266819381172703	-0.0767589773436681
ENSMUSG00000075376	0.0771894944470226	7.37260065467775	3.61613462449517	0.00030262837091553	0.0283798692319816	-0.076980382266016
ENSMUSG00000051934	0.178852196045452	6.72405453050055	3.5480174610095	0.00039248515242625	0.0313018452740888	-0.081561264207374
ENSMUSG00000088769	0.103868364815946	7.41387391336296	3.58632678243755	0.000339275262238662	0.0295383995358439	-0.0978488003222617
ENSMUSG00000021072	0.0603467889033267	7.205548000855	3.54812609804143	0.000392323796947796	0.0313018452740888	-0.107614423659732
ENSMUSG00000071648	0.152555251823702	7.2191735094679	3.53568419787029	0.000411212058346964	0.0322266652431684	-0.139129607534579
ENSMUSG00000028857	0.109569678339488	6.84938718079314	3.52088810104537	0.000434779686300662	0.0334928578799113	-0.166259983431482
ENSMUSG00000060427	0.120438945140307	7.14720001978749	3.52138112694538	0.000433974474176929	0.0334928578799113	-0.17690251099157
ENSMUSG00000042396	0.0770005200563046	7.21842500829708	3.53336835643014	0.000414820252426023	0.0323226033470806	-0.181101097225638
ENSMUSG00000041238	0.0839106889073209	7.4812958756003	3.62804898225137	0.000289045505216919	0.0279919925695071	-0.190783207502251
ENSMUSG00000023791	0.113633417422707	7.02329937240802	3.51229884915402	0.000449033518533073	0.0336739517984415	-0.194800381187608
ENSMUSG00000037822	0.0606898501451845	6.94969318476682	3.50944986691568	0.00045385694763855	0.0338098488795794	-0.2027126080881
ENSMUSG00000032115	0.0783624889335206	6.59260680683292	3.5119930204407	0.000449548995096467	0.0336739517984415	-0.204330893765651
ENSMUSG00000002808	0.0986398852769916	6.36608153108953	3.51520523195755	0.000444162255557095	0.0336421891667212	-0.218073754411638
ENSMUSG00000098483	-0.116060589080805	7.1535472357426	-3.54629735435232	0.000395048258808573	0.0313220134089277	-0.223841659517922
ENSMUSG00000042569	0.115120262689715	6.89664308697674	3.49371169778932	0.000481385397548388	0.0348322834703651	-0.254132987449641
ENSMUSG00000039740	0.144171976950584	7.07463050665761	3.49174928968992	0.000484925147267141	0.0348322834703651	-0.262097198339331
ENSMUSG00000003131	0.134055184369203	7.05441983929351	3.48857402574216	0.000490704096683857	0.0348322834703651	-0.272043984703272
ENSMUSG00000035164	0.0736674421499837	7.240828451035	3.50219976650431	0.000466350669810171	0.0345507233950071	-0.280045181516091
ENSMUSG00000024150	0.0883781399512671	6.56539478529092	3.49076062654039	0.000486717661611208	0.0348322834703651	-0.282250482458654
ENSMUSG00000002997	0.179169624578767	6.68202153908196	3.48464656845476	0.000497940908314548	0.0350473722153627	-0.293805481630436
ENSMUSG00000032392	0.0511279561669182	7.4642416255073	3.59968287723698	0.00032236905258521	0.0291740628122851	-0.326892193196646
ENSMUSG00000064984	0.0815534353240333	7.43717277107613	3.5676581012609	0.000364300302932788	0.0304887870812514	-0.330574374305798
ENSMUSG00000033068	0.0485695436022722	7.20822179866184	3.47013598008625	0.000525550706456406	0.0361438721059168	-0.361634407541371
ENSMUSG00000003039	0.13627052993334	6.96736848278225	3.45573388132992	0.000554359914499724	0.0372023029751951	-0.376606614257939
ENSMUSG00000024589	0.167004870041959	6.52545421810898	3.46086378098833	0.000543933675107351	0.0368663409589442	-0.377936969664086
ENSMUSG00000053040	0.0540887276879456	7.12733312321146	3.45134457557654	0.000563428465257037	0.0374458977056613	-0.404393164038424
ENSMUSG00000015357	0.104901718133084	6.80445147731356	3.44666368147079	0.000573251617589216	0.0375220127154062	-0.406858935965134
ENSMUSG00000051256	0.107424754565612	6.54752931180053	3.44553508496691	0.000575643800324863	0.0375220127154062	-0.427947641534493
ENSMUSG00000016552	0.0564449320135818	7.53400372212717	3.61574427272829	0.000303083345732288	0.0283798692319816	-0.45226993994928
ENSMUSG00000010517	0.16135081881407	7.24107850579459	3.44650316165798	0.000573591290953194	0.0375220127154062	-0.453105904684095
ENSMUSG00000007833	0.103396026097784	7.34114866255798	3.46760604119402	0.000530508227546647	0.0361438721059168	-0.469630969681228
ENSMUSG00000097162	0.174398959688086	7.3106394346194	3.44608861092467	0.000574469382509337	0.0375220127154062	-0.476579463832254
ENSMUSG00000001416	0.0700864185208019	6.40052945595688	3.43206869367712	0.000604913835704718	0.0388692975567989	-0.484889753122578
ENSMUSG00000026163	0.11176859219382	6.89911772078216	3.41907717278715	0.000634459684568545	0.0401962822587866	-0.492310587661773
ENSMUSG00000007415	0.136662205444066	6.73429056872261	3.41955639289454	0.00063334638112636	0.0401962822587866	-0.496525686476653
ENSMUSG00000053205	0.0868677707416916	7.40142189892981	3.48859092683221	0.000490673167506692	0.0348322834703651	-0.497243165359428
ENSMUSG00000034839	0.151015775641796	6.88170288650339	3.41305182942397	0.000648613777312368	0.0409018864781446	-0.514005883322611
ENSMUSG00000048616	0.086059025982375	7.15118734449754	3.40583597263357	0.00066595095525655	0.0414172617035243	-0.545044572421157
ENSMUSG00000086851	0.139382186808554	7.09618015848242	3.39599241717544	0.000690297237995076	0.0417764995579982	-0.566837169255722
ENSMUSG00000001687	0.0729746227184336	6.41768292361327	3.40125344280984	0.000677183929275901	0.0417764995579982	-0.579994494041747
ENSMUSG00000084781	0.0412873492711343	7.54052137418574	3.59452736132866	0.000328799231733386	0.0293280262094819	-0.588960287883049
ENSMUSG00000020955	0.0862292673711016	6.55926247152931	3.39421514991112	0.000694780232846491	0.0417764995579982	-0.590331280727235
ENSMUSG00000026755	0.0768249956146496	6.40106606466295	3.39864688038756	0.000683651656190009	0.0417764995579982	-0.592534631726739
ENSMUSG00000021395	0.161837051328809	6.91693224766138	3.38596457026083	0.000715948280636779	0.0420208951899284	-0.597050312905313
ENSMUSG00000065396	0.232451564983819	7.20154209222337	3.40959706024383	0.000656861304605034	0.0412302109621993	-0.618165728806034
ENSMUSG00000052675	0.0438421781882257	7.50750162728519	3.54397687966546	0.00039853075974156	0.0314144188405586	-0.628450036800706
ENSMUSG00000037070	0.0925615061818794	6.6680945265268	3.37575571583426	0.000742970186172223	0.0432325741807854	-0.635590076148225
ENSMUSG00000024236	-0.101521446501854	7.10778769540046	-3.3930579725665	0.000697713640778259	0.0417764995579982	-0.63886143544817
ENSMUSG00000030386	0.0610484937216196	7.52235506652885	3.56315563353065	0.000370588982118413	0.0306368623143991	-0.640010071493455
ENSMUSG00000044461	0.158110020505204	6.75288764799632	3.37222088373219	0.000752545314957688	0.0436026041888732	-0.649739682960688
ENSMUSG00000037463	-0.107670657314721	7.16715940781517	-3.38982277009798	0.000705975984336826	0.0417764995579982	-0.649776299677828
ENSMUSG00000028578	0.0863806272801995	6.89527157751267	3.36844921360028	0.000762888316746508	0.0438272872815642	-0.650842940707003
ENSMUSG00000041836	0.0788372623866271	7.44494847820018	3.49116997485833	0.000485974736366287	0.0348322834703651	-0.678015247916411
ENSMUSG00000063558	0.0636468914022341	7.42607370818501	3.45956759380184	0.000546550710484422	0.0368663409589442	-0.680414675859917
ENSMUSG00000048410	0.0482767059138229	7.45724730051867	3.47400034844419	0.000518061618764161	0.0360198944984846	-0.691793323965593
ENSMUSG00000067942	0.040854367990609	7.54079748165629	3.54900606274662	0.000391019093965517	0.0313018452740888	-0.699686792817359
ENSMUSG00000039345	0.090658867375061	7.39045158674621	3.43801472995689	0.000591822952846009	0.0383920363382114	-0.703629141121386
ENSMUSG00000038563	0.171919221249999	7.17090526941404	3.3570416208475	0.000794980341919987	0.0452871574611394	-0.710783218948739
ENSMUSG00000067594	0.0464849513592478	7.49351465549904	3.49237008372016	0.000483802754844246	0.0348322834703651	-0.713685941483401
ENSMUSG00000074766	0.106477383690665	6.7538784577861	3.34888048753518	0.000818703614822873	0.0462499317073688	-0.718417902526252
ENSMUSG00000029346	0.100446274561804	7.37637198198531	3.39625536045934	0.000689636275985429	0.0417764995579982	-0.725520920992702
ENSMUSG00000088226	0.0508746151702821	7.50024107821083	3.48412781762007	0.000498904177427718	0.0350473722153627	-0.728418482802195
ENSMUSG00000021376	0.0499937208214698	7.43701112867855	3.47933564775112	0.000507885319337901	0.0354943771112539	-0.731168976427038
ENSMUSG00000038957	0.200174246911257	6.95750522658927	3.34082907648328	0.000842750362271521	0.0468279074249069	-0.739407560329195
ENSMUSG00000055493	0.107610650077174	7.39301694443888	3.39012183449476	0.000705208409286119	0.0417764995579982	-0.753911124164092
ENSMUSG00000098813	0.227697964388585	7.1851504868717	3.34439825384261	0.000832010731920108	0.046606910305914	-0.76103165360298
ENSMUSG00000021271	0.104621903768678	7.33119882974294	3.37771262369131	0.00073771812734999	0.0431119929767723	-0.767674636139597
ENSMUSG00000041429	-0.107349098466943	7.02825172790974	-3.34328875136861	0.000835335536534674	0.046606910305914	-0.767862273074539
ENSMUSG00000058240	0.0735818352439503	7.48776336002239	3.48962523757504	0.000488783825105398	0.0348322834703651	-0.779828031029383
ENSMUSG00000029433	-0.0606249511004098	7.43017455135732	-3.47069218302664	0.000524466610629119	0.0361438721059168	-0.803388430892637
ENSMUSG00000017428	0.0953684516888025	6.85750072585895	3.31734577891207	0.000916681246502824	0.0491239697236573	-0.809196488838924
ENSMUSG00000077239	0.169109993107826	7.2022334434345	3.31840180947876	0.000913231483398032	0.0491239697236573	-0.816293695553142
ENSMUSG00000032932	0.102838926889278	7.0401860569871	3.31595748549846	0.000921234802110536	0.0491736277441522	-0.816469713620704
ENSMUSG00000087721	0.0435527099381163	7.5770660424626	3.51874996114957	0.000438287878953785	0.0335723562873188	-0.825169466444004
ENSMUSG00000021003	-0.0521344139759794	7.45177498377487	-3.51529474675014	0.000444013009870416	0.0336421891667212	-0.828905142353931
ENSMUSG00000036249	0.11539748148421	7.21860447805003	3.31833275640376	0.000913456692634731	0.0491239697236573	-0.830503592659665
ENSMUSG00000028617	0.132251627431973	6.88520864811127	3.30655072049568	0.000952645288705384	0.0504529875947953	-0.84484470884231
ENSMUSG00000032624	0.0816135694885949	7.38978991497296	3.4339306618666	0.000600785786225457	0.038787874712594	-0.859282246394631
ENSMUSG00000019590	0.126046293038997	6.90497221453482	3.30093834659813	0.000971855476898345	0.0506785252145683	-0.859822388739352
ENSMUSG00000033184	0.0665364262021448	7.41583040460524	3.38876271349014	0.000708702972292343	0.0417764995579982	-0.862858033651763
ENSMUSG00000021482	0.123569399034714	7.03871543364562	3.30123613533576	0.000970827248358472	0.0506785252145683	-0.867505631303537
ENSMUSG00000045538	0.124037352380837	6.71890799722253	3.29764732002513	0.000983286374883805	0.0510781481635043	-0.882763691806411
ENSMUSG00000028393	0.102269759798786	6.99977600000194	3.29239178220821	0.00100179923394625	0.051448462173649	-0.886218088272554
ENSMUSG00000073530	0.0316339063792803	7.41705151388036	3.39848364051406	0.000684058612479717	0.0417764995579982	-0.89387138904809
ENSMUSG00000103653	-0.0814568521032752	7.14102811508646	-3.3046700500388	0.000959042950989491	0.0505888465222699	-0.893886634794441
ENSMUSG00000021713	0.0871916216309243	7.31315399532077	3.33722633583048	0.000853721313045947	0.0471678860909926	-0.894134977299274
ENSMUSG00000029627	0.174170177688118	6.97878749351722	3.28832702027238	0.00101633833411649	0.0515860478822829	-0.898520622741889
ENSMUSG00000041380	0.0800285896767452	7.20663427972142	3.2937824464807	0.000996869403626778	0.0513899443892466	-0.912098306129741
ENSMUSG00000035601	0.120136736617252	7.05431779555497	3.27836772742399	0.00105279114563204	0.0522847705219017	-0.929472799910252
ENSMUSG00000098286	0.176549303219895	7.4111240532629	3.34744576522966	0.000822941452725786	0.0462964324317685	-0.93846265174034
ENSMUSG00000030815	-0.107351058931295	7.04978985710327	-3.29091871926649	0.00100704577997478	0.0515227422071623	-0.94003051588483
ENSMUSG00000027965	0.186333427766134	7.13101618787234	3.27547095526361	0.00106361884431109	0.0524383428769807	-0.947018211832833
ENSMUSG00000103964	0.0599498658249917	7.50356236883282	3.46828367822272	0.000529176112231253	0.0361438721059168	-0.975789163762712
ENSMUSG00000040771	0.0649784427092612	7.29281297219795	3.2849388290078	0.00102860647647656	0.0515860478822829	-0.992807241759078
ENSMUSG00000035493	-0.109939010447657	7.10023751300319	-3.26939310040644	0.00108667271209895	0.052806840970027	-0.993060680986211
ENSMUSG00000027193	0.0794916532151477	7.31162431608027	3.30993821493979	0.000941221379612373	0.050043448881508	-0.995302825289989
ENSMUSG00000029270	0.182328770305221	7.24195824932673	3.26973906176057	0.00108534813780047	0.052806840970027	-1.0093820866601
ENSMUSG00000086429	0.0440646233320514	7.48333471417933	3.4079910652477	0.000660728399805478	0.0412818232468326	-1.01071616046116
ENSMUSG00000002608	0.100648818323564	6.63532407973875	3.25497389578147	0.00114322792465964	0.0549641283777853	-1.0117177879232
ENSMUSG00000005410	0.104434677128948	6.92299119583249	3.24937045782085	0.00116593095845833	0.0556608870942888	-1.01530651694771
ENSMUSG00000038451	-0.0686133622386533	7.16889595637859	-3.27223424438697	0.00107583904014766	0.052806840970027	-1.02475532368657
ENSMUSG00000036983	-0.121087193080501	6.814907538715	-3.24451496486877	0.00118593990893187	0.0558864945735278	-1.03044378979396
ENSMUSG00000026335	0.117909583169313	6.77366470567082	3.24726518711463	0.00117456791316895	0.0558764623394549	-1.0317411062443
ENSMUSG00000063800	0.064289037427554	7.34173292573149	3.2942362021668	0.000995265731787977	0.0513899443892466	-1.03610522479238
ENSMUSG00000065448	0.0799547057804055	7.28276984285753	3.28495323381914	0.00102855402980843	0.0515860478822829	-1.04099406798426
ENSMUSG00000020817	0.101967208489168	6.79120311985719	3.24118454200347	0.00119984720867915	0.0562890257967884	-1.04383753071803
ENSMUSG00000005469	0.041973594788109	6.97546176482896	3.23869206211209	0.00121035383531535	0.0565861286179499	-1.04683373261836
ENSMUSG00000093629	0.154919611957767	7.31351895513492	3.27554035616143	0.00106335823367655	0.0524383428769807	-1.05486063815053
ENSMUSG00000075266	0.0983329652598055	7.4777973447076	3.35705872730104	0.000794931293098219	0.0452871574611394	-1.05584102836475
ENSMUSG00000026807	0.115107791262083	7.34417183340258	3.30360807546448	0.000962673137833429	0.0505888465222699	-1.05838813210362
ENSMUSG00000075270	0.0560937260466545	7.2839874419667	3.27041369071962	0.00108276949713073	0.052806840970027	-1.06591422343857
ENSMUSG00000081137	-0.0474485569701359	7.45923546695931	-3.39013433824202	0.000705176334222047	0.0417764995579982	-1.07628235941774
ENSMUSG00000027035	0.0969597336425725	7.15628669911675	3.23693131310319	0.00121782714548355	0.0567398640497114	-1.08216741562596
ENSMUSG00000021666	0.0706239956344401	7.41508150299792	3.3709466823546	0.000756024881016211	0.0436178099439055	-1.09165489291721
ENSMUSG00000032373	0.101153393407493	6.49951707843053	3.23373179806876	0.00123151637596963	0.0569860034996457	-1.09686523889314
ENSMUSG00000085408	0.100023258971734	7.42039176829039	3.33010813533675	0.000875787958358926	0.0478787626589932	-1.10092766107793
ENSMUSG00000032563	0.152983983239735	6.82659715301357	3.22175536534616	0.00128402973228467	0.0580793223327777	-1.10202788984735
ENSMUSG00000043518	0.143472343975174	6.91242625326101	3.21964563191033	0.00129349179752131	0.0580875562494672	-1.10460559657056
ENSMUSG00000002307	0.125902157469661	6.63335174808334	3.22324248678998	0.00127739850484222	0.0580793223327777	-1.10962007529415
ENSMUSG00000024012	0.100997740592286	6.91918409807643	3.21586613997013	0.00131060380285618	0.0582277008185725	-1.11587335199144
ENSMUSG00000027822	0.0525995154758858	7.13036694130095	3.2215092365604	0.00128513030681762	0.0580793223327777	-1.12127315433873
ENSMUSG00000037104	0.152450726592388	6.63461179019783	3.21930764372924	0.00129501362970986	0.0580875562494672	-1.12443359136365
ENSMUSG00000027752	-0.0649493430832067	7.33903717595796	-3.28541988243853	0.00102685634128593	0.0515860478822829	-1.12847116482861
ENSMUSG00000028949	0.0914819342462589	6.95570323848982	3.20978899787166	0.00133855734677027	0.0582277008185725	-1.1333480991961
ENSMUSG00000077450	0.0667367153406788	6.68093323333092	3.21303490372916	0.00132355914154539	0.0582277008185725	-1.13499190835693
ENSMUSG00000090057	0.0535074933092261	7.53258673408121	3.42421471814786	0.000622618687736122	0.0398182272090865	-1.13805753054846
ENSMUSG00000027999	0.0829174515228619	6.83609007603993	3.20880382226661	0.00134314043602654	0.0582277008185725	-1.14063934382776
ENSMUSG00000056429	0.0945522388464832	7.0559852525567	3.20649669287605	0.00135393005109114	0.0582277008185725	-1.14603554206268
ENSMUSG00000026018	0.19411671373842	6.93025628407452	3.20473792693403	0.00136220883251441	0.0582277008185725	-1.15030112348446
ENSMUSG00000042428	0.0725818683187649	6.68039505286751	3.20733897027751	0.00134998178627669	0.0582277008185725	-1.15216738195572
ENSMUSG00000029405	0.10734429201325	7.0165291725355	3.20337190484412	0.00136867110987154	0.0582277008185725	-1.15286943213165
ENSMUSG00000022855	0.16101932258366	6.73005649363685	3.20668259091401	0.0013530577190014	0.0582277008185725	-1.15570693027761
ENSMUSG00000027615	0.0703644830117467	7.43964572648375	3.32734746145826	0.000884487609028879	0.0481601727036688	-1.15696972333197
ENSMUSG00000024423	0.138680602525898	7.22255804132953	3.2122206546717	0.00132730685851312	0.0582277008185725	-1.16206883934623
ENSMUSG00000020780	0.0821181055400979	6.686755479048	3.2030889923047	0.00137001302265265	0.0582277008185725	-1.16679737706765
ENSMUSG00000055302	0.0625612435289824	6.24810243030361	3.22398060787765	0.00127411890410987	0.0580793223327777	-1.1689263146944
ENSMUSG00000056508	0.137593970946376	7.09979932067336	3.20329333428006	0.00136904366464647	0.0582277008185725	-1.17178021837408
ENSMUSG00000022987	0.0429236513198044	7.53124057070736	3.39717861882823	0.000687320133862735	0.0417764995579982	-1.17401758207001
ENSMUSG00000028629	0.177565776472602	7.10228050523024	3.19413764715768	0.00141310314798117	0.0598714140010271	-1.18722028876711
ENSMUSG00000028019	0.179119050921047	6.98140005634067	3.19069632274909	0.00142999913990069	0.0603956757632386	-1.19478068290131
ENSMUSG00000020257	0.128976217182887	6.7991507742258	3.18891040268913	0.00143884077825093	0.0603956757632386	-1.19722756381135
ENSMUSG00000031816	-0.0590585790041356	7.2949469633761	-3.26230274185652	0.00111415101295299	0.0537567951374256	-1.19876068841991
ENSMUSG00000020184	0.138191159398298	6.91423269016302	3.18444739302055	0.0014611568591779	0.0606310673864923	-1.20881059475399
ENSMUSG00000021982	0.154246698699223	7.01456293027461	3.18592808178946	0.00145371794430557	0.0606310673864923	-1.20888228198072
ENSMUSG00000098900	0.116007787430048	7.22155984158663	3.24471828650003	0.00118509571577017	0.0558864945735278	-1.2089182483388
ENSMUSG00000026048	0.101987286055904	7.37252132479174	3.2799898666647	0.00104677248421618	0.0521769902242757	-1.20904859821957
ENSMUSG00000079469	-0.040904565556386	7.18904522626208	-3.21129109270997	0.00133159729506947	0.0582277008185725	-1.21350176010286
ENSMUSG00000091159	0.0768222961492935	7.31751812766431	3.21860877262865	0.00129816562498809	0.0580875562494672	-1.22699388573828
ENSMUSG00000026694	0.0787495443892814	7.4622689624622	3.33540892074233	0.000859305787319308	0.0471678860909926	-1.23719460193798
ENSMUSG00000028945	0.113918103175218	6.53975202242758	3.18429109085651	0.00146194415874383	0.0606310673864923	-1.24085373817971
ENSMUSG00000070814	-0.110921521356512	7.17014049598948	-3.20614067334221	0.00135560213226328	0.0582277008185725	-1.24952049502835
ENSMUSG00000020978	0.0730056808178086	7.17058561585665	3.17977703502876	0.00148485106243829	0.0613768619040805	-1.25299579689306
ENSMUSG00000030256	0.0900847142293113	6.93317644572814	3.16899624220804	0.00154090395893658	0.0628783829620335	-1.25354492821002
ENSMUSG00000102729	0.026252647410776	7.59537672421706	3.45443981580326	0.00055701928779795	0.0372023029751951	-1.25675930955394
ENSMUSG00000054871	0.112713990175903	6.77600757520053	3.16981418627375	0.00153658380672287	0.0628783829620335	-1.25723768194589
ENSMUSG00000059796	0.11562386929909	6.52930819389085	3.17835821326907	0.00149211902590646	0.0614898168791485	-1.262392724982
ENSMUSG00000028525	0.133402399412497	6.85252184563415	3.16609495837518	0.0015563181318028	0.0628783829620335	-1.26498275655479
ENSMUSG00000026857	0.0882951820577169	7.36740439971171	3.24422497974521	0.00118714489136864	0.0558864945735278	-1.26626730373297
ENSMUSG00000037965	0.0433341031141303	7.48347660928479	3.3545164435457	0.000802251606367606	0.0455101559796318	-1.26963416780033
ENSMUSG00000014353	0.0502935585496873	7.48960688124737	3.32607935143445	0.000888510577666545	0.0481857056480121	-1.27472240953466
ENSMUSG00000053436	0.147728814513217	6.85084929002509	3.16212012017623	0.00157766662790526	0.0628783829620335	-1.27542112573437
ENSMUSG00000086350	-0.191583275880368	6.75251852017514	-3.16180135407	0.00157939032124342	0.0628783829620335	-1.27765735767878
ENSMUSG00000030042	0.0871846008567969	6.94069259943133	3.15914981983183	0.00159379556903477	0.0628783829620335	-1.28231285912964
ENSMUSG00000025946	0.167029660994934	6.8991134788277	3.15929519385423	0.00159300265698298	0.0628783829620335	-1.28314863734257
ENSMUSG00000028069	0.0714993458727973	7.05411546416703	3.16222594923615	0.00157709475188619	0.0628783829620335	-1.28349859237504
ENSMUSG00000040570	0.144522020061427	7.12879832347559	3.15701183825379	0.00160549879595771	0.063093775871289	-1.30003317013215
ENSMUSG00000034430	0.0710596836020301	7.52097570888983	3.33589814953645	0.000857799182380289	0.0471678860909926	-1.30996637827706
ENSMUSG00000032112	0.0476384028814927	6.52385845833357	3.15911973218857	0.00159395972115059	0.0628783829620335	-1.31140233629162
ENSMUSG00000037525	0.151860111348982	6.86913501125423	3.15085539080456	0.00163964238431941	0.0640641828432351	-1.31152485715381
ENSMUSG00000005873	0.0868163059475666	6.58172231001009	3.15906785256424	0.0015942428024906	0.0628783829620335	-1.31514189064928
ENSMUSG00000022978	0.0934893886033219	6.86654985213258	3.14589511168646	0.00166763691646512	0.064624525018579	-1.32210869801541
ENSMUSG00000052429	0.0805398782612423	6.90777299158253	3.14494487920042	0.00167304973311117	0.064624525018579	-1.32382111796124
ENSMUSG00000028889	0.0987272314963041	6.71428656602637	3.14662588515645	0.00166348517477218	0.064624525018579	-1.32845145626103
ENSMUSG00000038416	0.0526571786838561	7.31693196017432	3.18961052493159	0.00143536866001767	0.0603956757632386	-1.33660111834229
ENSMUSG00000070880	0.165044567530485	6.87710012912782	3.14004547348372	0.00170121575269892	0.0653113752652824	-1.34077125775784
ENSMUSG00000036707	0.0998667317801676	6.7550593800083	3.13460607700106	0.00173299676446733	0.0653113752652824	-1.36565304262018
ENSMUSG00000049354	0.0525886283955082	7.48489130752967	3.28561842319187	0.00102613482815243	0.0515860478822829	-1.36630200986548
ENSMUSG00000003166	0.119370745989929	7.10110708111871	3.13263998805103	0.0017446178671508	0.0653113752652824	-1.36659470392303
ENSMUSG00000034432	0.102553525512529	6.60014719979268	3.13836291978494	0.00171098873291538	0.0653113752652824	-1.36735939586907
ENSMUSG00000051238	0.128746380018695	6.96634819037192	3.12192979929279	0.00180919181764597	0.0662946558476868	-1.39094144325521
ENSMUSG00000033813	0.0862888320690143	7.03031066999098	3.11833707604796	0.00183134055434749	0.0668425003810961	-1.40448514769105
ENSMUSG00000029147	0.155116090626732	7.02493913425968	3.1156949622407	0.0018477876416048	0.0671643561524877	-1.41049459462363
ENSMUSG00000095432	0.0809324170299979	7.38984527075211	3.20845946668554	0.00134474580918369	0.0582277008185725	-1.41092298869863
ENSMUSG00000023852	0.0540571818976003	7.39613307089448	3.22545954514575	0.00126757111425644	0.0580793223327777	-1.4138650035631
ENSMUSG00000087336	0.0850697671996077	7.38029414810492	3.25327172056972	0.00115008090034656	0.0550982220738466	-1.4200292344265
ENSMUSG00000032051	0.101895318849855	6.67510295092904	3.11216963443695	0.00186994415305944	0.0677879754737432	-1.42886652270737
ENSMUSG00000087644	0.0631297684586904	7.4696419966321	3.28425141183911	0.00103111218292511	0.0515860478822829	-1.42923219298822
ENSMUSG00000032397	0.053164480490123	7.46493031612219	3.23476702811964	0.00122707163004009	0.0569747847948065	-1.43151645907852
ENSMUSG00000027605	-0.112737696831561	7.2088696973622	-3.15469582872126	0.00161826579463155	0.0634116983919494	-1.4326189731518
ENSMUSG00000046441	0.0807850363145333	7.37649714414004	3.15979528961969	0.00159027776326906	0.0628783829620335	-1.45256296963766
ENSMUSG00000051413	0.175750286802356	7.05113217378211	3.10106863901565	0.00194131793048432	0.0692951539436474	-1.45294939780817
ENSMUSG00000058975	0.0264231675069553	7.22022534188166	3.13064712931527	0.00175647031310712	0.0653205176269469	-1.45680617899833
ENSMUSG00000079508	0.0626804494996414	6.96953687179953	3.09858571543672	0.00195762050757745	0.0694801540359558	-1.45725195839124
ENSMUSG00000078317	0.0966813769437591	6.68007488623075	3.10307257290203	0.00192825137816401	0.069245232019172	-1.46010309222821
ENSMUSG00000005505	0.084090505465058	7.23210316274734	3.1179079263457	0.00183400281322966	0.0668425003810961	-1.46671560664067
ENSMUSG00000042729	0.111060111316059	6.79643878952855	3.09737684767678	0.00196560321211419	0.0695813272841883	-1.46685635542156
ENSMUSG00000030612	0.0697834098755683	6.66866603884583	3.10271573616865	0.00193057218640264	0.069245232019172	-1.4675025102651
ENSMUSG00000032601	0.137516147576475	6.88534434551839	3.09279340715944	0.00199614205101342	0.0701660813512731	-1.47630419757847
ENSMUSG00000032120	0.0742210128690566	6.72891197391349	3.09031097835901	0.00201286341590008	0.0701709631151057	-1.49226707012979
ENSMUSG00000021051	0.130295643471255	6.94789455763654	3.08677216141822	0.00203692287336374	0.0701709631151057	-1.49256322907135
ENSMUSG00000103715	0.142897119376832	7.01138096995286	3.08644044784985	0.00203919158189642	0.0701709631151057	-1.4958150552544
ENSMUSG00000047368	0.0599378762009408	7.25314341950453	3.12912058397686	0.00176559942262983	0.0654043633115172	-1.50042015432556
ENSMUSG00000022949	0.121883220322757	6.63507027644674	3.08876470273045	0.00202334385090139	0.0701709631151057	-1.51015750035009
ENSMUSG00000044528	0.11221011612048	6.66796983858055	3.08715120910406	0.00203433326614709	0.0701709631151057	-1.51376617172521
ENSMUSG00000040502	0.126993252171809	6.95360745023534	3.07835000409557	0.00209524824412352	0.0712006953946057	-1.5161472616682
ENSMUSG00000021890	0.115862030189914	7.01742343355245	3.07759318417738	0.00210056372814248	0.0712006953946057	-1.52000051218523
ENSMUSG00000020019	-0.152786658803598	6.5751469950147	-3.07812679461402	0.00209681465933017	0.0712006953946057	-1.52564831047379
ENSMUSG00000020457	0.102378870698496	6.68432783738871	3.07586999170821	0.00211271266415835	0.0712541251260171	-1.5387545905064
ENSMUSG00000039828	0.116175285060483	6.91220186387226	3.06947508272236	0.00215836401299798	0.0723476671196317	-1.54100487439008
ENSMUSG00000023064	-0.12440862398246	6.85563219311407	-3.06954290499269	0.00215787513994319	0.0723476671196317	-1.54171557321456
ENSMUSG00000001999	0.12020169530539	6.78891727630599	3.06676630987586	0.00217797249489641	0.0725527053705295	-1.55780370796038
ENSMUSG00000031438	0.116654289905862	7.04950447773707	3.06304687198533	0.0022051632570955	0.0729158085382886	-1.5616779740945
ENSMUSG00000026434	0.0774028902736612	7.38444048428575	3.15889658899877	0.00159517763141771	0.0628783829620335	-1.56415915481595
ENSMUSG00000041000	0.0444383613501866	7.46292630885396	3.22465672687559	0.00127112161475131	0.0580793223327777	-1.57418538306281
ENSMUSG00000030268	0.113068528436841	6.76072778980476	3.06088084378986	0.00222114094455769	0.0729158085382886	-1.57551341398985
ENSMUSG00000048772	0.183330858713954	7.06298646375312	3.05603970127043	0.00225723597559418	0.0735663590315045	-1.58040764850183
ENSMUSG00000026782	0.0940420339981731	7.25650452160685	3.09256910143404	0.00199764769151729	0.0701660813512731	-1.58815000643863
ENSMUSG00000096862	0.138528103285541	7.06967713149264	3.05692980945529	0.00225055935357719	0.073548556300155	-1.58831732511752
ENSMUSG00000028004	0.166205933583425	7.25343660508758	3.07866950768028	0.00209300793493468	0.0712006953946057	-1.58887316080806
ENSMUSG00000028085	0.0999719008055502	7.20560043234358	3.06368112597478	0.00220050467402148	0.0729158085382886	-1.59028469451994
ENSMUSG00000087301	0.0836057646397155	7.0327512604545	3.05087784195735	0.00229631382484493	0.0739915271845934	-1.59578675103369
ENSMUSG00000024511	0.0884185543062337	7.18626173978063	3.06213965683854	0.00221184245269686	0.0729158085382886	-1.59663571807272
ENSMUSG00000059878	0.0483267961841189	7.11270580481531	3.05200842457387	0.00228770211000023	0.0739915271845934	-1.60655711010119
ENSMUSG00000056753	0.107975972764081	7.38432184283355	3.12705992839792	0.00177799185455456	0.0656839606649883	-1.61298538564527
ENSMUSG00000032564	0.105577095353866	6.75140765199334	3.0463869056263	0.00233081570153615	0.0740074924623585	-1.61657338112969
ENSMUSG00000026659	0.0771191143274166	7.16042910449114	3.05285449018097	0.00228127694954613	0.0739915271845934	-1.6212551828891
ENSMUSG00000036840	0.0393443344630864	7.06810793451774	3.0434605774991	0.00235355224711823	0.0743810288261748	-1.62343091330959
ENSMUSG00000021048	0.0829752190811242	7.14928189105436	3.04999934963217	0.00230302584982287	0.0739915271845934	-1.6277324022722
ENSMUSG00000024800	0.0983896649312728	6.74479027744615	3.04161829666512	0.00236797014502028	0.0744117682773961	-1.63029814277376
ENSMUSG00000031993	0.120461237703604	6.82131050873637	3.03823900030182	0.00239462737240931	0.0746719014172981	-1.63451929279591
ENSMUSG00000029253	0.0559681156624467	7.19008518493624	3.05683562044359	0.00225126499959908	0.073548556300155	-1.63624467885993
ENSMUSG00000032078	0.0608942825882162	6.81854963616372	3.03285873701982	0.00243763657438796	0.0756280930790662	-1.64741206889009
ENSMUSG00000090397	0.0831958267545998	7.42752595166476	3.15885950366742	0.00159538012530901	0.0628783829620335	-1.64797823065866
ENSMUSG00000064919	0.0518015514884782	7.45689275643288	3.23020759976556	0.00124675921918501	0.0574951071214638	-1.64943437945488
ENSMUSG00000064917	-0.0776009214853399	7.23214344672363	-3.13030406349139	0.00175851813938897	0.0653205176269469	-1.65363892133636
ENSMUSG00000089872	0.0748694956714386	6.51454137634006	3.04137290465616	0.00236989670400437	0.0744117682773961	-1.65380903670756
ENSMUSG00000024687	0.15648322460308	7.20681652801069	3.03603597133604	0.00241215341344391	0.0750091192189738	-1.66090631939763
ENSMUSG00000004044	-0.0681647870715336	7.22948723764198	-3.09597775125452	0.00197487939653525	0.0697276428599609	-1.66113093637422
ENSMUSG00000020362	0.0379815652037054	7.37006473329107	3.12503914055728	0.00179022216143395	0.0658883754460822	-1.66154808275702
ENSMUSG00000001366	0.0844591822757161	7.02635464062705	3.02780815312744	0.00247865272819525	0.076550281751415	-1.66335142997203
ENSMUSG00000041471	0.0745779945389824	7.36796574415794	3.10854542501884	0.00189297641964353	0.0684399314600718	-1.67704711487641
ENSMUSG00000104124	0.0856877343116187	6.79876039956278	3.0198364973357	0.00254467800997334	0.0765665508414405	-1.68137853086671
ENSMUSG00000018589	0.14360012503524	7.16070242633386	3.02381595081744	0.00251151961967104	0.0765665508414405	-1.68558214424879
ENSMUSG00000028268	0.186078792721918	6.85081821843478	3.02079945004892	0.00253661777411549	0.0765665508414405	-1.69376012717952
ENSMUSG00000047669	0.0588886086731391	7.07342351508438	3.01650043207905	0.00257278354008375	0.0766632950251768	-1.69464499405474
ENSMUSG00000032478	-0.0350524217528712	7.47224401916677	-3.26305740152711	0.00111119610107087	0.0537567951374256	-1.6967929765662
ENSMUSG00000011254	0.0665913048453763	6.93638376168256	3.01236482033655	0.00260801917049115	0.0770661761761491	-1.70119563971704
ENSMUSG00000024603	0.0693308342383174	7.40186304166433	3.10682663619267	0.00190399038906801	0.0686550576994257	-1.70354896724551
ENSMUSG00000074194	0.190885724609017	7.18967263861793	3.01982117695619	0.00254480643582743	0.0765665508414405	-1.70436303733458
ENSMUSG00000021460	0.0834205024454873	6.61739183906837	3.02001615627792	0.002543172428801	0.0765665508414405	-1.70493474022286
ENSMUSG00000033998	0.0915151495688251	6.47875951590358	3.02387074898054	0.00251106579213778	0.0765665508414405	-1.70659001418866
ENSMUSG00000028331	0.100490756488015	7.0755581884279	3.01369602650026	0.00259662934596021	0.0770661761761491	-1.70824047957037
ENSMUSG00000091549	0.0602720242393566	7.40503787154996	3.14044630845435	0.0016988951226912	0.0653113752652824	-1.71204062158239
ENSMUSG00000058248	0.133077120132871	6.80885453698936	3.00894815137398	0.00263746170126369	0.0770661761761491	-1.71587493608571
ENSMUSG00000027524	-0.0857156682364915	7.37568914268774	-3.14551274573458	0.00166981304974798	0.064624525018579	-1.71779956206605
ENSMUSG00000024072	0.0506281217002984	6.82039701761431	3.00704309732303	0.00265400983896936	0.0773829363370893	-1.72011219908985
ENSMUSG00000041124	0.0722666228039621	6.47910438300608	3.02050981069985	0.00253903969237072	0.0765665508414405	-1.72311482725186
ENSMUSG00000024234	0.0559391180169326	7.51179935103561	3.21048320173315	0.00133533654675561	0.0582277008185725	-1.72555757939863
ENSMUSG00000077148	0.107253740990976	7.34328128059151	3.06908952601375	0.00216114509392616	0.0723476671196317	-1.72819161704326
ENSMUSG00000019785	0.110811505894646	6.76906388337965	3.00404456955056	0.00268024876311141	0.0778133034909304	-1.73351847739759
ENSMUSG00000042275	0.0960557070973893	6.65282735647197	3.01104473532014	0.00261935894683206	0.0770661761761491	-1.74321063380932
ENSMUSG00000015214	0.0851362737128403	7.4246990552048	3.13871515742008	0.00170893852361294	0.0653113752652824	-1.74557889628535
ENSMUSG00000075033	0.123213015054606	6.99402263011418	2.9953399079073	0.00275776901918096	0.0792157465297785	-1.74900907004574
ENSMUSG00000024668	0.0804936458554071	6.48744404609083	3.01057204835531	0.00262343036735903	0.0770661761761491	-1.74981489518844
ENSMUSG00000021147	0.0950733632390728	7.32043690757467	3.04752787063079	0.002322005457559	0.0740074924623585	-1.75019679612091
ENSMUSG00000087785	0.0887730365949428	7.34385021976322	3.06734252052824	0.00217378774758298	0.0725527053705295	-1.75153242194068
ENSMUSG00000018451	0.129507928214532	7.03063953814958	2.99369386512034	0.00277265636194527	0.0794749999053994	-1.75410853238931
ENSMUSG00000033439	0.040616767897502	7.4970514281813	3.16812268523129	0.00154553019850958	0.0628783829620335	-1.76756174283602
ENSMUSG00000087598	0.0770160885476212	7.10033396773671	2.9921431304048	0.00278674884962157	0.0795259945347733	-1.76773970390685
ENSMUSG00000030232	0.112449113194169	6.84641328227189	2.98841239885926	0.00282092082647115	0.0801803869293414	-1.77002985789237
ENSMUSG00000024317	0.0420172818948181	7.42569990349358	3.13457246678064	0.00173319482711029	0.0653113752652824	-1.77766770899675
ENSMUSG00000045594	0.0798312888568677	7.13029401220104	2.98385587204226	0.00286317582414499	0.0811692357275741	-1.78996260152084
ENSMUSG00000046879	0.150780249571977	6.89509577651751	2.98314503282335	0.00286981967833971	0.0811692357275741	-1.79217297044971
ENSMUSG00000031327	0.0637673565455259	7.3074483940546	3.03916465717055	0.0023872982282809	0.0746719014172981	-1.79829476227221
ENSMUSG00000032555	0.102478958726731	7.21681801089559	3.00072617964235	0.00270956297052049	0.0783289013951317	-1.80034540037948
ENSMUSG00000089139	0.183223596694633	7.24333173142356	2.99246442959193	0.00278382364103964	0.0795259945347733	-1.80237219201631
ENSMUSG00000029916	0.123886572677644	6.63467580266659	2.98247117568482	0.00287613087625204	0.0811692357275741	-1.80555323380406
ENSMUSG00000022114	0.140344735486362	6.71676566145226	2.97757851290764	0.00292233592957034	0.0815247541833634	-1.80913628648903
ENSMUSG00000021252	0.111112469055664	6.77392949734204	2.97879190260491	0.00291081422104255	0.0815247541833634	-1.81088103703227
ENSMUSG00000073062	0.0586755193872746	7.51428086501401	3.18421321727927	0.00146233655667377	0.0606310673864923	-1.81105093922682
ENSMUSG00000028882	0.0622633462421467	6.71331062463558	2.97841568868805	0.0029143821059932	0.0815247541833634	-1.81147561371309
ENSMUSG00000056832	-0.122120128236039	7.16654336423339	-3.01776614973429	0.00256208691776842	0.0766632950251768	-1.8116038223836
ENSMUSG00000050538	0.0814119074286914	7.2919169636708	3.01956586392526	0.00254694751655773	0.0765665508414405	-1.82071320543613
ENSMUSG00000034485	-0.0750439270777585	7.38303786687041	-3.08715932427268	0.00203427785736835	0.0701709631151057	-1.82433673716039
ENSMUSG00000091931	0.13290814918134	6.84661263307331	2.9657566334232	0.00303678896379103	0.0835770747175048	-1.83177111744941
ENSMUSG00000095403	0.057322630998943	7.50103991605299	3.16832465092055	0.00154445947976463	0.0628783829620335	-1.83366846087576
ENSMUSG00000097277	0.0601212409366427	7.44580910554468	3.13642951256599	0.00172228254213018	0.0653113752652824	-1.83855487391188
ENSMUSG00000029821	0.107582129955935	6.70636541123504	2.96673195187551	0.00302719391642078	0.0835770747175048	-1.84264724519653
ENSMUSG00000040859	0.139762008523378	6.61891220047616	2.9655267793244	0.00303905427317671	0.0835770747175048	-1.85607037690413
ENSMUSG00000036422	0.0532094058223587	7.21630548611482	2.98209517289941	0.00287965794254043	0.0811692357275741	-1.86122472739282
ENSMUSG00000058446	0.0473735797921302	7.46733274134506	3.1319627143747	0.0017486376472413	0.0653113752652824	-1.86461913008522
ENSMUSG00000070498	0.0337845827802248	7.36849601479059	3.06117861667842	0.00221893815121531	0.0729158085382886	-1.87205244017092
ENSMUSG00000009633	-0.0707117732783358	6.80827610029648	-2.95031516435863	0.00319244363017571	0.0860500014670423	-1.87295305391868
ENSMUSG00000057691	0.075041524607137	7.34297114089597	3.04643227626997	0.00233046477701117	0.0740074924623585	-1.8733731532756
ENSMUSG00000031647	0.116356871271066	7.07010944824788	2.95724353117087	0.00312172533710213	0.0849886588763667	-1.87543520997463
ENSMUSG00000064811	0.149972451660714	7.33308277150282	2.99780920562792	0.00273557283726569	0.0788332836140911	-1.88406125374051
ENSMUSG00000026788	0.121900515056552	6.89409271627517	2.94591304434367	0.00323813199694259	0.086574862407445	-1.88486091071188
ENSMUSG00000035215	0.0822808344377401	7.09693240684301	2.95381186917922	0.00315657199287233	0.0854227606374511	-1.88692392082609
ENSMUSG00000001424	0.0736231804279859	6.87986739516331	2.94536672284736	0.00324384349483567	0.086574862407445	-1.88725864564024
ENSMUSG00000065433	0.14338457366149	7.16728598834297	2.95516735755049	0.00314276558407055	0.0852192315776571	-1.89416281184804
ENSMUSG00000031209	0.0907889259958834	7.41500442634677	3.06094553258337	0.00222066223483139	0.0729158085382886	-1.8966989208452
ENSMUSG00000040396	0.0832681017130295	7.36320292038539	3.01688218588784	0.00256955303114981	0.0766632950251768	-1.89967417658502
ENSMUSG00000034473	0.0675668110884828	7.35506790150223	3.04528380535544	0.00233936266973666	0.074105324944602	-1.90405324261078
ENSMUSG00000097063	-0.10328516833813	7.2548375243819	-3.04782518971326	0.00231971465112324	0.0740074924623585	-1.90510575813478
ENSMUSG00000057706	0.166161721587133	7.03339241412295	2.9387658857146	0.00331358109953244	0.0879168934392581	-1.90582156104557
ENSMUSG00000037411	0.130920049382931	7.05661238533147	2.94302542996526	0.00326842459536909	0.0868888248314001	-1.91137834851218
ENSMUSG00000053604	0.0717401618800864	7.09431429263036	2.94454350697247	0.00325246711843768	0.0866344777834539	-1.91290375614163
ENSMUSG00000059475	0.0910869172165567	6.93423383014318	2.93477935051944	0.00335635757616827	0.0885997025644004	-1.91633646512146
ENSMUSG00000102340	0.0430613192306994	7.43134959281942	3.05011802558504	0.00230211807014279	0.0739915271845934	-1.91892161777247
ENSMUSG00000054079	0.0584760285198103	7.04351345218214	2.93319386032592	0.00337350963326003	0.0888117351606593	-1.9276948627236
ENSMUSG00000041684	0.0742443953123297	7.46195445764562	3.08725011206648	0.00203365807055849	0.0701709631151057	-1.93299600834275
ENSMUSG00000051034	0.127843564373635	7.15593547442265	2.93489605574713	0.00335509818689669	0.0885997025644004	-1.93731303012986
ENSMUSG00000035620	0.137774522952681	6.68196107569935	2.93201432570193	0.00338632175742708	0.088976260440303	-1.94063130932433
ENSMUSG00000086098	0.0883238303730991	7.36800385290599	3.0195907792371	0.00254673850170218	0.0765665508414405	-1.94531861446266
ENSMUSG00000064390	0.066527510557993	7.44565995497965	3.10093593998881	0.00194218605241083	0.0692951539436474	-1.94920406450111
ENSMUSG00000094441	0.0630569114464983	7.28793483319102	3.00914558204699	0.00263575213837903	0.0770661761761491	-1.95148684053012
ENSMUSG00000069114	0.0891452397179417	7.30955171869727	2.97014959425517	0.002993789524101	0.0830057226334588	-1.96119735873818
ENSMUSG00000061778	0.0689442360137535	7.20245355971544	2.95746333552661	0.0031195053446844	0.0849886588763667	-1.96756042424872
ENSMUSG00000002835	-0.0761334352600382	7.42224574817354	-3.07625872086078	0.00210996640974669	0.0712541251260171	-1.97130008012541
ENSMUSG00000034780	0.163158965273523	6.89343813089174	2.9135246718514	0.00359303437827878	0.0924371159406142	-1.97552543399868
ENSMUSG00000021639	0.0426890292158193	7.33373088411438	3.01124913851387	0.00261760013995196	0.0770661761761491	-1.97712058977939
ENSMUSG00000070972	0.0940034659059794	7.21452417270487	2.92422417349368	0.00347205742825723	0.0903534637472391	-1.98249417463605
ENSMUSG00000099471	-0.132244527492584	6.89903853764684	-2.9105122417027	0.00362778052934017	0.0928400908719093	-1.98334936052012
ENSMUSG00000025815	0.0254602814866418	7.50807421360105	3.13288649433471	0.00174315690487692	0.0653113752652824	-1.98556039145689
ENSMUSG00000087750	0.0753442216704858	7.45232423070711	3.09144225746408	0.00200522736162289	0.0701709631151057	-1.98586316479215
ENSMUSG00000050732	-0.0828789171184035	6.6805804602082	-2.9103862055751	0.00362924090294379	0.0928400908719093	-1.98821120326039
ENSMUSG00000085609	0.146361293929703	6.87241445609806	2.90725254549714	0.00366572284315918	0.0934208088487823	-1.99153284500234
ENSMUSG00000024493	0.0562635333225137	7.51550152282869	3.13236942020261	0.00174622273094589	0.0653113752652824	-2.00056378804989
ENSMUSG00000035845	0.1683491651545	6.90667694384397	2.90310146192806	0.00371456317998079	0.0943109505508981	-2.00173227506651
ENSMUSG00000090070	0.0567938944520998	7.41708055509651	3.04719628297933	0.00232456274361067	0.0740074924623585	-2.00476899320753
ENSMUSG00000033508	0.0965035912912979	7.28675086798612	2.97641768660848	0.00293339747933227	0.0816653039523346	-2.00532710151767
ENSMUSG00000037685	0.138971697795278	6.9017771136258	2.90049235338511	0.00374556323140512	0.0947263892045858	-2.00806049439531
ENSMUSG00000020654	0.0276977854681455	7.11537213418135	2.91217655886317	0.00360854625652826	0.0926603601250192	-2.00956209342775
ENSMUSG00000026123	0.133549627840075	7.09317659773872	2.90218645197174	0.00372540818053279	0.0944095030124553	-2.01524018427359
ENSMUSG00000098363	-0.0707904878271917	7.33346691277975	-3.05209512934177	0.00228704289802734	0.0739915271845934	-2.0154667552193
ENSMUSG00000065469	0.152038532429891	7.01484495567435	2.89996260790186	0.00375188604535054	0.0947263892045858	-2.01679582985474
ENSMUSG00000003923	0.0639190889236785	6.86965539005516	2.89685322310552	0.00378919437950416	0.094905987195193	-2.01897926823872
ENSMUSG00000098904	0.115465785287726	7.2506037690218	2.92488496298684	0.00346470903312079	0.0903356251366379	-2.02631250228609
ENSMUSG00000025578	0.130801362743008	7.09145041273882	2.89644793732496	0.00379408201608402	0.094905987195193	-2.02905721924588
ENSMUSG00000026019	0.141538611893179	6.74817549141554	2.89688787374806	0.00378877676788141	0.094905987195193	-2.03170907686153
ENSMUSG00000090050	0.078820780888722	7.18241406652916	2.91633276784744	0.00356091805342112	0.0919598608919688	-2.04646972445593
ENSMUSG00000040616	-0.0607574710718035	7.38201890031455	-3.02919985181792	0.00246728804786394	0.0763732679290852	-2.04899811683329
ENSMUSG00000027905	0.150494567288239	6.99528363386327	2.88835303794226	0.00389291246908905	0.0961386288814378	-2.04926432618034
ENSMUSG00000059689	0.0764058108757943	6.91333378930692	2.88463505439493	0.00393908444885772	0.0967596662075368	-2.04957108585148
ENSMUSG00000031200	0.0602686093337308	7.4665404024901	3.09922421367596	0.00195341623895206	0.0694801540359558	-2.05093959271858
ENSMUSG00000020272	0.0934934421506588	7.39758309265901	3.00562751140226	0.00266636766147622	0.0775764222195163	-2.05176894394015
ENSMUSG00000103901	0.0862465298281396	7.31080550938081	2.95220749641017	0.00317298488830205	0.0856958747322693	-2.05510605945732
ENSMUSG00000050714	0.0599116073723511	7.30272900969776	2.96309015584346	0.0030631632093001	0.0837305782090539	-2.06145317492675
ENSMUSG00000003665	0.106942081806671	6.87039365427559	2.88170419425081	0.00397583154921202	0.0971249083679579	-2.0626659198042
ENSMUSG00000026047	-0.0873477859239342	7.21828327890111	-2.94594460210652	0.00323780235767747	0.086574862407445	-2.0659284053739
ENSMUSG00000009216	0.106083626745442	6.62361235067748	2.88940870418985	0.00387989255866024	0.0961386288814378	-2.06663753895853
ENSMUSG00000026189	0.0823325752247932	7.30506482071727	2.91424708496242	0.0035847470212948	0.0923992397618155	-2.0703810215239
ENSMUSG00000025139	0.129315608013592	6.72534404997857	2.88246985610889	0.00396620175857374	0.0970645549507992	-2.07151990963559
ENSMUSG00000029276	0.0551417068035649	7.50828834051647	3.07758442428947	0.00210062532511007	0.0712006953946057	-2.07168898887788
ENSMUSG00000103677	0.0336047243817887	7.51824399052608	3.1245417028356	0.00179324461864614	0.0658883754460822	-2.08346315774494
ENSMUSG00000050447	0.0875479095274594	7.00897964425045	2.87140689588065	0.00410742118136907	0.0990897088558752	-2.08800067179306
ENSMUSG00000003161	-0.057182810283142	7.07728003803138	-2.8825503012569	0.00396519122444011	0.0970645549507992	-2.08915193031731
ENSMUSG00000097075	-0.0715404909939608	6.59954030345948	-2.87171664275741	0.00410340592223058	0.0990897088558752	-2.09289842081746
ENSMUSG00000066798	0.068816626067095	7.41262853236018	2.99156359090371	0.00279203226128869	0.0795259945347733	-2.09800612498523
ENSMUSG00000036298	0.15924615552164	6.84784600780964	2.86498574490285	0.00419146622564974	0.099901803668359	-2.10579513116086
ENSMUSG00000033149	-0.0941966121506672	7.17818112149488	-2.89621248305673	0.0037969241620056	0.094905987195193	-2.10710566986132
ENSMUSG00000020918	0.0556834949990979	7.1415017804073	2.87743777039096	0.00402988064766528	0.0977408261557172	-2.11607577082927
ENSMUSG00000005370	0.120236104584063	6.76869928830515	2.86691685548904	0.0041660276978489	0.099901803668359	-2.12140562320155
ENSMUSG00000042688	0.0971919703787005	6.61424767045128	2.86929082884854	0.00413494738221784	0.0994000294470025	-2.12215185871434
ENSMUSG00000024294	0.0815114384138056	7.13283216696775	2.87566719278417	0.00405250643298107	0.0981140753899237	-2.12623651824812
ENSMUSG00000029729	0.112493043967398	7.2601270485077	2.88852842353575	0.0038907466293574	0.0961386288814378	-2.13332805501602
ENSMUSG00000070287	0.117334734898591	6.81940497609786	2.85435806587333	0.0043340043142243	0.102907934312177	-2.13601261219493
ENSMUSG00000059511	0.180125331974164	7.01983850954324	2.8534020663045	0.00434703925347439	0.103036989857702	-2.13649465817381
ENSMUSG00000029185	-0.125582160784577	7.19610836428641	-2.88602503248506	0.00392176501459417	0.0966750728506687	-2.14377173401284
ENSMUSG00000030452	0.0724107658669677	7.32931202630686	2.93454195200128	0.00335892071973018	0.0885997025644004	-2.14404414559354
ENSMUSG00000002332	-0.0749211142089337	6.76323475143817	-2.84895515777252	0.00440814088304655	0.103229927388219	-2.14808373807236
ENSMUSG00000044835	0.135415507295495	6.83962321431186	2.84656052827	0.00444136527335266	0.103378884791433	-2.15335024069812
ENSMUSG00000042694	0.0648503420232895	6.89437072141436	2.84196143197946	0.0045058130362227	0.103717849142797	-2.16207479952117
ENSMUSG00000025264	0.0761947687512805	7.08110840865001	2.84518249044188	0.00446058766801801	0.103378884791433	-2.16512741173672
ENSMUSG00000042742	0.0530812933871418	7.34094213048328	2.92167352276406	0.0035005555569509	0.0907230582786386	-2.16536323387465
ENSMUSG00000027660	0.174877542551905	6.71017095295604	2.84717511917508	0.00443281651965284	0.103378884791433	-2.1671464523504
ENSMUSG00000025236	0.108043861624596	7.23688909408459	2.88110660281682	0.00398336225575664	0.0971338587473895	-2.1680311265536
ENSMUSG00000061313	0.0572281907466934	7.45888285034294	3.01198449658587	0.00261128160927848	0.0770661761761491	-2.17304660674438
ENSMUSG00000029708	0.086691392827511	6.66366364136138	2.85159663724476	0.00437175307761855	0.103229927388219	-2.17804311533373
ENSMUSG00000058267	0.0762013898196967	6.34159098397511	2.86489514914456	0.00419266309834019	0.099901803668359	-2.17895370682275
ENSMUSG00000034235	-0.0446063834541448	7.40909913351333	-3.02065230869713	0.00253784788246302	0.0765665508414405	-2.18343530189408
ENSMUSG00000037788	0.096986738750978	6.58425771494334	2.8489308676249	0.00440847676337061	0.103229927388219	-2.18366821834013
ENSMUSG00000028385	0.0418914485072932	7.45933187997653	3.01023094209325	0.00262637203079686	0.0770661761761491	-2.18373477581834
ENSMUSG00000051675	0.136848942182986	6.86795871548632	2.83539447029679	0.00459930631974769	0.104570510169796	-2.18399060785568
ENSMUSG00000015112	0.115117422805784	7.07668840223618	2.83550986412993	0.00459764841037094	0.104570510169796	-2.18750738802078
ENSMUSG00000086855	0.143915318357748	6.98420094580997	2.83449342603507	0.00461227062114901	0.104570510169796	-2.19846763443703
ENSMUSG00000005983	-0.0802121771461914	7.326098927505	-2.9658890346364	0.00303548479326531	0.0835770747175048	-2.20136600836325
ENSMUSG00000028790	0.12108964978676	6.81966787311428	2.82858882368153	0.00469804900298269	0.105282889888329	-2.20909620911526
ENSMUSG00000033983	0.140650493928948	7.23648269898289	2.85238107537718	0.00436099959491351	0.103187491287674	-2.21188085306671
ENSMUSG00000047777	0.11636875102138	7.01565581327749	2.82174707579108	0.00479924674856551	0.106844314313713	-2.21595676958689
ENSMUSG00000007097	-0.067397669534083	7.31147254515771	-2.9460476986618	0.00323672566711472	0.086574862407445	-2.21972443059255
ENSMUSG00000030095	0.0885971957927101	7.24327219175853	2.84526227629907	0.00445947267324271	0.103378884791433	-2.22200734149176
ENSMUSG00000030766	-0.0575693184373849	7.34946334388108	-2.99746693701188	0.00273863966530734	0.0788332836140911	-2.22531395259514
ENSMUSG00000036782	0.173107995069199	7.1369490226584	2.82400981360427	0.00476556179350425	0.106268892757123	-2.22596175752867
ENSMUSG00000087174	0.0498844689276003	7.4705211405158	3.02610730529772	0.00249260698804727	0.0765665508414405	-2.22841961711009
ENSMUSG00000021831	0.0380691851224846	7.42159036818963	2.96380646207182	0.00305605774135616	0.0837305782090539	-2.22899531050605
ENSMUSG00000061130	0.103342911383927	6.56459804870425	2.82948975530754	0.00468486811473097	0.105161327648216	-2.23332914446754
ENSMUSG00000035666	0.0425750562812448	7.27395128722155	2.87909108590218	0.00400885696233305	0.097580040745622	-2.23727696911276
ENSMUSG00000097189	0.162563295926143	6.88919934568323	2.81290190508287	0.00493300107397433	0.107427774135295	-2.24137703138118
ENSMUSG00000059820	0.0648070751853025	7.38379773190182	2.90458343584704	0.00369705922864129	0.0940426435683276	-2.24212813192265
ENSMUSG00000024066	0.144126442023313	7.02805370791306	2.81249168419269	0.00493928538474133	0.107427774135295	-2.24591449097215
ENSMUSG00000003549	0.065459352159551	6.99131183623657	2.81019281860899	0.00497463669756186	0.107427774135295	-2.24873716400869
ENSMUSG00000022305	0.133017107213074	6.75776643605676	2.81297934199019	0.00493181560415617	0.107427774135295	-2.24952868151733
ENSMUSG00000035351	0.115777910816527	7.05917097304557	2.81065052460538	0.00496758002687626	0.107427774135295	-2.25018235287067
ENSMUSG00000021993	0.153848585687974	6.59333429944782	2.81995222004275	0.00482611956406468	0.107090882241553	-2.25098343332303
ENSMUSG00000043587	0.0811660250413047	7.2063219641892	2.84275493617191	0.00449463340354276	0.103636462049716	-2.25166390483929
ENSMUSG00000029647	0.0657937855572577	7.51316653654059	3.08060541683173	0.00207948058056905	0.0712006953946057	-2.2539240980028
ENSMUSG00000032252	0.156769826619168	6.89980462042357	2.80795656517348	0.00500924463941032	0.107756714742678	-2.25397971288757
ENSMUSG00000032942	0.0586488633927846	7.47657403133184	3.01984740867637	0.00254458654730088	0.0765665508414405	-2.25540305728915
ENSMUSG00000022142	0.0659253819910104	7.51199065524995	3.0412337154277	0.00237099010885345	0.0744117682773961	-2.25699712729254
ENSMUSG00000020088	0.117058775726477	6.848632413864	2.80631117800518	0.00503484732515016	0.107839589311826	-2.2621129754523
ENSMUSG00000029012	0.0616420511561619	7.31197908271356	2.87775821050392	0.00402579810132165	0.0977408261557172	-2.26937958041626
ENSMUSG00000070462	0.0848191264616815	6.51822301648971	2.81647481210171	0.00487857166389551	0.107427774135295	-2.27519597515255
ENSMUSG00000037355	0.033874655031676	7.60946163444853	3.13584883047612	0.00172568790792461	0.0653113752652824	-2.27620838560009
ENSMUSG00000020922	0.0566764035820952	7.09175057824095	2.80741906418819	0.00501759532481398	0.107756714742678	-2.27745981166055
ENSMUSG00000094002	0.145220808595149	7.17199386573849	2.81459248261851	0.00490717882140349	0.107427774135295	-2.27844828175509
ENSMUSG00000042873	0.0508220964110455	6.73176370821445	2.80373506344522	0.00507517016170397	0.108360877247846	-2.2792834727586
ENSMUSG00000040025	0.103014180259442	6.64250600586137	2.80706967574866	0.00502303021960265	0.107756714742678	-2.2853342299513
ENSMUSG00000086075	0.0651787795243353	7.42687305930842	2.9778720655939	0.00291954469636615	0.0815247541833634	-2.28669669846536
ENSMUSG00000040035	0.0382176195045831	7.28171937352553	2.84923900368931	0.00440421762593947	0.103229927388219	-2.28996340116713
ENSMUSG00000070427	0.0723026315129003	7.11363563939243	2.80813963640865	0.00500640329208081	0.107756714742678	-2.29568425225556
ENSMUSG00000043372	0.0787630954082053	7.25780040740027	2.81611942711917	0.00488396112823157	0.107427774135295	-2.30780448438285
ENSMUSG00000072066	0.210909810783742	7.29607453171767	2.81421854321561	0.00491287989593735	0.107427774135295	-2.30895025109482
ENSMUSG00000028277	0.0828760951728187	7.13670611280501	2.79314986442371	0.00524393881083766	0.110493037570698	-2.31170891632217
ENSMUSG00000068859	0.101577005159438	7.14166679777752	2.79695622178234	0.00518267552585506	0.109689838431236	-2.31227361261536
ENSMUSG00000019539	-0.125269041087567	7.05577025111378	-2.79809725398421	0.00516443707719694	0.109576585121496	-2.31428952247765
ENSMUSG00000015396	0.130853887996352	7.00057355353441	2.78379002449631	0.00539737808695923	0.112754471653302	-2.31459023307688
ENSMUSG00000040373	0.176789313565873	7.01840574451056	2.7849268618666	0.00537852757483196	0.11270800132855	-2.31628504961389
ENSMUSG00000104097	0.0412919755795533	7.26123469281602	2.82533199078089	0.00474597801368283	0.106006540213364	-2.32350999381671
ENSMUSG00000086877	0.123319833801643	7.32684510999223	2.84426639534629	0.00447340807328909	0.103499089859477	-2.32702499251604
ENSMUSG00000006373	0.0565343593427272	7.25865751765235	2.81492686549951	0.00490208589573801	0.107427774135295	-2.32930852680451
ENSMUSG00000063446	0.152343801127843	6.79540104605386	2.78130721984563	0.00543875443407523	0.113269788966501	-2.33191204731263
ENSMUSG00000024521	0.117256158796902	6.9201084150117	2.77743931991907	0.00550378457007403	0.113784552527136	-2.33271478434929
ENSMUSG00000033676	0.156876833181901	6.97838596959073	2.7754191289671	0.00553802794091801	0.11411030824159	-2.33710490269199
ENSMUSG00000022800	0.0647033310379941	7.47143764453575	2.95618718884617	0.00313241435768245	0.0851087652534242	-2.3382408885662
ENSMUSG00000051557	-0.0716808345789568	7.33564691617489	-2.89176746716017	0.00385094396076514	0.0959762834927458	-2.34338597669937
ENSMUSG00000098583	0.160611893962707	7.22529217207951	2.81086179536521	0.00496432582101573	0.107427774135295	-2.34520193561139
ENSMUSG00000057375	0.118325614519137	6.59289667368258	2.78235343195194	0.00542128434142846	0.113079650924749	-2.35200248465793
ENSMUSG00000053600	0.0986370049064105	7.16286509443429	2.77240372840764	0.00558949855016802	0.114648141215095	-2.36468818608508
ENSMUSG00000050786	0.095879111838431	6.7575751317267	2.76810413796034	0.00566363616636172	0.115322359773893	-2.36530536912373
ENSMUSG00000028104	-0.0511078624144305	7.21278549182376	-2.83485724264943	0.00460703201712958	0.104570510169796	-2.36695510282261
ENSMUSG00000025903	0.0591783152838685	7.43620790314629	2.92995812683506	0.00340876223597411	0.0892200741222722	-2.36821007560803
ENSMUSG00000007458	0.0838932172223892	6.85542817566279	2.76394730526033	0.00573615466279788	0.115322359773893	-2.36954051813332
ENSMUSG00000002031	-0.0581830115588255	7.26466453093644	-2.81163937345791	0.00495236538167787	0.107427774135295	-2.37289278977852
ENSMUSG00000048040	0.0356018653707544	7.38440828766117	2.87045266517869	0.00411981333577239	0.0992121300291333	-2.37350882126364
ENSMUSG00000074884	0.0497182542869057	7.01915273174999	2.76331763472744	0.00574721240964454	0.115322359773893	-2.37623422073056
ENSMUSG00000065715	0.110936706003222	7.33097765003513	2.89587514691493	0.0038009994871655	0.094905987195193	-2.37625279332518
ENSMUSG00000028291	0.0409845130809261	7.00496479013571	2.76059073035088	0.00579532231427533	0.115322359773893	-2.37689290186994
ENSMUSG00000078870	0.0411143285640092	7.43077004714422	2.92115860385261	0.00350633445478733	0.0907230582786386	-2.37888297033044
ENSMUSG00000011179	0.113069989020972	6.80074437612738	2.76680590445326	0.00568619530687913	0.115322359773893	-2.37947919874277
ENSMUSG00000020386	0.0423810614894071	6.6906206280184	2.76643069689725	0.00569273029785868	0.115322359773893	-2.37975399781051
ENSMUSG00000041396	0.0711433468860552	7.01755405425017	2.75874636253303	0.00582806751945206	0.115322359773893	-2.3814170030015
ENSMUSG00000019868	0.102394864418887	6.55755721039452	2.77449711876984	0.00555372035989006	0.11417001235125	-2.3849859130943
ENSMUSG00000058488	0.0899826242096644	6.65705710232861	2.76717596522703	0.00567975658845223	0.115322359773893	-2.38535321386398
ENSMUSG00000031016	0.125297264873562	6.83887222877923	2.75787917766449	0.00584352125421631	0.115322359773893	-2.3854876077745
ENSMUSG00000074364	-0.15072808564167	6.95299839582309	-2.76048578047069	0.00579718114945129	0.115322359773893	-2.3872665630742
ENSMUSG00000025178	0.129517171911703	6.72234131217023	2.76103070864169	0.00578753542388354	0.115322359773893	-2.38763048000882
ENSMUSG00000039910	0.143101821163579	6.71887366207324	2.76350213777945	0.00574397033138243	0.115322359773893	-2.38797284207274
ENSMUSG00000030871	0.116936879417134	6.95462212989384	2.75468670922961	0.00590073182371778	0.115416031795544	-2.38884638845339
ENSMUSG00000000568	0.0676871984979117	7.33520236770323	2.83080844653846	0.00466563566603427	0.104903297446256	-2.39135368265092
ENSMUSG00000014867	0.116376368436888	6.85310135194869	2.75433332514195	0.00590709558131056	0.115416031795544	-2.39166752747586
ENSMUSG00000031224	0.138887017701566	6.99188015784721	2.7528765107256	0.00593339535045688	0.115416031795544	-2.39403460053375
ENSMUSG00000036932	0.145518591105371	6.77032152217146	2.75514066559681	0.0058925660263257	0.115416031795544	-2.39785820362379
ENSMUSG00000022856	0.110001327223665	6.74038303400565	2.75605799061251	0.00587609621275698	0.115416031795544	-2.39802133946897
ENSMUSG00000032042	0.121498532940771	6.62617269938594	2.76263720909528	0.00575918308887794	0.115322359773893	-2.40134629663421
ENSMUSG00000066235	0.0672213641552561	7.00706507431786	2.74969995859459	0.00599110779999455	0.115708603350892	-2.40250774840642
ENSMUSG00000047187	0.0478657459256571	7.02359832029901	2.75019152860896	0.00598214386112867	0.115708603350892	-2.40385968651204
ENSMUSG00000037434	0.0621566659964543	7.52770862041906	2.97496256950078	0.00294731731991341	0.0818846889823485	-2.40818147243042
ENSMUSG00000030528	0.0816492855336541	7.39345280671954	2.84731341753365	0.00443089489305925	0.103378884791433	-2.40851647189222
ENSMUSG00000087128	-0.0964206273150285	7.27306300959122	-2.84553049445312	0.00445572621884213	0.103378884791433	-2.41463495922062
ENSMUSG00000003813	0.080657525148343	6.96831641892809	2.74375849264041	0.00610041388367534	0.116656433617588	-2.41795110206323
ENSMUSG00000020361	0.0762497871135794	6.64373833742986	2.75004879371076	0.00598474543203739	0.115708603350892	-2.42989340974789
ENSMUSG00000034620	0.0602266001052127	7.29301976310612	2.77760167209342	0.00550104092611026	0.113784552527136	-2.43005757284608
ENSMUSG00000026819	0.116687869029295	6.72870306462454	2.74507055206531	0.00607612229636595	0.116520602679108	-2.43228266610883
ENSMUSG00000063796	-0.147803298392238	6.91344327468205	-2.75206100819736	0.00594816360247505	0.115537538857245	-2.43353255907134
ENSMUSG00000029319	0.115657193085103	6.96226485963679	2.7364904193196	0.006236567397546	0.117806634341857	-2.4355143904864
ENSMUSG00000020483	0.160610342955725	6.76850739461738	2.73964845352669	0.006177074916136	0.117459721897576	-2.43572009281375
ENSMUSG00000037890	0.0263655545265795	7.52928406418071	3.01768783412193	0.0025627475830028	0.0766632950251768	-2.43840541052749
ENSMUSG00000071659	0.0849399844019274	6.72630811104374	2.74400334414632	0.00609587405049182	0.116656433617588	-2.43899611476529
ENSMUSG00000032030	0.0854561203161515	7.31540604566178	2.8137518367536	0.00492000370322482	0.107427774135295	-2.43940330396469
ENSMUSG00000036093	0.0586260288961507	7.41105223418681	2.89050738025531	0.00386638422580715	0.0961386288814378	-2.44332312594635
ENSMUSG00000029500	0.0888073677114196	7.28478440641107	2.81010429725863	0.00497600251932182	0.107427774135295	-2.44446256235739
ENSMUSG00000070939	-0.0386660180565173	7.53449255515276	-3.03809094787347	0.00239580152799268	0.0746719014172981	-2.44616382915404
ENSMUSG00000031792	0.0775497084427945	7.38407713349277	2.83775398767291	0.00456551365527255	0.104559517125313	-2.44961495923171
ENSMUSG00000037134	0.106228677449558	7.15338838356124	2.74789096828838	0.00602419967587779	0.116017186371521	-2.45040381496386
ENSMUSG00000039787	0.0437756998280339	7.46634337946254	2.92271869858495	0.0034888522759271	0.0906165884234092	-2.45097978600473
ENSMUSG00000078307	0.143033562971508	6.53055170705897	2.74915929731883	0.00600098091332842	0.115734422792186	-2.4521081411204
ENSMUSG00000024472	0.0681085928196561	7.16808758368673	2.74991324870743	0.00598721689965395	0.115708603350892	-2.46073459741512
ENSMUSG00000027499	0.102583614271718	7.23613120049633	2.75619210735201	0.00587369173849881	0.115416031795544	-2.46266338928295
ENSMUSG00000020309	0.0797990418506282	6.77702267379245	2.72784448417577	0.00640209269737564	0.119347771408654	-2.46305580259852
ENSMUSG00000065663	0.157587395930894	7.37118936125715	2.82683024138854	0.00472387436706557	0.105686944997814	-2.46322389966831
ENSMUSG00000047388	0.132917645940304	7.12605891563657	2.73298210716024	0.00630326322442289	0.118693948328785	-2.46573649321539
ENSMUSG00000057440	0.131459942958839	6.78851519946266	2.72786143220605	0.00640176439783121	0.119347771408654	-2.46630711744908
ENSMUSG00000022407	0.0601437661299924	7.35174769233727	2.80116586601262	0.0051156753577471	0.108712110502093	-2.46874469013691
ENSMUSG00000094500	0.0915667829530387	6.77321186118188	2.72908023120157	0.00637819478852243	0.119276641300396	-2.47279638527283
ENSMUSG00000037526	0.0911660400445324	6.90300976462346	2.72097404855172	0.00653643461838275	0.120833490302568	-2.47563069903792
ENSMUSG00000025645	0.108588015265616	6.87064544931245	2.72049617907797	0.00654587237255306	0.120833490302568	-2.4756758500925
ENSMUSG00000067430	0.114044610392148	7.25141713994443	2.75371382214816	0.00591826655457189	0.115416031795544	-2.47675430951223
ENSMUSG00000037730	0.0786641048767054	7.31829621531778	2.78386644091789	0.00539610911686867	0.112754471653302	-2.47901897587687
ENSMUSG00000021686	-0.0634406320549585	7.1871267032524	-2.75888777556717	0.00582555095578562	0.115322359773893	-2.4803947041583
ENSMUSG00000039246	0.0517855987259486	7.34604107221632	2.80387267203221	0.0050730088713331	0.108360877247846	-2.48063595303198
ENSMUSG00000051067	0.0794773122367713	6.44705069237757	2.73591550920319	0.00624745317095408	0.117806634341857	-2.48724636803583
ENSMUSG00000037640	0.0492410119774949	7.45563886411317	2.90789903074045	0.00365816929131845	0.0934038780634568	-2.49071044867337
ENSMUSG00000030223	0.169226670757585	6.98259787168744	2.71409032081486	0.00667357487688169	0.122105706046912	-2.49333694560352
ENSMUSG00000033126	0.129062756093834	7.11643146416949	2.72399457812844	0.00647706295774589	0.12035672540693	-2.49772185395027
ENSMUSG00000047719	0.114451796248104	7.04105411248603	2.7117844548446	0.00672008851720541	0.122791051369637	-2.50071798943623
ENSMUSG00000031783	0.0762725344937536	6.56706560013722	2.7275186859624	0.00640840666658061	0.119347771408654	-2.5033103348586
ENSMUSG00000026787	0.145964989253486	7.04817959599272	2.71074597133755	0.00674113172361668	0.123009776458674	-2.50451268224349
ENSMUSG00000063849	0.103129343301095	7.19806468516875	2.75498620105751	0.00589534340041562	0.115416031795544	-2.50820148917695
ENSMUSG00000091515	0.121053908731562	6.81938557088122	2.70723209667349	0.0068127748914695	0.124150002659333	-2.51203047051317
ENSMUSG00000046215	0.0926696645733323	6.8583550030973	2.70386325991799	0.0068821028345454	0.124434635606737	-2.52104024074855
ENSMUSG00000028172	0.156238921857753	6.8803338139209	2.70368044654304	0.00688588306031368	0.124434635606737	-2.5232486824612
ENSMUSG00000000627	0.0826476143866879	6.92956958806056	2.70036634326879	0.00695473661104497	0.124601522538399	-2.52531673062441
ENSMUSG00000039530	0.0895237776003199	6.83267159289848	2.70342164904644	0.00689123768104792	0.124434635606737	-2.52905700387419
ENSMUSG00000020358	0.137213637185843	6.68828371479548	2.717630112382	0.00660273389769905	0.121300631686997	-2.53352604155267
ENSMUSG00000040548	0.144525555179925	6.81812338250525	2.69989265209432	0.0069646283496669	0.124601522538399	-2.53449422784387
ENSMUSG00000019777	0.0990229846594382	6.54698495525909	2.71694024256726	0.0066164867909219	0.121306481469401	-2.53532850305071
ENSMUSG00000032244	0.0815688735308795	7.00107827651505	2.69735316961439	0.00701787432338054	0.124638326207791	-2.53674950413848
ENSMUSG00000037624	0.110360179420549	6.9471271609298	2.69574833547109	0.00705171158378578	0.124638326207791	-2.537410181172
ENSMUSG00000027306	0.139469612961943	6.87746980853845	2.69701304343329	0.00702503353694206	0.124638326207791	-2.5379017977658
ENSMUSG00000074227	0.0453798551257423	7.37550042166853	2.79675139737696	0.00518595563021259	0.109689838431236	-2.54031636031795
ENSMUSG00000097353	0.0687297597598029	7.4411192400796	2.89837714471368	0.00377086748147991	0.094905987195193	-2.54115784877713
ENSMUSG00000048503	0.0651191691203792	7.44935033397334	2.88844900330565	0.00389172725546928	0.0961386288814378	-2.54216182101372
ENSMUSG00000020070	-0.0297774928951471	7.53486618915218	-3.00082807492535	0.0027086584975059	0.0783289013951317	-2.54825159905753
ENSMUSG00000053253	0.0927515709547713	6.62670998448458	2.70256290404965	0.00690903226918568	0.124434635606737	-2.55141993489674
ENSMUSG00000039607	0.125117866393724	6.77711850387994	2.69560625320146	0.00705471437968701	0.124638326207791	-2.55146358815635
ENSMUSG00000087141	0.171478760691826	6.83728649071776	2.69256041732186	0.00711936253775897	0.125031499076342	-2.55200051802645
ENSMUSG00000029221	0.0698857508573179	6.99410971326806	2.68863916012978	0.00720337480068271	0.125531305331178	-2.555975729887
ENSMUSG00000058443	0.111407453778371	7.06238569662558	2.69534668250481	0.00706020316621801	0.124638326207791	-2.5569784369538
ENSMUSG00000077733	0.101013991768023	7.35044595760136	2.76475012825035	0.00572208399468749	0.115322359773893	-2.56073675847986
ENSMUSG00000047606	0.0676857131777338	7.29429936649423	2.72915818174446	0.00637669001173424	0.119276641300396	-2.56203723413641
ENSMUSG00000021840	0.0892622935636451	7.24159994385732	2.76489175714475	0.00571960497115507	0.115322359773893	-2.5625953220355
ENSMUSG00000000378	0.0906469451750427	6.42638209074663	2.70664753655589	0.00682475946546885	0.124201461520573	-2.5656807575678
ENSMUSG00000065513	0.11887058787471	7.25870435561861	2.75326187286116	0.00592642818561871	0.115416031795544	-2.56799497059247
ENSMUSG00000085925	0.0516567437744788	7.03966827730015	2.68880160461058	0.00719987685870459	0.125531305331178	-2.56994791486453
ENSMUSG00000023892	0.0529853343665216	7.22619984599542	2.71839109333746	0.00658759320071948	0.121186687402109	-2.57751346236771
ENSMUSG00000045268	-0.0386438711967712	7.36948244997339	-2.86559354426311	0.00418344452164869	0.099901803668359	-2.57829399219888
ENSMUSG00000021476	0.0996155826564289	6.96366765771646	2.67862288123207	0.0074220268268587	0.127538453382193	-2.58031612456607
ENSMUSG00000091230	-0.125523241646056	7.01920038224881	-2.721020161814	0.00653552454567286	0.120833490302568	-2.58384862798889
ENSMUSG00000043183	0.0402585554470347	7.54640543031095	2.98117556782822	0.00288830087950388	0.0812439488056299	-2.5894573034533
ENSMUSG00000059361	0.110102476895429	7.06514204139297	2.67411918546889	0.00752226760620508	0.128934139323551	-2.59249474654875
ENSMUSG00000071302	0.0582889358973828	7.41170965134035	2.83242790290763	0.00464211455810888	0.104721778999734	-2.59398239068788
ENSMUSG00000068966	0.0935155071386351	7.09796845470191	2.68000665924243	0.00739146907325115	0.12722603388648	-2.59645815722258
ENSMUSG00000022340	0.0895430566259776	6.44675107141463	2.6960957546985	0.00704437398975659	0.124638326207791	-2.5972347217537
ENSMUSG00000092492	0.0648235995126125	7.42430257472371	2.83301443729492	0.0046336222185682	0.104704416732246	-2.60128928242451
ENSMUSG00000097333	0.165394976659303	6.9008285131354	2.67210615261628	0.00756746399960094	0.12934690761992	-2.60165675141761
ENSMUSG00000005357	0.035115670617115	7.21716551198907	2.69893827295064	0.00698459633642005	0.124601522538399	-2.60269693613693
ENSMUSG00000065561	0.148709658816222	7.16771566941681	2.70093576809029	0.00694286244778964	0.124601522538399	-2.60409227769526
ENSMUSG00000033434	-0.0669875586184521	7.33354086093615	-2.8200902447477	0.00482404821613072	0.107090882241553	-2.60637985199024
ENSMUSG00000070802	0.0692615289377612	7.16303178969346	2.6826943838035	0.00733243888157656	0.12680255912808	-2.60659157808073
ENSMUSG00000063480	0.0787806090141059	6.61449741926548	2.68367779615619	0.00731094626100743	0.126592349178466	-2.60786081625949
ENSMUSG00000028700	0.0837324724836757	7.16364787240667	2.69537836880342	0.00705953293390935	0.124638326207791	-2.61206315047252
ENSMUSG00000068921	0.0620819171827467	6.56953787976166	2.68154956294698	0.00735753052903992	0.127060234729047	-2.6134588264857
ENSMUSG00000028318	0.145154383761595	7.21109365002357	2.6763505005901	0.00747245342815612	0.128242434910052	-2.61666626353843
ENSMUSG00000087679	0.0768685975674659	6.66068596655806	2.67177287784969	0.00757497010253844	0.12934690761992	-2.6188177153579
ENSMUSG00000025665	0.0888676081750068	7.31756066002888	2.71671679904101	0.00662094676850251	0.121306481469401	-2.62314208665967
ENSMUSG00000040302	0.156475732050086	7.11520278886958	2.66553290123273	0.00771674689130647	0.13045343435453	-2.62354428190466
ENSMUSG00000022827	0.0920804102441322	7.31367226169816	2.72228340295243	0.00651063802634531	0.120754077101491	-2.624002561486
ENSMUSG00000029536	0.136207126844363	7.31494620559934	2.70377327491044	0.00688396331669923	0.124434635606737	-2.6248823781028
ENSMUSG00000008763	0.0936262256561662	6.83910163205779	2.66010897177454	0.00784191014662348	0.131562657834371	-2.62715049908226
ENSMUSG00000026104	0.12702459050211	6.8254939579713	2.66638398244322	0.00769727063190596	0.130449494034226	-2.63216588483563
ENSMUSG00000038831	0.0233967191681907	7.40759915721467	2.83485982971966	0.00460699478515355	0.104570510169796	-2.63283136105846
ENSMUSG00000097440	0.118292882515065	7.07262874338657	2.66910383196172	0.0076353243405423	0.129723969184301	-2.63326700653367
ENSMUSG00000042500	0.135150766410848	6.90790867543081	2.65727011510584	0.00790814261035176	0.132205422331873	-2.633946895051
ENSMUSG00000038286	0.0946788220710886	6.76826337787935	2.65978893112552	0.00784935196965359	0.131562657834371	-2.63499260550423
ENSMUSG00000021326	0.0938741550538342	7.14659432433663	2.6695914130914	0.00762426674504539	0.12969863052613	-2.63514720661131
ENSMUSG00000090330	0.0970053305066543	6.89193984429167	2.65576467849867	0.00794346846185294	0.132524771991585	-2.63646570299354
ENSMUSG00000024750	0.0494424197466357	7.46704490775835	2.85786611039064	0.00428647569589128	0.101957960499814	-2.63711457837408
ENSMUSG00000098790	0.0835069918608031	7.32190258098991	2.76426341378842	0.00573061066892362	0.115322359773893	-2.63785180018412
ENSMUSG00000062209	0.0406712927480504	7.44642124256437	2.86494149421372	0.00419205078868505	0.099901803668359	-2.63860841114112
ENSMUSG00000045034	0.11841633371273	6.7254911834435	2.66216606129827	0.00779422791940505	0.131470409400918	-2.64077705654488
ENSMUSG00000042410	0.0627880090131541	7.33374149084572	2.76688299043959	0.0056848535385354	0.115322359773893	-2.64742454962329
ENSMUSG00000020114	0.127429894213591	6.81331398928923	2.6548368949119	0.00796530973382666	0.132670355492901	-2.64832330506345
ENSMUSG00000021820	0.0665864895258821	7.27360279357399	2.69981656961957	0.00696621830081808	0.124601522538399	-2.64931156534877
ENSMUSG00000024036	0.0515371990824232	7.47939863912655	2.88460416627651	0.00393947010964451	0.0967596662075368	-2.65046365864138
ENSMUSG00000025323	0.0678037171151296	7.46626313070434	2.85075132834214	0.00438336791972538	0.103229927388219	-2.65209742038419
ENSMUSG00000085793	0.0664465597359447	7.00281638389673	2.65179637718678	0.00803726516254631	0.133377284056062	-2.65361974449674
ENSMUSG00000096606	0.137852217772054	7.02712970629873	2.65562324675293	0.00794679448511272	0.132524771991585	-2.65488998045955
ENSMUSG00000097929	0.145209081100897	7.07849981733929	2.65302689400418	0.00800807450498358	0.133218986673089	-2.65553221735134
ENSMUSG00000036167	0.120009396753658	6.8860175133302	2.64847716650131	0.00811648021087029	0.134199071584121	-2.65636601487243
ENSMUSG00000041592	0.0294455740265187	7.37407442909306	2.77684575983722	0.00551382586003308	0.113784552527136	-2.65644138059915
ENSMUSG00000078787	0.134245546567027	6.96170733159914	2.64634574940858	0.00816771572319477	0.134553936543226	-2.66007114650015
ENSMUSG00000010453	-0.0224786044592129	7.2047773558532	-2.70540595637393	0.00685027707043807	0.124434635606737	-2.66237462386187
ENSMUSG00000043583	0.111060266720867	7.30618064586323	2.72936671225534	0.00637266605745159	0.119276641300396	-2.66258029111516
ENSMUSG00000021852	0.101215339513034	6.98274505774854	2.64427023566934	0.0082178855044319	0.134725624751013	-2.66436545260998
ENSMUSG00000027599	0.0558589338294864	7.00624835553382	2.6448981985711	0.00820267721613409	0.134725624751013	-2.6669406823277
ENSMUSG00000021177	-0.102807075700617	7.16227599407612	-2.69945050293278	0.00697387282472866	0.124601522538399	-2.66714952738912
ENSMUSG00000054693	0.0457590842237918	7.31710352075287	2.73896977335787	0.00618981690319146	0.117537167469846	-2.66980282751663
ENSMUSG00000050505	0.0716577289821849	7.25062508321285	2.70246826984089	0.00691099576721295	0.124434635606737	-2.67003301946105
ENSMUSG00000048581	0.093247965796925	6.88086962276413	2.64455232396099	0.00821105064317481	0.134725624751013	-2.67072680543469
ENSMUSG00000000948	0.0792937584029358	7.45451923889373	2.83138121838031	0.00465730437477242	0.104889921450439	-2.67213915457006
ENSMUSG00000015759	0.0518648393261483	6.62110790492455	2.652287056769	0.00802561372162881	0.133347145634612	-2.67500715353089
ENSMUSG00000028158	0.0408871258707846	7.53124587022423	2.92817331069296	0.0034283506677565	0.089559881220506	-2.67511287085467
ENSMUSG00000069237	0.0515432478160198	7.27201833013951	2.69296724737606	0.00711069685505447	0.125031499076342	-2.67534416209647
ENSMUSG00000064389	0.101631033520544	7.21368037807411	2.66011260109379	0.00784182579126514	0.131562657834371	-2.67726592701204
ENSMUSG00000021895	0.124432797615826	6.79474808779051	2.64002703589842	0.00832131245104091	0.136092103994225	-2.68029306090027
ENSMUSG00000021911	0.116840454031061	6.93412473608579	2.6365824730638	0.00840612786789576	0.136738583577237	-2.68393723309505
ENSMUSG00000034429	0.0504464377173059	7.39354910627091	2.77818774501895	0.00549114695472972	0.113784552527136	-2.68696144539987
ENSMUSG00000036894	0.0801558444465567	7.23328700034904	2.67208815735001	0.00756786912333714	0.12934690761992	-2.69073936868483
ENSMUSG00000036686	-0.0255916800046805	7.34277623711637	-2.76012038523157	0.00580365709686703	0.115322359773893	-2.69160176302103
ENSMUSG00000043857	0.0836261231155238	6.84597955824498	2.63085091081452	0.00854897146701668	0.137984470416443	-2.6979940861623
ENSMUSG00000004934	0.05536454359535	6.95200208989944	2.62950675127556	0.00858278366090775	0.138113026452996	-2.70107170604689
ENSMUSG00000047141	0.0473383761854969	7.53024284728297	2.93104843137037	0.00339684630537376	0.0890801590101691	-2.70503974455704
ENSMUSG00000047907	-0.0877622161287679	7.38226138965381	-2.77697189490673	0.00551169064292491	0.113784552527136	-2.70545103042413
ENSMUSG00000048905	0.053286904219771	7.331707963823	2.71980819221592	0.0065594814030602	0.120833490302568	-2.7069559727881
ENSMUSG00000040620	-0.0299230322340263	7.52472414899783	-2.96335258615221	0.0030605582592884	0.0837305782090539	-2.70790792661373
ENSMUSG00000060882	0.160532946107749	6.82088308899817	2.62908266542424	0.00859347628817901	0.138113026452996	-2.70936476883131
ENSMUSG00000024163	0.0250522407263825	7.36120530545344	2.75899428201931	0.00582365623110191	0.115322359773893	-2.71212415786204
ENSMUSG00000039670	0.0877174486893955	7.4043985949496	2.75814459183938	0.00583878750078688	0.115322359773893	-2.71218726913135
ENSMUSG00000004633	0.121982223500395	7.12013868772775	2.63271241702252	0.00850234221946066	0.137821517692746	-2.71282785835183
ENSMUSG00000012640	0.0594131938161464	7.47717761420253	2.84279729177276	0.00449403736543864	0.103636462049716	-2.71446205031018
ENSMUSG00000056153	0.0713564032989309	7.29021336905166	2.6874322237655	0.00722941176646349	0.125600519736062	-2.7145036610472
ENSMUSG00000030110	0.134540621203156	6.94748694151969	2.62269179951053	0.00875606018515414	0.139173111360281	-2.71862018151572
ENSMUSG00000038005	0.0685709182487875	6.92002610710862	2.62139658308344	0.00878934369822319	0.139212525537979	-2.71951278571023
ENSMUSG00000028684	0.0587690721311649	6.77999053243573	2.62382585024025	0.00872701074524441	0.139173111360281	-2.72045146463952
ENSMUSG00000020116	0.084630316001812	6.77052551267895	2.62395058316679	0.00872382089603918	0.139173111360281	-2.72522656428181
ENSMUSG00000039179	0.140113799137634	7.01970241826872	2.61990785133852	0.00882773967619237	0.139548706552951	-2.72678643702444
ENSMUSG00000024414	0.0678436028168266	6.72443940022836	2.62568385976572	0.00867960281180566	0.139099355700309	-2.72765808727108
ENSMUSG00000016520	-0.0810449838548948	7.31267143826421	-2.76376416542532	0.00573936883026009	0.115322359773893	-2.73076567829754
ENSMUSG00000029687	-0.0559338680678563	7.346179208952	-2.80240477990792	0.00509610666346101	0.108631678292187	-2.73584121887341
ENSMUSG00000051851	0.126133936470203	6.75064872886083	2.62381134574618	0.00872738174262469	0.139173111360281	-2.73763902466417
ENSMUSG00000034930	-0.032834124186528	7.03860404530075	-2.62269195094236	0.00875605630036687	0.139173111360281	-2.73838586706081
ENSMUSG00000021917	0.0633542856244853	6.46135335778171	2.64201346034129	0.00827274968781009	0.135461280516098	-2.73895157678765
ENSMUSG00000064566	-0.0542616970419445	7.4589183884773	-2.84009323665691	0.00453223350823691	0.104149189668942	-2.73956641684173
ENSMUSG00000022346	0.0978556141770159	7.06075717342116	2.62294862854413	0.0087494737835603	0.139173111360281	-2.73983740960114
ENSMUSG00000037316	0.0772542340945321	7.39938005452893	2.74092807400192	0.00615311473528625	0.117168440422768	-2.74074772880785
ENSMUSG00000030421	0.0581156593033603	7.50230739570115	2.84997090915028	0.00439411598847191	0.103229927388219	-2.74766550775167
ENSMUSG00000041040	0.0881517119809718	7.18030459643693	2.63814731292331	0.00836750142476047	0.136613923552312	-2.74786960519881
ENSMUSG00000031916	0.0685048383352429	7.08048921767996	2.61388222659175	0.00898468268940677	0.14098880544326	-2.75411775251211
ENSMUSG00000022488	-0.0542540571331376	7.3686338636271	-2.81335183451927	0.00492611677406324	0.107427774135295	-2.7553773611883
ENSMUSG00000032175	-0.023101256850385	7.26714802274618	-2.69933497010004	0.00697629020660501	0.124601522538399	-2.75742472672454
ENSMUSG00000062309	0.0467961721204144	7.24241628704948	2.64760979314306	0.00813729550782409	0.134215878947785	-2.76064176426322
ENSMUSG00000046862	0.104633662246646	7.00053883260003	2.60444308284854	0.00923554791788112	0.143267229600266	-2.76111360008257
ENSMUSG00000023034	0.11955363395971	6.76227621612684	2.60548114679331	0.00920765640749884	0.143162162354208	-2.76743219158151
ENSMUSG00000090071	0.0884930293379265	6.47453717956813	2.62286449733056	0.00875163084749787	0.139173111360281	-2.77335936159766
ENSMUSG00000028479	0.0707296887026407	7.0853544408585	2.60800564457759	0.00914013982924844	0.142323186192774	-2.77922093252491
ENSMUSG00000065509	0.0394277914564602	7.49603297486732	2.83496211727596	0.00460552292609788	0.104570510169796	-2.78055821581336
ENSMUSG00000026753	0.0328920027922779	7.25135313332355	2.64775176435259	0.00813388520288176	0.134215878947785	-2.78190475880131
ENSMUSG00000069919	0.0460642886659155	7.33398600951118	2.70265805388113	0.0069070585783134	0.124434635606737	-2.7841836702524
ENSMUSG00000031445	0.0891567215411007	7.27338982372994	2.69351263731292	0.00709909464031389	0.124999383290098	-2.79010610284895
ENSMUSG00000020284	-0.0499044301525053	7.28419325999339	-2.66995297214827	0.00761607641241493	0.12969863052613	-2.79021967079387
ENSMUSG00000030088	-0.0661026235774438	7.32736994900851	-2.73000376842986	0.0063603871193222	0.119276641300396	-2.79338978282074
ENSMUSG00000043572	0.138211775289244	7.21400609113249	2.608794908823	0.00911912220792915	0.142275096542121	-2.79366222252791
ENSMUSG00000086544	0.0605962166175047	7.40026047028726	2.81692872562754	0.0048716958274767	0.107427774135295	-2.7964479285741
ENSMUSG00000053774	0.0580679810165066	7.28746593727359	2.67064783113177	0.00760035804551176	0.129617175322074	-2.79872186864855
ENSMUSG00000027879	0.0904531568872535	6.68020348861204	2.60176450164437	0.0093078668546405	0.143884481216668	-2.7992930495889
ENSMUSG00000062116	0.123464200768296	6.80382991314012	2.59592945619587	0.00946715958458481	0.144337396589853	-2.80048697128304
ENSMUSG00000027198	0.106790779988325	6.90970317538645	2.58765826218029	0.00969712480593712	0.146360609702212	-2.80166952610884
ENSMUSG00000028545	0.138557547392222	7.24062501733166	2.61464032680351	0.00896480113789317	0.140839830622892	-2.80866848770979
ENSMUSG00000048047	0.0752936105190551	7.26687651989421	2.64876649657238	0.00810954745652542	0.134199071584121	-2.80958896181274
ENSMUSG00000035206	-0.0540907237566843	7.05337060226449	-2.60789089154632	0.00914319923100061	0.142323186192774	-2.81442915540205
ENSMUSG00000071748	0.0485909018948929	7.55994169997954	2.94698088063287	0.00322699480166828	0.086574862407445	-2.81461857514993
ENSMUSG00000026049	0.0848996748565565	7.24036119234786	2.62897654638205	0.00859615376805338	0.138113026452996	-2.81783528082587
ENSMUSG00000020063	0.0340127075545027	7.48816471124653	2.83806929517265	0.00456101494806422	0.104559517125313	-2.81944832799688
ENSMUSG00000042380	0.0662134345245695	6.77100219297413	2.5839610095879	0.00980152135982939	0.147490595556678	-2.81984305530427
ENSMUSG00000078681	0.0339789191600079	6.55692227515568	2.59564925709465	0.00947486966845912	0.144337396589853	-2.82540293629536
ENSMUSG00000026999	0.100723524118751	6.52934113673388	2.59305487998526	0.00954652421581418	0.145102887127812	-2.82743185013594
ENSMUSG00000052738	0.067702577815254	6.61065914579227	2.5911725646009	0.00959881439014212	0.145571281321641	-2.82774944397505
ENSMUSG00000020436	0.0518278438399564	7.33088882566288	2.66555166373209	0.00771631705188897	0.13045343435453	-2.82822162606065
ENSMUSG00000042515	0.154211561037895	7.00767666692094	2.57715962778045	0.00999618659918816	0.148605589815563	-2.83154928744081
ENSMUSG00000091896	0.0499085616921047	7.1793195030529	2.59930417557797	0.00937473804584431	0.144065341878544	-2.83398819009265
ENSMUSG00000074781	0.0628141312864638	7.23012120367396	2.61600401274459	0.00892913672125628	0.140605384049701	-2.8418773823173
ENSMUSG00000021079	0.0555502163372017	6.82718295118274	2.57254122906598	0.0101303281951029	0.150046737574689	-2.84259034745326
ENSMUSG00000006498	-0.0435447762306502	7.42313992015465	-2.78561981188066	0.00536706658997656	0.112642868498305	-2.84337376948422
ENSMUSG00000099632	-0.0569482460399104	7.22824518277893	-2.64554905165236	0.00818694115908336	0.13470697601317	-2.84462846355198
ENSMUSG00000087698	-0.105477100276798	7.24518348186563	-2.61347667675166	0.00899533459763311	0.140992770490994	-2.84995783030312
ENSMUSG00000023068	0.04382373509827	6.97427584498891	2.56765823165262	0.0102738966638253	0.151039311471726	-2.85236945182185
ENSMUSG00000026283	0.0890722315157193	7.42360462603325	2.69123165653677	0.00714773191992039	0.125125416770766	-2.852838853914
ENSMUSG00000039717	0.0753944520328931	7.016691187744	2.56716425334659	0.0102885209018007	0.151039311471726	-2.85330785685301
ENSMUSG00000052926	-0.130845677845	6.90845804401505	-2.56646103421156	0.0103093716927409	0.151039311471726	-2.85436814061249
ENSMUSG00000048550	0.102376053556816	7.00246442591782	2.56641529375397	0.0103107292218916	0.151039311471726	-2.85476597766029
ENSMUSG00000020212	0.0654437535902899	7.38292362901457	2.72382736176975	0.0064803370369567	0.12035672540693	-2.85689575585718
ENSMUSG00000079906	0.0690907773155178	7.45570676232471	2.78561711477185	0.00536711115576816	0.112642868498305	-2.85697220964998
ENSMUSG00000041997	0.123513954580051	6.69197560732766	2.57633140477935	0.0100201252787281	0.148798311641836	-2.8583222418962
ENSMUSG00000027584	0.0610911516605741	6.93000568022806	2.56124909254953	0.0104650846244187	0.151911795864956	-2.86364770058449
ENSMUSG00000001127	0.137976391041758	6.94399017337667	2.56043935104964	0.0104894635655106	0.15207871664054	-2.86765751994388
ENSMUSG00000055745	0.0679718079011362	6.92820758177449	2.55680959053686	0.0105993671817079	0.152878957712336	-2.87416418725218
ENSMUSG00000091864	0.119663563278925	7.04432223327189	2.56012247701005	0.0104990174638992	0.15207871664054	-2.87480057539159
ENSMUSG00000055541	0.0723068421372215	7.32330970495016	2.6348086671705	0.00845010527761447	0.137205421980715	-2.87514251562174
ENSMUSG00000033906	0.0885412757276969	7.42766118624041	2.6872396220715	0.00723357452777902	0.125600519736062	-2.87677575866648
ENSMUSG00000020925	0.0943701755020943	6.45038653577637	2.58264175330847	0.00983901404173551	0.147632639630539	-2.87736724426948
ENSMUSG00000018733	0.126833794393229	6.95774979483655	2.55957369083983	0.0105155819404326	0.15215609386167	-2.88035268095633
ENSMUSG00000007655	-0.0937782856736433	7.09889057834726	-2.60293386959932	0.00927623318537122	0.143733908031158	-2.88079873637439
ENSMUSG00000031090	-0.063280974457844	7.32354968088816	-2.79287558358055	0.00524837853632759	0.110493037570698	-2.88339449258942
ENSMUSG00000050234	0.16485568286231	7.17733246579238	2.57823193140841	0.00996526879929215	0.148436402470411	-2.88418978848762
ENSMUSG00000097180	0.0330147538891277	7.51000663873303	2.81604334753565	0.00488511558599822	0.107427774135295	-2.88700725354696
ENSMUSG00000071078	0.0681462936739869	7.22581932811543	2.6094182888602	0.00910255249860342	0.142180192138324	-2.88783312905172
ENSMUSG00000036357	0.147760091881042	7.15653228719603	2.55791106370537	0.0105659084706386	0.152721308150233	-2.8891993006504
ENSMUSG00000042015	0.191908873642495	7.10093908603753	2.55577927976995	0.0106307495342379	0.152915513915237	-2.89380186158639
ENSMUSG00000037845	0.0644582270916567	7.3734297719455	2.66034736745576	0.00783637090281864	0.131562657834371	-2.89788268279987
ENSMUSG00000030051	-0.105978203685929	7.03091077651927	-2.59863269845406	0.00939306298525582	0.144065341878544	-2.90334427692586
ENSMUSG00000023919	0.117040390911569	7.11535881693593	2.5487189935697	0.0108480325925105	0.155145174988669	-2.9059190953844
ENSMUSG00000021692	-0.0534285380374184	7.13787320637552	-2.61174099801162	0.00904105037562491	0.141545682439633	-2.90793135734655
ENSMUSG00000074909	0.069265510718628	7.00290601668867	2.54319647854431	0.0110207333232941	0.156132813372227	-2.90845108286347
ENSMUSG00000030056	0.0794501550267617	7.07629741173204	2.56135494941975	0.0104619013145052	0.151911795864956	-2.90913393016054
ENSMUSG00000092260	0.0663255229509181	7.32741142383166	2.67987090459798	0.00739446191934994	0.12722603388648	-2.91025420178312
ENSMUSG00000018809	0.0698855316344131	7.42770270980799	2.73651784355471	0.00623604855391876	0.117806634341857	-2.91051460055293
ENSMUSG00000024142	-0.0510640746007711	7.18705769124084	-2.59885383186052	0.00938702461931454	0.144065341878544	-2.92154671588859
ENSMUSG00000051855	0.0771597128916586	6.47023414591592	2.56302770840332	0.0104117126707254	0.151624060568953	-2.92183429815673
ENSMUSG00000040183	0.122831329259101	7.10840916147296	2.54767060041558	0.0108806318151892	0.155352041502502	-2.92677137699781
ENSMUSG00000063884	0.0709175309839702	7.33816650147366	2.66661869398353	0.00769190721920786	0.130449494034226	-2.92727586848104
ENSMUSG00000032328	0.0640423802998225	7.26461198107706	2.5986256391713	0.00939325580621276	0.144065341878544	-2.92781659810165
ENSMUSG00000061904	0.115040859460569	6.76805701954836	2.53638648017197	0.0112370582242674	0.157319789051103	-2.93067198954642
ENSMUSG00000035776	0.104311508425712	7.17173772176686	2.54751704848784	0.0108854137356083	0.155352041502502	-2.93091886159373
ENSMUSG00000075271	0.127778095203107	6.95917656608132	2.53373276572853	0.0113223716498051	0.157432216417847	-2.93315047647991
ENSMUSG00000070709	0.038391844321378	7.51144390743204	2.79366458573087	0.00523561628707012	0.110493037570698	-2.93337241913739
ENSMUSG00000019710	0.0944269571637051	6.81406763352938	2.53200700050317	0.0113781609751398	0.157574163943765	-2.93666888201749
ENSMUSG00000015542	0.074252266709661	7.09470801108304	2.54356886481052	0.011009011641511	0.15612989522553	-2.94167535578843
ENSMUSG00000030145	0.156401067503168	7.13650692222248	2.54593820315116	0.010934690686796	0.155697973402283	-2.94200456163053
ENSMUSG00000016409	0.089041529601233	7.33519281629328	2.60488223008185	0.0092237393760652	0.143247947835844	-2.94291713778361
ENSMUSG00000030423	0.0807328925966395	7.14726471076959	2.53387821875525	0.0113176806668453	0.157432216417847	-2.94582683514067
ENSMUSG00000029122	-0.0301948685957045	7.42082780621389	-2.76163089641346	0.00577692830736103	0.115322359773893	-2.94612667632779
ENSMUSG00000031778	0.0793681099778141	6.42898850501144	2.55561576822175	0.0106357375440381	0.152915513915237	-2.94699414082804
ENSMUSG00000023911	0.0612056580031677	7.09266143212957	2.53545417631338	0.0112669652727999	0.157319789051103	-2.95150834686748
ENSMUSG00000033732	0.1029539239425	6.80215037432785	2.52672689171399	0.0115503717157966	0.158823468278672	-2.95176655812584
ENSMUSG00000042389	0.125255538456918	6.95119092725561	2.52449596967231	0.0116238258858171	0.159441270597866	-2.95264298080422
ENSMUSG00000037771	0.119416280346645	6.97482987014418	2.52378837018951	0.0116472103880833	0.159441270597866	-2.95286963137254
ENSMUSG00000062929	0.0348513828386281	7.47831662009555	2.75373448382086	0.0059178936733043	0.115416031795544	-2.95341084862351
ENSMUSG00000025630	0.0599876501998216	6.99903402021447	2.52416727299576	0.0116346833519041	0.159441270597866	-2.95400418186428
ENSMUSG00000101970	0.0467456441546039	7.54138971829435	2.8333778638591	0.00462836728628578	0.104704416732246	-2.95512739386881
ENSMUSG00000020956	0.0426381894886214	7.29409637214726	2.58700021505971	0.00971563274317678	0.146360609702212	-2.95539600498937
ENSMUSG00000048007	0.100677249817129	7.1133228501349	2.53551208345063	0.011265105632671	0.157319789051103	-2.95579747260218
ENSMUSG00000040028	0.10934037741468	6.85633194190768	2.52395286832079	0.0116417703890676	0.159441270597866	-2.95612221007773
ENSMUSG00000031340	0.152477614851105	7.32973978670611	2.56530167903521	0.0103438292908504	0.151122454229902	-2.96004293482726
ENSMUSG00000055202	0.0885851555031945	7.10261841442947	2.53413862124148	0.011309286778197	0.157432216417847	-2.96025918835427
ENSMUSG00000039578	0.136034364493565	7.35922531536059	2.60187348811055	0.00930491449592766	0.143884481216668	-2.9680939302743
ENSMUSG00000027087	0.0629518862576663	7.13905466074059	2.54049638554897	0.0111060570520557	0.156635240325363	-2.97849884582968
ENSMUSG00000037001	0.135265038538864	7.23743648470742	2.57150367014959	0.0101606838120006	0.150063781179852	-2.98026126264609
ENSMUSG00000008683	0.094129029000622	6.98104887215203	2.5123526492096	0.0120309670705302	0.163426043751725	-2.98035865571264
ENSMUSG00000005566	0.0787694581877316	7.11831999248673	2.52910433126492	0.0114725472033417	0.158395921571189	-2.98051631463271
ENSMUSG00000054302	0.107510617041451	6.76396134559258	2.51715378436774	0.0118685070193625	0.161721827305041	-2.98155003229122
ENSMUSG00000039968	0.0463615484242528	7.33818121450143	2.63790908861459	0.0083733714760268	0.136613923552312	-2.98244170626101
ENSMUSG00000080574	0.08934565983696	7.29902674137003	2.58247075467669	0.00984388309462968	0.147632639630539	-2.98363071865591
ENSMUSG00000025270	0.0562819774161376	7.15535294161298	2.53596876073982	0.0112504493682438	0.157319789051103	-2.98609959825589
ENSMUSG00000023284	0.11538350429792	7.19355977641006	2.53203546971338	0.0113772386656845	0.157574163943765	-2.98755853173626
ENSMUSG00000022853	0.158815241315681	7.2195498355726	2.54019951428965	0.0111154739975233	0.156635240325363	-2.98833552665265
ENSMUSG00000032507	-0.0411511782478273	7.4499651528167	-2.74596689242955	0.00605957751685573	0.116454409650594	-2.99217467291389
ENSMUSG00000028232	0.0466592685901031	6.88895375968245	2.50644259598479	0.0122336562067118	0.163636214908832	-2.9922193190051
ENSMUSG00000020086	0.118440641593573	6.81026640249555	2.51109039055934	0.0120740052328434	0.163426043751725	-2.99363968050103
ENSMUSG00000020561	0.0387260919943317	7.38075953520078	2.65014989972278	0.00807647241515605	0.133864074577855	-2.99486753690749
ENSMUSG00000043498	0.0596202951373321	7.44103662709293	2.73781477989975	0.00621155594765699	0.117785000752914	-2.99592871140673
ENSMUSG00000034248	-0.0402362508465135	7.28146495616937	-2.63165864968636	0.0085287102333835	0.137821517692746	-2.99633436112013
ENSMUSG00000046873	0.0387221719757482	7.51945698636844	2.80191224926285	0.00510387808468233	0.108631678292187	-3.00068403261471
ENSMUSG00000032396	-0.0840234992471904	7.30109621525098	-2.59180100328003	0.00958132820858187	0.145468810584494	-3.00355643045
ENSMUSG00000004071	0.10461172799674	6.83817385947701	2.50458388212504	0.012298024672575	0.163868692218491	-3.00444172009404
ENSMUSG00000002812	-0.0437869453188249	7.18723084484161	-2.55286048293803	0.0107201027513329	0.15380227841542	-3.00509783472332
ENSMUSG00000039601	0.11605927911193	6.58799692460704	2.52119493439226	0.0117332747011581	0.160362639514416	-3.00640980697184
ENSMUSG00000016946	0.111405984956787	7.01273005351154	2.5070860404755	0.0122114429881478	0.163636214908832	-3.01042657488693
ENSMUSG00000031841	0.103208937084576	6.99692838832793	2.49787234722195	0.0125329550837342	0.165633065133704	-3.01326536611584
ENSMUSG00000027570	0.118488152062848	7.00558496523545	2.50039530391798	0.0124441792794176	0.165405803172294	-3.01557986173281
ENSMUSG00000031608	0.0914597888740394	6.72253518455368	2.50615842447519	0.012243477872364	0.163636214908832	-3.01617697797005
ENSMUSG00000089491	0.133033112119179	7.27799538869171	2.56167545793284	0.0104522682908665	0.151911795864956	-3.0177357671323
ENSMUSG00000093967	0.0714423953983561	7.31255918683947	2.59673872524515	0.00944492279690234	0.144258976767845	-3.01942580909664
ENSMUSG00000034974	0.0878168475954384	6.67925972625248	2.50963531191746	0.012123787152409	0.163464193481607	-3.0199592998374
ENSMUSG00000061762	0.110072121332321	6.821580793446	2.4986520916792	0.0125054583438429	0.165575199439279	-3.02049519601648
ENSMUSG00000021474	0.08722049063286	7.26285429234843	2.54534693621695	0.0109531955496045	0.155697973402283	-3.02090565333044
ENSMUSG00000038537	0.177902678713624	7.1940098989822	2.51797078166194	0.0118410561891194	0.161510100414568	-3.02148547981699
ENSMUSG00000088171	0.154456724724192	7.2096698635843	2.51085658486242	0.0120819920750431	0.163426043751725	-3.02510946519182
ENSMUSG00000098422	-0.181169768610239	6.91921086455657	-2.4992911114039	0.0124829639466144	0.165438929802736	-3.02703588092548
ENSMUSG00000038268	0.107927904077723	6.98078671090682	2.49090744455353	0.0127809491433543	0.167262652978376	-3.02977242604326
ENSMUSG00000030876	0.073438384352742	6.84287218063296	2.4925235653014	0.012723021262066	0.166826617283453	-3.03032534656589
ENSMUSG00000033416	0.123471295428969	7.182785115478	2.52010954941046	0.0117694608694	0.160695216986229	-3.03473330183028
ENSMUSG00000093677	0.0723231318360096	7.05193177034939	2.49597996696648	0.0125999103847715	0.165853966016245	-3.03508727593039
ENSMUSG00000026526	0.0937729748719613	6.52630590455628	2.51323372096445	0.0120010065865694	0.163363099699506	-3.03520928752475
ENSMUSG00000019790	0.0862862720731394	7.30580013194919	2.58987161782799	0.00963510345348735	0.145958360471935	-3.03556132472468
ENSMUSG00000071064	0.0940107327046515	6.75747874174262	2.49280050489584	0.0127131180636696	0.166826617283453	-3.03560006470222
ENSMUSG00000047557	-0.0918357497029971	7.27980316924155	-2.60139847493646	0.00931778835434686	0.143884481216668	-3.0362857681651
ENSMUSG00000046699	0.0888998974058328	7.1582433864285	2.51233516691314	0.0120315622193365	0.163426043751725	-3.04137435257027
ENSMUSG00000040738	-0.0633077355503051	7.10202351768022	-2.50791567476322	0.0121828548294707	0.163636214908832	-3.04510309750498
ENSMUSG00000036452	0.140165987472908	6.90235099615114	2.48428789483038	0.0130206628689173	0.168609500646401	-3.04512536691978
ENSMUSG00000052629	-0.0850654483779243	7.38160197821753	-2.65771789900849	0.00789766232408065	0.13219321702455	-3.0457652923184
ENSMUSG00000036103	-0.106590094959468	6.90468396275868	-2.49472589323642	0.0126444557722759	0.166117762946237	-3.04684774317792
ENSMUSG00000036282	0.047849985734592	7.46730659143352	2.69669458557246	0.00703174260717224	0.124638326207791	-3.05269143463728
ENSMUSG00000037772	-0.0605428645771591	6.80768033023852	-2.47963621332585	0.0131914858205459	0.17033349024282	-3.05543071168638
ENSMUSG00000073676	0.0564977498392558	6.42628764655015	2.51003884409503	0.0121099630935293	0.163464193481607	-3.05552390328416
ENSMUSG00000089097	0.16502141564903	6.95705208992395	2.48515901696832	0.0129888912809727	0.168609500646401	-3.05613304068045
ENSMUSG00000079036	0.0654023786188702	7.37793053582265	2.62621199468834	0.00866616930887409	0.139048430165343	-3.05873988673594
ENSMUSG00000020297	0.111517579884453	6.76010105416484	2.48914981965058	0.0128442140078222	0.167928499053089	-3.05958021096073
ENSMUSG00000027827	0.0958479504752017	6.53363781568987	2.50014422754065	0.0124529889255996	0.165405803172294	-3.06354611745291
ENSMUSG00000087370	0.0648124502999927	7.29092579348644	2.5813221796712	0.00987664357384149	0.147637853995747	-3.06409066225936
ENSMUSG00000059586	0.0696374201685757	7.23008402676546	2.5066685287257	0.0122258523999826	0.163636214908832	-3.06433479795429
ENSMUSG00000056004	0.104202525019947	6.95975720620206	2.47341102829373	0.0134231924382448	0.171996439675216	-3.06933604441055
ENSMUSG00000045767	0.06788326000152	7.17715853815183	2.50441029555741	0.0123040513850438	0.163868692218491	-3.06936401796632
ENSMUSG00000097751	0.044221817496255	7.09545835839706	2.48451243230365	0.013012466961584	0.168609500646401	-3.07143448383253
ENSMUSG00000085197	0.0206302197954598	7.49440286054892	2.7457226786093	0.00606408122240147	0.116454409650594	-3.07288594285784
ENSMUSG00000055069	0.105067973787741	6.57662766874847	2.48711103926618	0.0129179460532854	0.168405300567734	-3.075242756969
ENSMUSG00000031548	-0.0681078451879094	7.00130860313867	-2.47858921353678	0.013230206826437	0.170579649392287	-3.07759773068506
ENSMUSG00000047767	-0.0459947573745234	7.24892203055945	-2.58872470352188	0.00966719731007438	0.146281095011148	-3.08002550063812
ENSMUSG00000047935	0.0360031938747625	7.51801370746271	2.7703933889811	0.00562405300341764	0.1150089149628	-3.08547945802594
ENSMUSG00000020485	-0.046381569524697	6.7043944328952	-2.47072735961841	0.0135241857902865	0.172818954707544	-3.08620888458216
ENSMUSG00000051674	0.102090600833257	7.18198610628365	2.48614148279565	0.0129531410944893	0.168605743476556	-3.09143106654045
ENSMUSG00000087479	0.043766786605044	7.53715253893752	2.76264756140908	0.00575900079299779	0.115322359773893	-3.09270700171673
ENSMUSG00000028669	0.0663367878914576	6.89677151934293	2.46532616300115	0.0137294848426663	0.174292467693698	-3.09276887267079
ENSMUSG00000003992	0.151712431370844	6.98392257006469	2.46289435640405	0.0138228131174738	0.174634285895143	-3.09475062694768
ENSMUSG00000036764	-0.0832770954144166	6.62357089864623	-2.47277325848919	0.0134471327670548	0.171996439675216	-3.09660014581091
ENSMUSG00000047281	-0.104241252168297	6.54610080364932	-2.48103486989045	0.0131399159604407	0.169829342794714	-3.09682997079725
ENSMUSG00000024614	0.0481659908446543	7.45304678394893	2.68116018172881	0.00736608234968513	0.127060234729047	-3.09764588295409
ENSMUSG00000002846	0.0867762222331923	6.64487941750624	2.46913799863997	0.0135843136770286	0.173260700689702	-3.09847762288102
ENSMUSG00000043162	-0.0924901820618906	6.9572064607235	-2.46001135097635	0.0139341832327851	0.174634285895143	-3.10140834884245
ENSMUSG00000036411	0.0514299522086814	6.53016934954294	2.4782390041982	0.0132431809725582	0.170579649392287	-3.10264096334438
ENSMUSG00000040018	0.120888883366119	6.81313420865884	2.46930756164499	0.0135778876180359	0.173260700689702	-3.10344967336547
ENSMUSG00000067818	-0.0730023398013877	7.05394972725578	-2.48450177692515	0.0130128557934437	0.168609500646401	-3.10789106921808
ENSMUSG00000031174	0.10954340596015	7.07405428651397	2.46122814347651	0.0138870824146992	0.174634285895143	-3.10826580607212
ENSMUSG00000078671	-0.0355442990406107	7.15966679042966	-2.49639180504966	0.0125853120153148	0.165853966016245	-3.10996989478227
ENSMUSG00000021420	0.0699287816148937	6.95946504836544	2.45550397492296	0.0141098907817481	0.175913457089035	-3.11021803733896
ENSMUSG00000062794	0.145856822551722	7.02607780775042	2.45492595969905	0.0141325640125671	0.175913457089035	-3.11359756970757
ENSMUSG00000024766	0.0675938712204882	7.32816919185513	2.55714430289322	0.0105891898925413	0.152878957712336	-3.11519902793043
ENSMUSG00000050199	0.05296577005715	7.43716277900189	2.69101360963166	0.00715239696100778	0.125125416770766	-3.11697688102057
ENSMUSG00000028496	0.118490989205736	6.99656812989798	2.45344927179316	0.0141906346910712	0.176187385660754	-3.11707897722271
ENSMUSG00000098624	0.0931689440395385	7.2153191395335	2.54184720090453	0.0110632977894584	0.156246032739038	-3.1177672430271
ENSMUSG00000027628	0.0946610163005124	6.86616829668024	2.45198827267216	0.0142482955762909	0.176366141626809	-3.1183030968884
ENSMUSG00000060988	0.11277516168485	6.96951543557603	2.44927758297389	0.0143558256197274	0.176662339600739	-3.12438285873523
ENSMUSG00000065591	0.145533108110829	7.18778984669372	2.51082234840075	0.0120831619914771	0.163426043751725	-3.12553882824316
ENSMUSG00000046962	0.0838767276151762	7.30580167774868	2.5349647695689	0.0112826930630752	0.157377317437422	-3.12588285782638
ENSMUSG00000026457	0.075420661149658	6.96903491307113	2.44769643413235	0.0144188781397491	0.176662339600739	-3.12693138886624
ENSMUSG00000034403	0.0873233272750431	6.65971001479252	2.46442179123695	0.0137641277493463	0.174377318778289	-3.12899484561558
ENSMUSG00000033458	-0.0389139677958985	7.278710897517	-2.54261704333867	0.011038994388262	0.156141632993445	-3.1330395430195
ENSMUSG00000091476	0.0716179220329849	7.3449675276116	2.55174825409782	0.0107543268274683	0.154130193580144	-3.13673127939803
ENSMUSG00000035476	0.0471884675951815	7.27335037961834	2.51160415274571	0.0120564714729499	0.163426043751725	-3.14249681090103
ENSMUSG00000017288	0.119109748716817	6.83112175669385	2.44537450278118	0.0145119141725162	0.176662339600739	-3.14352665881277
ENSMUSG00000032806	0.128860027320874	7.32568115649698	2.52358011026138	0.011654100838065	0.159441270597866	-3.15074517894867
ENSMUSG00000007908	0.0744101496849723	7.01849807082019	2.43773371024181	0.014821817298072	0.178874308553957	-3.15397759811054
ENSMUSG00000082860	0.0265933210811733	7.52890865589668	2.7742597256377	0.00555776723350237	0.11417001235125	-3.15488856828526
ENSMUSG00000008435	0.115240908966985	7.10015516734445	2.46674018188713	0.0136754737463513	0.173977018637921	-3.15883428109635
ENSMUSG00000024976	0.0782096720327106	7.2453678759465	2.48795542386167	0.0128873637462927	0.168200648171284	-3.15902196649748
ENSMUSG00000009535	0.117358524848976	7.17762980189974	2.46007509267909	0.0139317123581162	0.174634285895143	-3.1593924396518
ENSMUSG00000029290	0.0617131885646867	7.5263188597938	2.77150761214253	0.00560487758520451	0.114789924924778	-3.16067905393961
ENSMUSG00000019146	0.0840239577053747	6.66489971616873	2.44724850772271	0.0144367847526768	0.176662339600739	-3.16123149720256
ENSMUSG00000094251	0.0729909705759706	7.25936693947768	2.50695103177888	0.012216100840215	0.163636214908832	-3.16238190602867
ENSMUSG00000073639	0.0411126901754768	7.39206399548787	2.59786979390731	0.00941392180852115	0.144219154666587	-3.16307351452802
ENSMUSG00000025880	0.127954210617696	7.13300614696136	2.44929639828946	0.014355076775996	0.176662339600739	-3.1641210891486
ENSMUSG00000030222	0.0995483562109136	6.90641012246547	2.43173924429165	0.01506901608432	0.180322789118456	-3.16488630984314
ENSMUSG00000031921	0.0904150327585809	6.83814563641252	2.43473250091753	0.0149451302281858	0.179469232757637	-3.1656656297649
ENSMUSG00000081339	0.0909346757050278	7.32631149548394	2.56586754477275	0.0103269982102294	0.151039311471726	-3.16597742539353
ENSMUSG00000020954	0.0497409434010798	7.33917218823386	2.56637836172203	0.0103118254422705	0.151039311471726	-3.16638498580477
ENSMUSG00000032192	0.0887405654469422	6.49239647056072	2.45546562097337	0.0141113942588374	0.175913457089035	-3.16674531735826
ENSMUSG00000027257	-0.0562249826519805	6.79917229815969	-2.42992444765136	0.0151445672864212	0.180376841708897	-3.16867368172038
ENSMUSG00000039356	0.0742358952024444	7.14887420349634	2.46480753524907	0.0137493419879125	0.174377318778289	-3.17021248567267
ENSMUSG00000070803	0.0506736531835266	6.78180128666303	2.43327917179217	0.015005168521226	0.179876281883981	-3.17131173812636
ENSMUSG00000034826	-0.0784431514053434	7.25933885031537	-2.53928923375991	0.0111443929239076	0.156737339474829	-3.17164191344165
ENSMUSG00000070063	-0.0801461587808037	7.20620996947607	-2.52778237455076	0.0115157632557696	0.158669429087119	-3.17212817034128
ENSMUSG00000041708	0.120754990633374	6.8536056391478	2.43049993785188	0.0151205731908605	0.180376841708897	-3.17386475342496
ENSMUSG00000038212	0.0889954126516139	7.10232916809695	2.44740532708293	0.01443051340384	0.176662339600739	-3.17445927966189
ENSMUSG00000026889	0.0413659294860835	6.49280909100255	2.44898310997615	0.0143675500458237	0.176662339600739	-3.1754663094484
ENSMUSG00000036815	0.109154383722945	7.15802182526166	2.44528399348179	0.0145155514320123	0.176662339600739	-3.17826474728057
ENSMUSG00000040167	0.0782859077532505	7.30948098067092	2.53340105960795	0.0113330759126581	0.157432216417847	-3.18058799784056
ENSMUSG00000059146	0.0168385831219116	7.54114310403079	2.77822925421404	0.00549044681408016	0.113784552527136	-3.18142215541179
ENSMUSG00000041235	-0.0675871262115164	7.33593585771052	-2.57857319653058	0.0099554469706167	0.148436402470411	-3.18230412672919
ENSMUSG00000031988	0.102085116005144	6.95871791133103	2.42230649957732	0.0154653600418307	0.183018802625967	-3.18510541227932
ENSMUSG00000011427	0.111202569838291	6.94377524861912	2.42227861700033	0.0154665450856083	0.183018802625967	-3.18541727346485
ENSMUSG00000052581	0.066206397956142	6.8943214198624	2.41951431750717	0.0155844287859374	0.183370605815211	-3.19038458635841
ENSMUSG00000020271	0.0809095679665521	6.68748355442662	2.42944803462522	0.0151644558973163	0.180376841708897	-3.19120074923901
ENSMUSG00000021357	0.0635720157140796	7.43131804748032	2.58717684359769	0.00971066187842632	0.146360609702212	-3.19177453371518
ENSMUSG00000041629	0.0745226247305695	6.98512613406247	2.41894428737404	0.0156088358752697	0.183370605815211	-3.19267032236065
ENSMUSG00000043384	0.126029283434528	6.99448431501404	2.41901846724646	0.0156056577984229	0.183370605815211	-3.19284653385178
ENSMUSG00000020962	0.0478894151365825	7.51805824879837	2.72951456014182	0.00636981446363167	0.119276641300396	-3.1934751353759
ENSMUSG00000087018	-0.0592900009350625	7.38031048359789	-2.58171579119843	0.00986540577557665	0.147632639630539	-3.19398943652177
ENSMUSG00000024778	0.0715119511770705	6.51575086145406	2.43654624362472	0.0148704999836698	0.179141836328982	-3.19426487552401
ENSMUSG00000001285	0.102979018730764	6.57546950438691	2.43777025874972	0.0148203211465762	0.178874308553957	-3.19468386563272
ENSMUSG00000059278	-0.107080199995978	6.45581118606682	-2.43577910758315	0.0149020252231725	0.179206370612705	-3.19474970285645
ENSMUSG00000038206	0.039599392647073	7.2619622400801	2.49630658608433	0.0125883315308425	0.165853966016245	-3.19484784298079
ENSMUSG00000030882	0.0327622281631221	7.44246385703461	2.68581805980055	0.007264365818491	0.125946639088364	-3.19644707382846
ENSMUSG00000098269	0.151624096614988	7.2653986222902	2.43755263767162	0.0148292316576669	0.178874308553957	-3.1966680877682
ENSMUSG00000025521	0.0649435236591991	6.89996460649775	2.41691614570791	0.0156959482221361	0.183928838371409	-3.1971970118277
ENSMUSG00000039485	0.0596578966374963	7.06474597309135	2.41904970061849	0.0156043198422734	0.183370605815211	-3.19954343790027
ENSMUSG00000039838	0.0900531082375737	7.04577915328883	2.41708471113397	0.0156886917655969	0.183928838371409	-3.20097185884068
ENSMUSG00000085492	0.118711667602335	6.88358645061682	2.4186544104817	0.0156212604894946	0.183370605815211	-3.20133225525967
ENSMUSG00000032839	0.128337965432716	6.78718807943198	2.41564586655163	0.0157507266514302	0.184252244987137	-3.20388480902253
ENSMUSG00000013663	0.0563028256863252	7.17577422655866	2.45433961526909	0.0141555968198951	0.175913457089035	-3.20471266359417
ENSMUSG00000015971	0.0903552502816236	6.89797131812279	2.41503520470383	0.0157771201303368	0.184401892006126	-3.20507161515997
ENSMUSG00000073940	0.0394336950385838	7.35866239658738	2.55315454388242	0.0107110704929955	0.15380227841542	-3.20511107873229
ENSMUSG00000039987	0.096552059534754	7.11915920751063	2.44714781107007	0.0144408129709539	0.176662339600739	-3.20842997976192
ENSMUSG00000048078	0.0224678909238101	7.33866485952479	2.54614708453206	0.0109281599793906	0.155697973402283	-3.20852019661362
ENSMUSG00000029156	0.0541939208769389	7.23594721562655	2.47301069535263	0.0134382155572631	0.171996439675216	-3.21651066130672
ENSMUSG00000045657	0.0717571452808174	7.03800505423434	2.41146704281096	0.0159321194117505	0.185674746225282	-3.21699326613614
ENSMUSG00000062373	0.0608623476902226	7.23074009233211	2.44737161345458	0.0144318614396529	0.176662339600739	-3.22125422340187
ENSMUSG00000056812	0.13782003473305	6.66125641599782	2.4210486253917	0.0155189008531715	0.183279841260713	-3.22266016784081
ENSMUSG00000098338	0.10170670051844	7.21753806808281	2.46553839122841	0.0137213663869549	0.174292467693698	-3.22281145699788
ENSMUSG00000027132	0.038780714023301	7.53185105397074	2.6945468917354	0.00707713937446623	0.124774844784152	-3.22459914072028
ENSMUSG00000101840	-0.0326154755053798	7.21304740564383	-2.48600249566154	0.012958193295661	0.168605743476556	-3.2270851037488
ENSMUSG00000037887	0.0826667291922041	6.72927964553153	2.40787547187545	0.0160894866558115	0.18660501289948	-3.22744305423519
ENSMUSG00000019828	0.0776948552824628	6.7606210629919	2.40928513410957	0.016027559076085	0.186050041422929	-3.22945968913615
ENSMUSG00000032342	0.116407710698358	6.94738250751658	2.40207495238308	0.0163465277115608	0.187854994434765	-3.23023580023121
ENSMUSG00000062937	-0.107159865511751	6.83120486049113	-2.40134552919123	0.0163791050945992	0.187874709706071	-3.23267711365029
ENSMUSG00000029103	0.103986296508801	6.53531468179771	2.42731262990427	0.0152538846939862	0.181096469948393	-3.2339642342102
ENSMUSG00000078919	0.0595145194303077	7.50424467033753	2.68873964208297	0.00720121092737757	0.125531305331178	-3.2345212500616
ENSMUSG00000047495	0.0274625044382475	7.18178468628573	2.44720005147849	0.0144387230481584	0.176662339600739	-3.23506136976718
ENSMUSG00000041957	0.142281347358105	6.9641713852192	2.40712922762631	0.0161223548558897	0.186666854941206	-3.23558628345114
ENSMUSG00000064435	0.137766238964036	7.25717434547365	2.47810107079464	0.0132482940559137	0.170579649392287	-3.23887109274567
ENSMUSG00000038602	0.156902178185755	6.82533520667273	2.40169408942903	0.0163635306407625	0.187854994434765	-3.24040671190368
ENSMUSG00000020873	0.0848960375103385	6.70078589788857	2.41197339650893	0.0159100424083068	0.185635417359573	-3.24076190696953
ENSMUSG00000059923	0.14533030599812	6.9107296847759	2.39780680258351	0.0165379623471726	0.188738799244921	-3.2428342913277
ENSMUSG00000030498	0.0414948930553809	7.49615826113016	2.68716729265115	0.0072351383621378	0.125600519736062	-3.24345182038197
ENSMUSG00000064105	0.0382444313204759	7.01072461945156	2.39801394697052	0.016528626247445	0.188738799244921	-3.24935070077284
ENSMUSG00000021076	0.111577998314162	6.76188047734878	2.40372466657967	0.0162730584150337	0.18745125402806	-3.25162356437112
ENSMUSG00000038712	-0.0820203108968354	7.20910275746238	-2.4620683493289	0.0138546410144095	0.174634285895143	-3.25265121768709
ENSMUSG00000021721	0.114890146817392	6.90772418916169	2.39324272886056	0.016744846398426	0.189821594874465	-3.25345292229508
ENSMUSG00000051232	0.0875053317117933	6.66102300470814	2.4071831562062	0.0161199776032237	0.186666854941206	-3.25442913206249
ENSMUSG00000020248	0.105400255187948	7.39820467464553	2.56360594111475	0.010394413569928	0.151534902345252	-3.2548075299503
ENSMUSG00000020607	0.134211749814708	6.77015833616738	2.39521646808172	0.0166551018222441	0.189598428049952	-3.25621897349591
ENSMUSG00000048677	-0.0686784185496778	7.03197652654342	-2.39490389118876	0.0166692862621338	0.189598428049952	-3.2602903245946
ENSMUSG00000023143	0.0903422120300972	7.01799760386445	2.39291260879382	0.0167598981191469	0.189833499331156	-3.26196537344928
ENSMUSG00000047213	0.0550923409105986	7.47426807145674	2.66207651793599	0.00779629806448874	0.131470409400918	-3.26283319003465
ENSMUSG00000025920	0.0668723315485913	7.13738128219125	2.40547016238627	0.0161956397142104	0.187195637890251	-3.26443800077781
ENSMUSG00000083853	0.0434898776431494	7.49309210804348	2.65974874177881	0.00785028692934104	0.131562657834371	-3.26526843826804
ENSMUSG00000021929	0.0524394214339425	7.46310243043739	2.62179239356274	0.0087791604750491	0.139212525537979	-3.26557102326368
ENSMUSG00000020843	0.0804675551505669	6.89561257937656	2.38581982950632	0.017086173900561	0.192372429726712	-3.26682531524246
ENSMUSG00000063275	0.0790144218923619	7.11373375794245	2.40007695348837	0.0164358979480744	0.188366783076917	-3.2672891891112
ENSMUSG00000054679	0.0701702038225616	7.48587901643714	2.60942396908047	0.00910240163960578	0.142180192138324	-3.26861265830111
ENSMUSG00000032085	-0.0812130569953879	7.04122356103608	-2.41257364111499	0.0158839066260345	0.185490099944682	-3.26865211963993
ENSMUSG00000002847	0.0749916952684542	7.31930790136734	2.45515944898624	0.0141234012904294	0.175913457089035	-3.2719162351586
ENSMUSG00000029108	0.0722106970668834	7.26689728655249	2.4363675879547	0.0148778365324114	0.179141836328982	-3.27229426721518
ENSMUSG00000042104	0.022507733031282	7.54030109346559	2.74122921657828	0.006147488192598	0.117168440422768	-3.27260328901218
ENSMUSG00000029361	0.0344331525162325	7.28813643116123	2.47523378043096	0.0133549783626225	0.171464769545868	-3.27340923407545
ENSMUSG00000064417	-0.0699097111821896	7.33439446514255	-2.54946111160694	0.0108250093545718	0.15497938419143	-3.27399702741984
ENSMUSG00000036822	0.108978804206533	7.0024669138352	2.38435517558869	0.0171542399026025	0.19269029378582	-3.27629987315943
ENSMUSG00000072872	0.059998522595933	7.28410715370709	2.45110938762617	0.0142830818340637	0.176366141626809	-3.2775368026275
ENSMUSG00000030779	0.0636127929386987	7.43124487067259	2.55578812076665	0.0106304798940811	0.152915513915237	-3.27806010925357
ENSMUSG00000025809	-0.0721093409835509	7.33790857194019	-2.53988320615876	0.0111255152996994	0.156635240325363	-3.28132320521987
ENSMUSG00000061474	-0.0374246021748288	6.73193541159103	-2.38193091861336	0.0172674239459563	0.192934927837344	-3.2831212343621
ENSMUSG00000069020	-0.0500613575184179	7.056986535116	-2.39114216580123	0.0168408238251275	0.190319153514478	-3.28320278130164
ENSMUSG00000036009	0.0638943294931247	7.35315012370055	2.53137698480578	0.0113985884272108	0.157695981526658	-3.28429316174016
ENSMUSG00000014767	0.0499876860812654	7.54041419901138	2.74250305413605	0.00612373906936055	0.116937541270972	-3.2873714446974
ENSMUSG00000065590	0.109663509194928	6.77937554441926	2.38054226862972	0.017332552154144	0.192934927837344	-3.28801497655712
ENSMUSG00000050565	0.0316373739134352	7.1946321982475	2.41634568939628	0.0157205273176312	0.184057780114372	-3.2892391869542
ENSMUSG00000068615	0.0643674283279729	7.10843074897155	2.38187398603391	0.0172700898782688	0.192934927837344	-3.28973861092142
ENSMUSG00000022574	-0.0958074354422473	7.21819562905815	-2.4566696474535	0.0140642637596378	0.175907092299972	-3.29014181236262
ENSMUSG00000050875	0.0361001117669684	7.34290235374437	2.47524299897631	0.0133546341512518	0.171464769545868	-3.29030219826326
ENSMUSG00000026806	0.120788353459866	7.17195580336139	2.40194149568019	0.016352483873591	0.187854994434765	-3.29064399095479
ENSMUSG00000054850	0.0752372747532117	7.34287912253235	2.45961338214601	0.013949618795135	0.174634285895143	-3.29131828389831
ENSMUSG00000028780	0.138016037453287	7.02202408087432	2.38077428181708	0.0173216556755615	0.192934927837344	-3.29180187746819
ENSMUSG00000023147	0.105307926081309	7.04425339441615	2.37676747995019	0.017510681489273	0.193962270940819	-3.2918368540711
ENSMUSG00000022451	0.0559522279421882	7.34738380573305	2.4878869416449	0.0128898416764983	0.168200648171284	-3.29383019174851
ENSMUSG00000030850	0.076051068318125	7.26271890556355	2.42993087735963	0.015144299025374	0.180376841708897	-3.29486717598277
ENSMUSG00000026869	0.0858244203121696	6.92009591526616	2.37254165179655	0.0177119979347071	0.195553149836123	-3.29643852823262
ENSMUSG00000054976	0.080387845490911	7.28142735586401	2.46073316139933	0.0139062256817498	0.174634285895143	-3.29695798792984
ENSMUSG00000022757	0.0756605277538629	6.55732869969749	2.39893147693245	0.0164873283799133	0.18863729803786	-3.29764295236021
ENSMUSG00000017740	0.030964434103784	7.05841803683125	2.38150375219864	0.0172874353076187	0.192934927837344	-3.30040047913021
ENSMUSG00000044250	-0.0559660018105808	7.29353260623677	-2.50660938829667	0.0122278947074803	0.163636214908832	-3.3029536779985
ENSMUSG00000045871	0.110045625646811	7.13122263002597	2.39074718489985	0.0168589248687777	0.190319153514478	-3.30314006045608
ENSMUSG00000026841	0.13590244726063	6.89408669506967	2.36959488969149	0.0178535783931191	0.196522722350397	-3.3036625732828
ENSMUSG00000028410	0.062526355223202	6.41938604226844	2.40438309393991	0.016243816783311	0.18745125402806	-3.3051944126741
ENSMUSG00000024078	0.0855832386062598	6.96385402782787	2.36736055193299	0.0179615898689077	0.19734459922419	-3.30652855095822
ENSMUSG00000021278	0.115128022789777	7.32610917063149	2.44150459093864	0.0146681523430059	0.178040115905527	-3.30682944206354
ENSMUSG00000024084	0.089381809384677	7.12865997379389	2.37484666900351	0.0176019378887178	0.194655035803618	-3.30895590383034
ENSMUSG00000025971	0.0654544747075878	7.45631192270616	2.59439660380191	0.00950940678619634	0.144700939626543	-3.31127340640491
ENSMUSG00000034157	0.112109014504497	6.81204852846083	2.36623935849673	0.0180160056095013	0.197622171564416	-3.31217010949134
ENSMUSG00000089542	0.12103886260533	7.31676752634359	2.47750835444441	0.0132702854631468	0.170700692893116	-3.31423619353055
ENSMUSG00000044231	0.0677787334560822	6.53660436597043	2.38978284251733	0.0169031901953434	0.1906601103731	-3.31440044467519
ENSMUSG00000078866	0.0822624478228988	7.0092570085262	2.36468466185291	0.0180916998935903	0.198131879771646	-3.31484116562934
ENSMUSG00000032336	0.0975840799004839	6.63820722628917	2.38096735508003	0.0173125925890839	0.192934927837344	-3.31636232581807
ENSMUSG00000038172	0.0880998040599144	7.32840165270373	2.49527270379563	0.0126250156422391	0.166023241588242	-3.31665753978274
ENSMUSG00000056536	0.0501389806929726	7.45262466886998	2.63231613297992	0.00851224971508135	0.137821517692746	-3.31752379829012
ENSMUSG00000042846	0.124824026241249	6.69914128937851	2.37333973263105	0.0176738230488865	0.195290703257378	-3.31839159055767
ENSMUSG00000040883	0.105801879782982	6.78000420637248	2.36541482966904	0.018056115221617	0.197902029243883	-3.31975317180045
ENSMUSG00000064637	0.0809037800293932	7.18665940283989	2.38827884666252	0.0169724304309734	0.191281971557055	-3.32146515417771
ENSMUSG00000040652	0.0775692502411953	6.57690671782167	2.38476198933831	0.0171353104582453	0.192637263012346	-3.32421625810593
ENSMUSG00000053574	-0.0511929240307714	7.40924199516524	-2.62164928511622	0.00878284108310521	0.139212525537979	-3.32567465061369
ENSMUSG00000021067	0.0848317928127909	6.84633202237386	2.35730375416233	0.018454871472806	0.200869407841649	-3.3316241775918
ENSMUSG00000038462	0.0637999467634947	6.6041345739289	2.37755903284177	0.0174731962519127	0.193863768384982	-3.33179255296814
ENSMUSG00000039079	0.130496066018135	6.98903603185927	2.35657239709522	0.0184912025205101	0.200934739059293	-3.33250160605266
ENSMUSG00000032965	0.0817194167183493	6.43441670803503	2.39418147816887	0.0167021092809886	0.189598428049952	-3.33405250595164
ENSMUSG00000021266	0.0648317218092505	6.93440121486706	2.35556624344093	0.0185412867413204	0.201267226292091	-3.33448487338115
ENSMUSG00000039648	-0.0658767699835465	6.97645041000955	-2.35647919933635	0.0184958367270982	0.200934739059293	-3.33589662663363
ENSMUSG00000032590	0.115725963596932	7.04838237850119	2.35734531061122	0.0184528089836599	0.200869407841649	-3.33594278582222
ENSMUSG00000024588	0.0506417170754361	7.50093757425176	2.62891592617639	0.00859768360571827	0.138113026452996	-3.3364141509825
ENSMUSG00000054942	0.0582637497360174	7.19166094001202	2.39398214982246	0.016711175801718	0.189598428049952	-3.33817303108325
ENSMUSG00000078622	0.0761151085497094	7.19309658138454	2.37977601848188	0.0173685817616555	0.193177384351538	-3.3383062444388
ENSMUSG00000070866	0.109030615186846	6.90795469398551	2.35253998136614	0.0186926441530803	0.202148786477457	-3.3398747323938
ENSMUSG00000063632	0.116477388536041	7.10959207904481	2.38315330036414	0.0172102715800303	0.192934927837344	-3.34142154560261
ENSMUSG00000027953	-0.05147795080702	7.06853171334296	-2.37597603512192	0.0175482321035156	0.194219535395482	-3.34227638929664
ENSMUSG00000004099	0.0278620827723888	7.37995716018232	2.5049697382633	0.0122846375911683	0.163868692218491	-3.34545413750898
ENSMUSG00000038702	0.0692479704009559	7.28736970488546	2.42567081912543	0.0153229577654422	0.181757359041002	-3.3460823072565
ENSMUSG00000026965	-0.0404576585118219	6.93507941556184	-2.35007634157942	0.0188166595729224	0.202327840272759	-3.34830034677976
ENSMUSG00000075229	-0.0602863764911756	6.91024517690742	-2.34907413302277	0.0188673146714507	0.202327840272759	-3.34945705420612
ENSMUSG00000030102	0.104746784268229	6.65278889790042	2.36091174896659	0.0182765531609796	0.199833473997227	-3.35032009392667
ENSMUSG00000031755	-0.0478662465656594	7.3765965698964	-2.53692085340484	0.0112199480666262	0.157319789051103	-3.35077415099888
ENSMUSG00000059588	0.0565852777802691	7.43582681532389	2.57799883099729	0.00997198254064716	0.148436402470411	-3.3509903137776
ENSMUSG00000045062	0.114041097017934	6.95207157115578	2.34694168899913	0.0189754929354729	0.202734226335021	-3.35175497403427
ENSMUSG00000047603	0.0251317643747608	7.41019582391268	2.53892797916254	0.0111558882278514	0.156737339474829	-3.35478798436916
ENSMUSG00000040282	0.10572458711494	7.00567755707792	2.34857303401291	0.0188926866636165	0.202327840272759	-3.35612602412484
ENSMUSG00000024030	0.0824470680087641	6.70174555569569	2.35215536112814	0.0187119580343125	0.202148786477457	-3.35713914361035
ENSMUSG00000098093	0.0321186219647984	7.33627293113013	2.46664844873065	0.0136789719625331	0.173977018637921	-3.35906630850731
ENSMUSG00000052253	0.0443780586058269	6.89913275328252	2.34270971276177	0.0191917876487981	0.203414660289427	-3.35951559443484
ENSMUSG00000049305	0.0657097327111629	7.0278445905496	2.3424678049764	0.0192042163424153	0.203414660289427	-3.36214311255541
ENSMUSG00000067929	0.0328966377605662	7.48900913527832	2.61857444101596	0.00886225693649935	0.139832888205915	-3.36237436168047
ENSMUSG00000031517	0.0450889902862528	7.36355953408229	2.48231850095273	0.0130927442307207	0.169381131946672	-3.36552338633884
ENSMUSG00000081944	0.0713835192836898	7.15283210745106	2.37915739368486	0.0173977178413617	0.193342834830477	-3.36599990273139
ENSMUSG00000043059	-0.0467151204682192	7.26509844937469	-2.43843683383501	0.0147930575430466	0.178874308553957	-3.36637911071977
ENSMUSG00000059552	0.0565741113151725	7.09117316717848	2.34982804622192	0.0188291981808765	0.202327840272759	-3.37203166373211
ENSMUSG00000068039	0.0747445736155798	6.58404722704925	2.35778472627388	0.0184310126800445	0.200869407841649	-3.37273565332654
ENSMUSG00000030922	0.114599841864536	7.08843790152481	2.34658520038025	0.0189936303326909	0.202768220512302	-3.37320248157213
ENSMUSG00000024070	-0.0616322952046016	7.36555852900424	-2.56445408186457	0.0103690858635419	0.151328381203338	-3.37383068495505
ENSMUSG00000032097	0.0744371814881344	7.11559095800915	2.34949016917936	0.0188462722950091	0.202327840272759	-3.37409136013118
ENSMUSG00000024576	0.0417784549012223	7.27262089337238	2.42021119929935	0.015554635907698	0.183370605815211	-3.37667894105419
ENSMUSG00000033557	0.0531383165176234	7.10685853419113	2.34567381762021	0.0190400685419921	0.202978836288487	-3.38172524957536
ENSMUSG00000031302	0.0512508153634625	7.16119404408054	2.35301279602387	0.0186689254563271	0.202148786477457	-3.38229783485267
ENSMUSG00000002635	0.090162432650569	7.09262575886725	2.36804697518695	0.0179283462902315	0.197139107058361	-3.38275640639128
ENSMUSG00000054455	0.107822743573498	7.1006361155431	2.34917943174741	0.0188619869053756	0.202327840272759	-3.3836101613816
ENSMUSG00000031370	0.0898448833342282	6.67707921584484	2.3488463807011	0.0188788426869534	0.202327840272759	-3.38418237022417
ENSMUSG00000026926	0.0295700670480743	7.56559999509923	2.73603250869702	0.00624523643014605	0.117806634341857	-3.38424993522558
ENSMUSG00000018761	0.0969327070536901	6.99886523579346	2.33611967263563	0.0195328947060811	0.206412304306351	-3.38523680299629
ENSMUSG00000097789	-0.0908410647084814	6.5637731004438	-2.34821794213914	0.0189106839869868	0.202360736776295	-3.38623478165917
ENSMUSG00000031099	0.0529660429519696	7.4729502015558	2.59661055098357	0.0094484416115833	0.144258976767845	-3.38756863093841
ENSMUSG00000090963	0.104757161210087	7.27661145494262	2.45195486543421	0.014249616466006	0.176366141626809	-3.38852797341074
ENSMUSG00000097287	0.0909665551114012	7.25758671991539	2.40238793502021	0.0163325668003108	0.187854994434765	-3.39089176292402
ENSMUSG00000003382	0.0589629976265185	7.40058046399045	2.5091317850604	0.0121410564121536	0.163464193481607	-3.39137589981436
ENSMUSG00000089199	-0.0645502357250454	7.35063324811741	-2.5678483341932	0.0102682736081571	0.151039311471726	-3.39479711467637
ENSMUSG00000003545	0.092875577105672	6.490827255934	2.35043076635406	0.018798774218098	0.202327840272759	-3.39528001570695
ENSMUSG00000024014	0.0638690201797107	6.61551226113059	2.343613805028	0.0191453996045302	0.203414660289427	-3.39591651379647
ENSMUSG00000020701	0.122373257673271	7.07450831614889	2.33291026359124	0.0197009269091935	0.207540922326998	-3.39747055611482
ENSMUSG00000038069	0.0913830322008389	6.99555733602533	2.32587864036918	0.0200734956340861	0.20935111831303	-3.39927027724693
ENSMUSG00000030264	0.0655546138725862	6.79922664812533	2.32695422949549	0.0200161103053606	0.209195909794785	-3.40274860959108
ENSMUSG00000042595	0.0466969429501978	7.44310199506327	2.54244603193569	0.01104438899843	0.156141632993445	-3.40417760077468
ENSMUSG00000033454	0.0753809361590996	6.98524131356898	2.32728240321975	0.0199986299723617	0.209195909794785	-3.40424538973558
ENSMUSG00000059920	0.0669198447305863	6.81539974286167	2.32295699407717	0.0202300982331941	0.210230992755092	-3.4044683343154
ENSMUSG00000029575	-0.0444812753350039	7.40412820766301	-2.53298499634595	0.0113465151144175	0.157457576173257	-3.40751113509375
ENSMUSG00000036615	0.0519772193267558	6.9070325948745	2.31891351942348	0.020448590395202	0.210472354765549	-3.41136023233743
ENSMUSG00000042671	0.129393419879347	6.74154709448744	2.32673576795034	0.020027754160911	0.209195909794785	-3.41150977204762
ENSMUSG00000048307	0.070231350936325	6.93558181729803	2.31880147221439	0.0204546741546829	0.210472354765549	-3.41167014770684
ENSMUSG00000097348	0.0352370747880819	7.51380226483983	2.60052618477402	0.00934147066541801	0.144065341878544	-3.41570949833595
ENSMUSG00000037369	0.040134553370395	7.50424898341643	2.63196079969254	0.00852114218084095	0.137821517692746	-3.41641460049243
ENSMUSG00000033871	0.0270868383500416	7.49085972421891	2.63726453436983	0.00838927232257942	0.136708839122033	-3.4179928554208
ENSMUSG00000022109	0.068858817014906	6.53250545215288	2.34310387101136	0.019171551724866	0.203414660289427	-3.42036101366582
ENSMUSG00000024350	0.0654578469863338	7.31212984876324	2.41077029749696	0.0159625415307148	0.185768358861315	-3.4210936782256
ENSMUSG00000028779	0.0352264001220508	6.79958566834618	2.31607183180227	0.0206033724341413	0.210686562053109	-3.42406583898222
ENSMUSG00000019297	0.132931651880848	7.0328259443506	2.32297183905903	0.020229299842486	0.210230992755092	-3.42425072140038
ENSMUSG00000036371	0.0861033296739606	6.86389775234899	2.31396418099389	0.0207188318396281	0.210686562053109	-3.42620201722469
ENSMUSG00000022792	0.0756150443434551	6.84693595424914	2.3129395193768	0.0207751674845623	0.210686562053109	-3.42854818382698
ENSMUSG00000033948	0.106676270241818	6.58377617629637	2.33141312220408	0.0197797424290213	0.208047903687099	-3.42921116632223
ENSMUSG00000034254	0.0677994455807003	6.70063806952145	2.31974089013861	0.0204037159989733	0.210472354765549	-3.42926802990677
ENSMUSG00000029780	0.0383582150199686	7.01203132832661	2.31328927718759	0.0207559228879549	0.210686562053109	-3.43036611724666
ENSMUSG00000034998	0.0445219873914935	7.48428349433063	2.61828498894895	0.00886976573661951	0.139832888205915	-3.43054848186137
ENSMUSG00000039233	-0.0368155822142278	7.44129224891595	-2.56619512157703	0.0103172659299179	0.151039311471726	-3.43184602598666
ENSMUSG00000034006	-0.057492094058019	6.47596660713008	-2.32988492543451	0.0198604767435391	0.208573465289622	-3.43306259739867
ENSMUSG00000027997	0.141593901317958	7.03856475829307	2.31622294677737	0.0205951157958231	0.210686562053109	-3.43526035508639
ENSMUSG00000017418	0.0605387803033031	7.17427001686762	2.35227747295998	0.0187058242415498	0.202148786477457	-3.43670365771061
ENSMUSG00000031400	0.0947875811343497	6.73815509724813	2.31470376276668	0.0206782526427527	0.210686562053109	-3.4400438119944
ENSMUSG00000027220	0.0504170181980808	7.01379481662375	2.30505860825977	0.0212129402931538	0.213673881496715	-3.44458359109066
ENSMUSG00000076621	0.0988498292973388	7.28877545205261	2.43559422655145	0.0149096316603578	0.179206370612705	-3.44671687915202
ENSMUSG00000036006	0.0863531119124152	6.59715438609083	2.32091812758684	0.0203400138821563	0.210472354765549	-3.44692961694511
ENSMUSG00000102861	0.0992133387575453	7.26152351071542	2.3829597146334	0.0172193115890325	0.192934927837344	-3.44805620053594
ENSMUSG00000029190	0.0692935924913902	6.52469028118618	2.3275309545592	0.0199853996367679	0.209195909794785	-3.45028643370142
ENSMUSG00000001555	-0.0713092916247833	7.29583253565611	-2.45535321169939	0.0141158015237189	0.175913457089035	-3.45116178560636
ENSMUSG00000031667	0.0382425026940929	6.61269570645793	2.3140866404407	0.020712107969974	0.210686562053109	-3.45399303435171
ENSMUSG00000032387	-0.127186886456937	7.03763199861398	-2.31540027892778	0.0206400997579241	0.210686562053109	-3.45476861900416
ENSMUSG00000030055	0.0213009481321045	7.46879986283507	2.58239640899288	0.00984600069990287	0.147632639630539	-3.45512437673607
ENSMUSG00000026648	0.0287903096033286	7.52466525523641	2.63637469925311	0.00841126852805839	0.136738583577237	-3.45598108625725
ENSMUSG00000026718	0.0495141499541196	7.22929014588034	2.35220465324506	0.0187094818328558	0.202148786477457	-3.45677077569724
ENSMUSG00000025169	0.0414300412123998	7.2906691406708	2.40384642102483	0.0162676476541244	0.18745125402806	-3.46105886669912
ENSMUSG00000048834	0.0826632424914955	7.23459020960745	2.34476077336741	0.0190866909551549	0.203171753496014	-3.4616680908194
ENSMUSG00000031565	0.0671054991341133	7.3413846522009	2.41126805106162	0.015940802817984	0.185674746225282	-3.4618489574801
ENSMUSG00000044499	0.139124329757154	7.08080720593311	2.30020110135098	0.0214867533774881	0.215783650488048	-3.4651460613935
ENSMUSG00000039789	0.0773079202977733	7.23868526407873	2.33507234534432	0.0195875905128309	0.206829090477384	-3.46704248659153
ENSMUSG00000091811	0.0440861891713311	7.00636543485923	2.29338942749187	0.0218759038813244	0.217554422984604	-3.46817677413764
ENSMUSG00000040990	0.105071665073146	6.71981677724378	2.30773677766844	0.0210632786523461	0.212640306752427	-3.46827426532895
ENSMUSG00000018666	0.0688753866305651	6.53523823246071	2.31437168114049	0.0206964646359417	0.210686562053109	-3.46856651370934
ENSMUSG00000021877	0.0516595934808022	6.80726042214115	2.29622820878773	0.0217129850596086	0.216778093842543	-3.47005082063768
ENSMUSG00000030060	0.0683676765561838	6.47146886825555	2.32043478087749	0.0203661474796763	0.210472354765549	-3.47241725773567
ENSMUSG00000090327	0.0408774579893763	7.48449403142874	2.58202172964685	0.00985667895908266	0.147632639630539	-3.47462986336918
ENSMUSG00000040420	0.135029015348893	7.11035226923934	2.29911032436414	0.021548661006065	0.215932554264767	-3.47898320973094
ENSMUSG00000073481	0.0870961942544088	6.99311913013836	2.28751025610012	0.0222166988007093	0.219224164730726	-3.48100963324546
ENSMUSG00000039470	0.106584913469411	6.99418645657876	2.28616907820507	0.0222950860602462	0.219731484857023	-3.48225813654652
ENSMUSG00000024937	-0.0693094522322264	6.41740727565324	-2.31300916761535	0.0207713340146377	0.210686562053109	-3.4828508712919
ENSMUSG00000062526	0.11451406069277	6.9988985718022	2.28792351059626	0.0221925938598667	0.219145803024088	-3.48470635216362
ENSMUSG00000027374	-0.0869145429850988	7.28224855431696	-2.39422138009954	0.0167002948465804	0.189598428049952	-3.48560904771563
ENSMUSG00000028411	0.14948291906975	7.15362716058724	2.29978086523362	0.0215105857335993	0.215783650488048	-3.48611740699092
ENSMUSG00000028557	0.0407385578490089	7.40068822876686	2.46182389990361	0.0138640726012537	0.174634285895143	-3.48629094635235
ENSMUSG00000047656	-0.100578758456764	7.12457496050935	-2.32710431954499	0.0200081140310845	0.209195909794785	-3.48811478755208
ENSMUSG00000070476	0.136650862853993	7.07171731214271	2.28872232108944	0.0221460641117973	0.21890626842002	-3.48944235396327
ENSMUSG00000043993	-0.0420759132215283	7.42479656808609	-2.53579858723317	0.0112559088102204	0.157319789051103	-3.49454457144644
ENSMUSG00000030663	0.0602512002443669	7.31139999928276	2.36337827893507	0.0181555196844356	0.198670327588037	-3.49587035704222
ENSMUSG00000054408	0.0336018577595096	6.90541363178829	2.27873590572752	0.0227339055373317	0.222230221534156	-3.49601534270346
ENSMUSG00000034813	0.047211085841286	7.47446669076072	2.54418652527956	0.0109895938432248	0.156017710289468	-3.49634168833995
ENSMUSG00000020032	-0.10320895487158	6.44922630443411	-2.29794642913841	0.0216148897552972	0.216117017184601	-3.4980193743635
ENSMUSG00000036196	0.0560207681721714	7.42244966591015	2.49970924230099	0.0124682645553979	0.165405803172294	-3.49849015389359
ENSMUSG00000025968	0.079597689536457	6.81186953915489	2.28262965796352	0.0225031093074866	0.220764946447831	-3.49874477803012
ENSMUSG00000027162	0.0594128460535535	7.16753881286826	2.31375631767193	0.0207302493301211	0.210686562053109	-3.50325765421716
ENSMUSG00000050029	0.0358524609406459	7.52692019028848	2.61501872260421	0.00895489223442459	0.140839830622892	-3.50460825311555
ENSMUSG00000029312	0.0849595990640104	6.67634148325658	2.28146096121461	0.0225721670848422	0.221122428711192	-3.50780900356388
ENSMUSG00000017548	0.0348281169529274	7.44398444124869	2.49987936704429	0.0124622882103346	0.165405803172294	-3.51022464910774
ENSMUSG00000034158	0.0558594555121186	7.31418020383204	2.42948078725378	0.015163087851164	0.180376841708897	-3.51175095647922
ENSMUSG00000058093	0.0448048790192574	7.41457138766485	2.46018195260454	0.013927570922631	0.174634285895143	-3.51197165029057
ENSMUSG00000041308	0.0303937703643289	7.15774652695804	2.32285857555728	0.0202353920596987	0.210230992755092	-3.51604666944182
ENSMUSG00000021597	0.0487573578064007	7.49191140604721	2.57229941195214	0.010137395752944	0.150046737574689	-3.51638321070036
ENSMUSG00000031333	0.0582730802512659	7.21150955170226	2.32250647141712	0.0202543412654239	0.21026673727153	-3.51638457615421
ENSMUSG00000102426	0.0574597549495506	7.46882193839743	2.52728753353749	0.0115319772276634	0.158731520053462	-3.51657253085717
ENSMUSG00000094962	0.123963190534248	7.31346412579144	2.34561044380154	0.019043301354105	0.202978836288487	-3.51669403933492
ENSMUSG00000020741	0.0432105199593034	7.34077200849626	2.40981489710133	0.0160043404167161	0.186050041422929	-3.51864289799993
ENSMUSG00000043866	0.0515533105195454	6.64728216735801	2.28607616558765	0.0223005253845157	0.219731484857023	-3.51878575649266
ENSMUSG00000054770	0.0583563892186829	7.41827702898833	2.459690901477	0.0139466109577751	0.174634285895143	-3.51902211552676
ENSMUSG00000003062	0.0864347918237023	6.60856613422268	2.28540515522171	0.0223398421994137	0.219799405326307	-3.5195338183801
ENSMUSG00000025420	-0.0806570498966064	7.09211035249921	-2.30674356627865	0.0211186736470516	0.212882511008718	-3.5198617475504
ENSMUSG00000024963	-0.0848931930238424	7.15403297510147	-2.32122771931672	0.0203232902510165	0.210472354765549	-3.52041697362033
ENSMUSG00000020638	0.150131832152298	6.90557696365276	2.26868626672177	0.0233391141780121	0.224578928336045	-3.52438292394337
ENSMUSG00000024896	0.0858819138630329	7.04587775742381	2.26327837857769	0.0236705413515856	0.225593590127142	-3.53195104076243
ENSMUSG00000030225	0.130252336167993	7.26172788189744	2.31300379116618	0.0207716299148114	0.210686562053109	-3.53274155235368
ENSMUSG00000026475	0.0940618181312445	6.72681191879156	2.2747981597004	0.0229693992625158	0.222734348644035	-3.53310670649193
ENSMUSG00000032309	0.0957881020660105	6.91215030101189	2.26128909374095	0.0237934800655521	0.225734291041376	-3.53437541914958
ENSMUSG00000040688	0.106077007555826	7.01668813165415	2.2672292478324	0.0234280098564084	0.224796148360357	-3.53741053884225
ENSMUSG00000039753	0.0473987862717777	7.53143781055816	2.61977573546785	0.00883115431645019	0.139548706552951	-3.53741485521368
ENSMUSG00000074886	0.0864244327603716	7.03470933452383	2.27181616516713	0.0231491426745882	0.223226227867757	-3.53771264119546
ENSMUSG00000062861	0.0404572375371011	7.49081562108092	2.52870002941142	0.0114857489142684	0.158416870579503	-3.53772914214916
ENSMUSG00000054162	0.0739158105257811	6.99232713784388	2.26049606181206	0.0238426440576436	0.225734291041376	-3.53841231069692
ENSMUSG00000039230	0.0248310707477826	7.6078132659667	2.72010682280954	0.00655357108419077	0.120833490302568	-3.54018355104909
ENSMUSG00000018417	0.075419606425597	7.02314747206817	2.26384394145338	0.0236356901179232	0.225593590127142	-3.54094706802697
ENSMUSG00000023912	-0.0334229151542926	7.35845708342854	-2.44581872245484	0.0144940741549241	0.176662339600739	-3.54297899285874
ENSMUSG00000049112	0.130092355127267	7.04636864896242	2.26176448730347	0.0237640502499912	0.225734291041376	-3.54376266239624
ENSMUSG00000103713	0.067098132456918	7.38538370951034	2.38394713606884	0.0171732448155882	0.192744083782901	-3.54662985921959
ENSMUSG00000063172	0.0812332204082971	6.73176574016089	2.27226102056749	0.0231222511656405	0.223226227867757	-3.54744993268372
ENSMUSG00000087431	0.0420376667662197	7.50413588795151	2.56756500481227	0.0102766552285886	0.151039311471726	-3.54755244186242
ENSMUSG00000029314	0.0982139243997864	6.78720588426382	2.2583271971821	0.0239775532117114	0.226026014628415	-3.54917608545771
ENSMUSG00000038526	-0.0569707613534023	7.00500666393826	-2.26206140137742	0.0237456854544826	0.225734291041376	-3.55000915874665
ENSMUSG00000024965	0.0916709484966809	7.18687946520266	2.29416391284568	0.0218313506380934	0.217554422984604	-3.55067353936782
ENSMUSG00000088591	-0.057192257983024	7.21017050812596	-2.3476658558406	0.0189386954782824	0.202500657172361	-3.55127515123675
ENSMUSG00000093739	0.0565287178409566	7.37439350232227	2.44559194967147	0.0145031790106453	0.176662339600739	-3.55178526667419
ENSMUSG00000020704	0.0796691999097909	7.21277699892322	2.27593636532309	0.0229011129702615	0.222734348644035	-3.5520872438747
ENSMUSG00000027651	0.103552015211974	6.89989026634316	2.25224870669677	0.024359186043878	0.227473183965226	-3.55290036115737
ENSMUSG00000040287	0.072066174332547	6.91982586965387	2.25190601854435	0.0243808573777966	0.227473183965226	-3.55321545202321
ENSMUSG00000031139	0.10087946153706	7.15018626182353	2.2608985786543	0.0238176790322994	0.225734291041376	-3.55362337329288
ENSMUSG00000042078	0.10519444448978	7.02612533303883	2.25706106794692	0.0240566155676983	0.22624467096142	-3.55403210837532
ENSMUSG00000036561	0.0190720505615944	7.58340230014626	2.69116960501828	0.00714905921331566	0.125125416770766	-3.55663761655627
ENSMUSG00000027533	-0.064593489021358	7.21348344323927	-2.31314296964575	0.0207639712223358	0.210686562053109	-3.55753735610227
ENSMUSG00000033585	0.0433250852073197	6.93509549861074	2.24924683661655	0.0245495908272255	0.227561482638076	-3.55784962361765
ENSMUSG00000022096	-0.0401714335891494	6.72156913235483	-2.25343369948885	0.0242843766931054	0.227164773446476	-3.55818172527444
ENSMUSG00000039231	0.0456146121446714	7.33138921822648	2.40377391706252	0.0162708695357528	0.18745125402806	-3.55844261908513
ENSMUSG00000003134	0.117434424008641	6.65124232399941	2.26330158582484	0.0236691103926728	0.225593590127142	-3.55954177428885
ENSMUSG00000033430	0.0860786850667914	6.68630372927883	2.27089921137452	0.0232046582563713	0.223602527817969	-3.56017645285458
ENSMUSG00000057103	0.0729107535791673	7.11032186938848	2.25705277768169	0.0240571339905033	0.22624467096142	-3.56152422527789
ENSMUSG00000025980	0.0594586392702725	6.48334756517096	2.28215882360163	0.0225309085737362	0.2208778441379	-3.56162563479702
ENSMUSG00000006392	0.0898103090128721	6.8351260426254	2.24917142034652	0.0245543909500915	0.227561482638076	-3.56356271780172
ENSMUSG00000007021	0.0600560224239572	6.55715404282928	2.27742619455186	0.0228119977618205	0.222238228936004	-3.56440084701316
ENSMUSG00000047881	-0.101193535948852	7.09038515014086	-2.27791631341111	0.0227827469079256	0.222230221534156	-3.56646574706215
ENSMUSG00000027849	0.112955581082596	6.90761691575528	2.24576782102884	0.0247718730069526	0.228785459283558	-3.56651908216892
ENSMUSG00000001288	-0.0902137392843851	7.02862643668775	-2.26684529769855	0.0234514843204937	0.224862252063122	-3.56665433310318
ENSMUSG00000061306	0.0836821794447991	6.53889344097102	2.27304025955354	0.0230752115665831	0.223004041331132	-3.56841290943823
ENSMUSG00000028729	-0.054668098361935	7.06838502454001	-2.2638062563023	0.023638010974369	0.225593590127142	-3.57027185572172
ENSMUSG00000070576	0.0827589271732148	6.89864677285923	2.24361018960594	0.0249106033509603	0.229745525679323	-3.5702860554316
ENSMUSG00000003033	-0.0474472906724213	7.17026740937905	-2.30950323173112	0.020965069996052	0.211964518274774	-3.5711793910001
ENSMUSG00000049119	0.0883511158639827	6.89185751548662	2.24283590682391	0.0249605516540524	0.229745525679323	-3.5723152441829
ENSMUSG00000019124	0.091901676593876	6.99518053733312	2.2429489475713	0.0249532540907347	0.229745525679323	-3.57234444726403
ENSMUSG00000023965	0.113681767538748	7.07211379625381	2.24915517926422	0.0245554247750041	0.227561482638076	-3.57283861188543
ENSMUSG00000029563	0.113289992144995	7.01962565892585	2.24603403829336	0.0247548023797437	0.228783647351441	-3.57461614308497
ENSMUSG00000049422	0.0657258115068453	6.59071917970646	2.26069515582927	0.0238302929497971	0.225734291041376	-3.57522138113953
ENSMUSG00000097141	-0.0674034715920024	7.43999569038607	-2.49732038289073	0.0125524517930674	0.165711919581702	-3.5764210517078
ENSMUSG00000063434	0.0333660638249436	7.46029624634405	2.51062207974569	0.0120900075146025	0.163426043751725	-3.57805422883386
ENSMUSG00000026074	-0.0593060959783109	7.34103070961134	-2.43271920025918	0.0150283580946643	0.179995122833444	-3.58020761179694
ENSMUSG00000019883	-0.108393934398413	6.90420765676955	-2.24916014482546	0.0245551086885603	0.227561482638076	-3.58143022987686
ENSMUSG00000029922	0.0520381336061568	6.51683145338265	2.26399835647319	0.0236261824671693	0.225593590127142	-3.58216936681254
ENSMUSG00000022858	0.0308458774438733	7.10340718639222	2.25912255294792	0.0239280032632283	0.2259163427875	-3.58235918039631
ENSMUSG00000041439	0.0824474311466883	6.70254768346912	2.25115432788541	0.0244284522682821	0.227473183965226	-3.5825244459291
ENSMUSG00000029634	0.0969947700720661	6.67340544750728	2.24953513784322	0.0245312484202196	0.227561482638076	-3.58410976861395
ENSMUSG00000031446	0.0752610441000581	7.37065458064162	2.44030562208262	0.0147168577970913	0.178152819654432	-3.58642500423921
ENSMUSG00000063887	0.107461044972421	7.22665895179787	2.27301463834751	0.0230767568953812	0.223004041331132	-3.58723062071501
ENSMUSG00000028771	0.0624937543866624	7.12399386027838	2.27456955418477	0.0229831356950144	0.222734348644035	-3.58836861789315
ENSMUSG00000002486	0.0772910383004461	7.31550978624148	2.35054654400841	0.0187929349487313	0.202327840272759	-3.58956091842972
ENSMUSG00000087322	0.123867788164333	7.17343121744301	2.24707301753588	0.0246882774832136	0.22848031816888	-3.59189339316786
ENSMUSG00000086725	-0.0410301187033744	7.41942540791559	-2.54527054688962	0.0109555883335136	0.155697973402283	-3.59377779401017
ENSMUSG00000020646	0.0539964555416272	7.44686541388834	2.46073510697743	0.0139061503915641	0.174634285895143	-3.59488494104511
ENSMUSG00000003721	0.0790389139633838	6.74600488333463	2.23909685700897	0.0252029773154658	0.230454592307474	-3.59616475984539
ENSMUSG00000054204	0.0809536958490948	7.26043164923769	2.32472234289439	0.0201353471111681	0.209834770279183	-3.59625506929679
ENSMUSG00000056537	0.0577735888194306	7.40367810609203	2.39729327928793	0.0165611270786826	0.188844205998973	-3.59829628505818
ENSMUSG00000083192	-0.0783546134160007	7.03600199066255	-2.26597770836088	0.0235046033972258	0.225212305907835	-3.60060430682942
ENSMUSG00000029330	0.0951663806281893	6.6586575808401	2.24470459424944	0.0248401519626605	0.229259891293228	-3.60201206929985
ENSMUSG00000010755	0.0693284157741232	7.09527904933369	2.25208732991893	0.024369389305109	0.227473183965226	-3.60206174206044
ENSMUSG00000061024	0.059911854766483	6.75183722167598	2.23989499221985	0.025151058822529	0.230454592307474	-3.60277729233367
ENSMUSG00000021061	0.0399412577007725	7.11171659407637	2.25360248321531	0.0242737374939298	0.227164773446476	-3.60355518395375
ENSMUSG00000037940	0.118331120585403	6.71495479306998	2.23652247370013	0.0253710732038271	0.230454592307474	-3.60398719178258
ENSMUSG00000021619	0.120233849159716	6.95353662424788	2.22868420401297	0.0258888672931571	0.232493406519458	-3.60694213286878
ENSMUSG00000025451	0.0359022569471774	7.05308096526733	2.23453914376893	0.0255012369727075	0.231113483205861	-3.60696680414504
ENSMUSG00000063018	0.0513784866693641	7.00075138815742	2.22847417790083	0.0259028663996052	0.232493406519458	-3.60815824858091
ENSMUSG00000104453	0.0609954580674001	7.39170692924506	2.43049469395169	0.0151207916751697	0.180376841708897	-3.60839366551741
ENSMUSG00000070284	0.101331285999873	6.70856714754609	2.23057625542533	0.0257630490274718	0.232244294358021	-3.60852991566331
ENSMUSG00000048921	0.0962763482790328	6.82007388673959	2.22915020413828	0.0258578298304714	0.232493406519458	-3.60926020047983
ENSMUSG00000038984	0.0884680388136871	6.72408927678026	2.23766465168671	0.0252963746063367	0.230454592307474	-3.60969617477579
ENSMUSG00000007476	0.0539899724083881	6.76728230007405	2.22872749352582	0.0258859826822176	0.232493406519458	-3.61037077066813
ENSMUSG00000020186	0.0723539656334893	6.96720288375675	2.22315687239869	0.0262594745449714	0.233306655229831	-3.61230038432031
ENSMUSG00000103649	0.107249150685282	7.22108540066761	2.29973525187438	0.0215131739349291	0.215783650488048	-3.61292030327631
ENSMUSG00000030793	0.104435177539522	7.35800095011103	2.35116899914473	0.0187615684936957	0.202327840272759	-3.61501221706164
ENSMUSG00000074406	0.0392940045992116	6.93244800060051	2.22245363879131	0.0263069536389342	0.233315905055089	-3.61564859687084
ENSMUSG00000027168	0.160957628388333	7.03894344448576	2.2297356338175	0.0258188835077736	0.232493406519458	-3.61745528435438
ENSMUSG00000104231	-0.0316412087456674	7.4249660784812	-2.50595861898321	0.0122503878250822	0.163636214908832	-3.61790745793208
ENSMUSG00000085376	0.045680785438142	7.50656182234301	2.57239285208163	0.0101346642697508	0.150046737574689	-3.61940602472136
ENSMUSG00000018541	0.122883734691784	6.9181529328218	2.22146066806494	0.0263741208107575	0.233559980373775	-3.6198646205158
ENSMUSG00000063406	0.0499097888476916	7.31080900209469	2.34251453493769	0.0192018149107812	0.203414660289427	-3.62001331924388
ENSMUSG00000085637	-0.130579966168977	7.16488130248592	-2.26316538084313	0.0236775098650924	0.225593590127142	-3.62092802985182
ENSMUSG00000029146	0.0675296353374408	6.78505567663218	2.22528551895511	0.0261162093662234	0.233007110634972	-3.62114372434246
ENSMUSG00000051098	0.0807005901969635	7.46569266542267	2.4516604955811	0.0142612602363156	0.176366141626809	-3.62214262318742
ENSMUSG00000032679	0.0715431321643383	6.62554482832668	2.2337622691731	0.0255523797165928	0.231422287373123	-3.62417051714419
ENSMUSG00000001440	0.0995835647167667	6.85525888162503	2.22044644686446	0.0264428783954096	0.233579458204969	-3.62467343953204
ENSMUSG00000062184	0.135605660329496	6.90574576377067	2.22021456477612	0.0264586202307552	0.233579458204969	-3.62599889729751
ENSMUSG00000064918	-0.047862666932061	7.32904633926678	-2.44552758280042	0.0145057642392786	0.176662339600739	-3.62663155735492
ENSMUSG00000054364	0.0569163161775004	6.69119130620356	2.22246034021684	0.0263065008395615	0.233315905055089	-3.62775281517388
ENSMUSG00000045534	0.113809884350578	6.91103815299478	2.21581789691306	0.0267586342135593	0.23419972960894	-3.62912602915695
ENSMUSG00000039683	0.031895307553369	7.44629595587464	2.43442112502042	0.0149579755875594	0.179469232757637	-3.6309677680878
ENSMUSG00000031367	0.11917334753358	7.06492679661495	2.21819105345113	0.0265963348943927	0.233847670880789	-3.63575768918865
ENSMUSG00000051185	0.0531781063981116	6.82755993132183	2.21614343547173	0.0267363202382446	0.23419972960894	-3.63610072607571
ENSMUSG00000041712	0.102127493141671	7.02345642794182	2.21692840216885	0.0266825809570543	0.234150441822487	-3.63618974537581
ENSMUSG00000030647	0.0566299840860962	6.53724823059009	2.24039073082537	0.0251188578022769	0.23042048314159	-3.63697997359782
ENSMUSG00000050761	0.0808336312169695	6.8095644796439	2.21277946306536	0.0269676800451328	0.235218634398632	-3.63710787222763
ENSMUSG00000065520	0.0695701167915654	7.36336900384964	2.36992611385713	0.0178376150327733	0.196522722350397	-3.63943318145584
ENSMUSG00000037977	0.122900989875903	7.05026990591903	2.2164860958681	0.0267128500175095	0.23419972960894	-3.63953020864607
ENSMUSG00000091537	0.0490921535758604	6.61228484150031	2.23195813570556	0.0256714908978103	0.231942882778169	-3.64146527157282
ENSMUSG00000031513	0.0683608508914224	6.47653998124164	2.24797937027591	0.024630371118309	0.228100117228165	-3.64187086579483
ENSMUSG00000058298	0.0468673952331287	7.34788720306951	2.34094033252863	0.0192828571770811	0.204088194853134	-3.64187711763884
ENSMUSG00000065526	0.0529507568604863	7.19741679163998	2.24310235624362	0.0249433534542252	0.229745525679323	-3.64264518012854
ENSMUSG00000008958	-0.0709995467495759	6.89477455965668	-2.20765805376507	0.027323228308512	0.236953673190011	-3.64483641395578
ENSMUSG00000069045	0.0743344155807115	7.46807409273765	2.46380978405213	0.0137876151150852	0.174377318778289	-3.64595330399287
ENSMUSG00000029672	0.0417456097951181	6.66065918883267	2.22403978402668	0.0261999693248627	0.233236496458627	-3.64720872854888
ENSMUSG00000070705	0.07084509007694	7.16649426276614	2.23709229846291	0.0253337827509323	0.230454592307474	-3.64752239916299
ENSMUSG00000078532	-0.0308535226351472	7.39004647745108	-2.40599162194615	0.0161725741082774	0.187088532218451	-3.64753669228099
ENSMUSG00000021494	-0.0441395941678477	7.16928127162465	-2.29264507496666	0.0219187982600188	0.217554422984604	-3.65048895788599
ENSMUSG00000040850	0.0429624882630808	7.31325640676865	2.3584995459359	0.0183956036918268	0.200869407841649	-3.65061706891868
ENSMUSG00000052102	0.0559629924788752	7.04581045479148	2.21575839680227	0.0267627143752432	0.23419972960894	-3.65473555209184
ENSMUSG00000023079	0.0827666690929592	7.23009574215712	2.28313615163328	0.0224732379284636	0.220631542240485	-3.65744634977842
ENSMUSG00000067567	-0.113781429866525	6.8959839118656	-2.20595591816274	0.0274422896824306	0.237587843878923	-3.65835505736534
ENSMUSG00000069806	-0.0689406599786491	7.02071989941562	-2.22015800545659	0.0264624611154177	0.233579458204969	-3.65916535176952
ENSMUSG00000069727	0.0801669304940615	7.14149263247579	2.23701190448615	0.0253390410141531	0.230454592307474	-3.66090052998287
ENSMUSG00000036502	0.0786513735867445	7.24072587529305	2.25696056158951	0.0240629012779442	0.22624467096142	-3.66100965267437
ENSMUSG00000078572	-0.0472169036462189	6.93220420336984	-2.20240377594047	0.0276921985998005	0.238546272000236	-3.66195255336559
ENSMUSG00000032036	0.0986782852267947	7.03898059173334	2.20179842229075	0.0277349831355115	0.238546272000236	-3.66228209790962
ENSMUSG00000033016	-0.0452454255127019	7.2467955913453	-2.32608294862931	0.0200625842474999	0.20935111831303	-3.66283436016618
ENSMUSG00000036775	0.0416074846084804	7.25278027837273	2.28938094081735	0.0221077641721475	0.218786180033559	-3.6630805205035
ENSMUSG00000049940	0.0648169824947704	6.68525410396987	2.21419193211872	0.0268703266542797	0.234734464419281	-3.66440103296941
ENSMUSG00000020544	0.101698228036432	6.85812302395159	2.2006404242834	0.0278169857652315	0.2386482244083	-3.66448590135058
ENSMUSG00000009630	0.0634017946012575	6.47029527033875	2.23642370882241	0.0253775414010222	0.230454592307474	-3.66617694942894
ENSMUSG00000038047	0.0342538458548232	7.56085671636431	2.60015490681486	0.00935156699452767	0.144065341878544	-3.66720836918723
ENSMUSG00000014778	-0.0550225191311169	7.17360186179586	-2.25544637766527	0.0241577715312115	0.226665097868626	-3.66771764647957
ENSMUSG00000049321	0.0781713739189618	7.19360392337299	2.25326837590659	0.0242948017035986	0.227164773446476	-3.66797640943939
ENSMUSG00000014776	-0.0822331734165838	7.00490691336438	-2.20218792383528	0.0277074478271404	0.238546272000236	-3.66895164253684
ENSMUSG00000029838	-0.05752547549202	7.03094201458192	-2.21081073559833	0.0271038812323374	0.235560526761558	-3.66908288321938
ENSMUSG00000021276	0.0787902021917999	6.58365910350281	2.2257966065726	0.0260819122153812	0.233007110634972	-3.67068658171137
ENSMUSG00000014077	0.0685350642161238	7.20371287956847	2.23511123818751	0.0254636318600182	0.23097526423083	-3.67071605303805
ENSMUSG00000029397	0.0395362953306897	7.01342744324581	2.20089093769574	0.0277992281689269	0.2386482244083	-3.67104219064945
ENSMUSG00000037206	-0.115926065794031	6.7816443475457	-2.19581966273602	0.0281606151587093	0.240277923424657	-3.67111673639291
ENSMUSG00000027227	0.0958685263128789	7.17387615911743	2.22809933152961	0.0259278677280883	0.232493406519458	-3.67115683518386
ENSMUSG00000078601	0.116776208438088	6.99501131641405	2.21238175882124	0.0269951464171906	0.235218634398632	-3.67162540342732
ENSMUSG00000061458	0.141271572156319	7.12605105089921	2.20949529945706	0.0271952168498217	0.236067622942712	-3.67198790407047
ENSMUSG00000085207	0.0474811667232213	7.44566749589739	2.48443238113882	0.0130153884085662	0.168609500646401	-3.67223361408253
ENSMUSG00000028439	0.0339208930681316	6.84692093905855	2.19415678587594	0.028279992819206	0.240769877753291	-3.67422545166771
ENSMUSG00000041135	0.0876458974912344	7.41201843848026	2.35244181930915	0.0186975717468311	0.202148786477457	-3.67453158823892
ENSMUSG00000085139	0.0995931999794388	7.34581453012753	2.33221719812436	0.0197373784801191	0.207763491796161	-3.67503579674225
ENSMUSG00000052305	0.0334743991889193	7.31562200041295	2.32288001128886	0.02023423895173	0.210230992755092	-3.67535816834997
ENSMUSG00000070923	0.0600214651515341	7.19342732366284	2.2417749140603	0.0250291362394949	0.229900078364467	-3.67805799048718
ENSMUSG00000064145	0.117344275941245	7.20569141739402	2.22676685472723	0.0260169096879807	0.232951562858078	-3.67974364660195
ENSMUSG00000029878	0.0975446790040584	7.25475075009979	2.23903690134691	0.0252068811608284	0.230454592307474	-3.6813513278234
ENSMUSG00000001552	0.077209654041595	6.52084751047277	2.21542591096167	0.0267855241595471	0.23419972960894	-3.68146607969243
ENSMUSG00000026790	-0.0234602712056144	7.52594330124327	-2.58776099831258	0.00969423813471831	0.146360609702212	-3.68208623201849
ENSMUSG00000031555	-0.0699508213160849	6.84797264779241	-2.19227461520427	0.0284156395948316	0.240919247505056	-3.68236228654432
ENSMUSG00000033373	0.066041170042757	6.99783141074187	2.19113660722997	0.028497926770924	0.241333473554146	-3.68276266012534
ENSMUSG00000082183	0.0756836558046201	7.39345302682193	2.45434720168187	0.0141552985986349	0.175913457089035	-3.68349693714003
ENSMUSG00000069631	0.0409697097279107	7.45400489502261	2.49097536148863	0.0127785100514367	0.167262652978376	-3.68375849118502
ENSMUSG00000004931	-0.0829715556088617	7.01503369670145	-2.2265637195022	0.0260305072820466	0.232951562858078	-3.68464772698246
ENSMUSG00000031378	-0.0307918778823701	7.43956864344377	-2.4978353224926	0.0125342620465541	0.165633065133704	-3.68594565322996
ENSMUSG00000074513	0.0544262707813052	7.250242262894	2.29184261831683	0.0219651229547791	0.217851599868979	-3.68635715642779
ENSMUSG00000026961	0.0547035642958571	7.04415616373357	2.21854342541678	0.0265723089755717	0.233847670880789	-3.68645008611597
ENSMUSG00000045790	0.0864977206189552	6.88028978097844	2.18607438518685	0.0288664592168847	0.243254853198731	-3.68827782766563
ENSMUSG00000024787	0.0919198623038477	6.64971326193969	2.19927801300471	0.0279137314248338	0.238772473601197	-3.68866919592089
ENSMUSG00000079017	0.0468181004428505	7.47624250810172	2.46720426160767	0.0136577883191475	0.173977018637921	-3.68913997795024
ENSMUSG00000031601	0.039105278325553	7.34413017914649	2.32203010763034	0.0202800024081272	0.210372052524398	-3.69553613698554
ENSMUSG00000020015	0.0932463039179883	6.69831545686514	2.19295607534427	0.0283664626040219	0.240821853466079	-3.69613680300158
ENSMUSG00000090137	0.08598999642268	6.99589398642224	2.18557230796126	0.0289032334513322	0.243254853198731	-3.69741863124165
ENSMUSG00000061859	0.128147342152063	7.04357137236759	2.18510645551004	0.0289373905088857	0.243254853198731	-3.69899827919752
ENSMUSG00000048142	0.0894000809181428	6.77194161789619	2.18425487993936	0.0289999192665245	0.243350339113994	-3.70034695707944
ENSMUSG00000022808	-0.0436319970629109	7.44593307474736	-2.44069318781617	0.0147010982232379	0.178121081064039	-3.70062645921359
ENSMUSG00000025237	0.0704676718189559	6.7424257346759	2.18868038218207	0.0286762318150664	0.24238924622735	-3.70241142949486
ENSMUSG00000025130	0.0310091552256235	6.56013868992508	2.20481837733827	0.0275221080193583	0.237992939727107	-3.70418600317405
ENSMUSG00000024120	0.093477250218907	7.03081552877195	2.17959442822617	0.0293441874527622	0.243499481372946	-3.70441883933157
ENSMUSG00000036699	0.0575966388535081	7.2012495084026	2.21168851888095	0.0270430809237563	0.235333819746012	-3.70460490229587
ENSMUSG00000030284	0.0684237897186684	6.48332943424514	2.21246464659142	0.0269894200047357	0.235218634398632	-3.70493959960571
ENSMUSG00000026017	0.0715481063010985	7.50811102735734	2.50945413813352	0.0121299982876318	0.163464193481607	-3.70501469850167
ENSMUSG00000029110	0.0850596237378589	6.83697835545215	2.1781048412771	0.0294549626622982	0.243952586301429	-3.70506719933458
ENSMUSG00000026470	0.0793965245837907	6.86128058129332	2.18026923703532	0.0292941224801715	0.243499481372946	-3.70515162030373
ENSMUSG00000022186	0.0653435471301753	6.63784594913878	2.19952855430833	0.0278959185891415	0.238770747620947	-3.7058292467239
ENSMUSG00000034135	0.0716188651138907	6.82314145600486	2.17956496530707	0.0293463750231151	0.243499481372946	-3.70597067613751
ENSMUSG00000046404	0.0622622877417403	7.4151762160486	2.39074803921006	0.0168588856993265	0.190319153514478	-3.70655124165688
ENSMUSG00000002733	0.0798599567825899	6.71182822723874	2.18235527079076	0.0291398214850312	0.243350339113994	-3.71016701906008
ENSMUSG00000035783	-0.0736407816054978	7.01536792465364	-2.20750255682459	0.0273340865075363	0.236953673190011	-3.71019013860204
ENSMUSG00000054469	0.05075636509926	7.25489859181135	2.23271146831027	0.0256216966270731	0.231895168804978	-3.71115540445591
ENSMUSG00000030007	0.0601187444468652	6.11041256570793	2.25131746261827	0.0244181162082207	0.227473183965226	-3.71130119953256
ENSMUSG00000031227	0.0963889927826633	6.96551870301984	2.17401908669998	0.0297606544378535	0.245434886173003	-3.71296611816095
ENSMUSG00000021337	0.064793158201824	7.38775231790556	2.2926527929182	0.0219183531267056	0.217554422984604	-3.71420691868225
ENSMUSG00000070304	0.0884986996324315	6.55212297623506	2.20016844639183	0.0278504684121615	0.23868309148678	-3.71436691092047
ENSMUSG00000056999	0.103317199555836	7.22898984173573	2.22319569666221	0.026256855468757	0.233306655229831	-3.71483639686731
ENSMUSG00000019795	0.0725880678438955	6.59596283008129	2.19956975517387	0.0278929902534851	0.238770747620947	-3.71521247140051
ENSMUSG00000031837	0.0390385636827739	6.71973243354445	2.17965397193438	0.0293397668647072	0.243499481372946	-3.71624810920629
ENSMUSG00000033014	0.0648130281737682	7.43394759264615	2.42159289336111	0.0154957143533865	0.183165558154502	-3.71729299375708
ENSMUSG00000066037	0.074037422844647	7.31043803888318	2.25970020674487	0.0238920716657601	0.225734291041376	-3.71892411445456
ENSMUSG00000069755	0.0384686903031275	7.54453282456139	2.57793375075885	0.00997385769660307	0.148436402470411	-3.71920717808262
ENSMUSG00000028759	0.0909853873281437	6.95818601817282	2.17088531605739	0.0299969653142394	0.246371309017249	-3.71966695159999
ENSMUSG00000069917	0.0341190784433634	7.38531143102538	2.36950742828456	0.0178577956878366	0.196522722350397	-3.71972525288831
ENSMUSG00000104222	0.0626735411521224	7.32784072280494	2.31913733711547	0.0204364426279225	0.210472354765549	-3.7201806089029
ENSMUSG00000074269	0.134154247743469	6.86582783464844	2.17167136890213	0.0299375396773835	0.246294394991484	-3.72024158616256
ENSMUSG00000053091	-0.0565963279583519	7.30002644920349	-2.28959400658628	0.0220953863530487	0.218786180033559	-3.72045030196576
ENSMUSG00000063430	0.0323696416242774	6.8497711285546	2.1696867648458	0.0300877710762782	0.246632406440254	-3.72061828345611
ENSMUSG00000041132	0.053313553635653	7.07417174717369	2.18118152535197	0.0292265554781455	0.243350339113994	-3.72301911312997
ENSMUSG00000009470	0.0391119748637623	7.46186779055054	2.47466989411217	0.0133760482415593	0.171572811787192	-3.72365571177202
ENSMUSG00000027315	0.0586971345975282	7.1976392825405	2.2188195581286	0.026553494417582	0.233847670880789	-3.72723064894066
ENSMUSG00000028020	0.0593549580614745	7.02401636772587	2.17015838658168	0.030052011465222	0.246488306984561	-3.72767583992445
ENSMUSG00000027435	-0.0826871443646908	7.21145994476149	-2.25989115588609	0.0238802044229102	0.225734291041376	-3.72924675774883
ENSMUSG00000038861	0.019856693022736	7.17404726588717	2.22026094854077	0.026455470717055	0.233579458204969	-3.7300822209672
ENSMUSG00000026259	0.0948918680171609	6.63921441775423	2.18146369503264	0.0292056842670833	0.243350339113994	-3.73018167628544
ENSMUSG00000042662	0.0989293286375794	7.1472482282896	2.18452800900896	0.0289798515189233	0.243350339113994	-3.73043086040347
ENSMUSG00000024027	0.0984215356674367	7.28173604375851	2.23814472832369	0.0252650344091523	0.230454592307474	-3.73095390486532
ENSMUSG00000015342	0.061362918666541	7.29910130674634	2.27517759641463	0.0229466154416475	0.222734348644035	-3.73205278706178
ENSMUSG00000022951	0.0834633671668241	6.61478208749897	2.18545484729011	0.0289118425830008	0.243254853198731	-3.73238479457589
ENSMUSG00000102640	0.0411610640880831	7.10463531882591	2.19328703980733	0.0283426053097589	0.240821853466079	-3.73347987472679
ENSMUSG00000072704	0.0512282626443241	6.78806637460213	2.16758806899741	0.0302473437131744	0.247491542584923	-3.73402925898353
ENSMUSG00000029669	0.0421110120652237	7.20834430767937	2.23820276073039	0.0252612482360898	0.230454592307474	-3.73469921228559
ENSMUSG00000030275	0.041244521233005	7.31685580700241	2.30690937002989	0.0211094173522435	0.212882511008718	-3.73591845530145
ENSMUSG00000014747	-0.0346677525271595	7.36205488213293	-2.34370301943504	0.0191408274244245	0.203414660289427	-3.73606823592363
ENSMUSG00000084957	0.0546644325725429	6.7569954227209	2.1705865934357	0.0300195753427124	0.246371309017249	-3.73638286421564
ENSMUSG00000019734	0.0425841641411244	6.99915322416509	2.16675995254575	0.0303105087352555	0.247601241897089	-3.73656546671972
ENSMUSG00000075232	0.0594168121496441	6.48085147896594	2.19217690252195	0.0284226969666624	0.240919247505056	-3.73739790231239
ENSMUSG00000103731	0.0585903405249981	7.41292077469973	2.37826530808932	0.0174398089069979	0.193651866634789	-3.73866169863967
ENSMUSG00000036112	0.0446750190885474	6.96467562359051	2.16174852434876	0.0306951821088352	0.248875257579156	-3.74009418130471
ENSMUSG00000019810	0.116453440993183	6.9538913844116	2.16109657808512	0.0307455319632651	0.248893359076728	-3.74058611535096
ENSMUSG00000002908	-0.0849791746825872	6.89000749867592	-2.1647047397254	0.0304677612098193	0.248246338030487	-3.74423843855956
ENSMUSG00000052593	-0.0641109767956527	7.33494377203306	-2.3991527818409	0.0164773810657128	0.18863729803786	-3.74472830055665
ENSMUSG00000075419	0.0758130440873099	7.17540763984721	2.201635167099	0.0277465312689462	0.238546272000236	-3.74544160366254
ENSMUSG00000021803	0.0856876251397773	6.82743078839116	2.16105033773659	0.0307491058012627	0.248893359076728	-3.74642751267858
ENSMUSG00000048039	0.118047392343225	6.90520061749486	2.15651462396931	0.0311014019422915	0.251294879340636	-3.74993175730871
ENSMUSG00000029501	0.121272735351186	7.00502562155962	2.16322907264831	0.0305811022738786	0.248721406496248	-3.75275420056816
ENSMUSG00000056071	0.0957296605905453	6.92093196061991	2.15675900944752	0.0310823321853167	0.251290554423687	-3.75366063424305
ENSMUSG00000104346	0.0250140710830813	7.46848597438734	2.45142302304362	0.0142706595573432	0.176366141626809	-3.75435431416095
ENSMUSG00000022529	0.0783021236162691	7.40232225822317	2.39165916337718	0.0168171568340902	0.190319153514478	-3.75437901753228
ENSMUSG00000042202	0.0541833399497262	6.83941191834508	2.15228096328274	0.031433358414992	0.252861956120869	-3.75545222974302
ENSMUSG00000055471	0.0337277292897502	7.4757498112564	2.45234431444601	0.0142342247421936	0.176366141626809	-3.7568069287839
ENSMUSG00000027796	0.0956817692774603	7.03580982995629	2.15469884653687	0.0312434045413819	0.25168864658662	-3.75694858812907
ENSMUSG00000003154	-0.0513677445536667	7.1303387715209	-2.19205860311083	0.0284312432518137	0.240919247505056	-3.75784375382525
ENSMUSG00000021991	0.0718545693261428	6.55646880742848	2.17815241874935	0.0294514189417965	0.243952586301429	-3.75818522471161
ENSMUSG00000043991	0.0563237460498733	7.39845358342806	2.35828491777657	0.0184062291540318	0.200869407841649	-3.76374576914896
ENSMUSG00000024537	0.0625062299485606	6.4667638610527	2.18318950900643	0.0290783102003076	0.243350339113994	-3.76417083521382
ENSMUSG00000084440	-0.0703389376550909	7.27347516003829	-2.27857382908133	0.0227435568274559	0.222230221534156	-3.76427054978836
ENSMUSG00000015671	0.0523562668683057	6.84421949037825	2.14867165693871	0.0317187564909167	0.253809752721542	-3.76788954269493
ENSMUSG00000039372	0.044235649593765	7.18847889189666	2.20079481177209	0.0278060408805432	0.2386482244083	-3.76852946584719
ENSMUSG00000070426	0.135464447776117	7.07028857062907	2.16155453123421	0.0307101568026204	0.248875257579156	-3.76876807647243
ENSMUSG00000001847	0.0321666397637053	6.88984514281146	2.14547102885817	0.0319736959398919	0.254999629148855	-3.77001353844947
ENSMUSG00000050663	0.103044690392466	7.08712542839433	2.15589305353985	0.0311499492625276	0.25149962036152	-3.77150257672627
ENSMUSG00000028096	0.0814759144428701	6.98761848531095	2.14640952000956	0.0318987609113545	0.25470164925568	-3.77176043244828
ENSMUSG00000018830	-0.03297320826149	7.31208998878598	-2.31918996680328	0.0204335870515888	0.210472354765549	-3.77195094810985
ENSMUSG00000086382	0.0889123068602293	7.34954728995242	2.30997340542901	0.0209389973451045	0.211858900003677	-3.7727829525933
ENSMUSG00000086924	0.017020046585535	7.53993144673796	2.53032955953823	0.0114326219380164	0.158005594531729	-3.77309696305807
ENSMUSG00000025477	0.0583168849874527	6.48427579040491	2.18364898040477	0.0290444795425936	0.243350339113994	-3.77372376124854
ENSMUSG00000058400	0.0992899491277202	6.94816101202226	2.14348690689923	0.0321326177467049	0.255515560944179	-3.77384539916158
ENSMUSG00000054836	0.0813353556877745	6.98711723650188	2.1425657587129	0.0322066286457225	0.255649566738383	-3.77524727556139
ENSMUSG00000090799	0.128221550852101	6.95914499244051	2.14280234460238	0.032187605899052	0.255649566738383	-3.77787662357625
ENSMUSG00000020397	0.0462670073328839	6.85175421041526	2.14061041485125	0.0323642178553652	0.256216026905615	-3.78050066393781
ENSMUSG00000097080	0.0692814621979405	7.36737078055737	2.3212246975539	0.0203234534236182	0.210472354765549	-3.78052286167359
ENSMUSG00000020903	0.055780287674505	6.85932643983411	2.14233870823788	0.0322248937568886	0.255649566738383	-3.78110378950956
ENSMUSG00000033981	0.0754678010539278	7.44130602639584	2.37725702603188	0.017487489949464	0.193863768384982	-3.78169966600798
ENSMUSG00000045180	0.119287389444334	6.60010051873318	2.16645496754828	0.0303338001763583	0.247601241897089	-3.78205100080183
ENSMUSG00000044043	0.0826479732591245	6.97713714694342	2.13997553990753	0.0324155269606459	0.256216026905615	-3.78221424309365
ENSMUSG00000055026	0.136965760097031	7.23006350077764	2.18308471103774	0.0290860311741474	0.243350339113994	-3.78298323605405
ENSMUSG00000021496	-0.0556597780839923	6.73887459333187	-2.14470836917931	0.0320347026099298	0.255185956513178	-3.78582862710313
ENSMUSG00000052446	0.117483996255272	6.89061139647461	2.1378399967797	0.0325886284912052	0.256216026905615	-3.78638696427023
ENSMUSG00000049281	0.112216175340515	6.82405059961298	2.14114356407587	0.032321183769876	0.256113740240783	-3.7871422324232
ENSMUSG00000001134	0.0799530058352733	7.26835863860568	2.26005001541401	0.0238703354058907	0.225734291041376	-3.78733955233424
ENSMUSG00000093089	0.0911930797416023	7.16149623433891	2.17823152237632	0.0294455278657326	0.243952586301429	-3.78764571947883
ENSMUSG00000021392	0.104230921144207	6.96917310293881	2.13759363275964	0.032608648975506	0.256216026905615	-3.78795610200958
ENSMUSG00000056124	0.0784594134183809	7.29927456417078	2.2290487530472	0.0258645841344851	0.232493406519458	-3.78829337913134
ENSMUSG00000041112	0.104468369838277	6.85598307897371	2.13846713412654	0.0325377124282396	0.256216026905615	-3.78841511417934
ENSMUSG00000021716	0.0871909932116779	6.89485520212826	2.13533202707087	0.0327929286160169	0.25670122758427	-3.7903311952847
ENSMUSG00000034203	0.0679742818303888	6.83612183309438	2.1376269718062	0.032605939100457	0.256216026905615	-3.79228691392993
ENSMUSG00000035572	0.0703992840452043	7.31374323214154	2.2134788761071	0.0269194355083641	0.235012045474824	-3.79320201107413
ENSMUSG00000019986	0.0539994350489925	7.34315975866237	2.26055283289656	0.0238391216088777	0.225734291041376	-3.79394421234774
ENSMUSG00000024583	0.0470227916946833	7.20494466832802	2.17066612160646	0.0300135545009904	0.246371309017249	-3.79424918271257
ENSMUSG00000025089	0.108290912260472	7.31144144080922	2.21926589937143	0.0265231068862904	0.233810327154958	-3.79517574350399
ENSMUSG00000043998	0.111877479680102	6.86762105049223	2.13764346468787	0.0326045985921084	0.256216026905615	-3.7956179581415
ENSMUSG00000025007	0.0338373794519491	6.80994747627396	2.13556028516415	0.0327742893584202	0.25670122758427	-3.79704655304953
ENSMUSG00000038208	0.0900227614977203	6.77652806283051	2.13353228794373	0.0329402112512844	0.257246750956576	-3.79739170669705
ENSMUSG00000055371	0.0673852379895727	7.26803614913686	2.23852396907236	0.0252403007187661	0.230454592307474	-3.79886915321166
ENSMUSG00000021930	0.0796434873585028	7.15316728851714	2.14909203613627	0.0316854019520564	0.253759447385308	-3.7989153429829
ENSMUSG00000057409	-0.0430716856574058	7.21028413620489	-2.21961893577838	0.0264990929676061	0.233750619684322	-3.79933272394941
ENSMUSG00000049091	0.110410784127612	6.96757755439424	2.13093363933813	0.0331538723956224	0.257593238934011	-3.79938493278185
ENSMUSG00000068122	0.0845411017858835	7.344564297889	2.25566064450114	0.0241443271022674	0.226665097868626	-3.80029357828727
ENSMUSG00000051262	0.103603653281437	6.85287696347001	2.13309039107191	0.0329764606256475	0.257246750956576	-3.80053172970981
ENSMUSG00000097290	0.120659632296365	7.12140078897734	2.16190847761351	0.0306828397336776	0.248875257579156	-3.80197454499212
ENSMUSG00000038055	0.0569816517151578	6.28685533625421	2.18873645859189	0.028672150357892	0.24238924622735	-3.80425572440031
ENSMUSG00000033389	0.118965225045057	6.93684280276859	2.13143041115831	0.0331129362795135	0.257593238934011	-3.80444845063456
ENSMUSG00000032243	0.078835223743642	7.31037420947085	2.26228562733082	0.0237318247449124	0.225734291041376	-3.80574488841797
ENSMUSG00000027983	0.104638959408395	7.01045256851672	2.14610960591454	0.0319226915446398	0.2547427027441	-3.80638996479865
ENSMUSG00000028413	0.114484297570054	7.13800302732746	2.17423269684776	0.0297446050138972	0.245434886173003	-3.80655281373726
ENSMUSG00000001039	-0.0462151452004491	7.42722316422968	-2.38203964927585	0.0172623335132152	0.192934927837344	-3.80656421223806
ENSMUSG00000041329	-0.0672300578389651	7.26340136369858	-2.2720308009522	0.02313616455147	0.223226227867757	-3.80703311814431
ENSMUSG00000098120	0.103591109795341	7.01886797974737	2.14520288438245	0.0319951339858836	0.255020591758148	-3.80918926458809
ENSMUSG00000043257	0.14239205354753	7.20773575818255	2.18171284118506	0.0291872663703224	0.243350339113994	-3.80946749781171
ENSMUSG00000094158	0.073330810470341	7.30461551032092	2.33702363006739	0.0194857936325031	0.206075187261682	-3.80962924933086
ENSMUSG00000015189	0.0722704632280715	7.25651043271371	2.18569137795459	0.0288945086198159	0.243254853198731	-3.81020693512233
ENSMUSG00000024613	-0.0435276558495099	7.06556748828643	-2.14380321852383	0.0321072369150635	0.255463566956826	-3.81029623824774
ENSMUSG00000038879	0.030468214992589	7.4570190251787	2.3708300761738	0.0177941121829184	0.196299896644433	-3.81332976547799
ENSMUSG00000084849	0.0242720746772136	7.57020461222252	2.59698381553331	0.00943819749948338	0.144258976767845	-3.814736336765
ENSMUSG00000015247	0.0665696087971295	7.39422600732617	2.26432435421157	0.023606121016981	0.225593590127142	-3.81483308511263
ENSMUSG00000028199	0.0997269223332902	6.84524441868295	2.13536866081426	0.0327899365408514	0.25670122758427	-3.81537078286806
ENSMUSG00000077309	0.119886376550951	7.28987108145848	2.19705457674125	0.0280722422310574	0.239825746798158	-3.81875683214264
ENSMUSG00000020476	0.0453451701870371	6.71756255140399	2.1290008920964	0.033313551472695	0.25830518304733	-3.8192610943199
ENSMUSG00000034951	0.0795753022335468	6.91212327874468	2.1199227589587	0.0340724020387545	0.260696177675753	-3.81991459529533
ENSMUSG00000029064	0.0916038022289998	6.70189556406334	2.13127376556625	0.0331258398700588	0.257593238934011	-3.82237450775216
ENSMUSG00000006262	0.045493741459004	7.49962555643092	2.44103577754738	0.0146871798996427	0.178111614561141	-3.82251538645791
ENSMUSG00000054409	0.0441037541310338	7.32379600518578	2.29696376897375	0.0216709436777302	0.216517799839842	-3.82268768188589
ENSMUSG00000020283	0.0285839001701165	7.18912889992518	2.16591923615072	0.0303747507638765	0.247786324221804	-3.82271018536869
ENSMUSG00000047648	0.0560543665447959	7.38458307765659	2.2734572807319	0.0230500718033032	0.223004041331132	-3.82290779616625
ENSMUSG00000047721	-0.0382007455868107	6.93433789060338	-2.12108996374357	0.0339740134802133	0.26031459511288	-3.82375309252774
ENSMUSG00000025358	0.0610534108965979	7.352019565114	2.27559021054327	0.0229218617265492	0.222734348644035	-3.82421351552558
ENSMUSG00000082588	0.0490864633342261	7.3893875090319	2.31798700614697	0.0204989442061187	0.210686562053109	-3.82610742534439
ENSMUSG00000097140	0.106050851006417	7.30021433675562	2.19331857821432	0.0283403327930415	0.240821853466079	-3.82697835652717
ENSMUSG00000037259	0.125347000163844	7.0868732353941	2.12813875309159	0.0333849914322293	0.25830518304733	-3.82769895387977
ENSMUSG00000029787	0.0468696536647482	7.22850500502138	2.19402730744171	0.0282893063328657	0.240769877753291	-3.82842357485973
ENSMUSG00000020463	0.033058444647498	7.49234120576465	2.44463935658257	0.014541480454174	0.176819185648154	-3.82883530691441
ENSMUSG00000038611	-0.0160739965289665	7.21716087455996	-2.2025286712113	0.0276833784748902	0.238546272000236	-3.83319727374427
ENSMUSG00000048439	0.0668520333658646	7.43613779219929	2.30863327248748	0.0210133866834138	0.212294706895473	-3.83348605891159
ENSMUSG00000049516	0.0845897277228902	6.84132941673588	2.11610919335055	0.0343955636412324	0.262428279036482	-3.83374452828087
ENSMUSG00000034723	0.0657264685294674	7.41019648595061	2.29832001829517	0.0215936122431546	0.216063612393129	-3.83385411083423
ENSMUSG00000038533	0.0545963504230444	7.07356932204585	2.1374840335076	0.0326175588168676	0.256216026905615	-3.83506585605115
ENSMUSG00000037315	0.0704314233743304	7.28881699354461	2.25813352433567	0.0239896323241104	0.226026014628415	-3.83549694740249
ENSMUSG00000093904	0.104985530408676	7.21723241279312	2.16660977744328	0.0303219755566069	0.247601241897089	-3.83636570895969
ENSMUSG00000021431	-0.0512003755495165	6.7383857734228	-2.11438712336661	0.0345423483232079	0.262808730957381	-3.83637764252758
ENSMUSG00000058239	-0.0647227516589242	6.59668755321525	-2.12879643047543	0.0333304820556306	0.25830518304733	-3.83664295527583
ENSMUSG00000026463	0.0342523922347375	7.32017908861286	2.2551662989364	0.0241753551962935	0.226673212829424	-3.83712607129343
ENSMUSG00000027950	0.0425082471898923	7.25105359462218	2.19306672258735	0.0283584847656129	0.240821853466079	-3.83714016554293
ENSMUSG00000019853	-0.0662929894359161	6.78501021013006	-2.11272239241307	0.0346847541212305	0.263301173782555	-3.83768342383309
ENSMUSG00000022711	-0.0559448525747177	7.30836167002257	-2.30409923967865	0.0212667767674951	0.214057133937415	-3.83806092077413
ENSMUSG00000052658	-0.084595726124105	6.88252586298173	-2.1111550838003	0.0348192842795341	0.263670257583184	-3.83808939363696
ENSMUSG00000051721	-0.0161672844130143	7.31397545480023	-2.28980636138946	0.0220830558371867	0.218786180033559	-3.83951572754864
ENSMUSG00000025894	0.0342424643036949	7.30521214469706	2.23185535837164	0.0256782908282956	0.231942882778169	-3.84050895097417
ENSMUSG00000042195	-0.110718458265658	7.01737969171013	-2.1247660784134	0.0336657246272286	0.259161653288599	-3.84430203228072
ENSMUSG00000003527	0.0657202305712277	7.25701707776172	2.17357795298714	0.0297938222353163	0.245559052806334	-3.84588018559725
ENSMUSG00000022623	-0.0269885832128089	7.09260990554259	-2.14906965625872	0.0316871769009682	0.253759447385308	-3.84611685259002
ENSMUSG00000039630	0.0211588507125215	7.58030253704661	2.57171998638321	0.010154348422626	0.150063781179852	-3.84736136594211
ENSMUSG00000082208	0.127288650135398	6.95748304079647	2.10567514570849	0.0352931649248179	0.265609517806034	-3.84932778273826
ENSMUSG00000104063	0.0630686206055397	7.10242858811255	2.12120212769987	0.0339645715217676	0.26031459511288	-3.84966542067152
ENSMUSG00000029070	-0.0598277668057943	7.27334475542859	-2.24152723650501	0.0250451700652248	0.229900078364467	-3.85172448758181
ENSMUSG00000045210	0.0758083438761563	7.18709561926815	2.14981921569423	0.0316277757058198	0.253733362733435	-3.85190216208573
ENSMUSG00000036825	0.0902908753557128	6.91802229801385	2.10381143605181	0.035455580012983	0.266614949426525	-3.85236178603441
ENSMUSG00000022883	0.070663105824206	7.27693859730924	2.20204885076607	0.0277172767099077	0.238546272000236	-3.85283499433281
ENSMUSG00000086328	0.132331669995465	7.26936848477536	2.17519652043069	0.0296722814642665	0.245295408427285	-3.85392491506063
ENSMUSG00000032511	0.0697741876616575	7.2964290602091	2.1983694230144	0.0279784121283419	0.239174849707477	-3.85399145182782
ENSMUSG00000096740	-0.0572108337353319	7.18469488705644	-2.1479470036118	0.0317763240473173	0.254023231977316	-3.85475744928822
ENSMUSG00000025860	0.0448406975931466	7.44689411787424	2.38137691148637	0.0172933813004373	0.192934927837344	-3.85560364935332
ENSMUSG00000086905	0.0623364114475216	7.23409247933435	2.16835241283018	0.030189143425621	0.247164496717735	-3.85580184578044
ENSMUSG00000027131	0.0753742850171273	6.68849745395719	2.1156248557894	0.0344367933057045	0.262595075162397	-3.85603235484199
ENSMUSG00000022427	0.0446428387829005	6.53815172628817	2.13823732052941	0.0325563626296302	0.256216026905615	-3.85607963897972
ENSMUSG00000032487	0.0952553512148979	6.83445696466076	2.10267417491259	0.0355550010090345	0.266705375823073	-3.85746365497366
ENSMUSG00000073563	0.0937319740044744	6.99510604903492	2.10180595944857	0.0356310617130886	0.266705375823073	-3.85805755714969
ENSMUSG00000038370	0.0723952214181525	6.54796161933157	2.13046445162445	0.0331925752418271	0.257746240050797	-3.85968304213023
ENSMUSG00000035007	0.080798687653008	6.53144484581531	2.12528525428341	0.0336223786147762	0.259161653288599	-3.86616002279675
ENSMUSG00000022811	0.0577729855736404	7.14517717741038	2.13441809730329	0.0328676499142244	0.256841266591962	-3.86619562780946
ENSMUSG00000000902	-0.0436107767694374	6.78340789491077	-2.10059160788796	0.0357376788365003	0.266812472282638	-3.86675533060339
ENSMUSG00000041733	0.0664913413431805	6.49818679106328	2.13879584402562	0.0325110523476943	0.256216026905615	-3.86761530852542
ENSMUSG00000038486	0.0856146461152019	6.94672843064343	2.09554438829798	0.0361837340999686	0.268075992856488	-3.86764929553037
ENSMUSG00000005973	0.1111936203895	7.17943096498655	2.12227922212292	0.0338740159386783	0.260058838106795	-3.86829254539468
ENSMUSG00000074576	0.0797760046975746	7.13857665530953	2.11309803438948	0.034652576894492	0.263204278731385	-3.86890918623842
ENSMUSG00000048216	0.0987196949664577	7.00875360594051	2.09411474584441	0.0363109403768092	0.268285411241841	-3.87178044947477
ENSMUSG00000038576	0.0385584030625115	7.05760965487043	2.09748348545247	0.0360118051402917	0.267386667082188	-3.87268156649366
ENSMUSG00000037419	0.0608601886174274	6.83179183225438	2.09440446304076	0.0362851312508092	0.268240899399384	-3.87450760911119
ENSMUSG00000037331	0.0496324133117465	7.2754621575676	2.2153338766843	0.0267918410254806	0.23419972960894	-3.87529500944605
ENSMUSG00000001156	0.0763315938568345	6.73660847755375	2.09897531678387	0.0358800074461954	0.26728634118435	-3.87912536909145
ENSMUSG00000008348	0.0515697408682572	6.55471735728131	2.12271133879493	0.0338377442691918	0.259927556261587	-3.87929409141479
ENSMUSG00000028906	0.0751413564762551	6.82481374495398	2.08965719391729	0.0367100135410347	0.269393480519914	-3.8797194337885
ENSMUSG00000016918	0.066853441336348	6.46129091817045	2.12813823132745	0.033385034707165	0.25830518304733	-3.88128299260717
ENSMUSG00000025154	0.0970851689613017	6.77839036767003	2.09160385055907	0.0365352769829432	0.269063164223109	-3.88250356179305
ENSMUSG00000002345	0.0381871329722516	7.07997380982641	2.1096419200486	0.0349495895728165	0.264128503583192	-3.88252775344001
ENSMUSG00000047228	0.0886485285377443	7.11777066395256	2.0977661936714	0.0359867972669132	0.267347395805375	-3.88348260197004
ENSMUSG00000028436	-0.069911839361259	6.60244037981862	-2.09870782353987	0.0359036091478008	0.267315284363473	-3.88579486340724
ENSMUSG00000030706	-0.0710879105095588	6.63802715629925	-2.10148340090696	0.0356593550639333	0.266705375823073	-3.88581496481016
ENSMUSG00000054792	-0.0348662878899235	6.99744472842879	-2.09497771249401	0.0362341100675612	0.268119505665434	-3.88758086580778
ENSMUSG00000020601	0.103268973880394	6.94316362758348	2.08626431629089	0.0370162688081255	0.269770949144452	-3.88901685963077
ENSMUSG00000033083	0.0826996458896243	6.81212853882813	2.08677485324071	0.0369700469726474	0.269770949144452	-3.88919828665282
ENSMUSG00000031029	0.0502460002057497	6.97275042851932	2.0863024262011	0.0370128168002386	0.269770949144452	-3.88987645232897
ENSMUSG00000030086	0.071955860322344	6.81112572673795	2.08734962984021	0.0369180679998814	0.269684895443099	-3.89136608847763
ENSMUSG00000031715	0.0670085045807305	7.14996143455349	2.1108983674557	0.0348413619944035	0.263670257583184	-3.89137678770998
ENSMUSG00000066568	0.0604382901994693	6.64584153885339	2.10254036238413	0.0355667147213527	0.266705375823073	-3.89157537006647
ENSMUSG00000027667	0.0346147261317569	7.45554657236951	2.38557437125591	0.0170975643768024	0.192372429726712	-3.8916748277709
ENSMUSG00000024561	-0.0347775105618906	7.37475223244854	-2.30288814451104	0.0213349092495805	0.214583605048822	-3.89235364781056
ENSMUSG00000027340	0.035897971707711	7.53229248104936	2.46383574147981	0.0137866182128173	0.174377318778289	-3.89459871739916
ENSMUSG00000018040	0.0557427266620625	6.68270392121962	2.09842107422932	0.0359289245746795	0.267347395805375	-3.8950922696042
ENSMUSG00000000693	-0.0570710215374586	7.23836075723718	-2.21169852426761	0.0270423885726752	0.235333819746012	-3.89533244113486
ENSMUSG00000021816	0.068021338568518	7.29946082836275	2.20424057668314	0.02756272748264	0.238022585483843	-3.89598698602148
ENSMUSG00000038646	0.0726857293888532	7.0173921913843	2.08273779233276	0.0373368915526417	0.27052769535989	-3.89664288240809
ENSMUSG00000009621	0.0272751909053435	7.47363940103967	2.40927705750717	0.0160279132897169	0.186050041422929	-3.89698858437643
ENSMUSG00000046010	0.104993968796716	6.73448837887976	2.09259405762499	0.0364466659832615	0.268635390929836	-3.89739602403667
ENSMUSG00000067212	0.112297072810858	6.95128269395441	2.08016321645848	0.0375724562426792	0.271146935895392	-3.89824940045869
ENSMUSG00000004347	0.107090730108556	6.91986942155776	2.07988281218726	0.0375981884852734	0.271146935895392	-3.89843203456588
ENSMUSG00000026275	0.117258487163171	7.0367060738275	2.08505820631128	0.0371256604091877	0.269935557957355	-3.89869425104926
ENSMUSG00000055373	0.0498972344591069	7.31361120948557	2.21841842361688	0.0265808298759874	0.233847670880789	-3.90103450324291
ENSMUSG00000038400	0.0874214669584337	6.55169444129878	2.10557032376116	0.0353022828652068	0.265609517806034	-3.902156948719
ENSMUSG00000039632	-0.123495402345092	6.66236483524786	-2.07996903975006	0.0375902739257401	0.271146935895392	-3.90231168797753
ENSMUSG00000061118	-0.0656857589116591	6.88786259857345	-2.07721410054367	0.0378438434622474	0.271762091981541	-3.9042779751585
ENSMUSG00000036712	0.0815676763114421	6.7673597979987	2.08272846105825	0.0373377430556874	0.27052769535989	-3.90674767453725
ENSMUSG00000077925	-0.0465201959911692	7.29931393684197	-2.28861705957329	0.022152190608664	0.21890626842002	-3.90683388220887
ENSMUSG00000025858	0.0910986124426065	7.13242342340303	2.099212137943	0.0358591230785087	0.267277619955152	-3.90855248566784
ENSMUSG00000031154	0.109470139400708	6.936761159994	2.07448849434947	0.0380961440312759	0.272563335501867	-3.9103745900148
ENSMUSG00000085565	0.105734742211435	7.03459999674082	2.08212766323054	0.0373926022351699	0.27052769535989	-3.91217471815835
ENSMUSG00000022905	0.0755859158979595	6.98286118768152	2.07564258587315	0.0379891393717889	0.271979455365984	-3.91302918315619
ENSMUSG00000034724	0.0516113057685486	7.42656280890234	2.33019791961411	0.0198439179294177	0.208561115726392	-3.91410382986129
ENSMUSG00000052921	0.0986432316799295	6.96755807490219	2.07289350109772	0.0382444500162619	0.27333592689535	-3.91441269303683
ENSMUSG00000044982	0.0674181071188444	7.31457520440617	2.1855196370327	0.0289070936275098	0.243254853198731	-3.91491433575519
ENSMUSG00000025381	0.0308795884046633	6.86773355806315	2.0711213566068	0.0384098035079063	0.273796065173603	-3.91501808040449
ENSMUSG00000068205	0.121946468565086	7.10831577817141	2.08217950486266	0.0373878658434332	0.27052769535989	-3.91899864628146
ENSMUSG00000020453	0.053524292657297	7.21156323103576	2.11145333071475	0.0347936499265107	0.263670257583184	-3.91967985065284
ENSMUSG00000073755	0.105933744900959	6.94099539931324	2.06883381845471	0.0386241453361158	0.274746150297512	-3.92031967033439
ENSMUSG00000051022	0.0591725619731562	7.20057879595462	2.13845862057554	0.0325384031702535	0.256216026905615	-3.92142100452402
ENSMUSG00000037847	-0.0785980064803598	7.38089945278624	-2.31367239141764	0.0207348607756386	0.210686562053109	-3.92370123414152
ENSMUSG00000079511	0.043092543823259	7.46453579422154	2.35006610425666	0.0188171764006053	0.202327840272759	-3.9237105876614
ENSMUSG00000042804	0.116114465399999	7.20534119629563	2.10656713486533	0.0352156565369766	0.26525215073796	-3.92388921715026
ENSMUSG00000004789	0.0824984151474322	6.60951628574718	2.08885947947735	0.0367818237396079	0.269393480519914	-3.92441829850715
ENSMUSG00000039286	0.0929887942606245	6.99428837194717	2.06785957202649	0.0387157402890434	0.275253280985239	-3.92662545891384
ENSMUSG00000041408	0.0653706194037049	7.23588632842326	2.14986018929632	0.0316245313795014	0.253733362733435	-3.9272720979767
ENSMUSG00000021699	0.0288414398241672	7.40212741561214	2.29276468637761	0.0219119005486644	0.217554422984604	-3.93044761182983
ENSMUSG00000019863	0.0764934791619938	6.98980045213337	2.06753626451807	0.038746177207727	0.27532529904736	-3.93111932316537
ENSMUSG00000024420	0.100463086480802	7.0509857908252	2.0660717573305	0.038884304159653	0.275584629271602	-3.93138328700243
ENSMUSG00000006527	0.0808408644885601	7.2797219844724	2.15213885348544	0.0314445536229374	0.252861956120869	-3.93414581084117
ENSMUSG00000028464	-0.0469651662495263	6.89749885060464	-2.06244554791335	0.0392281168843596	0.276719463432959	-3.93429186313277
ENSMUSG00000042208	0.0487185221373263	7.51898407919302	2.44598717179461	0.0144873142311193	0.176662339600739	-3.9348689264655
ENSMUSG00000003778	0.0316753448429514	7.49200831849975	2.3980319153993	0.0165278166198016	0.188738799244921	-3.93532633979697
ENSMUSG00000024095	0.047740730403854	7.41071356355341	2.28567588727699	0.0223239718235581	0.219799405326307	-3.93935274352911
ENSMUSG00000022292	0.0746108194886892	7.29902038442858	2.16293155595347	0.0306039973662698	0.248758391062282	-3.93960169065281
ENSMUSG00000038305	0.0956022668820795	6.92746262170293	2.05928776344036	0.03952961691968	0.2778661472531	-3.93969146985225
ENSMUSG00000037251	0.100915519836715	6.92406685273874	2.05813402490557	0.0396402636789749	0.278179448736823	-3.9400073504458
ENSMUSG00000034488	0.0576417204858917	7.45805766824915	2.32712328064877	0.0200071040480886	0.209195909794785	-3.9418739251913
ENSMUSG00000026839	0.0902183250335087	7.32924787119025	2.21725571864866	0.0266602002634513	0.234105566821161	-3.94220481563728
ENSMUSG00000052504	-0.053619766440911	6.92739435994972	-2.06100815738426	0.0393651134719709	0.277109142498952	-3.94433117469863
ENSMUSG00000022545	0.0837742532851946	7.00612570245247	2.06124403034556	0.039342604771305	0.277094563890573	-3.94532192250106
ENSMUSG00000053093	0.113466591540757	7.25827502024287	2.15501650583603	0.0312185219536761	0.251641332133139	-3.94626699338428
ENSMUSG00000021243	-0.0468241503583542	6.64964651504217	-2.06705106584343	0.0387918930996541	0.275361511332518	-3.94788751366167
ENSMUSG00000020671	0.0339864825468466	7.24818246029194	2.13239513133089	0.0330335628391144	0.257544016660559	-3.94949106826279
ENSMUSG00000044617	0.0340286744586633	7.48106823271716	2.39483489672961	0.0166724185937874	0.189598428049952	-3.95050379238357
ENSMUSG00000054206	0.078143904765998	7.16121147151976	2.06623057636551	0.0388693047286921	0.275584629271602	-3.95053373636939
ENSMUSG00000027165	0.0656397073002548	6.69301834406185	2.06895745588526	0.0386125345970155	0.274746150297512	-3.9505752487692
ENSMUSG00000062397	0.0390911624019363	7.03195912607713	2.05881063695107	0.0395753428450143	0.277867684253084	-3.95093156596409
ENSMUSG00000075700	0.040121961348814	7.23122629434122	2.12845395442186	0.0333588575171828	0.25830518304733	-3.95114666739552
ENSMUSG00000027472	0.0725257069993477	6.79410180899937	2.05624964330343	0.0398215465984582	0.279018361127595	-3.95118559793909
ENSMUSG00000028622	0.0666410381680596	7.01350531449639	2.05417220852682	0.0400222168652617	0.279701657865577	-3.95150482747906
ENSMUSG00000050471	0.0871448649347446	6.79109402845897	2.05439314478194	0.0400008347799403	0.279701657865577	-3.95202803933628
ENSMUSG00000029446	-0.0963353900918973	6.69024589162461	-2.0526049056601	0.0401741781793305	0.279919527661261	-3.95389598763847
ENSMUSG00000042705	0.126199008743384	6.88034916010608	2.05740529074285	0.039710286737261	0.278520104183885	-3.95431471036918
ENSMUSG00000058761	0.0856810701773414	6.99565259401255	2.06476767367832	0.039007652550023	0.276261692279668	-3.95624803038825
ENSMUSG00000018923	0.0675916848972804	6.71902156056645	2.06314636027869	0.03916146999653	0.276698144801744	-3.95672141737483
ENSMUSG00000059482	0.0512861577069792	7.37881439044021	2.22545338131618	0.0261049404616888	0.233007110634972	-3.9567928966884
ENSMUSG00000027466	-0.0426602048642257	7.10457085146738	-2.09997304519804	0.0357920917029697	0.266924741093984	-3.95776982325553
ENSMUSG00000047344	0.0543679358690046	7.24296728360894	2.13585667796609	0.0327500998528315	0.25670122758427	-3.95808282980141
ENSMUSG00000033186	0.0427024376864669	7.13969896607627	2.08219533778751	0.0373864194064223	0.27052769535989	-3.95897750118568
ENSMUSG00000028961	-0.0637092501394392	7.24715706445985	-2.13865517944084	0.0325224586842878	0.256216026905615	-3.95906657383932
ENSMUSG00000026192	0.0514250396211144	6.98832534505252	2.0463760505612	0.0407829585509616	0.281153807021507	-3.96145562789214
ENSMUSG00000035834	0.066446683473588	7.35216441240815	2.1959045708593	0.0281545312935879	0.240277923424657	-3.96268140032448
ENSMUSG00000021684	0.110759522502581	6.92303553873892	2.04630542805929	0.0407899054736174	0.281153807021507	-3.96280178953556
ENSMUSG00000001576	0.0681659944394806	6.97789381573335	2.04575994397505	0.0408435969076395	0.281380836826106	-3.96294467150242
ENSMUSG00000024290	0.0410941823499744	7.49519343103912	2.42885163251212	0.0151893860700802	0.180488778561041	-3.96294561137209
ENSMUSG00000039419	0.098105696471813	6.77311156012506	2.05567897567774	0.0398765850989445	0.279115508916619	-3.96353045917773
ENSMUSG00000027954	-0.10611853130218	7.26311714060801	-2.13979607833369	0.0324300432563576	0.256216026905615	-3.96357469939474
ENSMUSG00000050855	0.0605311238492439	7.34119380177401	2.20445707279666	0.0275475017210637	0.238022585483843	-3.96439576883725
ENSMUSG00000089665	-0.071761346599545	6.98963863591133	-2.05377219196119	0.0400609549202164	0.279771742555253	-3.96502647912557
ENSMUSG00000080198	-0.138731637035956	6.80340447110612	-2.05214810576531	0.0402185602510795	0.279919527661261	-3.96566543304175
ENSMUSG00000032512	0.0240655326318571	7.3656633536178	2.23883191580863	0.0252202321767968	0.230454592307474	-3.96816036545581
ENSMUSG00000038760	0.0659216163430862	7.27384408704824	2.13320381567053	0.0329671530011804	0.257246750956576	-3.96962887894422
ENSMUSG00000027531	0.0697370441855654	6.54497212369912	2.07162768404159	0.0383624976943368	0.273602705807374	-3.9703447257781
ENSMUSG00000092988	0.0723773975122155	7.22385840730817	2.11148571370651	0.0347908675755817	0.263670257583184	-3.97079434446674
ENSMUSG00000034958	0.066273449023952	6.4858675731846	2.08057804376546	0.03753441571198	0.271146935895392	-3.97155683076649
ENSMUSG00000041241	0.0811553413306463	6.7846780347371	2.04445239882212	0.0409725412094646	0.281553833612732	-3.9731948447205
ENSMUSG00000020562	0.0947782305905758	7.33910501278372	2.17496734147838	0.0296894649084802	0.245295408427285	-3.97346097422975
ENSMUSG00000061371	0.0814809823869025	7.00005743627273	2.05057791324848	0.040371435454144	0.280495022499405	-3.97374190186138
ENSMUSG00000043929	0.0464859500506307	7.40178160386986	2.23726759069628	0.0253223208302311	0.230454592307474	-3.97386881897785
ENSMUSG00000021687	0.0867099583584725	6.96166864374457	2.03980167255688	0.0414339750184774	0.283431802876144	-3.97438068975963
ENSMUSG00000078580	0.0974201646813233	7.32143606673914	2.1081085407589	0.0350820603794468	0.264539807911312	-3.97484463331723
ENSMUSG00000026615	0.0757331056747015	7.12455207134675	2.05037156793152	0.0403915619971824	0.280495022499405	-3.97712931531119
ENSMUSG00000058076	0.0515543254822903	6.54525147247388	2.07564034482796	0.0379893469081993	0.271979455365984	-3.97828661886996
ENSMUSG00000021596	0.116788028862917	6.88827427014756	2.03775031069428	0.0416389010716788	0.283973954089447	-3.97953773464902
ENSMUSG00000038240	0.0581994307817935	7.21165274122012	2.07870792597901	0.0377061690420544	0.271419768389612	-3.981044271295
ENSMUSG00000040631	0.0844984053787519	6.85725801045134	2.03868035225228	0.041545886061428	0.283910848397601	-3.98108770732245
ENSMUSG00000026930	0.0655086434933967	7.0455672293498	2.04297283383177	0.0411188653156556	0.282057048975171	-3.98154071570284
ENSMUSG00000027086	0.0533943836915318	7.30213050122065	2.1365491624924	0.0326936437133004	0.256516447607018	-3.98166620890289
ENSMUSG00000055228	0.071465024881892	7.22983462599137	2.10986971562719	0.0349299464859482	0.264127280790009	-3.98248419855817
ENSMUSG00000038886	0.018250846630389	7.24585022966888	2.13869171173461	0.03251949599114	0.256216026905615	-3.98349980235758
ENSMUSG00000039737	0.0760294264321333	6.69602301661295	2.05023702752842	0.0404046894041406	0.280495022499405	-3.9837502251768
ENSMUSG00000025736	0.0247150907228795	7.44562810558998	2.31421707379943	0.0207049483705078	0.210686562053109	-3.98597320848721
ENSMUSG00000086288	0.0450449781134887	7.36308024633195	2.28330252154119	0.0224634334889045	0.220631542240485	-3.98607022587187
ENSMUSG00000047959	0.026957151372458	7.42519728656779	2.29965222451975	0.0215178857840272	0.215783650488048	-3.98700746761524
ENSMUSG00000025579	0.0337419163554484	7.20685784233934	2.08499314414389	0.0371315692277967	0.269935557957355	-3.98712179692109
ENSMUSG00000098557	0.0676452233316809	6.97158743925744	2.03519422297566	0.041895448610565	0.285006769825409	-3.9872907132708
ENSMUSG00000033721	0.102858931155956	6.87012699463081	2.03333872298704	0.0420825173407176	0.285833582692169	-3.98756939385594
ENSMUSG00000028107	0.0862526129039898	7.20275125367845	2.09312670364408	0.0363990767312435	0.268635390929836	-3.98834648685081
ENSMUSG00000039103	0.118678545551337	6.7953165393607	2.03732258868852	0.0416817374370691	0.284050877207734	-3.98838095276273
ENSMUSG00000031780	0.106884698453553	7.19585987265762	2.11185882816354	0.0347588232416755	0.263670257583184	-3.98850579849554
ENSMUSG00000038174	0.0563738989982818	7.28644235465652	2.17297744440086	0.0298390241470281	0.24578219282224	-3.98899007108717
ENSMUSG00000046836	0.0684738375723386	7.32566174760556	2.12096981708614	0.0339841299122141	0.26031459511288	-3.98964483177643
ENSMUSG00000036779	0.0807276278987414	7.07845370292126	2.04398023270842	0.0410191888580547	0.281588943056965	-3.98998277997679
ENSMUSG00000028300	0.0515775943007917	7.24061886153684	2.10059209205701	0.0357376362734474	0.266812472282638	-3.9904216135928
ENSMUSG00000098979	0.0532603598051162	7.46267169429673	2.31291511600615	0.0207765108028475	0.210686562053109	-3.99100488474482
ENSMUSG00000022698	0.0369077259455555	7.20898101999365	2.09634192881898	0.0361129360609843	0.26799079754506	-3.9913537438405
ENSMUSG00000022864	-0.0488715284498022	7.36159853429835	-2.28015962679249	0.0226492791117001	0.22171763624291	-3.99242984184738
ENSMUSG00000057614	0.0673186420735661	7.43862198639484	2.26758767622511	0.0234061141911087	0.224796148360357	-3.99305270890163
ENSMUSG00000079283	0.0734163117964162	7.08163630088365	2.04421733788976	0.0409957584293434	0.281570665038013	-3.99419508359483
ENSMUSG00000075224	0.108132413468041	6.84188881191168	2.03038152775993	0.0423821185748459	0.287021360458422	-3.99446775660351
ENSMUSG00000054057	-0.135735028477495	6.94213516466808	-2.03778125512141	0.0416358034336618	0.283973954089447	-3.99646600197339
ENSMUSG00000028647	0.0321234642025425	7.43648277251924	2.27616581253172	0.0228873687428302	0.222734348644035	-3.9998957964689
ENSMUSG00000031584	0.0738534945328082	7.03984715807117	2.02943441346133	0.042478454005977	0.28724185249494	-4.00139180049491
ENSMUSG00000041258	-0.0382145640712821	7.16766107593711	-2.10881597509902	0.0350208909421079	0.264372627724443	-4.00346888943467
ENSMUSG00000100201	0.0461458052917934	7.30597932667356	2.18145475790588	0.0292063451216695	0.243350339113994	-4.00903850763932
ENSMUSG00000021764	0.0374098300410415	6.79043270402093	2.02513352912608	0.0429182511616061	0.288347695366232	-4.00938972560191
ENSMUSG00000008999	-0.0738202601139504	7.12749841508868	-2.09103997770957	0.0365858184746742	0.269142987997631	-4.01114432577167
ENSMUSG00000028798	0.0427655599450114	6.84132203880615	2.02130293795183	0.0433131933966896	0.289807943149115	-4.01158345105125
ENSMUSG00000028212	0.0544376540406857	7.47500885785322	2.34466921947735	0.0190913714378169	0.203171753496014	-4.01233563649102
ENSMUSG00000090194	0.110970577350225	7.39173225843945	2.25614711847947	0.024113826800693	0.226566364354674	-4.01270734869551
ENSMUSG00000039841	0.0441496350442216	7.37063472125643	2.25144092908287	0.0244102960123806	0.227473183965226	-4.01313457010359
ENSMUSG00000034282	0.0784739820859279	7.34059135879173	2.17442237336018	0.0297303600650526	0.245434886173003	-4.01350992689777
ENSMUSG00000005892	0.0842403683248021	7.13933386327453	2.05232675990097	0.040201197501586	0.279919527661261	-4.01448784335805
ENSMUSG00000075389	-0.101366896498702	7.03532664666946	-2.04235411847807	0.0411801854155212	0.282265396291019	-4.01548970994592
ENSMUSG00000024544	-0.0273125273739501	7.01109231647151	-2.02623483019489	0.0428052698428811	0.288302955057021	-4.01565985161044
ENSMUSG00000024732	0.0834518040009895	7.06255598656903	2.01746908035634	0.0437115438406836	0.291305414421549	-4.01690816480449
ENSMUSG00000005681	0.106123792780934	7.14188299710143	2.02192308510753	0.0432490472493236	0.28960332823078	-4.01706516047667
ENSMUSG00000073139	0.0702601884260412	6.80459530916551	2.02519647001053	0.0429117873350522	0.288347695366232	-4.01751298743769
ENSMUSG00000085181	0.0458023383879054	7.39029889202662	2.23503029241201	0.0254689496994462	0.23097526423083	-4.0183891202967
ENSMUSG00000028986	0.073334359360004	7.39163733129984	2.22596224005002	0.0260708055410361	0.233007110634972	-4.01852080866897
ENSMUSG00000031832	0.0496560783985185	7.26247243790524	2.13710452878156	0.0326484266675706	0.256309999281368	-4.01885134255927
ENSMUSG00000049401	0.0558375128641337	6.64643205039797	2.03267905253778	0.0421491944786783	0.286015404775736	-4.02139954010922
ENSMUSG00000092569	0.0915882621222375	7.32342717542519	2.11820651732434	0.034217513665196	0.261478669005263	-4.02159562724643
ENSMUSG00000088789	0.100197211231375	7.3691248535014	2.14994347854973	0.0316179373422835	0.253733362733435	-4.02223932263775
ENSMUSG00000001020	-0.0916190492066642	6.89575296827991	-2.01420865516339	0.044052743945818	0.293209181353658	-4.02399490372968
ENSMUSG00000026484	0.0635733821657771	7.17086979944775	2.05720144867438	0.0397298924245193	0.278520104183885	-4.02424311941335
ENSMUSG00000027349	0.0826965486275038	6.45627674987569	2.06206345806793	0.0392644939958274	0.276832038271153	-4.02498093288067
ENSMUSG00000001418	-0.0912676047982579	6.77438772409419	-2.01365733061911	0.0441106612278042	0.293306691969872	-4.02549020070524
ENSMUSG00000074211	-0.0750470321108176	7.06972255783814	-2.03084790556422	0.0423347490748503	0.287021360458422	-4.0262789887566
ENSMUSG00000035268	0.0546399569396563	6.58891742300254	2.03912498087889	0.0415014802294495	0.283750412985818	-4.02825155392283
ENSMUSG00000048351	0.0767225330200638	6.90938905241349	2.01112936782697	0.0443770506509618	0.294644492030235	-4.02886381136933
ENSMUSG00000034667	0.0482238569466915	7.31488119528321	2.14908377353471	0.0316860572493579	0.253759447385308	-4.02914391765456
ENSMUSG00000033486	0.0866045998875187	7.20193578782176	2.08364021977716	0.0372546207903313	0.27052769535989	-4.03039949768242
ENSMUSG00000064247	0.0869281995343334	6.98188688980125	2.01018788475103	0.0444766078879401	0.294728176805812	-4.03054252616317
ENSMUSG00000028563	0.0297648205338916	7.2316470942334	2.08321023453175	0.0372938015805282	0.27052769535989	-4.03067395537545
ENSMUSG00000020990	0.109850538387633	7.17483485577063	2.04466600562531	0.0409514527036482	0.281553833612732	-4.03111509239959
ENSMUSG00000028101	-0.0281460289330298	7.4489287692502	-2.31483980711613	0.0206707957466394	0.210686562053109	-4.0316743090315
ENSMUSG00000024798	0.10130491663746	7.13545946795032	2.02116013238147	0.0433279761589656	0.289807943149115	-4.03248048601578
ENSMUSG00000019132	0.0243290745511482	7.39359472143997	2.23664822760901	0.0253628395371342	0.230454592307474	-4.03350978847967
ENSMUSG00000078435	0.0648266522134149	7.3108011409407	2.15547814823223	0.0311823913429499	0.25149962036152	-4.0343680338026
ENSMUSG00000057541	0.0505319648564679	7.45708240051092	2.33467130911365	0.019608569706908	0.206889484892031	-4.03566826081525
ENSMUSG00000028885	0.0927850640021202	6.99285822966815	2.00594406099148	0.0449277147309872	0.295124610791981	-4.03829265722366
ENSMUSG00000034402	0.0683013827126713	7.26789310318539	2.11802927765853	0.0342325296861146	0.261478669005263	-4.03829845778091
ENSMUSG00000035764	0.0767437706859786	6.67557043513977	2.02404717875776	0.0430299456627985	0.288668977385563	-4.03832291339115
ENSMUSG00000047412	0.0622509284841444	7.38058512447857	2.22449420431551	0.0261693884224669	0.233235338368986	-4.03894755409624
ENSMUSG00000085894	0.117158981131585	6.96971171310025	2.01943761882254	0.043506621277118	0.290716003585592	-4.03928966818769
ENSMUSG00000087595	-0.0612432507948011	7.19952402500433	-2.16237486985104	0.0306468761324338	0.248875257579156	-4.03955022931698
ENSMUSG00000028399	-0.0685319016455903	7.13577789001355	-2.0446654555914	0.040951506994377	0.281553833612732	-4.04012854358417
ENSMUSG00000024875	-0.0423580841480433	7.33571833751421	-2.21793333646334	0.0266139187976473	0.233850622850617	-4.04081991346011
ENSMUSG00000066324	0.0743306474015846	7.27660401738496	2.08823153054646	0.0368384358226818	0.269393480519914	-4.04282323082282
ENSMUSG00000031284	0.0452435366426966	7.35896439791551	2.16885431126335	0.0301509791938196	0.247001193903206	-4.04285327148032
ENSMUSG00000038910	0.0789494104826769	6.6145740608055	2.02697617217725	0.0427293580867495	0.287934710208822	-4.04459729721707
ENSMUSG00000028121	-0.0736546401180478	6.91846636755018	-2.00387924559058	0.0451485910843409	0.295589308527986	-4.04472133368068
ENSMUSG00000049265	0.0464705582196778	7.20309388919258	2.07838259216362	0.0377361161981427	0.271419768389612	-4.04974043704256
ENSMUSG00000062761	0.0888131633286227	7.00996556308354	2.00561289473553	0.0449630785755297	0.295124610791981	-4.05166715687469
ENSMUSG00000097320	0.0402296288867356	7.3452857392536	2.237922126813	0.0252795620215624	0.230454592307474	-4.05201576017317
ENSMUSG00000021770	0.0963559675688028	7.22616370104572	2.07175637385358	0.0383504821959708	0.273602705807374	-4.05227696904663
ENSMUSG00000037174	0.0626604552492811	7.36014477482833	2.18371951425926	0.0290392891705411	0.243350339113994	-4.05268546469771
ENSMUSG00000027828	0.0237557046528556	7.16940708579686	2.05024622419482	0.0404037919496861	0.280495022499405	-4.05285357160272
ENSMUSG00000039294	0.0511343722869357	6.65524976594987	2.00976719249594	0.0445211549423441	0.294745377615726	-4.05495732996708
ENSMUSG00000018774	-0.0510621176255137	7.36509698747591	-2.17678976701082	0.0295530588895145	0.244615611980487	-4.05519955741362
ENSMUSG00000091512	0.0567480154187141	6.52002077238714	2.03554297917103	0.0418603662532312	0.285006769825409	-4.05520199626604
ENSMUSG00000087026	0.0822377702532329	7.32781994302098	2.13460394016399	0.032852443926921	0.256841266591962	-4.05943146298184
ENSMUSG00000021130	0.0540714461417409	7.49419262838038	2.31869541826662	0.0204604339564091	0.210472354765549	-4.05966488541633
ENSMUSG00000026341	0.0779528026258838	6.72771248253795	2.00756407847627	0.0447550578796259	0.295124610791981	-4.05983094501533
ENSMUSG00000001016	0.0554468927802967	6.7887219679123	2.0018695316219	0.0453644519526961	0.29655315312182	-4.06025472061299
ENSMUSG00000022682	0.104043927227909	6.65764583763012	2.00975277008993	0.0445226827966518	0.294745377615726	-4.06097191474348
ENSMUSG00000063015	0.0533272708586603	7.11982226090445	2.03797436564966	0.0416164768494818	0.283973954089447	-4.06358209615866
ENSMUSG00000060176	0.067210677598486	7.24612476150875	2.10240041329593	0.0355789691406162	0.266705375823073	-4.06395035072961
ENSMUSG00000030604	0.0212352374395017	7.57148862138725	2.44359960428973	0.0145833881669196	0.177169871655103	-4.06518856541066
ENSMUSG00000022090	-0.048767635795385	7.22509305252269	-2.07643923961042	0.0379154247740662	0.271979455365984	-4.0656668972402
ENSMUSG00000058897	0.0382482378698086	7.20314329150058	2.03790475733298	0.0416234424035779	0.283973954089447	-4.06720531761357
ENSMUSG00000065265	0.109340415383807	7.24306733025862	2.07038735396775	0.0384784689240405	0.274126518730864	-4.06751748539988
ENSMUSG00000102995	0.0307740421541114	7.33298095336159	2.20047386132934	0.0278287979635287	0.2386482244083	-4.07135223571207
ENSMUSG00000023087	0.0857161855880095	6.45715073249027	2.02904950159719	0.0425176581077403	0.28724185249494	-4.07226019522965
ENSMUSG00000020630	-0.0562950528027919	6.93296113300123	-1.98937774479521	0.0467257818764245	0.300499967343541	-4.07251742778331
ENSMUSG00000057147	0.0608617464216135	7.29396662032755	2.08909425252491	0.0367606770669149	0.269393480519914	-4.07911924967776
ENSMUSG00000023074	0.0267428574368394	7.26576791970669	2.09555597508698	0.0361827046887167	0.268075992856488	-4.08069955806208
ENSMUSG00000038214	0.0406997866123202	7.40527487980393	2.25836072691495	0.0239754625437069	0.226026014628415	-4.08120515797556
ENSMUSG00000050812	0.0642756137135194	7.08389124159528	2.00722376691193	0.0447912807916423	0.295124610791981	-4.08133654666696
ENSMUSG00000031320	0.0187118416436149	7.02739958952268	1.9896134261648	0.0466997829871948	0.300499967343541	-4.0822586297872
ENSMUSG00000074093	0.0380520997789953	7.36789218425753	2.1827478893766	0.0291108584111102	0.243350339113994	-4.08253508856904
ENSMUSG00000009076	-0.0675915425815958	6.72856000846796	-1.98696025115498	0.0469931688161039	0.301090977924125	-4.08535972085319
ENSMUSG00000037816	-0.0248423059475238	7.39213694802817	-2.250293605254	0.0244830496508772	0.227561482638076	-4.08625397589972
ENSMUSG00000074754	0.0764813744072024	6.94220451970179	1.98003326474437	0.0477664688722528	0.303476000454547	-4.08667238082377
ENSMUSG00000082926	0.0719136684616091	7.252220448489	2.04907187304275	0.0405185275774175	0.280771791587517	-4.08853649150583
ENSMUSG00000083076	0.0980858891005481	6.76041796537231	1.98311709351407	0.0474208915559448	0.302397815991658	-4.08897985926973
ENSMUSG00000032313	0.051349632830191	7.34042731227327	2.1757057138951	0.0296341336318171	0.245137024881132	-4.08905144005111
ENSMUSG00000022507	0.0467011256585588	7.21489877425915	2.04666310113195	0.0407547325751182	0.281153807021507	-4.09265568626155
ENSMUSG00000022668	-0.0308528661859775	7.53550685780955	-2.42220204369469	0.0154697999564359	0.183018802625967	-4.09335853068496
ENSMUSG00000006456	-0.0847982388191806	6.59507099424888	-1.98901237863463	0.046766110864056	0.300499967343541	-4.09541342464486
ENSMUSG00000007050	0.0780557107936506	6.46085688462729	2.01843839338587	0.0436105378011964	0.291266833255478	-4.0959664351518
ENSMUSG00000027170	0.0420649965883282	6.95212990377286	1.97406337927315	0.0484414799252918	0.306043608959509	-4.09616410242458
ENSMUSG00000040857	0.0884360835428408	6.66091066274844	1.99557217095655	0.0460464869815865	0.299005823650561	-4.09682934806125
ENSMUSG00000005034	0.0963731819613285	7.16599553122294	1.9981807778237	0.0457629210552863	0.298008493596336	-4.09685032613701
ENSMUSG00000048027	0.0473339916761288	7.25961765486579	2.06063284328768	0.0394009511991492	0.277217486433869	-4.09703210262767
ENSMUSG00000079614	0.0347803190684468	7.34570612172194	2.10303714682717	0.0355232436658682	0.266705375823073	-4.09731875453493
ENSMUSG00000024811	0.0510988831029051	7.07035731364822	1.99535234581086	0.0460704503323516	0.299005823650561	-4.09766932866276
ENSMUSG00000036435	0.0422739946557735	7.52661439385624	2.35719657272897	0.0184601919288018	0.200869407841649	-4.09809448197894
ENSMUSG00000019066	-0.0720523803978415	7.07674368850088	-2.01735213059877	0.043723743793174	0.291305414421549	-4.09830001111313
ENSMUSG00000062101	0.0955199092095178	7.28489589916273	2.1310261292097	0.033146247555034	0.257593238934011	-4.09835944875438
ENSMUSG00000093459	0.0481460096351896	7.40873528449847	2.22518969541401	0.0261226440599762	0.233007110634972	-4.09850884812414
ENSMUSG00000027665	0.0698260875283045	6.73352505366671	1.9785626501297	0.0479320118218851	0.304242610618501	-4.1013645710578
ENSMUSG00000097415	0.0447170015081149	7.38955107374391	2.1947596154517	0.0282366654733955	0.240623953795284	-4.10192112178513
ENSMUSG00000006818	0.083372052496113	6.59246013165921	2.00366775824532	0.0451712658158221	0.295589308527986	-4.10224916167957
ENSMUSG00000032913	0.0336309751662895	7.50996182924459	2.36657973387209	0.0179994706608472	0.19760066657471	-4.10254921547601
ENSMUSG00000014956	0.0342488578487545	7.27584659407355	2.08898580115833	0.0367704443005582	0.269393480519914	-4.1031715099991
ENSMUSG00000000296	0.0554603238695872	6.88095282475136	1.97195126273448	0.0486822069329139	0.306564496793519	-4.10380542179384
ENSMUSG00000038718	0.109898059546484	6.96968265181168	1.97076158587758	0.0488182413516275	0.307135831204346	-4.10496271098959
ENSMUSG00000053801	0.057557982708877	6.93970137113926	1.96870553428798	0.049054094573493	0.307512010371743	-4.10564075043929
ENSMUSG00000037808	0.0383515036793849	7.57894207390897	2.44865944349315	0.0143804465548392	0.176662339600739	-4.10630422079127
ENSMUSG00000063052	0.0380644581203136	7.19859882661829	2.05573828812485	0.0398708616570137	0.279115508916619	-4.1069068346181
ENSMUSG00000024983	0.0565639118653989	7.28687874298689	2.05920309011142	0.0395377284025134	0.2778661472531	-4.10832736471926
ENSMUSG00000034480	0.0765493350949864	6.70748009064313	1.9803998644462	0.0477252767130879	0.303356447105507	-4.10995651131441
ENSMUSG00000047123	-0.0853212524763709	6.94294786239104	-1.98469095610871	0.0472453348221466	0.301862511554507	-4.11344784727549
ENSMUSG00000025870	0.0336839520917724	7.30148705626548	2.0884570591465	0.0368180949884074	0.269393480519914	-4.11399192422733
ENSMUSG00000036902	0.0653060507263117	7.00299486134065	1.96699611444944	0.0492509127284775	0.30806962237965	-4.11462163489903
ENSMUSG00000038291	0.0844217005232588	6.78997580426689	1.97356481689584	0.0484982128624184	0.306169508959208	-4.11493532251521
ENSMUSG00000003178	0.021615637752519	7.48279847473911	2.31533597057064	0.0206436197854616	0.210686562053109	-4.11524485121139
ENSMUSG00000028618	0.0390907323013918	6.60263866656646	1.99017907492221	0.0466374338538689	0.300499967343541	-4.11553281188649
ENSMUSG00000064037	0.0523570777890106	7.25815413215278	2.04874445506054	0.040550565956324	0.280771791587517	-4.11599528549749
ENSMUSG00000052133	0.100757086049404	6.83027892876519	1.96342482018781	0.0496642418384585	0.309554430213559	-4.11665728674899
ENSMUSG00000090110	0.0279568887176458	7.13884119787615	2.00755972637399	0.0447555209632226	0.295124610791981	-4.11989848243943
ENSMUSG00000011960	0.0281941092660007	7.26919697145402	2.08105603868606	0.0374906232391719	0.271092197267569	-4.11992510494928
ENSMUSG00000040455	0.078074434503681	6.93385131728986	1.96294490985294	0.0497200061737417	0.309648067847308	-4.12025813069661
ENSMUSG00000096146	0.050679739162832	6.84603523286291	1.96164423223538	0.0498714057066528	0.310163540628806	-4.12072759773734
ENSMUSG00000034021	0.0725584494431573	7.03282515312544	1.96929452470168	0.0489864328948291	0.307512010371743	-4.12191502928066
ENSMUSG00000029211	0.115985179967585	6.72175040530784	1.97242870277828	0.0486277033224892	0.306505997975969	-4.12308426462531
ENSMUSG00000080533	0.0621166505486803	7.40584358593502	2.29319559067346	0.0218870669629963	0.217554422984604	-4.1232908448572
ENSMUSG00000030802	-0.0584350256273671	7.33163630476713	-2.08970110799354	0.0367060638708259	0.269393480519914	-4.12365730404125
ENSMUSG00000021432	0.0540369189354735	7.47760313993213	2.26970901120605	0.0232768895663807	0.22413925336718	-4.12569891506974
ENSMUSG00000071341	0.0694523711642656	6.69684984284729	1.9700122563414	0.0489040877049732	0.307390644925372	-4.12627486614491
ENSMUSG00000025217	0.0725520610325781	6.8408175036917	1.9598187804438	0.0500845412755804	0.311294148797501	-4.12779302352188
ENSMUSG00000015653	0.0706076071406123	6.64635753463543	1.98512586541849	0.0471969193374712	0.301695347655556	-4.12782583517765
ENSMUSG00000032017	0.101582709794678	7.20578594826526	2.00540251058563	0.0449855568045125	0.295124610791981	-4.12837332965518
ENSMUSG00000025408	0.0445615791216829	6.37166673419743	2.00633742342949	0.0448857397101942	0.295124610791981	-4.12927195387299
ENSMUSG00000031074	0.0966118950156769	6.94938380597542	1.95723282054648	0.0503877791215006	0.311803356957614	-4.12985106268461
ENSMUSG00000044600	0.081343772370376	6.73775734379064	1.96508153693165	0.0494721387444515	0.309094284140656	-4.13179737314699
ENSMUSG00000032513	0.0395009563572257	7.13411942245101	1.99147636173036	0.0464947039165487	0.300321674940718	-4.13258093996444
ENSMUSG00000051373	0.0844766803382022	6.48747186047104	2.00201659378844	0.0453486267336464	0.29655315312182	-4.13293593496261
ENSMUSG00000082229	0.0985626944082041	6.72326169611456	1.96918998563275	0.0489984363465804	0.307512010371743	-4.13335208575292
ENSMUSG00000028657	0.0443785244624753	7.35441622407756	2.09481108146249	0.0362489344951129	0.268119505665434	-4.13378069381789
ENSMUSG00000103009	-0.0855330963870848	6.90394261700702	-1.95435738283935	0.0507267677357303	0.312899689245237	-4.13384878946395
ENSMUSG00000029201	-0.0621846760382594	7.22773231057012	-2.07854708539249	0.0377209719772376	0.271419768389612	-4.13672649106889
ENSMUSG00000094483	0.0416071621044631	7.47573114029713	2.31001507651664	0.0209366879128992	0.211858900003677	-4.1381581605621
ENSMUSG00000049303	0.101842673458202	6.91613129825054	1.94997683409848	0.0512468677107188	0.314676855592265	-4.14113335103006
ENSMUSG00000097732	-0.0225794591022623	7.44057010058058	-2.29543000240464	0.0217586873471464	0.217074527632532	-4.14152518219202
ENSMUSG00000092242	-0.0461295210100499	7.42593297599482	-2.24677006534361	0.0247076592172683	0.228503713279484	-4.14254382831284
ENSMUSG00000062729	-0.0331521738130807	7.35332641252577	-2.18760368182321	0.0287546953356992	0.24274978789627	-4.14326410164313
ENSMUSG00000059811	0.0605978414850954	6.80919386190242	1.95241811607841	0.0509564675230132	0.313603171437591	-4.14379409562053
ENSMUSG00000030763	0.0763477646169077	6.64443528574659	1.97303915638786	0.0485580898222562	0.306209572934953	-4.14432471059543
ENSMUSG00000049536	0.0472610832907572	7.07906417140556	1.95339097059549	0.0508411274053862	0.313035424778486	-4.1443661230402
ENSMUSG00000022844	0.0962881653383594	6.98416671141803	1.94836066479946	0.0514398789921702	0.315249898491835	-4.14438645060599
ENSMUSG00000019189	0.0907237194140631	6.82028560794582	1.95723053319915	0.0503880480228744	0.311803356957614	-4.14499313170209
ENSMUSG00000036197	0.0637128269569347	7.44055765456854	2.24165241161227	0.0250370655312596	0.229900078364467	-4.14604225724142
ENSMUSG00000027951	0.028860028948297	7.24703058040165	2.04185184347412	0.04123002223191	0.282321536070826	-4.14645105163562
ENSMUSG00000029550	0.0860607419460235	7.14468414225302	1.97822989835341	0.0479695355900946	0.304251223793056	-4.14660733035268
ENSMUSG00000035283	0.0774791912317196	6.71507967742772	1.95767986703433	0.0503352472647133	0.311803356957614	-4.14684319516645
ENSMUSG00000040253	0.0768328208172946	7.18058812920884	1.98245546748739	0.0474948563818423	0.302397815991658	-4.14708249234427
ENSMUSG00000022378	0.0712180677587586	6.95124453344556	1.9454958790111	0.0517835022028534	0.315933338124468	-4.14872567030336
ENSMUSG00000029763	0.0474475565116155	7.30467828943496	2.06343795533508	0.0391337678118359	0.276698144801744	-4.15029590825203
ENSMUSG00000041468	0.0865386516131448	6.75413180416656	1.95665321808236	0.0504559558755379	0.311938827980184	-4.15038132319611
ENSMUSG00000020400	-0.0680999034914285	6.63697466921616	-1.9576486349634	0.0503389158127015	0.311803356957614	-4.15123034616301
ENSMUSG00000052557	0.0164978841480199	7.45466221576852	2.27316446872287	0.0230677212338917	0.223004041331132	-4.15166412862431
ENSMUSG00000024231	0.0580775465502708	7.27872516972134	2.04287066774585	0.0411289855306028	0.282057048975171	-4.15169245940896
ENSMUSG00000037995	0.0981517900578357	7.01340019464882	1.94997592805647	0.0512469757447795	0.314676855592265	-4.15173179855451
ENSMUSG00000037499	0.0408124755418129	6.7189224639581	1.95837678502908	0.0502534449161827	0.311733294833932	-4.15321671297045
ENSMUSG00000022787	0.0662697389026663	6.65080121293259	1.96885896049102	0.049036461819317	0.307512010371743	-4.15516550063965
ENSMUSG00000019775	0.0588456046603865	7.35524094899734	2.0978712376614	0.0359775090349681	0.267347395805375	-4.15540777394845
ENSMUSG00000005514	0.0806568788625164	6.920025216123	1.94125744909373	0.0522954127616478	0.31610119144601	-4.15594983487888
ENSMUSG00000069763	-0.0953995059562223	6.96746861284491	-1.9436091504379	0.0520108578473088	0.315933338124468	-4.15612298936162
ENSMUSG00000021377	0.0454046898073539	7.26365417110025	2.03321160850994	0.0420953586696995	0.285833582692169	-4.15677006116413
ENSMUSG00000007411	-0.0629941325622685	6.61836237203178	-1.95830587555313	0.0502617629817801	0.311733294833932	-4.15736214706539
ENSMUSG00000038000	0.0439421003395539	7.35320945485497	2.16483318063649	0.0304579131903607	0.248246338030487	-4.1576483905539
ENSMUSG00000025786	0.0749051928393181	6.95676965949572	1.94111607127524	0.0523125608393364	0.31610119144601	-4.15912079218956
ENSMUSG00000099597	0.0595848757374249	6.96995090333011	1.94144694007726	0.0522724362900747	0.31610119144601	-4.15932133944066
ENSMUSG00000027742	-0.0778733237833134	6.84110882856492	-1.94129174788663	0.0522912532820567	0.31610119144601	-4.15980353609767
ENSMUSG00000041939	-0.0528044781501906	7.28155818934778	-2.11332810392157	0.0346328818981738	0.263204278731385	-4.16044560862471
ENSMUSG00000027875	-0.03707738672363	7.38403662292399	-2.22823710490465	0.025918676158873	0.232493406519458	-4.16064346508571
ENSMUSG00000030979	-0.0392719883433577	7.31927233262805	-2.12764255601042	0.0334261675389572	0.258376271090753	-4.16167076203119
ENSMUSG00000042167	0.036553836667637	7.28473041724628	2.10133649942555	0.0356722469382849	0.266705375823073	-4.16286936686938
ENSMUSG00000074746	0.102379600934754	6.84408365275968	1.94052734068312	0.0523840200653152	0.31610119144601	-4.16338232413388
ENSMUSG00000097006	0.0445011500541046	6.84100413406366	1.9369885707787	0.0528152729898877	0.316985157679016	-4.16391113293351
ENSMUSG00000024208	0.0234011163090253	6.82669105238751	1.93785934105738	0.0527088820082911	0.316767297104792	-4.1648975489519
ENSMUSG00000055447	0.0813615314626199	6.96431718942871	1.93835083620733	0.0526489101370982	0.316621259359369	-4.16561275930173
ENSMUSG00000036275	0.0824205445474933	6.87199674003587	1.94638188380816	0.0516770237270272	0.315933338124468	-4.16568392026515
ENSMUSG00000022076	0.096597423119329	7.05470512171288	1.94266242958272	0.0521252544996552	0.31610119144601	-4.16572036201141
ENSMUSG00000057455	0.084749363060312	6.73685920915172	1.95969417847231	0.0500991173238049	0.311294148797501	-4.16604688829541
ENSMUSG00000026279	0.0711521103233412	6.89595829247727	1.9359202708547	0.0529460433933864	0.317259211109668	-4.16640378674426
ENSMUSG00000026436	-0.0490823818591872	6.97002580500079	-1.94566667086737	0.0517629624668393	0.315933338124468	-4.16657894358328
ENSMUSG00000044018	0.085052815080406	6.73820385110952	1.95442270416294	0.0507190457695059	0.312899689245237	-4.16664801427986
ENSMUSG00000060798	0.0438861749443964	7.42144132553784	2.1878274118378	0.0287383760185263	0.24274978789627	-4.16688745910539
ENSMUSG00000031349	-0.0805673814288239	7.35980069664041	-2.12064045630487	0.0340118755306174	0.260380016061045	-4.16693469758552
ENSMUSG00000100183	0.0281760216811868	7.543119078629	2.4193789395365	0.015590222246746	0.183370605815211	-4.16996920045862
ENSMUSG00000039646	0.0357954387262085	7.27212129723258	2.0479338409669	0.0406299783068177	0.280948493819091	-4.17015573710586
ENSMUSG00000026172	-0.0952415174318899	7.16436672525925	-1.98234201816502	0.0475075489056078	0.302397815991658	-4.17028232345427
ENSMUSG00000026914	0.0698242915215577	6.45726147650426	1.98433162609362	0.0472853680975048	0.301975987124809	-4.17128272961661
ENSMUSG00000020018	0.0803374691937213	7.23142475038288	2.03535676238297	0.0418790952225554	0.285006769825409	-4.1719690115375
ENSMUSG00000089957	0.0467288873112697	7.45122936565535	2.20946891254364	0.0271970517064844	0.236067622942712	-4.17396970355212
ENSMUSG00000087344	0.0575216988336793	7.17366613989532	2.02523802552811	0.042907520168152	0.288347695366232	-4.17452986575873
ENSMUSG00000075410	0.116808261535141	7.03637188150966	1.98059791551408	0.0477030355758822	0.303356447105507	-4.17608471831357
ENSMUSG00000098220	0.106939817797506	7.13272282446464	1.94481166940285	0.0518658548993644	0.315933338124468	-4.17640025643208
ENSMUSG00000025583	0.0158369120643638	7.36612845682812	2.15094612948015	0.0315386496699377	0.253468294146423	-4.17768831449181
ENSMUSG00000035245	0.059411660899654	6.96739935132049	1.93177453469902	0.0534560881183567	0.3189348610466	-4.17929006892133
ENSMUSG00000018166	-0.0420543802355233	7.2685845925075	-2.10230037727651	0.0355877308437258	0.266705375823073	-4.1794921922037
ENSMUSG00000006289	0.0618071273885148	6.92805638413449	1.92788423586718	0.0539384336724997	0.319413138367896	-4.1797335854512
ENSMUSG00000021250	0.068061870357651	6.73034209431334	1.94118010474579	0.0523047934730357	0.31610119144601	-4.17983780675876
ENSMUSG00000021040	0.0544596515655131	6.60710472768253	1.95605869773841	0.0505259676906737	0.312229293505084	-4.17998042869613
ENSMUSG00000028797	-0.0706317823697011	7.03145930796619	-1.94535502303865	0.0518004469282186	0.315933338124468	-4.1800267735513
ENSMUSG00000024524	0.103871336370248	6.8827116540275	1.92810597144578	0.0539108440634153	0.319413138367896	-4.18084465433561
ENSMUSG00000062561	0.0839323270250096	6.85108167552991	1.92845944636016	0.0538668870588768	0.319413138367896	-4.18155611629055
ENSMUSG00000056962	-0.0647331045234028	6.71414216109512	-1.93633767375343	0.0528949169982412	0.317182346157521	-4.18178849716704
ENSMUSG00000006586	0.090979427805264	6.69336360809691	1.94222022136444	0.0521787606492248	0.31610119144601	-4.1828358922376
ENSMUSG00000042529	0.107907923580838	6.781409136518	1.93402873078967	0.0531782503488417	0.317897142076542	-4.18288578739012
ENSMUSG00000020474	-0.0369035691856894	7.3389537497689	-2.11936479664718	0.0341195210180532	0.260909456267775	-4.18290380059257
ENSMUSG00000038914	0.0280435525628384	7.57830203409323	2.42939523021718	0.0151666617161928	0.180376841708897	-4.18363882762494
ENSMUSG00000027272	0.0449532828840766	7.47890615098614	2.26141721465145	0.0237855454734157	0.225734291041376	-4.18412793259929
ENSMUSG00000031290	0.0583931167977134	7.42436860112721	2.20257476541362	0.027680123906949	0.238546272000236	-4.18433436356128
ENSMUSG00000029104	0.016216788729972	7.4194257272393	2.21122398474215	0.0270752425370004	0.235462564667513	-4.18510002867894
ENSMUSG00000088947	0.0674717086101078	7.13578383916072	1.99274706729888	0.0463552552723113	0.299849499514311	-4.18577659334442
ENSMUSG00000055003	0.0793781647653624	6.62687756108263	1.95082561471654	0.0511457450995862	0.314339987334628	-4.1866333835016
ENSMUSG00000061576	0.0519805817738783	7.13415743031382	1.94470422012341	0.0518787976404692	0.315933338124468	-4.18730129110283
ENSMUSG00000031534	0.0552483100409482	7.08313386620114	1.93051276064863	0.0536121350005645	0.31904294821958	-4.18785848386478
ENSMUSG00000059182	-0.0741666654226298	6.8768996744748	-1.92496300054309	0.0543030125893439	0.320689819008223	-4.18869551870683
ENSMUSG00000035158	0.0835069321301081	6.76187360125277	1.92990269916405	0.0536877192457786	0.319113589449481	-4.19091358093173
ENSMUSG00000025538	0.045580292976954	7.22642962607033	1.98947439490439	0.0467151185695932	0.300499967343541	-4.19103490367127
ENSMUSG00000038776	0.0391207909361615	7.2026271343453	1.97685040418373	0.048125361952177	0.304707997098774	-4.19126126415851
ENSMUSG00000015013	0.0456727064149964	6.86248021826889	1.92214491870451	0.0546566645469612	0.321350849057979	-4.19217078427182
ENSMUSG00000054611	-0.0208426114637943	7.380406848259	-2.18506931878552	0.0289401149291602	0.243254853198731	-4.19265696064301
ENSMUSG00000028328	0.0802800258773093	6.59192870173095	1.94223425873129	0.0521770614550966	0.31610119144601	-4.19303236569567
ENSMUSG00000049583	0.0826420315955039	6.93437158400924	1.92011372941002	0.0549127562959962	0.321679925948341	-4.19412620816827
ENSMUSG00000002767	0.0637805122319142	7.07416527285935	1.92910151930297	0.0537871174909177	0.319413138367896	-4.19533838040375
ENSMUSG00000024042	0.0877521808698365	6.99014057868493	1.91992694481548	0.054936356210929	0.321679925948341	-4.1957333915916
ENSMUSG00000020988	0.0416647388969995	7.12196720596096	1.95367696857369	0.0508072615655416	0.312969037848983	-4.197325643027
ENSMUSG00000024069	0.0543654748404201	7.18248911976359	1.94702647736263	0.0515996728500499	0.315796390013588	-4.19742131315511
ENSMUSG00000002308	0.118554697815997	7.03834609022421	1.93824984143322	0.0526612287841405	0.316621259359369	-4.19825178419446
ENSMUSG00000030061	0.0455682994006681	6.98975552827354	1.91996070820107	0.0549320896384652	0.321679925948341	-4.1990278377191
ENSMUSG00000097615	0.11831171204719	7.21137126769888	1.94403282288312	0.0519597316359665	0.315933338124468	-4.20093555012338
ENSMUSG00000020627	0.0905042298099001	6.69859523605854	1.92491304355405	0.054309265215275	0.320689819008223	-4.20159030587596
ENSMUSG00000003604	0.0685731352060861	6.79966148089866	1.91584628439059	0.055454055666525	0.323513669419698	-4.20185363494767
ENSMUSG00000032754	-0.0863204171476024	7.1484835733096	-2.02902055509397	0.042520607608596	0.28724185249494	-4.20261276161599
ENSMUSG00000069911	0.114886702387033	6.99471694838226	1.91547190381908	0.0555017550575466	0.323513669419698	-4.2035680032408
ENSMUSG00000041995	0.0810669727034696	6.83879573898862	1.91673056636868	0.0553415260050274	0.323274627133202	-4.20411346223141
ENSMUSG00000054967	0.0570093844860464	7.33632440460081	2.11441736649505	0.0345397658683091	0.262808730957381	-4.20479692719631
ENSMUSG00000060098	0.0834859299566109	7.02833707720508	1.92313211844371	0.0545325589916159	0.320883811839946	-4.20520823596433
ENSMUSG00000036241	0.0667673067473569	6.72669776608863	1.92878094337293	0.0538269327180659	0.319413138367896	-4.20561231968133
ENSMUSG00000026775	0.0396692807118564	7.51495721592217	2.31240376210723	0.0208046764337592	0.210814501561216	-4.20565453920711
ENSMUSG00000028902	0.079884109341851	6.79189682686457	1.92409192817641	0.0544121223054033	0.320689819008223	-4.20803656497563
ENSMUSG00000026575	0.0511472589858037	6.87871853600455	1.91181405403843	0.0559695994105932	0.324484671500377	-4.20877869267502
ENSMUSG00000002797	0.0451287122655701	6.86160275870514	1.91191784955182	0.0559562786604417	0.324484671500377	-4.20923530821387
ENSMUSG00000042462	-0.0552313327708562	6.6409097723068	-1.93489249711272	0.0530721083393884	0.3176828454152	-4.20940873837192
ENSMUSG00000050846	0.0690336912084089	7.23969891015604	1.96865865264142	0.0490594835841628	0.307512010371743	-4.21018029107658
ENSMUSG00000047434	0.0683258256396924	6.79934770063751	1.91824702433545	0.0551489917368868	0.32242778351389	-4.21020771115164
ENSMUSG00000090952	0.0728500004940784	7.37235080520952	2.16327878036336	0.0305772785026614	0.248721406496248	-4.2107225305347
ENSMUSG00000028807	0.0462564672944632	7.22250277673025	1.98327234336186	0.0474035498298255	0.302397815991658	-4.21221811341128
ENSMUSG00000031551	0.10011035675308	6.97986727463097	1.910657532125	0.0561182021569068	0.324594959404156	-4.21262418977361
ENSMUSG00000074939	0.0795120284473736	7.32420192220436	2.05337000814499	0.040099934926308	0.279812103824438	-4.21319074862283
ENSMUSG00000060284	0.111385208783259	7.00740496355197	1.913083208003	0.0558069018947364	0.324484671500377	-4.21513614212557
ENSMUSG00000022199	0.0464265000469677	7.14769395355079	1.95185068886671	0.0510238419718949	0.31381565796673	-4.21528104922204
ENSMUSG00000030731	0.0502889274540053	7.07578827067107	1.93367814001972	0.0532213825052066	0.318014765978665	-4.21572614027602
ENSMUSG00000042133	0.0603583357955761	7.22048367043682	1.98213292736645	0.0475309491149102	0.302404790286228	-4.21577879289536
ENSMUSG00000003731	0.0239191479348895	7.27073051747179	2.0245176989952	0.0429815383866164	0.288486978933537	-4.21589018926391
ENSMUSG00000018770	0.070809478468286	6.63249037925873	1.93065486288628	0.0535945418552511	0.31904294821958	-4.21594898342663
ENSMUSG00000021248	0.0412113747446385	7.41236526810999	2.12379402831971	0.0337470096906257	0.259524649679809	-4.21604368056304
ENSMUSG00000027006	0.0744499755852814	7.32983980901413	2.02832775215953	0.0425912523593251	0.287432652806237	-4.21720012176788
ENSMUSG00000022580	-0.0824541725981396	7.23059455453034	-2.07915025031836	0.0376654852910221	0.271343597011519	-4.21816607951709
ENSMUSG00000032849	0.0742782005477673	7.05199693038322	1.92462346651927	0.0543455205681799	0.320689819008223	-4.21889930008703
ENSMUSG00000022752	0.0975985371355756	6.7828502965924	1.91394099218508	0.0556971627306235	0.324285393366015	-4.21912423412202
ENSMUSG00000041261	-0.0595480545556146	7.35441162891524	-2.11482344254646	0.0345051070901591	0.262808730957381	-4.21952183567881
ENSMUSG00000029291	0.0698965675606074	6.61382024423522	1.94057165640946	0.0523786382495245	0.31610119144601	-4.22052659778918
ENSMUSG00000013622	-0.0294732061664353	7.11227375533704	-1.93566006725729	0.0529779358277245	0.317259211109668	-4.22069742404774
ENSMUSG00000044641	0.0947811933951517	6.94383126168278	1.90576823310466	0.0567500698927417	0.326716538261483	-4.22091770973381
ENSMUSG00000055430	0.0455150099392805	7.18841976488797	1.93467531909433	0.0530987791011622	0.317685063252627	-4.22119128776012
ENSMUSG00000039662	0.0609922817403579	6.48347666496668	1.94009422786598	0.0524366427541891	0.316252670134028	-4.22121079640931
ENSMUSG00000094650	0.0683178064749539	7.28382556573703	1.97757303169456	0.0480436816514699	0.304381418612443	-4.22188841395093
ENSMUSG00000045996	0.0403379864246372	6.88005689574515	1.9038967193938	0.0569934969084103	0.326931517429754	-4.22214341923212
ENSMUSG00000032702	-0.0612014097459044	7.28705251866613	-2.08395337993453	0.0372261073138455	0.270477793655476	-4.22289502820788
ENSMUSG00000043531	0.0972935934670396	7.0260125622356	1.91030637419913	0.0561633878112795	0.324696808281169	-4.2229725168907
ENSMUSG00000000168	0.125994295725794	7.15392876708443	1.93037842417841	0.0536287711308765	0.31904294821958	-4.22393337767522
ENSMUSG00000064496	-0.0740007405141503	7.20600730136217	-2.07376085653924	0.0381637406031973	0.272902951001134	-4.22538708033574
ENSMUSG00000021115	0.0564653667362789	7.14507676699253	1.94492820753411	0.0518518204209103	0.315933338124468	-4.22594131030014
ENSMUSG00000030978	0.0888218596947477	7.31287117702028	2.01044085790007	0.0444498387083971	0.294724826205298	-4.22618356907163
ENSMUSG00000030894	-0.0460345663785064	7.42408930506413	-2.22429728744376	0.0261826364506266	0.233235338368986	-4.22680925202607
ENSMUSG00000020288	0.079338834180084	6.67730731571733	1.91193455393988	0.0559541351249611	0.324484671500377	-4.2284513979723
ENSMUSG00000022040	0.0925530923384237	7.12537252868215	1.93079196156037	0.0535775727534809	0.31904294821958	-4.22866728337856
ENSMUSG00000040037	0.0886695887564679	7.18356120563643	1.92142301613962	0.0547475674325041	0.321606377491287	-4.22933377129157
ENSMUSG00000097337	0.058244347864556	7.08360099036971	1.92369435049855	0.0544619832948578	0.320689819008223	-4.22935944184682
ENSMUSG00000039523	-0.0342067381994386	7.04453300273288	-1.9229649222524	0.0545535614612093	0.320883811839946	-4.23033316915843
ENSMUSG00000025551	0.107814803954571	6.97339023655769	1.90107120386572	0.0573626564194147	0.3279519584138	-4.23084820246979
ENSMUSG00000039488	0.0354642995042296	7.3533528401143	2.08927556532497	0.036744352800592	0.269393480519914	-4.2332185930615
ENSMUSG00000085316	0.106406330447559	7.20153464446398	1.96728812165423	0.0492172449095007	0.30806962237965	-4.23402227485534
ENSMUSG00000027971	0.0353888120451087	7.27311971623244	2.02186874919554	0.0432546643802426	0.28960332823078	-4.23444811542136
ENSMUSG00000032908	0.0703521946823669	6.76470695738959	1.90484297773815	0.0568703090851251	0.326848976758528	-4.23507518636333
ENSMUSG00000024191	0.0511889541156565	7.27705661345835	2.05287035272749	0.0401484067894744	0.279919527661261	-4.23732388880309
ENSMUSG00000032898	0.0604832239459272	7.33241788220835	2.06131092242585	0.0393362234360777	0.277094563890573	-4.23758799271677
ENSMUSG00000023026	0.0325236127451962	7.35311095020179	2.14323812410858	0.0321525921504757	0.25552452777031	-4.23799527547191
ENSMUSG00000033685	0.0667661330566505	7.03976301876223	1.9049021479361	0.0568626134321334	0.326848976758528	-4.23842033222677
ENSMUSG00000036478	0.0413757640093673	6.69875533212734	1.91620447298302	0.0554084512696953	0.323389765608777	-4.23947103826696
ENSMUSG00000001036	-0.0579164048527065	7.1860084824658	-2.06312111336951	0.039163869293004	0.276698144801744	-4.24072011332835
ENSMUSG00000056050	0.114686820282658	6.9162381236954	1.89396647946316	0.0582997004777568	0.329735895737681	-4.24109859500376
ENSMUSG00000022677	0.0218548067576352	6.78022797010358	1.89814452737011	0.057747127911278	0.328525015079883	-4.24249507403881
ENSMUSG00000021054	0.0542614772827159	7.10504143714838	1.90591352529848	0.0567312080560046	0.326716538261483	-4.24285480155044
ENSMUSG00000046719	0.0601718297016003	7.17877447042513	1.95757273943614	0.0503478315058485	0.311803356957614	-4.24363473222101
ENSMUSG00000027534	0.0787000919117311	6.88074464334653	1.89172407837892	0.0585980794134976	0.32990497195403	-4.24370318894124
ENSMUSG00000021500	0.0310258701446706	7.44435931919353	2.18213306038944	0.0291562247113337	0.243350339113994	-4.24389811584483
ENSMUSG00000099145	-0.0627756578935523	7.36977688964486	-2.12458693021075	0.033680692808269	0.259161653288599	-4.24439638280233
ENSMUSG00000029153	0.0940829038290385	6.79460537334029	1.89411346959836	0.0582801858160355	0.329735895737681	-4.24494697217852
ENSMUSG00000042305	0.0625431578938036	6.90471928678492	1.89083331104587	0.0587169584899928	0.33000267314838	-4.24499427657782
ENSMUSG00000021125	0.0540689719681859	6.83721202445042	1.8966689521875	0.0579417822850125	0.328967623207789	-4.24586557879201
ENSMUSG00000020900	0.0633319718401886	6.79091924752176	1.89570524469941	0.0580692065290002	0.3291860758644	-4.2467826321072
ENSMUSG00000030780	0.0187415121053851	7.51606313737331	2.29872587860359	0.0215705174238539	0.215991931486419	-4.24689616855899
ENSMUSG00000030393	0.0489602102746494	7.38366477569278	2.1089783355672	0.0350068650441821	0.264372627724443	-4.24691474339444
ENSMUSG00000025898	0.0574579145694534	7.49421239372405	2.26791646469276	0.023386044796516	0.224796148360357	-4.24698282069908
ENSMUSG00000004895	0.0616711464653932	6.44660741683825	1.94460212821177	0.0518910975670531	0.315933338124468	-4.24752305258939
ENSMUSG00000034152	0.0853097956000557	6.8464473443767	1.89300011186976	0.0584281323432511	0.329735895737681	-4.25039551366821
ENSMUSG00000025780	-0.0355854928564678	7.46167952337161	-2.29263960802266	0.0219191135710996	0.217554422984604	-4.25112051944325
ENSMUSG00000015843	0.109520430308066	6.88315762787754	1.88814021909858	0.0590775893138551	0.33099040287861	-4.25145747525482
ENSMUSG00000009575	0.0488847283910516	7.21617643336258	1.96233901788057	0.0497904842635933	0.309944621508631	-4.25147715099914
ENSMUSG00000038764	0.062211445073042	7.35467413408298	2.09107635248235	0.0365825563054951	0.269142987997631	-4.25183441834649
ENSMUSG00000004018	0.0904106574214998	7.32243460210575	1.99943865762414	0.0456267113320365	0.297407188576803	-4.2529259686243
ENSMUSG00000032423	0.0423372231140204	7.43842356749086	2.18894615951575	0.0286568919512218	0.24238924622735	-4.25302007685273
ENSMUSG00000034110	0.0938191521703713	6.86465045865622	1.88715559995534	0.0592098975630401	0.33099040287861	-4.25441706634048
ENSMUSG00000034330	-0.119672144964395	7.15652090667111	-1.9242122590256	0.0543970388919271	0.320689819008223	-4.25493714413517
ENSMUSG00000068874	-0.0411038284669258	7.33983804384647	-2.11776026979082	0.0342553312161689	0.261505507110821	-4.25508178644252
ENSMUSG00000005882	0.0847038064782311	6.60256838598824	1.91720370009991	0.0552813954036896	0.323062568484148	-4.25562698954015
ENSMUSG00000050299	-0.133739780803327	6.87967528532968	-1.88716553650584	0.0592085611107305	0.33099040287861	-4.25593827601358
ENSMUSG00000048721	0.0497773414673919	7.43471838058917	2.14162699889396	0.0322822048787499	0.255954464179	-4.25649751573834
ENSMUSG00000092876	-0.0495830372980466	7.26328585690509	-2.0467843206659	0.0407428179095968	0.281153807021507	-4.25652464032361
ENSMUSG00000022365	0.0845365627783767	6.88161803398418	1.88582615213734	0.0593889324342883	0.331083530404638	-4.25699032029831
ENSMUSG00000075040	-0.0352311600973314	7.45275013754981	-2.23244483707383	0.0256393110286167	0.231899785807862	-4.25738663616738
ENSMUSG00000017858	0.110807997744179	7.15318776202081	1.91335311349817	0.0557723525826891	0.324484671500377	-4.25761046903435
ENSMUSG00000062098	0.102679119287507	6.90428453587196	1.8840637273332	0.0596269682230305	0.331715012036115	-4.25822185359395
ENSMUSG00000046159	0.0901943498459143	6.95279432493517	1.88275794213789	0.0598038397389144	0.331873733856467	-4.25970138723424
ENSMUSG00000026610	0.0714903304856991	6.38254318542739	1.94375613638458	0.0519931157113656	0.315933338124468	-4.25981537197282
ENSMUSG00000037236	0.0430857179835122	7.25756630897674	1.98802365710165	0.0468753925564029	0.300711462007141	-4.26008515934393
ENSMUSG00000039563	0.125872568240518	7.02836931390975	1.88720117481107	0.059203768013929	0.33099040287861	-4.26027655848136
ENSMUSG00000039754	0.0657548241737569	7.32191051760045	2.03315263261231	0.0421013176453947	0.285833582692169	-4.26053256332764
ENSMUSG00000046402	-0.121761225994852	6.53707712575264	-1.91142237896875	0.0560198894051972	0.32458019681866	-4.26055219022891
ENSMUSG00000044148	0.109966576479341	6.930083833946	1.88339617358489	0.0597173355541003	0.331715012036115	-4.2610360294135
ENSMUSG00000028948	0.0473073004457767	7.20256688503319	1.99481653404041	0.0461289037076153	0.299098840969798	-4.2615182268458
ENSMUSG00000045658	0.0595997403000235	6.68123977040472	1.89878481391797	0.0576628321654246	0.328377025910615	-4.26265033273295
ENSMUSG00000062054	0.0541025380397508	6.86191849560848	1.88017526885938	0.0601549506627665	0.332890131055424	-4.26335278703441
ENSMUSG00000034161	0.0406039099022131	7.16558754738558	1.92385891903486	0.0544413398117294	0.320689819008223	-4.26335905685638
ENSMUSG00000042682	0.05078561210318	6.6548975643329	1.8990205798647	0.0576318186227482	0.328377025910615	-4.26404793641669
ENSMUSG00000043716	0.0171923735913673	7.04075030555222	1.8938312933101	0.0583176528161194	0.329735895737681	-4.2646870630053
ENSMUSG00000032126	0.0316027412222635	6.61482420133821	1.90041388947901	0.0574488205267839	0.327954151032478	-4.26533140556673
ENSMUSG00000062198	0.0414918452195581	7.47662326155705	2.27790206203866	0.0227835969857263	0.222230221534156	-4.26664770246994
ENSMUSG00000061028	-0.0278419862844546	7.45004541857641	-2.24224911853716	0.0249984626151223	0.229900078364467	-4.26754732982385
ENSMUSG00000035798	0.0842069693270311	7.03541092017373	1.8918380555657	0.0585828828073656	0.32990497195403	-4.26801288950867
ENSMUSG00000042197	0.0403564719197993	7.31169299912253	2.02346715261152	0.0430896823719548	0.288926762412939	-4.26867433154867
ENSMUSG00000022400	0.0590346664729893	6.50118248044863	1.92018565144169	0.0549036713252296	0.321679925948341	-4.26908424572774
ENSMUSG00000043831	0.0792712996862601	6.87635636475944	1.8770956320229	0.0605758562643732	0.333745740332929	-4.26946069978407
ENSMUSG00000021645	0.0765525627427186	6.93704833884885	1.87694711096242	0.0605962167592618	0.333745740332929	-4.26993553001735
ENSMUSG00000084616	0.0495189853084534	7.15944802324826	1.93893886992475	0.0525772336826213	0.316437647033125	-4.27063818873824
ENSMUSG00000020034	0.0456783367199396	7.26115501538974	1.99497228099681	0.0461119063494731	0.299098840969798	-4.27102574207994
ENSMUSG00000046191	0.120573493744526	6.8675177218081	1.87898201662917	0.0603177482013996	0.333246956036909	-4.27125598035729
ENSMUSG00000018459	-0.0637068013123168	7.00426827522207	-1.90859437922989	0.0563841150080926	0.325325823149587	-4.27176970548969
ENSMUSG00000053964	0.0489141395498436	7.33565821618045	2.09819825433966	0.0359486065565974	0.267347395805375	-4.27231358266972
ENSMUSG00000035941	0.0867394969410249	7.05281728973775	1.88598633666559	0.0593673368265357	0.331083530404638	-4.27244508054555
ENSMUSG00000051007	0.0603322906276862	7.23817460955235	1.97671943904018	0.0481401777390156	0.304707997098774	-4.27309977750062
ENSMUSG00000043388	0.0650262008003386	7.09974978423653	1.88260625686796	0.0598244140393277	0.331873733856467	-4.27333160050559
ENSMUSG00000037989	0.0243401531443972	7.4516759588448	2.22027598021231	0.0264544501179033	0.233579458204969	-4.27353935724425
ENSMUSG00000067722	0.0544515190309403	6.62083161708205	1.90447860020546	0.0569177189944597	0.326848976758528	-4.27423307001308
ENSMUSG00000032727	0.0316772984491003	7.46860723258809	2.22237686085003	0.0263121418224835	0.233315905055089	-4.276201710785
ENSMUSG00000059713	0.0849239769586045	7.11296584769793	1.88955081209166	0.058888468674561	0.330741449167232	-4.27713632457264
ENSMUSG00000039989	0.0885519350705755	6.94897635492609	1.87405141248112	0.0609943180052909	0.334899225847436	-4.27895959076454
ENSMUSG00000060708	0.0619937562176673	6.67538974340457	1.89799445352085	0.0577669004241364	0.328525015079883	-4.27920813784004
ENSMUSG00000020083	0.0329203086332495	7.20818808267414	1.93888324155472	0.0525840108250206	0.316437647033125	-4.2794278009307
ENSMUSG00000042105	0.0850278327642799	6.85615447207299	1.87377398686103	0.0610325720475665	0.334899225847436	-4.27984217523355
ENSMUSG00000037072	0.0234836652703692	7.06635776028145	1.88379571754293	0.059663235297105	0.331715012036115	-4.28013918315422
ENSMUSG00000057766	0.0832842137713508	6.8501181560667	1.87025818971165	0.0615190878266376	0.33535997717068	-4.28170068646182
ENSMUSG00000047379	0.0549813929145788	6.97165626158575	1.86955395467802	0.0616169249455797	0.33535997717068	-4.28197593667565
ENSMUSG00000050824	0.0667691430637767	7.34548638650303	2.01972397659495	0.043476879509304	0.290660518928572	-4.28213507690164
ENSMUSG00000022008	0.0497279691168586	7.44167493769199	2.16207110441003	0.0306702954334125	0.248875257579156	-4.28263562444637
ENSMUSG00000025534	0.0525261330265039	7.31306078942158	2.08013906049184	0.0375746724060835	0.271146935895392	-4.28285264507
ENSMUSG00000022772	0.0288663367083055	7.48130164084726	2.23155285323252	0.0256983141493129	0.231969203219963	-4.28346818195186
ENSMUSG00000026064	0.0496899668098161	7.11422111718948	1.88695799658678	0.0592364801449065	0.33099040287861	-4.28380452584653
ENSMUSG00000089922	0.0728131264142391	7.0510006876738	1.88076154334789	0.0600750977987107	0.332591599617345	-4.28391246401167
ENSMUSG00000078908	-0.0128194407836819	7.22535316497656	-1.99206780094969	0.0464297548347001	0.300188181234556	-4.28473168767898
ENSMUSG00000024960	-0.0512888882236444	7.30295341748669	-2.08521900326158	0.0371110605804459	0.269935557957355	-4.28498396790134
ENSMUSG00000059554	0.0445438457496889	7.07174822977094	1.89138043483865	0.0586439173145254	0.329914618651591	-4.28613909765222
ENSMUSG00000030004	0.0963159084516292	7.39536590662628	2.04123374206713	0.0412914217313381	0.282599240703423	-4.28653389337968
ENSMUSG00000000581	0.0521228145886994	6.95808768314752	1.86815114292333	0.0618121970862179	0.336026370527242	-4.28738218822062
ENSMUSG00000027520	0.0806250865515885	7.06794209522269	1.87688336429124	0.0606049574199491	0.333745740332929	-4.28827766990249
ENSMUSG00000049739	0.0299217651349251	7.3560677550286	2.06713103589502	0.0387843550896357	0.275361511332518	-4.2887029159007
ENSMUSG00000055653	0.0377092492239584	7.37405874318562	2.06638461575872	0.0388547614016908	0.275584629271602	-4.2899785697103
ENSMUSG00000021567	-0.100001007009232	7.11139582587188	-1.98837789553697	0.0468362145072728	0.300711462007141	-4.2901461715765
ENSMUSG00000045973	0.0476335361129445	6.45410724884201	1.91268314695389	0.055858144604089	0.324484671500377	-4.2907692353473
ENSMUSG00000073779	0.106104171400396	7.08577310905251	1.87076834363807	0.0614482941650621	0.33535997717068	-4.29116599992967
ENSMUSG00000022361	0.0714409286384683	6.88273666027461	1.8641799806873	0.0623677649265416	0.337495693717431	-4.29189702128459
ENSMUSG00000048483	0.0822661787360959	7.07352894939733	1.87014925183998	0.0615342137990433	0.33535997717068	-4.29217439621843
ENSMUSG00000040594	0.0492781123316322	7.4852508133345	2.20478878429806	0.0275241871582906	0.237992939727107	-4.29246857588845
ENSMUSG00000043252	0.0786837544949206	6.87482460532619	1.86485113901884	0.0622735803828865	0.337495693717431	-4.29286735804337
ENSMUSG00000020681	0.0385119375406742	6.90421292823697	1.86302195787024	0.0625305489466136	0.337495693717431	-4.29291753202435
ENSMUSG00000027189	0.0325516293772719	7.415419779976	2.12829705313579	0.0333718642983781	0.25830518304733	-4.29334306490119
ENSMUSG00000031950	0.0623869426807273	6.69685818840342	1.88535408685018	0.0594526128185244	0.331149570901751	-4.29367323840716
ENSMUSG00000016262	0.111086996714779	6.94545552689115	1.86374474298333	0.0624289053955867	0.337495693717431	-4.29394283761008
ENSMUSG00000010461	0.0390038290685464	7.5684113357693	2.3331369200955	0.0196890187467364	0.207540922326998	-4.2944230491528
ENSMUSG00000024091	0.0306627008664497	6.72986134515249	1.87701579724193	0.0605867999711177	0.333745740332929	-4.29513224641509
ENSMUSG00000021578	0.0615727337329899	7.03980493826533	1.86985140635229	0.0615755852293102	0.33535997717068	-4.29552058651417
ENSMUSG00000032235	-0.0492166769975659	7.40156714997229	-2.18101800663882	0.0292386563222228	0.243350339113994	-4.295598467766
ENSMUSG00000043441	0.123136512889391	6.82794866965582	1.86574743858133	0.0621479850566721	0.337495693717431	-4.29572460489368
ENSMUSG00000025958	0.0370020250392153	7.28889690671331	2.02760222384132	0.0426653405128768	0.287646288748674	-4.29584671153964
ENSMUSG00000031545	0.0611178050906114	6.44694643880608	1.91014853411204	0.0561837079383111	0.324696808281169	-4.2962070647281
ENSMUSG00000097785	0.0872886096242622	7.21788315774997	1.89157568457422	0.0586178697032938	0.32990497195403	-4.29660388362325
ENSMUSG00000027133	-0.0585612893387122	6.57190342858649	-1.89094309220834	0.0587022966175981	0.33000267314838	-4.2973056715418
ENSMUSG00000029657	0.0613861416602663	6.29426568218534	1.93157929757643	0.0534802087578317	0.3189348610466	-4.29837970257394
ENSMUSG00000024068	0.0549287343647267	7.56084954771484	2.3280712779544	0.0199566646998177	0.209195909794785	-4.29839819676137
ENSMUSG00000038374	0.0356136224066024	6.42386272521823	1.91548426040622	0.0555001801736196	0.323513669419698	-4.29840653069372
ENSMUSG00000040855	0.0702258000686315	7.05036014280983	1.87854142328696	0.0603779514247242	0.333334749000022	-4.29861920529948
ENSMUSG00000025742	0.0362179034738199	7.10079088412852	1.8873454487122	0.0591843674993211	0.33099040287861	-4.29872645024208
ENSMUSG00000073705	0.0345477303709787	7.25868332895576	1.95369213515792	0.0508054661747575	0.312969037848983	-4.29889783392615
ENSMUSG00000034083	0.078193519142248	7.07920764230858	1.87693831300431	0.0605974230340709	0.333745740332929	-4.2990436668147
ENSMUSG00000043881	0.0603853502423854	7.1504523933205	1.90161360364292	0.0572916368856135	0.3279519584138	-4.29920744347771
ENSMUSG00000028927	-0.108750391061237	6.74396531551396	-1.86321735336977	0.0625030574477591	0.337495693717431	-4.30094053947404
ENSMUSG00000020775	0.0342790131938138	7.13068654884661	1.87850587900908	0.060382810410389	0.333334749000022	-4.30151297975474
ENSMUSG00000035048	-0.0447539515204687	6.68358205595516	-1.87356478900005	0.061061431353803	0.334899225847436	-4.30160436810014
ENSMUSG00000039217	-0.0241212552961327	7.31049477658222	-2.02285156444982	0.0431531582808544	0.289209352432934	-4.3017513945034
ENSMUSG00000040612	0.0357469713856817	7.470298296268	2.22375207893988	0.0262193468443611	0.233255842858168	-4.30288125182993
ENSMUSG00000040212	-0.0539454706496123	6.96539241625268	-1.87160820986024	0.0613318935795097	0.33535997717068	-4.30334190434562
ENSMUSG00000037190	-0.0810247312742947	6.54864883628657	-1.87916210134048	0.0602931555378087	0.333246882503714	-4.30467560801273
ENSMUSG00000022601	0.0667322771591881	7.01025905878454	1.87074302876686	0.0614518054981509	0.33535997717068	-4.30507400611789
ENSMUSG00000029469	-0.0531620462002875	7.32914434719757	-2.00782854158681	0.0447269253810178	0.295124610791981	-4.30554096160821
ENSMUSG00000051242	0.102113245810615	6.92337276285863	1.85553859219152	0.0635909859162054	0.340096461136378	-4.30759862607352
ENSMUSG00000047613	-0.0555468135768589	6.80246593126511	-1.85537422472989	0.0636144435345815	0.340096461136378	-4.30848967867186
ENSMUSG00000021120	-0.0502576362170162	7.24218250479952	-1.96447132267689	0.0495428229218985	0.309094284140656	-4.30922022899323
ENSMUSG00000048537	-0.0366500955577385	7.41460512459182	-2.17990337762514	0.029321256949324	0.243499481372946	-4.309248246154
ENSMUSG00000028886	-0.0280412731519464	7.46287899351558	-2.23097275183102	0.0257367498274103	0.232161579614125	-4.31046882083157
ENSMUSG00000036188	0.0816035438543183	6.97913222256346	1.85330677671371	0.0639101094517979	0.34026514800883	-4.3104931954551
ENSMUSG00000087056	0.0748751745168921	7.32363680986258	2.00620116444999	0.0449002759217503	0.295124610791981	-4.31050664293532
ENSMUSG00000048310	0.0436638684780943	7.48966111223284	2.18246058750472	0.0291320499444027	0.243350339113994	-4.31229690916513
ENSMUSG00000062604	0.0886291948137803	6.76547221040473	1.86233006077169	0.0626279770179827	0.337684088472859	-4.31239592444258
ENSMUSG00000048897	-0.0315099574562936	7.19266917488425	-1.96327074744691	0.0496821389692215	0.309554430213559	-4.31262099879175
ENSMUSG00000038459	0.0468268692247049	6.65158804941497	1.86821998401533	0.0618026024287445	0.336026370527242	-4.31500009485863
ENSMUSG00000049047	0.11880668711407	6.83967126498435	1.85304825679087	0.0639471601361925	0.34026514800883	-4.31556025263839
ENSMUSG00000040945	0.0788120592305752	6.6722193588288	1.8648702001283	0.0622709072318497	0.337495693717431	-4.31612498686344
ENSMUSG00000037216	0.0855679337749073	7.08353696216163	1.85955539301669	0.0630199485711527	0.338654166756912	-4.31699259187412
ENSMUSG00000054766	0.0467981094426646	6.78977475928578	1.86003255264828	0.062952397148207	0.338425297595317	-4.31742774720786
ENSMUSG00000004317	0.0543271007296697	7.3332862095543	1.9753914265481	0.0482906293915564	0.305517663691424	-4.31766108175684
ENSMUSG00000035202	0.0453544149853808	6.42212645372502	1.89682492702647	0.0579211807050757	0.328967623207789	-4.31912933439043
ENSMUSG00000022234	0.0389068876943055	6.40139293394155	1.90454247674953	0.0569094055090358	0.326848976758528	-4.32097921470863
ENSMUSG00000044715	0.0540556853259755	6.4200235340337	1.90060126351562	0.0574242476231273	0.3279519584138	-4.32108356133537
ENSMUSG00000064845	0.103425508106093	7.35061184046679	2.00828800912875	0.0446780845949995	0.295124610791981	-4.32116662857395
ENSMUSG00000026492	0.127191845513235	6.87397640078463	1.85113795827312	0.0642214915872066	0.340411718327469	-4.32119223367112
ENSMUSG00000019761	0.0721582606229019	6.68984590398682	1.86531618470606	0.0622083889614944	0.337495693717431	-4.32140141072112
ENSMUSG00000027947	-0.0583288016057084	7.24710355163113	-1.99337133227037	0.0462868768725965	0.29969315980834	-4.32163161800181
ENSMUSG00000040339	0.0839436164743237	6.78549438259528	1.85463391194525	0.0637201855495572	0.340099191015303	-4.32178048061403
ENSMUSG00000032285	0.0494244554897962	6.42949056122595	1.89691440483184	0.0579093649829254	0.328967623207789	-4.32247445311287
ENSMUSG00000018921	0.0567228041294463	7.19065996046853	1.92741173248146	0.0539972645773136	0.319413138367896	-4.32359180952072
ENSMUSG00000020038	0.0772174618071029	6.81660983621207	1.85114819643338	0.0642200187334132	0.340411718327469	-4.32450512616485
ENSMUSG00000023106	0.0526658278311176	7.11135635826534	1.86380528160106	0.0624203982021107	0.337495693717431	-4.32518625738782
ENSMUSG00000030774	0.0926268003121509	6.68829245699186	1.8713644031074	0.0613656649500847	0.33535997717068	-4.32544181170579
ENSMUSG00000042426	0.0634746728196287	6.81898819504474	1.85455853601965	0.0637309599547076	0.340099191015303	-4.32570094435066
ENSMUSG00000034145	0.00906776497869899	7.39791539472728	2.11079727670589	0.034850059122958	0.263670257583184	-4.3260881976383
ENSMUSG00000038949	0.0432859297588912	6.63490490634335	1.86996359417854	0.0615599993761046	0.33535997717068	-4.32616601844791
ENSMUSG00000044197	0.0803481610878114	7.15577187723612	1.89206460687529	0.058552686388083	0.32990497195403	-4.32638653779701
ENSMUSG00000030688	0.0714310156782947	6.74511751425909	1.85448760422237	0.063741100480948	0.340099191015303	-4.32782005632846
ENSMUSG00000060036	0.0515922565797764	7.26627240486178	1.96912763371848	0.0490055969336179	0.307512010371743	-4.3293915733792
ENSMUSG00000020003	0.0663471833071023	6.74814597407432	1.85169538755951	0.0641413408227274	0.340411718327469	-4.32946436276909
ENSMUSG00000037916	0.0735297616287527	6.79412253049285	1.84485661025434	0.0651303949042808	0.342927337519316	-4.32997582003794
ENSMUSG00000026727	-0.0580047096547212	7.26502891924869	-1.96667936362949	0.0492874552911089	0.308086361842718	-4.33015901914637
ENSMUSG00000046922	0.110201385088262	6.67872372678631	1.86132845179707	0.062769238982126	0.337818203309822	-4.33030611329465
ENSMUSG00000025873	0.0450045161986576	7.14205768661837	1.87102546014702	0.0614126398903777	0.33535997717068	-4.33338019839316
ENSMUSG00000046027	0.0823776244169867	6.79258119354561	1.84396186028837	0.0652607235945364	0.343080608954915	-4.33384018946516
ENSMUSG00000000732	-0.0659243014233803	7.30172184613859	-1.99590760698842	0.0460099410153514	0.299005823650561	-4.33430100023096
ENSMUSG00000036810	0.0295860593679826	7.03935955886307	1.84667354336201	0.0648664024140898	0.342335026831541	-4.33465459117475
ENSMUSG00000041695	0.0980895473100523	6.74539588098224	1.8507591981812	0.0642759993301609	0.340411718327469	-4.33562827400155
ENSMUSG00000027568	0.103919147512515	7.11342650166922	1.86372643964424	0.0624314776624542	0.337495693717431	-4.33599257781297
ENSMUSG00000097340	0.0477453854343253	7.32226513327489	2.00567180454685	0.0449567861293379	0.295124610791981	-4.33622173657496
ENSMUSG00000036073	-0.0540419126656735	6.98058493564972	-1.84941385380978	0.0644699181329853	0.341172189713901	-4.33631438665479
ENSMUSG00000024008	0.0991919378887207	6.84757105875249	1.83848720290049	0.0660628519306527	0.344382791626512	-4.33816397366228
ENSMUSG00000044071	0.0387774965312246	6.91667317835867	1.83617321845423	0.0664043240229611	0.344946293143029	-4.33955007877051
ENSMUSG00000034613	0.0853421125008946	6.7013090504086	1.84411792979177	0.0652379751346078	0.343080608954915	-4.33979659556959
ENSMUSG00000066829	0.0446642630952123	7.38551540388732	2.0536425588012	0.0400735155658873	0.279771742555253	-4.33982048621225
ENSMUSG00000028755	0.0411209719990921	7.37565213800486	2.07725636676842	0.0378399422366486	0.271762091981541	-4.34102281262823
ENSMUSG00000046387	0.0736861020482928	6.79079530540828	1.8427357303986	0.0654396702311723	0.343439780703966	-4.34208478607493
ENSMUSG00000067199	0.103851904735125	6.93328228974921	1.83516765569099	0.0665531664753697	0.345384130194184	-4.34217444629011
ENSMUSG00000015176	0.108565030052445	6.77110873224058	1.84610118010066	0.0649494688612379	0.342506767335925	-4.34222357068562
ENSMUSG00000031819	0.0651812358054986	7.38904675632828	2.08836038478078	0.036826813052962	0.269393480519914	-4.34297285753522
ENSMUSG00000031732	0.0151660835699516	7.31342768492613	2.00873460120865	0.0446306555927373	0.295124610791981	-4.3443873622543
ENSMUSG00000027004	-0.0835706300967605	6.3903060863763	-1.88075143770424	0.0600764734815518	0.332591599617345	-4.34710802911347
ENSMUSG00000047242	0.0467149435440275	7.31411436317073	1.97789521961743	0.0480073015636857	0.3042931251054	-4.34746726424981
ENSMUSG00000104435	0.0266451447915577	7.50277726234654	2.24993389158515	0.0245058983406169	0.227561482638076	-4.34766602136705
ENSMUSG00000031982	0.0517758167544349	7.14048188044064	1.90856019588441	0.0563885296062494	0.325325823149587	-4.34846225875153
ENSMUSG00000020524	0.0518632429214971	7.49364206362093	2.20628444919502	0.0274192747104961	0.237540272539876	-4.35031889989647
ENSMUSG00000053898	-0.0384424633711422	7.23841739819444	-1.95401229844966	0.0507675782704261	0.312969037848983	-4.35036342377826
ENSMUSG00000073207	0.0810753272180706	6.92149695511594	1.83125706269236	0.0671346240807449	0.347143872344294	-4.35127670982954
ENSMUSG00000031556	0.0389629733776911	6.62033771644222	1.85500494480428	0.0636671712117901	0.340099191015303	-4.35209794585842
ENSMUSG00000022503	-0.060466582444338	7.1348370073919	-1.93937229194765	0.0525244553724514	0.316437647033125	-4.35393447745349
ENSMUSG00000043068	-0.0594568574291223	7.31884038495906	-2.0176593488135	0.0436917015813167	0.291305414421549	-4.35596110523375
ENSMUSG00000005802	0.0384975053981051	7.24384528314522	1.92771113923517	0.0539599795389021	0.319413138367896	-4.35634114430737
ENSMUSG00000025103	0.0559189946125347	7.00193396510737	1.82801948140916	0.0676191723323193	0.348038500348831	-4.35655891055731
ENSMUSG00000026439	0.0677397429197404	6.67108859784386	1.84376334298429	0.0652896686387913	0.34309973930416	-4.35670108549714
ENSMUSG00000032840	0.0609640823405364	6.59816658036229	1.85396654917228	0.0638156322424347	0.340099191015303	-4.35766736911476
ENSMUSG00000090935	0.0579653643196192	7.08607232144899	1.85092100929573	0.0642527082583737	0.340411718327469	-4.35837648039961
ENSMUSG00000088712	0.0457442067887728	7.43681475076163	2.18273962094248	0.0291114681095171	0.243350339113994	-4.3586806757909
ENSMUSG00000039168	-0.0492653497641928	7.33541152394467	-2.04961393171607	0.0404655334517358	0.280630026873981	-4.36093605300581
ENSMUSG00000086965	0.0450148162042536	7.29791257836102	1.97349139785932	0.0485065721525579	0.306169508959208	-4.36212656851947
ENSMUSG00000020848	0.0480570741638653	6.94351652734361	1.82434137313149	0.0681731400222994	0.349316489955531	-4.36246412954559
ENSMUSG00000073700	0.0887239289620734	7.01908302078783	1.82567029657385	0.0679725588653571	0.34921256274972	-4.36383135702651
ENSMUSG00000034538	0.0976273516888568	6.96397646550578	1.8223702168691	0.0684715530545481	0.350183823581125	-4.36427532526536
ENSMUSG00000027787	0.0456695855613303	7.45884871748059	2.13478701605886	0.0328374702295082	0.256841266591962	-4.36438955862604
ENSMUSG00000079658	0.0304457916473249	7.06647191570644	1.84245271538096	0.0654810320932109	0.343439780703966	-4.3644235585278
ENSMUSG00000036078	-0.0589896930351488	6.96970970334108	-1.82591074664239	0.0679363184399254	0.349158682869033	-4.364664404678
ENSMUSG00000035227	0.0499414775348876	6.61225787647729	1.85601563165627	0.0635229459498593	0.34004264789975	-4.36501503757635
ENSMUSG00000034687	0.0613573961698437	6.97294105721196	1.82400462768129	0.0682240439634224	0.349445254271281	-4.36710611199662
ENSMUSG00000042116	-0.105208437409695	6.60296168461361	-1.83659384486432	0.0663421447185323	0.344887575956235	-4.36760379465819
ENSMUSG00000068040	0.0188701266430531	7.45608059401736	2.12582932812049	0.0335770051206049	0.259099052603962	-4.36842006492287
ENSMUSG00000063626	0.0699446050413561	7.39254364346988	2.00646843348304	0.044871767202046	0.295124610791981	-4.37021759897803
ENSMUSG00000023224	-0.0764660444695267	6.99870860252139	-1.83914803240702	0.0659656002003064	0.344382598196286	-4.37058118407977
ENSMUSG00000042359	0.0253738377765025	7.21949969051327	1.92992784063037	0.053684602558415	0.319113589449481	-4.3711142963727
ENSMUSG00000065336	0.086829521454785	7.23192665014219	1.90132292146791	0.0573296884785002	0.3279519584138	-4.37118365158665
ENSMUSG00000001942	0.0801058652508146	7.09593254084018	1.84261727152596	0.065456980044667	0.343439780703966	-4.37174951089517
ENSMUSG00000024261	0.0751957632461897	7.23501521431766	1.87963203810752	0.0602290193610925	0.333164032842796	-4.37287289052711
ENSMUSG00000037653	0.0935688026257315	6.78434226671945	1.82606453344907	0.0679131481622326	0.349158682869033	-4.37427708199006
ENSMUSG00000026527	0.123595358720921	6.87709949789468	1.82470550523411	0.068118131352368	0.349316489955531	-4.3754500624698
ENSMUSG00000027270	0.096303605191169	6.84960402056017	1.81849685623508	0.0690610696416879	0.350948269191156	-4.37589139541439
ENSMUSG00000097876	0.0461286398985337	7.47115404916284	2.15869736948451	0.0309314343853429	0.250219801549212	-4.37655307640641
ENSMUSG00000026154	0.0498813055873262	6.7222043241813	1.82771425061053	0.0676650023832978	0.348038500348831	-4.37692347600094
ENSMUSG00000086291	0.0478405802578772	7.28934446403118	1.98828402056908	0.046846594202234	0.300711462007141	-4.3775711337394
ENSMUSG00000027091	0.0570185453667627	6.43351121493819	1.87477843816267	0.0608941631495558	0.334899225847436	-4.37887091199794
ENSMUSG00000028437	0.0651173056623611	6.61451274404106	1.83068097423078	0.0672206338738917	0.347438230004628	-4.37986213534789
ENSMUSG00000015217	0.11173614849739	7.01622519457008	1.81361027748599	0.0698107395467846	0.353433161603923	-4.38008916987929
ENSMUSG00000036854	0.0520001255487372	7.16775387239998	1.85572806381939	0.0635639544396649	0.340094749129036	-4.38122596998149
ENSMUSG00000045038	0.0975142324343485	7.11275706606026	1.84270790322571	0.0654437361399919	0.343439780703966	-4.38161490390788
ENSMUSG00000040097	0.0350278134865949	7.10861452049847	1.84334188706279	0.0653511546160819	0.343289792438914	-4.38275094193625
ENSMUSG00000038023	-0.0125067311283358	7.42550456940184	-2.14424647912388	0.0320716986240571	0.25533064588665	-4.38286579085606
ENSMUSG00000076441	0.0511314607012672	6.82386268440552	1.81669414795692	0.0693368566530804	0.351953988207587	-4.38302419260513
ENSMUSG00000049436	0.102312862396158	7.27909271381276	1.94426754929381	0.051931424391173	0.315933338124468	-4.38337908469962
ENSMUSG00000026867	0.0186459076360048	7.36844877337975	2.07019373550645	0.0384965991786079	0.274126518730864	-4.38359224094895
ENSMUSG00000027522	0.100499789116712	7.34378807461824	1.9990157415096	0.0456724686907233	0.297562388519379	-4.38440451367901
ENSMUSG00000029198	0.0587556916196155	6.64910518783777	1.83673319623176	0.066321555618574	0.344887575956235	-4.38524375891916
ENSMUSG00000043557	0.0500690814031541	7.07306647078394	1.83000989575739	0.0673209400170934	0.347463391754908	-4.38550694300807
ENSMUSG00000063856	0.0472879250821734	6.60386083701724	1.83829269690765	0.0660914991302078	0.344382791626512	-4.38561605533499
ENSMUSG00000027378	-0.042324111500081	7.47029930111487	-2.17216005480492	0.0299006460532462	0.246140230230669	-4.38636688870895
ENSMUSG00000027708	0.0385578337931403	7.16096682933473	1.85790265422564	0.0632543900951015	0.339644760756193	-4.38823083566645
ENSMUSG00000037896	0.0595498887230761	7.29018000853242	2.00532770641208	0.0449935514461591	0.295124610791981	-4.38837824674515
ENSMUSG00000033701	0.0599812087856639	6.60718805871263	1.84124249334324	0.0656581460207788	0.343969530042395	-4.38858796186145
ENSMUSG00000040697	0.020782927975282	7.19671467715878	1.87440207994333	0.0609459931241077	0.334899225847436	-4.38862383502441
ENSMUSG00000001260	0.0674979421905206	7.46126561603011	2.11310888836238	0.0346516475300969	0.263204278731385	-4.3898881099716
ENSMUSG00000032290	0.0731139041630264	6.71647832976161	1.81569618723899	0.0694899181822971	0.352467007375827	-4.39000714763123
ENSMUSG00000018199	0.0448150187801248	7.41119975252994	2.09581838314365	0.0361593981166922	0.268075992856488	-4.39009832000615
ENSMUSG00000026885	0.0741619570653489	6.51825598813309	1.8442522867201	0.0652183967080468	0.343080608954915	-4.39040891872116
ENSMUSG00000030718	0.0825070848830549	6.71301924517835	1.81890459074463	0.0689988176154746	0.350948269191156	-4.39088383936885
ENSMUSG00000032026	-0.0593050768115209	6.56757342616203	-1.8347492297797	0.0666151824179834	0.345512105288072	-4.39117191695062
ENSMUSG00000019888	0.0664880015920826	7.30819764621432	1.9083710087739	0.0564129673254965	0.325328375584467	-4.39119505099197
ENSMUSG00000003208	0.0844349994962492	7.0690373623486	1.81110450923822	0.0701977439731321	0.354474958631994	-4.39198588419748
ENSMUSG00000028567	0.0545695783799767	6.7171526733525	1.82454679312008	0.0681421031667178	0.349316489955531	-4.39223250798463
ENSMUSG00000032411	0.0412400143542424	7.374898620347	2.10303253365239	0.0355236471324166	0.266705375823073	-4.39271786706755
ENSMUSG00000032422	0.0672641396029015	6.88664244604842	1.80524221975394	0.0711100300632867	0.35602473376676	-4.39299790676176
ENSMUSG00000038417	0.0523518849463933	7.16997020979216	1.85321707510385	0.0639229633411119	0.34026514800883	-4.39393544210358
ENSMUSG00000082519	0.0586132459781812	7.11378797727743	1.8671239924629	0.0619555016807356	0.336670417550066	-4.39413880168195
ENSMUSG00000074340	0.0384205029960096	7.3932379005426	2.07188069750517	0.0383388773963393	0.273602705807374	-4.39421643916696
ENSMUSG00000053158	-0.0963897869398496	7.04916956672934	-1.84763780602913	0.0647266583379978	0.341763313359217	-4.39694521496848
ENSMUSG00000043964	-0.094530972611075	7.0645240303735	-1.8643855261873	0.062338907938705	0.337495693717431	-4.39775099615023
ENSMUSG00000084519	-0.0533043735064016	7.37558752999913	-2.1248109906334	0.0336619730161972	0.259161653288599	-4.39783340082429
ENSMUSG00000024044	0.0811555636047645	6.8580874869966	1.8065717612891	0.0709022795979585	0.355920367533756	-4.3978375073247
ENSMUSG00000063063	0.0715937453405884	7.01970121262292	1.80498796689387	0.0711498157150311	0.35602473376676	-4.39791956745098
ENSMUSG00000068391	-0.0620626218155467	7.20450849518167	-1.86379109528524	0.0624223916490717	0.337495693717431	-4.3988151985862
ENSMUSG00000025040	0.05636317301677	7.00477859889364	1.80248520397402	0.0715424247339883	0.357132619493157	-4.39974844375394
ENSMUSG00000031703	0.0657241072094878	7.21687139337797	1.8589422909216	0.0631068333274342	0.338986706122565	-4.3998174295138
ENSMUSG00000055214	0.0753138563754296	6.91028141917857	1.80090268954017	0.0717915893748143	0.35745789381451	-4.39986766614334
ENSMUSG00000040430	0.0912272987729041	6.93870320500361	1.79996562313913	0.0719394640799315	0.357522907873946	-4.40079850580418
ENSMUSG00000020590	0.0340486249519101	7.32732074261598	1.97118164979019	0.0487701724400215	0.306975857911704	-4.40094247831383
ENSMUSG00000026608	0.0870232394581416	6.96857008873523	1.80639222402632	0.0709303044823436	0.355920367533756	-4.40110421638322
ENSMUSG00000049882	0.0803323095944162	6.79342574684941	1.80749712649644	0.0707579786513912	0.355667553649222	-4.40167122430561
ENSMUSG00000033964	0.041966712015717	7.35562256625112	2.02526312646214	0.0429049428292782	0.288347695366232	-4.401751194533
ENSMUSG00000032324	0.0493520550585425	6.65427555285695	1.82485799434772	0.0680951059922168	0.349316489955531	-4.40287964441137
ENSMUSG00000045377	-0.106008161579511	7.14708534357376	-1.8566330213004	0.0634349772251022	0.339806962156435	-4.40356501896702
ENSMUSG00000086935	-0.0402211663745442	7.2271154698936	-1.92755984810096	0.0539788170933946	0.319413138367896	-4.40410044233282
ENSMUSG00000040877	0.080383956635746	7.0962315843076	1.83312988101086	0.066855638933617	0.346361770218563	-4.40422507909245
ENSMUSG00000042323	0.0636033749747904	7.24692759966559	1.8951941136615	0.0581368842647797	0.329385656858288	-4.40598672846118
ENSMUSG00000030048	-0.0721508249063829	7.20752447215882	-1.94689337976075	0.0516156365444838	0.315796390013588	-4.40995606149054
ENSMUSG00000029169	0.0405883924026442	7.08496587944671	1.82193265632286	0.0685379407476205	0.35028515082835	-4.40996760242426
ENSMUSG00000003228	0.0823162663498138	6.81344427291662	1.79600116091334	0.0725678440881472	0.359340697643207	-4.41029606142416
ENSMUSG00000030265	0.0554696100938497	7.45056964452969	2.12189677048484	0.0339061464856739	0.260158196973835	-4.4103021752229
ENSMUSG00000057572	0.0632082568958738	7.11805700877891	1.80432999432403	0.0712528604394703	0.356211755840095	-4.41083877022235
ENSMUSG00000039182	0.0912626333662665	6.92017498693431	1.79564699675243	0.0726241982817126	0.359347645664477	-4.41084900207343
ENSMUSG00000067724	0.10549332563865	6.74975733798418	1.80463373208313	0.0712052770387337	0.356105181147603	-4.4111770004487
ENSMUSG00000027429	-0.060824623077945	7.0900645690562	-1.84486961882788	0.0651285016690169	0.342927337519316	-4.41118545859946
ENSMUSG00000073771	0.0619664661039607	7.28840663942889	1.92475956539355	0.0543284783290871	0.320689819008223	-4.41123118727187
ENSMUSG00000022313	-0.069313403016011	6.77513020135548	-1.79434993578542	0.0728308911505239	0.359783248986939	-4.41196542805247
ENSMUSG00000021504	-0.0401098253440608	7.26057671026213	-1.96434113914815	0.0495579136960227	0.309094284140656	-4.41197076885907
ENSMUSG00000026121	0.0673060279004325	6.81949163242102	1.79549270230627	0.0726487606406794	0.359347645664477	-4.41261491821617
ENSMUSG00000024712	0.0410896108006309	7.15404149784779	1.83708945055419	0.0662689431457394	0.344887575956235	-4.41301421750113
ENSMUSG00000020132	0.0538587032585331	6.84591569174574	1.79460065392772	0.0727909005098676	0.359783248986939	-4.41312871793326
ENSMUSG00000031880	0.0682647923448068	6.89152420882044	1.79278650874762	0.073080670576642	0.359888841652245	-4.41333831898928
ENSMUSG00000086826	0.0502278734211998	7.3841090922421	2.09529765235118	0.036205660921914	0.268091944718356	-4.41433180948471
ENSMUSG00000029366	0.0924122342870799	6.96406232218993	1.79118394532337	0.0733374298400512	0.360197606383845	-4.41644670179548
ENSMUSG00000002728	0.0525799894703347	6.89319580332227	1.79420743609202	0.0728536284907776	0.359783248986939	-4.41654118935764
ENSMUSG00000060904	0.07202648273352	7.02331610069505	1.7936039974568	0.0729499779551143	0.359888841652245	-4.41681880065215
ENSMUSG00000056116	0.109065975607457	6.91138717631576	1.79077013732383	0.0734038490427471	0.360197606383845	-4.41701849718531
ENSMUSG00000020705	0.0884186645883798	7.19026802759222	1.81850459568796	0.0690598875691008	0.350948269191156	-4.41724009442386
ENSMUSG00000057649	-0.0756922003622096	7.06921245896992	-1.82846255260322	0.0675526911655281	0.348038500348831	-4.41802835889428
ENSMUSG00000014592	0.0886198820953261	6.86960922182067	1.79198229388229	0.0732094280334041	0.359888841652245	-4.41828045733053
ENSMUSG00000022123	0.0745954416919545	7.34862917562641	1.98280938499212	0.0474552789990468	0.302397815991658	-4.41851019344939
ENSMUSG00000040424	0.0657592681745607	6.80024034121047	1.79226213749166	0.0731646031023066	0.359888841652245	-4.41898917556306
ENSMUSG00000038542	-0.030519118617331	7.39094700807266	-2.09289988265302	0.0364193355699703	0.268635390929836	-4.41900099200245
ENSMUSG00000086308	0.12871649422518	7.14107572951419	1.82527810925855	0.0680317031228205	0.349316489955531	-4.41915603347484
ENSMUSG00000036098	-0.0413566778803158	7.17320787256763	-1.88543163514575	0.059442147865523	0.331149570901751	-4.42047390873216
ENSMUSG00000079104	0.0759473422067805	6.89824976738888	1.78902084056895	0.0736851679487523	0.361277146775972	-4.42073849975668
ENSMUSG00000064679	0.0465321628750823	7.39330312205191	2.1251099810302	0.0336370068428253	0.259161653288599	-4.42074067711276
ENSMUSG00000078484	-0.0405891138641357	7.27489302673843	-1.98527877857335	0.0471799064817037	0.301695347655556	-4.42079299311678
ENSMUSG00000034472	0.0571715082339104	6.41990948239432	1.83679172214424	0.0663129100124729	0.344887575956235	-4.42123247833675
ENSMUSG00000030616	-0.0370695089920909	7.47745971163171	-2.13140633821527	0.0331149189944438	0.257593238934011	-4.42180466199462
ENSMUSG00000021427	0.0557839107562756	7.44567832347249	2.06463111181784	0.0390205886351648	0.276261692279668	-4.42221467516118
ENSMUSG00000096225	0.10312471474665	6.78244741853753	1.79706087617714	0.0723994372606905	0.358768848823261	-4.42249820410562
ENSMUSG00000100252	0.0826302170660087	7.25377776819735	1.88444224569723	0.0595757783006164	0.331579803858685	-4.42286181124263
ENSMUSG00000035407	0.0694600762697943	6.97896904595591	1.78649294722052	0.0740932569075323	0.361351214802994	-4.42335627716651
ENSMUSG00000059493	0.119793100320335	7.31598182977235	1.90985564876784	0.0562214298400728	0.324776372293015	-4.42510660334185
ENSMUSG00000038628	0.0362874295678335	7.19564698051391	1.84514898259355	0.0650878547225474	0.342927337519316	-4.42558649993422
ENSMUSG00000071645	0.0599736340180463	6.66449559223739	1.81147441603385	0.0701405030094158	0.354474958631994	-4.4262578514352
ENSMUSG00000101892	0.0643463422871511	6.87184089492746	1.78807404606456	0.0738377972822374	0.361277146775972	-4.42696041982636
ENSMUSG00000074582	0.0258947203437057	7.36064044373205	2.00587675435408	0.0449349002218235	0.295124610791981	-4.4273962526181
ENSMUSG00000091712	-0.0137562423552398	7.36774475218463	-2.05421590420853	0.0400179872527077	0.279701657865577	-4.42740575755785
ENSMUSG00000029034	-0.0547477298437276	6.94349067385807	-1.78835523156093	0.0737924414115652	0.361277146775972	-4.42758053013091
ENSMUSG00000033102	0.0495132363647235	7.50346285245861	2.15559878586023	0.031172955513007	0.25149962036152	-4.42825488685673
ENSMUSG00000045205	0.0444199234492757	7.51943145216672	2.22149561351036	0.026371754494029	0.233559980373775	-4.42827779629057
ENSMUSG00000046096	0.0620643363989082	7.31636680853507	1.95678347027889	0.0504406280007805	0.311938827980184	-4.42905504892569
ENSMUSG00000037461	0.0723132331753877	7.20200338419239	1.93579852674516	0.0529609632333466	0.317259211109668	-4.42930665587824
ENSMUSG00000032611	-0.0567233702221932	6.60474723115029	-1.80730983061057	0.0707871660060212	0.355667553649222	-4.43100683080997
ENSMUSG00000019373	0.0587817965206954	7.30166248643456	1.88284562404431	0.05979194941048	0.331873733856467	-4.43180168280291
ENSMUSG00000022285	0.0836840697452299	7.00065467303005	1.78456254847593	0.0744061325493798	0.362355727408223	-4.43263472344619
ENSMUSG00000025510	-0.0953928982298695	6.83067569929088	-1.78697670044407	0.0740150198293776	0.361334456412387	-4.43277032495245
ENSMUSG00000039967	0.0486348146294784	7.35355306579968	2.00127943072807	0.0454279989820737	0.296682471194101	-4.43363597668037
ENSMUSG00000103472	0.0267499093262575	7.44356700989766	2.10723773711078	0.0351574810613248	0.264961160772341	-4.43368577235034
ENSMUSG00000036833	-0.0472285302295479	7.39021847916109	-2.08569815365729	0.0370675843107088	0.269904569325773	-4.43421319598468
ENSMUSG00000022339	0.0648888744179033	6.96756628870785	1.77875578827125	0.0753537975172553	0.363617302915002	-4.43562419611711
ENSMUSG00000028191	0.0547787841348546	6.72718367756998	1.80389670738	0.0713207840723696	0.356419900646217	-4.43582668832413
ENSMUSG00000061898	0.0726759070819609	7.25966775907749	1.85243656454601	0.0640348976129992	0.340411718327469	-4.44030377832584
ENSMUSG00000081984	0.110929401787179	7.00422305599631	1.78065068823977	0.0750434717500321	0.363158045856383	-4.44073020971527
ENSMUSG00000026110	0.0717235065167658	7.01987554271248	1.79410793179686	0.0728695089038305	0.359783248986939	-4.44092082029714
ENSMUSG00000021149	0.0644236861139706	6.68022552984902	1.80067339098178	0.0718277510242404	0.35745789381451	-4.44197842357693
ENSMUSG00000031105	0.0533971207649255	6.4242836891915	1.83508755921368	0.0665650340903823	0.345384130194184	-4.44327359379714
ENSMUSG00000027963	0.0551677690329049	6.89128191117778	1.77520951909689	0.0759373819041082	0.365386017433937	-4.44336397393254
ENSMUSG00000052144	0.0742627665856288	6.99641282782046	1.78316101608982	0.0746339664627091	0.362553678717811	-4.44389957211217
ENSMUSG00000070697	0.0534438957949224	6.65376084271325	1.80499023886145	0.0711494601152613	0.35602473376676	-4.4442601551037
ENSMUSG00000029836	0.043696928476928	7.1903012538912	1.83991280320011	0.065853199194628	0.344315666155351	-4.44450167127375
ENSMUSG00000097188	0.0293940315597219	7.27146276795022	1.91072880116522	0.0561090352280161	0.324594959404156	-4.44520463010561
ENSMUSG00000044813	0.0706777503473868	6.69910753082412	1.79011796128007	0.0735086279611341	0.360575245259427	-4.44587456418535
ENSMUSG00000033278	0.0652770712125657	7.22473133104087	1.83356659693203	0.0667907208494917	0.34615771914274	-4.44669184114819
ENSMUSG00000021669	0.0733202248076541	7.33482422947266	1.97435431552441	0.0484083991701551	0.305977191584598	-4.44853755157006
ENSMUSG00000022508	0.105214515540385	6.9704882607302	1.77566630821298	0.075862005013737	0.365247536923383	-4.44858844204844
ENSMUSG00000044337	-0.0435805483820735	7.28781270492568	-2.04978868134476	0.0404484616674586	0.280630026873981	-4.44860887567855
ENSMUSG00000043635	0.114990218500897	7.09618789731247	1.79668204135186	0.0724596037761844	0.358935808548596	-4.44947756842253
ENSMUSG00000103088	0.0267152969345146	7.49216497011375	2.14851871263413	0.0317308991638157	0.253809752721542	-4.44970099460232
ENSMUSG00000019254	0.0593190715022578	6.90029867462532	1.77114629848268	0.0766105663777538	0.366767676182764	-4.44997764250754
ENSMUSG00000024533	0.0747227314044521	7.05319682493014	1.81270742438439	0.0699499786720071	0.353873810013086	-4.45016581110948
ENSMUSG00000028174	0.0736428842693435	7.07413314858519	1.79318884156486	0.0730163253545353	0.359888841652245	-4.45026232502083
ENSMUSG00000053333	-0.083667170120215	6.69241741519852	-1.79102294949394	0.0733632649982542	0.360197606383845	-4.45037661095845
ENSMUSG00000026587	0.0284043781247725	7.47067214637805	2.12687531732774	0.0334899211503799	0.258574231752193	-4.45044390345906
ENSMUSG00000020311	0.0370596660050904	7.43477215865816	2.06366290410872	0.0391124085505186	0.276698144801744	-4.45138305244183
ENSMUSG00000074505	0.0788180358028123	7.12565192885408	1.80096748485315	0.0717813735001979	0.35745789381451	-4.45219423238852
ENSMUSG00000030946	-0.0753680222991173	6.78048924833133	-1.77121416718232	0.0765992822165667	0.366767676182764	-4.45311935107803
ENSMUSG00000033318	-0.0693580633361748	7.37744092575159	-2.05242103673416	0.0401920376408138	0.279919527661261	-4.45333364256746
ENSMUSG00000090785	-0.062828283650175	7.09964117149395	-1.8108599779755	0.07023560483782	0.354474958631994	-4.4536456256774
ENSMUSG00000058655	0.112722910334629	7.17435887694277	1.78750292410554	0.0739299907605302	0.361277146775972	-4.45424181744195
ENSMUSG00000037017	0.0609255831989177	7.33789935908675	1.90119295702593	0.0573467082038669	0.3279519584138	-4.45437418550868
ENSMUSG00000036923	-0.0337964066627663	7.19161664469793	-1.85133820983258	0.0641926886162625	0.340411718327469	-4.4544098705099
ENSMUSG00000029513	0.0353836732527526	7.38042275107898	2.0104667538754	0.0444470992087252	0.294724826205298	-4.45462461658003
ENSMUSG00000039988	0.0700166689494877	7.08352514249809	1.80621287534194	0.0709583090016037	0.355920367533756	-4.4546628675476
ENSMUSG00000085225	0.113481129643535	7.12487902730934	1.79944489193933	0.072021746416047	0.357522907873946	-4.45479988115691
ENSMUSG00000045031	0.0507975108713703	7.26483811567456	1.8808274696173	0.0600661238866589	0.332591599617345	-4.45489314719031
ENSMUSG00000026977	0.0326287459581147	7.55914671827594	2.28510451127563	0.022357477516002	0.219813401132672	-4.45575037296534
ENSMUSG00000052533	-0.0173329144960368	7.52159077473834	-2.27469906090858	0.0229753530277214	0.222734348644035	-4.45588097596626
ENSMUSG00000075703	0.0698393819471415	6.87675546984897	1.77218350422846	0.0764382636957152	0.366611376904203	-4.45628787995913
ENSMUSG00000049932	0.0518931791197845	6.80272927957142	1.76867352780634	0.0770226260568301	0.367754156435154	-4.45817233419925
ENSMUSG00000021466	0.0765461861999226	7.23286966949411	1.87066517144534	0.0614626058437181	0.33535997717068	-4.45913497540772
ENSMUSG00000022887	-0.0457433830916729	7.33637916040513	-2.00416643591879	0.045117815185678	0.295589308527986	-4.45914606942323
ENSMUSG00000065434	0.0599889467091375	7.344733143656	2.00136263583806	0.0454190342131072	0.296682471194101	-4.45990800237796
ENSMUSG00000046204	0.0803330841821532	6.84932172664621	1.76811335972217	0.0771162224179533	0.367754156435154	-4.46029458847735
ENSMUSG00000032519	-0.107057097579309	6.62110182171681	-1.78751686707371	0.07392773889353	0.361277146775972	-4.46068965056297
ENSMUSG00000083863	0.0292810788437947	7.19534846211404	1.8635867364516	0.0624511137941541	0.337495693717431	-4.46144215476625
ENSMUSG00000027589	0.0432410291112699	7.1048454734951	1.80627253098964	0.0709489930245177	0.355920367533756	-4.46234638837726
ENSMUSG00000020743	-0.0951639497431032	7.01934542607532	-1.78503930182082	0.0743287609572782	0.362108997865174	-4.46270566944075
ENSMUSG00000023967	-0.0400870736951999	6.60705558599889	-1.78770310914653	0.0738976651400376	0.361277146775972	-4.46273114940282
ENSMUSG00000048232	0.0728349511220454	7.18041906288953	1.81053423406866	0.0702860659198958	0.354515804219474	-4.46402430637862
ENSMUSG00000028636	0.0481418776653868	7.21452785961625	1.82104018036856	0.0686735133211589	0.35028515082835	-4.46448528606768
ENSMUSG00000041079	0.0799351974189157	6.91512273316228	1.76150196578332	0.0782279156921735	0.370091226898004	-4.46453292789175
ENSMUSG00000049038	0.0824491706324526	6.74467596594659	1.78041766562559	0.0750815772289858	0.363158045856383	-4.46521053764457
ENSMUSG00000024487	0.0280923255934296	7.10562904272497	1.78599943659176	0.0741731417109763	0.361610735461135	-4.46549720654812
ENSMUSG00000040928	0.0815791014121121	6.79466395764302	1.76815379887744	0.0771094624890985	0.367754156435154	-4.46569165566495
ENSMUSG00000026113	0.108390430978952	6.71713416893641	1.76475528133971	0.0776792567211538	0.368888042951104	-4.46588933542648
ENSMUSG00000060450	0.0743050175479176	6.93472131941818	1.76014999437033	0.0784568466833341	0.370891885401898	-4.46618932723624
ENSMUSG00000087484	-0.0213493777943432	7.56420410747691	-2.32029920754005	0.020373482920878	0.210472354765549	-4.46694758605758
ENSMUSG00000035642	0.0556395415576763	6.47300075489031	1.81708690590982	0.0692766936810618	0.351780304467354	-4.46701995002255
ENSMUSG00000024785	0.0774158625530541	6.88401085915919	1.76724093907882	0.0772621765095954	0.367889658036533	-4.46842348044575
ENSMUSG00000001995	-0.0284754063012178	7.18265919288072	-1.85198187701751	0.0641001796818307	0.340411718327469	-4.46890826945676
ENSMUSG00000039810	0.0818687869424553	6.87312828633006	1.75834822462555	0.0787627901107927	0.371879655290049	-4.46961092164972
ENSMUSG00000003031	-0.0566769128695466	7.1674362716302	-1.82439523811383	0.0681650004508169	0.349316489955531	-4.46976220352559
ENSMUSG00000102752	0.0823960987528842	6.94554103391468	1.76662504502191	0.0773653497826364	0.36791280685829	-4.469872871179
ENSMUSG00000039478	0.0563463465725862	7.1337825712505	1.78684372789013	0.0740365186541977	0.361334456412387	-4.47004857594257
ENSMUSG00000045867	0.0659356538404534	7.20346789182589	1.79335763668692	0.0729893437066358	0.359888841652245	-4.47066873033421
ENSMUSG00000020189	0.0580062101765852	6.71660605345985	1.76693604650166	0.0773132374448204	0.367889658036533	-4.47151427625997
ENSMUSG00000046314	0.0631949446520039	6.91629605633098	1.75563987980981	0.0792244975832926	0.373047282468717	-4.47393648593735
ENSMUSG00000047710	0.0886248534235703	6.87970520144357	1.75772575542029	0.0788687118023832	0.371931128562335	-4.47444992037889
ENSMUSG00000035596	0.0152785589665463	7.29953087876625	1.92010936624248	0.0549133074782965	0.321679925948341	-4.47488239062795
ENSMUSG00000041477	0.0521822579324915	7.39130923167386	2.00846339408552	0.0446594532805196	0.295124610791981	-4.47603412724319
ENSMUSG00000061740	-0.0362698313155017	7.33008681393521	-2.05033218432519	0.0403954043688566	0.280495022499405	-4.47701170147386
ENSMUSG00000032420	0.104998463495604	7.07468420359923	1.76933456594134	0.0769122948574641	0.367563233583891	-4.47801818148041
ENSMUSG00000025544	0.0389938212936141	7.32538532427554	1.89321904022321	0.0583990158210746	0.329735895737681	-4.47842706411762
ENSMUSG00000004328	0.0888352618739878	7.28263369543973	1.90653574377236	0.0566504906572712	0.326559248440171	-4.47854253708935
ENSMUSG00000039219	0.051929576547173	7.48648572094731	2.16421356108051	0.0305054468586419	0.248404113218899	-4.47872476572213
ENSMUSG00000023330	0.0576082698098839	7.18009221568828	1.81282328944254	0.0699320970754826	0.353873810013086	-4.47904136855857
ENSMUSG00000070509	-0.0459299748413589	7.34330216243323	-2.01213404457064	0.044271018545063	0.294084502417425	-4.47907475720603
ENSMUSG00000005371	0.0323825945938623	7.25463369931573	1.86235040272397	0.0626251108169678	0.337684088472859	-4.47935354805311
ENSMUSG00000067336	0.0710903747587395	7.32734874583635	1.92951267452302	0.0537360884064568	0.319261124721622	-4.47938585533227
ENSMUSG00000037872	0.0468336441438142	6.665487457841	1.7741434369293	0.0761135388880788	0.365938780228572	-4.47959499720472
ENSMUSG00000071855	0.0697767680136634	7.22773862440179	1.80511907641711	0.0711292973331783	0.35602473376676	-4.47959616375972
ENSMUSG00000102771	-0.0531672057260524	6.97411065992195	-1.78807962218	0.0738368976203876	0.361277146775972	-4.47977220275413
ENSMUSG00000026618	0.0375428727757141	7.50124942382582	2.12798291159951	0.0333979190058983	0.25830518304733	-4.47977374836826
ENSMUSG00000041895	-0.0384101380823783	7.41706030019637	-2.0590267139873	0.0395546293109959	0.2778661472531	-4.48055806311704
ENSMUSG00000052928	0.0295269085816301	7.24344446717284	1.85377586101678	0.0638429262848754	0.340110960538444	-4.4811694712147
ENSMUSG00000093536	0.069454598018309	6.7864475237767	1.76279303893592	0.0780098047409275	0.370091226898004	-4.48169293573084
ENSMUSG00000027495	0.068583892077978	6.98274813867315	1.75250979815027	0.0797608413549006	0.373797956131954	-4.48234584359249
ENSMUSG00000041220	-0.0698083616718392	6.85252656667112	-1.75059917046642	0.0800896786215868	0.374464351364617	-4.48240435652357
ENSMUSG00000077394	-0.0926762388870142	7.34421747640571	-1.9054284711322	0.056794198179952	0.32683180769261	-4.48287129132314
ENSMUSG00000034591	0.0565438477362417	7.24432345387886	1.88082446102493	0.0600665333933256	0.332591599617345	-4.48292070206522
ENSMUSG00000029703	0.0675490402174193	7.1367935324242	1.80729725671039	0.0707891258202293	0.355667553649222	-4.48321968498086
ENSMUSG00000040651	0.04562574752436	7.38376075575053	2.030470346462	0.0423730938974685	0.287021360458422	-4.48330782358548
ENSMUSG00000041481	0.0413652192930991	6.78683807526732	1.75553179525565	0.0792429689858316	0.373047282468717	-4.48454549242725
ENSMUSG00000040021	0.049641955542187	7.40733746638925	2.04729964571998	0.0406921995801005	0.281153807021507	-4.48536206366559
ENSMUSG00000053094	0.113199500414694	6.99057155075113	1.75391010955453	0.0795205322274908	0.373575667338988	-4.48537764330658
ENSMUSG00000029714	0.0215992875782431	7.38070049320478	2.03721935537412	0.0416920818441798	0.284050877207734	-4.48550718853941
ENSMUSG00000030282	0.0471169856191391	6.81820606961753	1.75487792094128	0.0793547893304554	0.37305555955004	-4.48736723331684
ENSMUSG00000091604	0.0813733683575402	7.17578034195299	1.78400653875183	0.074496449687328	0.36240504659519	-4.48833746612603
ENSMUSG00000060475	0.0479073391435438	7.2254507188172	1.82923778813237	0.067436499404636	0.347908698222243	-4.48894341104718
ENSMUSG00000027351	0.061665716436738	6.81296169116946	1.74626521917631	0.080839678752491	0.375443148893545	-4.48953182271131
ENSMUSG00000006235	0.0975597868485254	6.72630190876943	1.75284418829369	0.0797034026586422	0.373698007306422	-4.48957251347436
ENSMUSG00000065037	0.055536192066346	6.84388270277949	1.74726829772683	0.0806655882878591	0.375442514935391	-4.49090157561285
ENSMUSG00000028057	-0.0488563382542848	6.52988515865624	-1.77506733234719	0.0759608572701287	0.365386017433937	-4.49155513235366
ENSMUSG00000062867	0.0648227557157313	6.79580444992809	1.75635553781903	0.0791022816335705	0.372773282720872	-4.49160091947852
ENSMUSG00000019936	0.0590161148826827	6.88033203760172	1.74391323265381	0.0812490773837615	0.375878176714089	-4.4920199812905
ENSMUSG00000085135	0.123501104965933	6.90225553458899	1.7461363532053	0.0808620663413973	0.375443148893545	-4.49207100140867
ENSMUSG00000030515	0.105001336838193	6.89599768372873	1.74559182752591	0.0809567211399293	0.375541490780337	-4.49216971905865
ENSMUSG00000022323	0.0459329264640447	6.77439690105583	1.75334694223975	0.0796171071655987	0.373604664649493	-4.49265260591875
ENSMUSG00000025266	0.0567954748406967	7.41895663366154	2.00610762057342	0.0449102575526016	0.295124610791981	-4.49325706651781
ENSMUSG00000027263	-0.0147076071769021	7.50116249216138	-2.19549284082861	0.0281840432891948	0.240326577933902	-4.49397210329236
ENSMUSG00000020495	0.0855379878954432	6.96051836500107	1.74306671537729	0.0813968377955867	0.375878176714089	-4.49410945901531
ENSMUSG00000086918	0.0586737802262318	7.10055797806067	1.76681601136492	0.0773333474999351	0.367889658036533	-4.49566463197166
ENSMUSG00000046351	0.0435913293725276	7.41860147800679	2.03008310283394	0.0424124528038193	0.287083392468389	-4.49590025463415
ENSMUSG00000038429	0.0653127247439524	6.85624071812689	1.74307402456221	0.0813955610372172	0.375878176714089	-4.49602083296426
ENSMUSG00000029407	0.0721600468390946	6.84485988189012	1.74419003743592	0.0812008081181023	0.375878176714089	-4.49721677283649
ENSMUSG00000031812	0.0544280953289	6.33406054019287	1.81026252608155	0.0703281790404302	0.354596300271533	-4.49734886927363
ENSMUSG00000021302	0.0392539440509267	7.2204266005276	1.84870170276983	0.0645727634153375	0.341478428452505	-4.49797611663003
ENSMUSG00000028522	0.0422926003991542	7.47118683561872	2.10126288420088	0.0356787088060809	0.266705375823073	-4.49855439608956
ENSMUSG00000085035	0.035901597173889	7.27953376494018	1.83153526423238	0.0670931211521491	0.347083244803992	-4.49887228725973
ENSMUSG00000064293	-0.115910360548312	6.6996972535637	-1.74555088062223	0.0809638425690313	0.375541490780337	-4.49900691378254
ENSMUSG00000070084	0.115586067435713	7.1271817307166	1.75948955576526	0.0785688777130276	0.371292033472718	-4.50129465857472
ENSMUSG00000018559	0.0650884200729598	6.58098232687872	1.76161062517684	0.0782095399041235	0.370091226898004	-4.50188271697088
ENSMUSG00000061374	0.0731755107877348	6.59957964244294	1.77839716468804	0.0754126466972619	0.363729869769291	-4.50201450152663
ENSMUSG00000030036	0.0816078251929575	6.88889055409076	1.7388002324174	0.0821448803390655	0.377404367210115	-4.50202165061756
ENSMUSG00000035357	-0.111329379945361	6.9425514597986	-1.74698628168497	0.0807145031039	0.375443148893545	-4.50263153275213
ENSMUSG00000021484	0.0667299649409108	6.7885333306182	1.74321910124233	0.0813702226060426	0.375878176714089	-4.50280568956739
ENSMUSG00000055991	0.0640139821955179	7.17552336310764	1.77319710664252	0.0762701875926177	0.366250732695742	-4.50387190704172
ENSMUSG00000030556	-0.0598066422290486	6.87343922385549	-1.73731120821557	0.0824072601332185	0.378225332730595	-4.50390737974995
ENSMUSG00000053560	0.0723978559523992	6.74234372145271	1.74685981858239	0.0807364455644184	0.375443148893545	-4.5039202736956
ENSMUSG00000038393	-0.0839518021855543	7.07077715723982	-1.81912309876576	0.068965475266056	0.350948269191156	-4.50427183544402
ENSMUSG00000038805	0.0996960226200283	7.06343179181091	1.74821604210736	0.0805013813660294	0.375186485373392	-4.50444814625561
ENSMUSG00000015335	-0.0603394937952428	7.1680701910506	-1.80557826860589	0.0710574729174752	0.35602473376676	-4.50497155533258
ENSMUSG00000047635	0.0926322408809419	6.68007869728685	1.74599138384471	0.0808872575540673	0.375443148893545	-4.50542193469076
ENSMUSG00000052656	0.0480100839979274	6.56405173435609	1.772359852971	0.0764089997592852	0.366611376904203	-4.50548770411227
ENSMUSG00000042508	-0.0371663943119742	7.43088651984777	-2.0903002139552	0.036652215920078	0.269393480519914	-4.50554879200368
ENSMUSG00000043419	0.0473739409721974	7.07705009776449	1.75045758806476	0.0801140900970717	0.374464351364617	-4.50556008538716
ENSMUSG00000025503	-0.0527092274646748	6.52214828322527	-1.77691689623087	0.0756559521166783	0.364643938427986	-4.50556279526693
ENSMUSG00000017404	-0.0298401386747722	6.99259579817125	-1.74152091430436	0.0816672217344567	0.376229762920749	-4.50598117548238
ENSMUSG00000024205	0.0996650708657647	7.04730437963099	1.74644915056924	0.0808077334959603	0.375443148893545	-4.50661859658023
ENSMUSG00000052632	0.0721417501718138	7.2617936778224	1.88800986344279	0.0590950917499421	0.33099040287861	-4.5067403104921
ENSMUSG00000045903	0.0992309441432671	6.70282989117727	1.75353532742468	0.0795847912572154	0.373604664649493	-4.50741473226555
ENSMUSG00000041817	0.0882755313924592	7.14332367204618	1.76702618179383	0.0772981394545021	0.367889658036533	-4.50780276382372
ENSMUSG00000070471	0.0544565877682404	7.2388089178702	1.83987236055655	0.0658591392326008	0.344315666155351	-4.50796961121442
ENSMUSG00000089219	0.0532228560108807	7.3419536553572	1.92150754214533	0.0547369172955262	0.321606377491287	-4.50828666954732
ENSMUSG00000026765	0.092005493662989	6.69391435579853	1.76377014990397	0.0778450633461842	0.369545997495646	-4.50842617403334
ENSMUSG00000038057	0.0574068756514494	7.29726541831633	1.91917448386778	0.0550315140711496	0.321991217213841	-4.50875393732674
ENSMUSG00000031903	0.0478202418583784	6.73344811759082	1.74630794077007	0.0808322579395155	0.375443148893545	-4.51063039074441
ENSMUSG00000091390	0.0303511335099165	7.35784301051548	1.98909020472463	0.0467575179926523	0.300499967343541	-4.51102383224311
ENSMUSG00000028416	0.0189308665525134	6.80749352382861	1.7353394384095	0.0827557496864121	0.37879211544012	-4.51186568812667
ENSMUSG00000014905	0.0402770620789363	7.01713548875961	1.73658373640388	0.0825356943073417	0.378302550175436	-4.51226237807654
ENSMUSG00000090223	0.0818762206637578	6.52492453628445	1.77500217433496	0.0759716169896937	0.365386017433937	-4.51228019261874
ENSMUSG00000036560	-0.0341511166294826	7.45352671877298	-2.12307979100536	0.03380684280994	0.259837400690003	-4.51238623321959
ENSMUSG00000026766	0.0515755038457248	6.61081324670961	1.76163556322441	0.0782053230355386	0.370091226898004	-4.51319286748635
ENSMUSG00000079056	0.0585666613522662	6.7073630465111	1.74156823226361	0.0816589343072079	0.376229762920749	-4.51482260580986
ENSMUSG00000033352	0.0733382430260097	7.15852226114003	1.78237942449371	0.0747612698643888	0.36268579467391	-4.51515400403504
ENSMUSG00000021066	0.125309141276838	7.10395465611847	1.74786000229602	0.0805630372184907	0.375186485373392	-4.51559332858838
ENSMUSG00000025899	0.0448630799896321	7.34528723042935	1.92384123064656	0.0544435583305293	0.320689819008223	-4.51574506961482
ENSMUSG00000041975	0.0615694055494034	6.66748938859478	1.75530728192604	0.0792813489966117	0.37305555955004	-4.51579853406076
ENSMUSG00000065208	-0.0609159971513433	7.23035491835585	-1.91173715989029	0.0559794694379246	0.324484671500377	-4.51714853494907
ENSMUSG00000037608	0.0499638162512976	7.44727962535817	2.04787460339596	0.0406357867221742	0.280948493819091	-4.51757565385361
ENSMUSG00000046982	0.0458230233322814	7.2467042896842	1.86344478983338	0.0624710704865215	0.337495693717431	-4.51800394643247
ENSMUSG00000034185	0.0705198340037825	7.25213192812005	1.83961117096122	0.0658975122540496	0.344315666155351	-4.518449270654
ENSMUSG00000024292	0.0778272681662617	7.32046689208616	1.90381279429035	0.057004433338541	0.326931517429754	-4.51863937762121
ENSMUSG00000042190	-0.055010055474523	7.27721735741619	-1.95459993536453	0.0506980993288652	0.312899689245237	-4.52073829680513
ENSMUSG00000020423	0.0889897134913342	6.88150933256044	1.72813389986932	0.0840394264159955	0.381773553022205	-4.52079991108463
ENSMUSG00000067369	0.0718311095824928	6.87058613887099	1.72772791201913	0.0841122308968199	0.381773553022205	-4.52104288962128
ENSMUSG00000053783	-0.0734976126572668	7.1883163864882	-1.84396205974701	0.0652606945175646	0.343080608954915	-4.52121809308747
ENSMUSG00000014748	-0.0835798125262706	7.1054690699986	-1.82803993827827	0.067616101670796	0.348038500348831	-4.52134834014601
ENSMUSG00000019796	0.103236296793969	6.68918844349437	1.74973562634377	0.0802386639773647	0.374524230389621	-4.52155741883413
ENSMUSG00000026578	0.102947682028931	6.87216335496051	1.73114129430444	0.0835017078668251	0.380671202171626	-4.52213769417398
ENSMUSG00000044150	0.0421420172674827	7.20607613473796	1.8099824962855	0.070371603660419	0.354683346627495	-4.5224228968751
ENSMUSG00000066647	0.031711168987961	7.5835760649854	2.27733906347707	0.022817201259693	0.222238228936004	-4.52321381645941
ENSMUSG00000022742	0.0813188539540102	7.12312445423614	1.75013894601533	0.0801690521172114	0.374464351364617	-4.52388831127706
ENSMUSG00000041426	0.0662134591949339	7.05967425404541	1.72852208592256	0.0839698620032164	0.381650482413546	-4.52391848217878
ENSMUSG00000052605	0.051950263864347	7.24717253077945	1.84062046486066	0.0657493324239638	0.344207804568577	-4.52397749479302
ENSMUSG00000002458	0.0502734592807066	6.87142426022446	1.72758577216827	0.0841377324406511	0.381773553022205	-4.52411212365889
ENSMUSG00000027104	0.0692748272182575	7.30660292996202	1.87085581397502	0.0614361627540433	0.33535997717068	-4.52542357370282
ENSMUSG00000033096	0.0702988262996902	7.01330769634844	1.723904564947	0.0848003672297129	0.38286777972851	-4.52624803333737
ENSMUSG00000048970	0.0699791622524257	6.53846798974977	1.7696658445385	0.0768570509801762	0.36742873666757	-4.52709900934755
ENSMUSG00000040818	0.0433903541447247	7.26472338787215	1.87454283892156	0.0609266042972483	0.334899225847436	-4.52787431488101
ENSMUSG00000000266	0.0796644720164164	7.20031854948695	1.78426733030509	0.0744540760633158	0.36240504659519	-4.52809877910364
ENSMUSG00000029621	0.0441791667076536	6.81886630924323	1.72461337311744	0.0846724511679664	0.382790627854381	-4.52894774609508
ENSMUSG00000062393	0.107946810466619	7.06832386807304	1.73221647439797	0.0833101446859499	0.380053479694518	-4.52948814824935
ENSMUSG00000021224	-0.0613494639701067	6.62942666331682	-1.73145324993076	0.0834460904988051	0.380545608806862	-4.52992370118915
ENSMUSG00000063049	0.0840012046913836	6.89504191653064	1.72208721718363	0.0851290519715851	0.383830956644746	-4.5304527208707
ENSMUSG00000090061	-0.045858127598394	6.58623307843479	-1.74325070456772	0.0813647037629089	0.375878176714089	-4.53102423468191
ENSMUSG00000097156	0.0551086887726751	7.36321878497858	2.01261566876318	0.0442202645299999	0.293891346322421	-4.53129943959778
ENSMUSG00000057265	-0.0324342065312626	7.40862133246665	-2.07558497620095	0.0379944747354457	0.271979455365984	-4.53239370445535
ENSMUSG00000010066	0.115801989392838	7.01602788882323	1.72393722549651	0.0847944696631676	0.38286777972851	-4.53261976092303
ENSMUSG00000025265	0.0262319711324066	7.47784080305477	2.11528577490935	0.0344656829976366	0.262667639169172	-4.53373121827259
ENSMUSG00000103574	-0.0816376469377289	7.26394376730724	-1.8009706552374	0.0717808736759762	0.35745789381451	-4.5344805096443
ENSMUSG00000035277	0.0567237661766242	7.3010134845948	1.82010254508455	0.0688161832803602	0.350623755323233	-4.53570516182443
ENSMUSG00000035093	0.0512927849570595	7.13552250705422	1.77057988544137	0.0767047936913762	0.366905573028918	-4.53632949617361
ENSMUSG00000086212	0.0781813138667538	7.27101421268015	1.93142714527097	0.053499012771905	0.3189348610466	-4.53672672386162
ENSMUSG00000046449	0.0510134469210026	7.36581222579806	1.94822123514563	0.0514565588849706	0.315249898491835	-4.53688630384502
ENSMUSG00000104362	0.0303844652625864	7.58627197929136	2.26424929990899	0.0236107384442714	0.225593590127142	-4.53695632776216
ENSMUSG00000038215	-0.0405813224104348	7.29177940868509	-1.94422765780171	0.0519362342654173	0.315933338124468	-4.53742740795566
ENSMUSG00000021519	0.0382936536811416	7.31863685337827	1.90937900940928	0.0562828632711337	0.324992785447202	-4.53745233296451
ENSMUSG00000037278	-0.066773579381822	6.88960265050948	-1.71674463301781	0.0861012809257163	0.385769650516688	-4.53751797937282
ENSMUSG00000044149	0.0918299941013343	6.67284195530067	1.74854501109983	0.0804444474840885	0.375182490540694	-4.53765699606647
ENSMUSG00000074872	0.0267803891570448	6.87415470628612	1.71716898779336	0.0860237313573589	0.385684441052603	-4.53806553577582
ENSMUSG00000028441	0.104508634708621	7.05812123249817	1.7350323231598	0.0828101364629383	0.37879211544012	-4.53836240408481
ENSMUSG00000050783	0.0550401583844913	7.3025087574182	1.90180015785909	0.0572672271784314	0.3279519584138	-4.53856911283164
ENSMUSG00000001018	0.0394816136098033	7.44236352264149	2.01798522022628	0.0436577355643496	0.291305414421549	-4.53964425426798
ENSMUSG00000084421	-0.0263934259823104	7.43266674280234	-2.0444846313556	0.0409693584367239	0.281553833612732	-4.53983625292761
ENSMUSG00000002428	0.0393897186483336	7.12124399754044	1.74511240841141	0.0810401329507886	0.375766799776604	-4.54011732816086
ENSMUSG00000036023	-0.0516960293950328	7.12074490947951	-1.78401982848398	0.074494289884298	0.36240504659519	-4.54070092380938
ENSMUSG00000029518	0.0865541809761465	6.89018760498182	1.71610050588638	0.0862191011935577	0.385769650516688	-4.54075642849781
ENSMUSG00000034345	0.0382384101268824	6.9531454048927	1.71322750060307	0.0867462032547763	0.387131344216016	-4.54088347486891
ENSMUSG00000032253	0.0335261688286339	7.3120005726729	1.91387259378393	0.0557059065606614	0.324285393366015	-4.54114821431018
ENSMUSG00000044364	0.0623571080916676	7.15155290587486	1.73890486576373	0.0821264684921931	0.377404367210115	-4.54141489608956
ENSMUSG00000021670	0.0781763342169919	7.33384098836389	1.89901645773282	0.0576323607443624	0.328377025910615	-4.54185425391557
ENSMUSG00000047361	-0.0625464079299896	7.25187108252535	-1.85752412271244	0.0633081862685242	0.339745178052457	-4.54250297004624
ENSMUSG00000052397	-0.0540820460831437	7.09897521189528	-1.76822876085886	0.0770969329001876	0.367754156435154	-4.54253952831544
ENSMUSG00000040022	0.0599247409003452	7.20900962515155	1.78355155462003	0.0745704230692853	0.362504767290559	-4.5431747746731
ENSMUSG00000051950	0.0586080606814408	7.29891608499337	1.86938696398405	0.061640143318287	0.33535997717068	-4.54391605854993
ENSMUSG00000042444	0.0391813028650834	7.44255121931963	2.10011214269403	0.035779849610665	0.266924741093984	-4.5439925458728
ENSMUSG00000026623	0.08098668716109	6.73118100325405	1.72154292861367	0.08522769206528	0.383934666218989	-4.54640168771591
ENSMUSG00000102428	0.0244267368479392	7.38238911270088	1.96703949944294	0.0492459093071825	0.30806962237965	-4.5465584641296
ENSMUSG00000064023	-0.0892843606041964	7.08947588630867	-1.78133560682684	0.0749315605497193	0.363088669740205	-4.54718697445273
ENSMUSG00000031353	0.0499324881520042	6.86509871168133	1.71105155943395	0.0871471465385236	0.388156107856351	-4.54794376535117
ENSMUSG00000049858	-0.0899296063392399	6.70322265087822	-1.71496244702163	0.0864275872109268	0.386217939158123	-4.54796959819366
ENSMUSG00000024530	0.0745062823567499	7.26930368349948	1.83960535744492	0.0658983665642972	0.344315666155351	-4.54799171943605
ENSMUSG00000060301	0.0352807407517997	7.32471127953106	1.93185573038231	0.0534460594451593	0.3189348610466	-4.54851483221873
ENSMUSG00000039770	0.0386065632162245	6.65420573958699	1.7355713742908	0.0827146955566311	0.378771585167536	-4.54852098051151
ENSMUSG00000007589	0.0602278673890257	7.26045642256515	1.84850994313214	0.0646004795153732	0.341478428452505	-4.54853639160748
ENSMUSG00000024665	-0.0358877362627359	7.42846605443833	-2.07629337305405	0.0379289127390497	0.271979455365984	-4.54894736196642
ENSMUSG00000097023	0.0536541817062792	7.32021204950857	1.89271382022211	0.0584662260918561	0.329735895737681	-4.54928924926546
ENSMUSG00000031917	0.102425885948842	6.94551518484891	1.70887973973494	0.0875488209948016	0.388787911224521	-4.54959871771131
ENSMUSG00000026174	0.0427591140974304	7.04673613254051	1.72188762907971	0.0851652121097494	0.383866338359037	-4.5501350368533
ENSMUSG00000040794	0.0675025232569739	6.72207131749026	1.71976036811792	0.0855513884968548	0.384357095417736	-4.55047704185158
ENSMUSG00000000441	0.0448076389425847	7.38304748993131	1.98984823759073	0.0466738921769745	0.300499967343541	-4.55137189400553
ENSMUSG00000030842	0.0557613005892588	7.04361556151216	1.71598251497791	0.0862406975671614	0.385769650516688	-4.55270191090123
ENSMUSG00000083353	0.0771388258204198	7.35624361010348	1.97318405345568	0.048541578684223	0.306209572934953	-4.55280018712905
ENSMUSG00000028405	-0.0314792147573089	7.41331989850171	-1.98295019748179	0.0474395401363852	0.302397815991658	-4.55294454386099
ENSMUSG00000092564	-0.0392740198371699	7.07589853794253	-1.75916362146608	0.0786242143314586	0.371424075925406	-4.55320891914122
ENSMUSG00000041355	-0.0737300327896309	6.76104695467167	-1.71597589364866	0.0862419096264995	0.385769650516688	-4.553639986642
ENSMUSG00000035632	-0.0188574793027261	7.17270371951033	-1.80332360489362	0.0714107072389062	0.356737792463187	-4.55479839259986
ENSMUSG00000030754	0.0270810743122745	7.21973982129263	1.78211318639916	0.0748046744553388	0.362733110252319	-4.55498968097558
ENSMUSG00000039089	0.0812896513213177	7.01373976191852	1.71149324872549	0.0870656391815669	0.388118515456304	-4.55644851795823
ENSMUSG00000000278	0.0569970202304058	7.26300749517684	1.80299735717175	0.0714619389392824	0.356862235041912	-4.55843167414297
ENSMUSG00000063316	0.0964676186976225	6.94173780907421	1.70546477295306	0.0881834339895409	0.390164207839802	-4.55865233537748
ENSMUSG00000042670	0.0351655327706739	6.74496808846849	1.71011594039128	0.0873200049344097	0.388541065605752	-4.56364962727488
ENSMUSG00000043391	0.0611829563561548	6.90613966081123	1.69892815916419	0.0894084969467014	0.392836515145833	-4.56450073674971
ENSMUSG00000054717	-0.0640244396561442	7.28070558577766	-1.84809759931631	0.0646601111545593	0.341645279436288	-4.56458364923501
ENSMUSG00000032834	0.0729038359443761	6.82707403921569	1.70193828475344	0.0888426600648472	0.391607221442087	-4.56504429179969
ENSMUSG00000047045	0.0958935106770253	7.21648874401549	1.7878463451801	0.0738745426664449	0.361277146775972	-4.56568920678321
ENSMUSG00000099478	0.0414067326512617	7.45138454287038	2.08626485904474	0.0370162196433829	0.269770949144452	-4.56576150273154
ENSMUSG00000026771	0.0444200071341072	7.42235072005764	2.02850180144368	0.0425734953129603	0.287432652806237	-4.56626982872622
ENSMUSG00000018750	-0.0437781326316982	6.99623891991683	-1.71089402774267	0.0871762316287497	0.388156107856351	-4.56651676460682
ENSMUSG00000029454	-0.0728380566278828	7.21857750662364	-1.823451609701	0.0683077084473319	0.349741658281316	-4.56681548982655
ENSMUSG00000042684	0.0555238570405638	6.87447872862668	1.69678983076649	0.0898122163395591	0.394069265091179	-4.56736472602355
ENSMUSG00000048747	-0.0713826496860799	7.19666466224697	-1.78323770677176	0.0746214848535799	0.362553678717811	-4.56854474229195
ENSMUSG00000036555	-0.0193924897473989	7.24870220742238	-1.86510388075785	0.0622381433199466	0.337495693717431	-4.56897898184764
ENSMUSG00000079657	0.0454997758147195	7.43175248155789	2.0448294992322	0.0409353178807158	0.281553833612732	-4.5692427140785
ENSMUSG00000025289	0.0435131203179138	6.86929099767928	1.6985475316974	0.0894802527899792	0.392866990714553	-4.56932328616365
ENSMUSG00000009035	0.0304029844755318	6.88045940591875	1.69509422943503	0.0901333907741394	0.394354111526603	-4.56937033958102
ENSMUSG00000045648	0.0765663971459691	6.7735047828885	1.71054696852648	0.0872403368546716	0.388314014141706	-4.57006348273821
ENSMUSG00000028865	0.0782147893759717	6.75219754403647	1.7055789638691	0.0881621537705339	0.390164207839802	-4.57057145427489
ENSMUSG00000073164	0.0759455651422387	6.83491783168331	1.704329991879	0.0883951330452509	0.390760095802906	-4.57061439020736
ENSMUSG00000028221	0.0363250701008271	6.83091170130063	1.69587559034582	0.089985273636463	0.394289295258577	-4.57147699666081
ENSMUSG00000028108	-0.0755547631374762	7.15931783467272	-1.79076251156421	0.0734050734945098	0.360197606383845	-4.57149115989465
ENSMUSG00000086067	0.0326729425518657	7.24072637682061	1.86177458504701	0.0627062860429033	0.337818203309822	-4.57286652973276
ENSMUSG00000029686	0.0435359082717346	7.40196521250114	1.94153686315492	0.0522615357445553	0.31610119144601	-4.5735189920818
ENSMUSG00000042182	0.0372617482821704	7.10269196929896	1.70901218721923	0.0875242823448848	0.388787911224521	-4.57367339784536
ENSMUSG00000030249	0.0527029469247706	7.16294899426393	1.78259418362161	0.0747262728466639	0.36268579467391	-4.57377562684171
ENSMUSG00000042303	0.0334382850071577	7.05015237071422	1.71985414371095	0.0855343349831691	0.384357095417736	-4.57383557052062
ENSMUSG00000050914	0.0623010927816132	6.72218024903876	1.7065587560984	0.0879797333186097	0.38981347200448	-4.57396866570137
ENSMUSG00000043432	-0.0635221865244553	7.21651048601742	-1.83726863454627	0.0662424938380808	0.344887575956235	-4.57465814668271
ENSMUSG00000028560	0.0536196085043894	7.19234110260684	1.75171040548057	0.0798982906463521	0.374054221195871	-4.57466513716656
ENSMUSG00000022769	0.0524423069015665	6.47056978556381	1.74364752580988	0.0812954333014905	0.375878176714089	-4.5746693780737
ENSMUSG00000020152	0.0673331098693071	6.96258585946778	1.69422534706056	0.0902983291703198	0.394906628473344	-4.57480566199292
ENSMUSG00000028478	0.0374801136217675	6.57893017536576	1.73506993444509	0.0828034743559642	0.37879211544012	-4.57606555347726
ENSMUSG00000075707	-0.0692720806092977	6.92363819145887	-1.6953482353713	0.0900852191232372	0.394354111526603	-4.57609429089479
ENSMUSG00000029992	0.0354091539237515	7.29198592177541	1.85707967402376	0.0633713987339235	0.339745178052457	-4.5761834555789
ENSMUSG00000029234	0.0541935933422488	7.3982950598497	1.93450793944742	0.0531193419673777	0.317685063252627	-4.57643223046891
ENSMUSG00000049606	0.0591533934880122	6.9340463034061	1.69122372684389	0.0908699915964507	0.39576464698512	-4.57650636429515
ENSMUSG00000035772	0.0790693250780956	6.83689708386701	1.70191663837726	0.0888467187753253	0.391607221442087	-4.57662307787188
ENSMUSG00000021379	0.0613787714007179	6.96561666054151	1.69208871156057	0.0907049563060737	0.395426944565192	-4.5773358889578
ENSMUSG00000020964	0.0506333991952115	6.65095035337319	1.711936683069	0.0869838717289872	0.387936622665003	-4.57736468856751
ENSMUSG00000020085	0.0933094941673955	7.15258617246022	1.72104512052482	0.0853179895370889	0.383985262433955	-4.57777892314813
ENSMUSG00000019988	0.0477295500561983	7.2332921543046	1.80761450586773	0.0707396918074167	0.355667553649222	-4.57855756850315
ENSMUSG00000028252	0.038038552286924	7.37589287608815	1.94835685989873	0.051440334110257	0.315249898491835	-4.57881763306794
ENSMUSG00000015478	-0.0774534594797851	7.01666248349477	-1.69354040926053	0.0904285208723116	0.395067688228515	-4.5791329695163
ENSMUSG00000004902	-0.0601176767389999	7.3787303397421	-2.00660150710939	0.044857578366243	0.295124610791981	-4.57962936034121
ENSMUSG00000028795	-0.0562447194096825	7.16726904311761	-1.77048519092563	0.0767205560950718	0.366905573028918	-4.57985662251548
ENSMUSG00000041926	0.0702277476296391	6.90200484041233	1.6885161557322	0.0913881464029627	0.396873955455275	-4.58026355541112
ENSMUSG00000006218	0.060792508460354	6.92441157480656	1.68820889954524	0.0914470966125505	0.396920769242813	-4.58079058322654
ENSMUSG00000049892	0.078794563049005	6.77007152394973	1.69402714187413	0.0903359881203828	0.394906628473344	-4.58129796060109
ENSMUSG00000081520	-0.0475461275645079	7.17766664724554	-1.81416883064976	0.0697247127992911	0.353393516311323	-4.58234075664452
ENSMUSG00000071655	-0.0303448510474267	6.92060989920478	-1.68747238677731	0.0915885285368582	0.397108177135505	-4.58242190693522
ENSMUSG00000027859	-0.0510888920039374	7.22893026232012	-1.85405347440344	0.0638031934476498	0.340099191015303	-4.58268430571008
ENSMUSG00000086290	-0.0336171110141246	7.11821044823835	-1.71893126168054	0.0857022848719552	0.384624819031436	-4.58488432398648
ENSMUSG00000031731	0.0552726128250658	6.92423972708433	1.68533545213312	0.0919998778439616	0.397789996085295	-4.58530807331243
ENSMUSG00000085084	0.0388059830752656	7.49187469152739	2.04199352250512	0.0412159593586892	0.282321536070826	-4.58531041404045
ENSMUSG00000079260	0.0283292188848696	7.28980639313914	1.86224350338427	0.062640174252046	0.337684088472859	-4.58614194135709
ENSMUSG00000042097	0.0853896034437778	6.9487586767987	1.68528378816133	0.0920098412541293	0.397789996085295	-4.58619131113549
ENSMUSG00000035914	0.0366423595995009	7.46935670619158	2.01587366931915	0.0438782219713143	0.292191028235304	-4.58625047322748
ENSMUSG00000048406	0.0361641624720894	6.95252542676704	1.68607039103645	0.0918582385661234	0.397679346667814	-4.58634812845659
ENSMUSG00000049960	0.0401550750436508	6.7826874052461	1.68939143221118	0.0912203832526475	0.396399344916473	-4.58680823475985
ENSMUSG00000053846	0.0919840010262192	6.93718604091344	1.68609312727981	0.0918538595765853	0.397679346667814	-4.58692893509265
ENSMUSG00000093994	0.0300917316432274	7.51223610422826	2.10120271508569	0.0356839911301855	0.266705375823073	-4.58728833730116
ENSMUSG00000026199	-0.0242452487302698	7.07213926594339	-1.72880239628191	0.0839196583234874	0.381650482413546	-4.58744701244591
ENSMUSG00000074968	0.107534563729412	6.69278148946523	1.70065892737182	0.0890827971954635	0.392010569417752	-4.58751791953154
ENSMUSG00000021375	-0.0335084614030032	7.44553584743131	-2.0761448995281	0.0379426459572836	0.271979455365984	-4.5883055480665
ENSMUSG00000015745	-0.07286359381333	6.71830731290828	-1.68944837900452	0.0912094769190877	0.396399344916473	-4.58834155699911
ENSMUSG00000033361	0.0196939866612151	7.31173547250044	1.86100756055314	0.0628145515964051	0.337818203309822	-4.58932075863273
ENSMUSG00000068758	-0.0742713222492162	7.36005532199123	-1.9363703655669	0.0528909144221244	0.317182346157521	-4.58983486631393
ENSMUSG00000079109	0.0428657818737763	7.43088173679064	2.02969254899239	0.0424521794835894	0.287208906905441	-4.59283623999743
ENSMUSG00000057329	-0.0707922716870124	7.02724437096294	-1.71247398715727	0.0868848781844612	0.387622631926596	-4.59300208850378
ENSMUSG00000044647	0.0788259362200598	7.15602521363314	1.70324610829697	0.0885977194060608	0.391145516023241	-4.59340098377062
ENSMUSG00000044221	0.0799537969986801	6.58678129213972	1.71987383122516	0.0855307550692368	0.384357095417736	-4.59343288127273
ENSMUSG00000022523	0.059825274920251	7.32641296322883	1.83173293977384	0.0670636441714565	0.347083244803992	-4.5941802130207
ENSMUSG00000037573	0.0913021901554547	6.92511469179526	1.68237425554583	0.0925723463350845	0.398443133844786	-4.59465470124499
ENSMUSG00000004936	0.103759920754	7.07082019232143	1.69091263026091	0.090929406494437	0.395896240607443	-4.59496968574296
ENSMUSG00000062376	0.0927796191802583	7.20090056393419	1.73232247629568	0.0832912777921316	0.380053479694518	-4.59549201550564
ENSMUSG00000078193	-0.0890124260431557	6.9226530426833	-1.68050442969929	0.0929352987693048	0.399371404346825	-4.59580117717521
ENSMUSG00000036959	-0.0273846054064908	7.15151330521603	-1.76221833689597	0.0781068323446839	0.370091226898004	-4.59608981924097
ENSMUSG00000057411	0.063750590792834	7.25158573321632	1.80056486755	0.0718448709724546	0.35745789381451	-4.59652805418234
ENSMUSG00000010097	-0.0684082091875942	7.06940835590646	-1.74471239693686	0.08110978240958	0.375832682812401	-4.59674550808195
ENSMUSG00000066392	0.0816767677719756	6.9012214792829	1.68289040888876	0.0924723564422436	0.398178707986139	-4.596760746006
ENSMUSG00000063296	-0.054152107524553	7.02525805462053	-1.69052442316303	0.091003592201007	0.395964923960608	-4.59710163294928
ENSMUSG00000024856	-0.0426950036800688	6.54860878910378	-1.70536097811009	0.0882027804269799	0.390164207839802	-4.59763945843237
ENSMUSG00000025907	0.0526066109157215	7.19131204615096	1.77745282875196	0.0755677892666855	0.364348537296487	-4.59834324080632
ENSMUSG00000024526	-0.062815342344436	7.346177060757	-1.90197448472166	0.057244425181824	0.3279519584138	-4.59853259400385
ENSMUSG00000034343	0.0701554296134823	7.28151328092308	1.85706612839898	0.0633733261022764	0.339745178052457	-4.59857029074275
ENSMUSG00000031095	0.0332213887519668	7.27700922891917	1.8216875153527	0.0685751572252608	0.35028515082835	-4.59956698131743
ENSMUSG00000027274	0.0446058693474738	6.42793619518038	1.72867979265416	0.0839416136828003	0.381650482413546	-4.60001719877525
ENSMUSG00000032267	0.0421882278186603	7.36150286364796	1.98677653002194	0.0470135418399006	0.301090977924125	-4.60040324588973
ENSMUSG00000035376	0.035307634765644	7.55183254954728	2.25349774599252	0.0242803390772794	0.227164773446476	-4.60059764059866
ENSMUSG00000054520	-0.0705972743107282	7.04662007900036	-1.70112723649291	0.0889948343116146	0.391877870606324	-4.60112872953027
ENSMUSG00000026107	0.0441586390807842	7.42058655797839	2.01374661413202	0.0441012775303601	0.293306691969872	-4.60242901408378
ENSMUSG00000048758	-0.0429905616778816	6.9993609058147	-1.68626841104678	0.0918201056402441	0.397679346667814	-4.6033697788763
ENSMUSG00000008301	0.0640799567222112	6.69005632736605	1.70138445014147	0.0889465514530167	0.391792509616634	-4.60391141890064
ENSMUSG00000026924	0.0155551539189371	7.47593202025706	2.07949087926916	0.03763418066618	0.271262212372179	-4.60441307766512
ENSMUSG00000036192	-0.0772482283260176	6.91103380523652	-1.6746160302225	0.0940857679878325	0.401768454292609	-4.60447342358331
ENSMUSG00000059288	-0.0466239961425945	7.29017109599676	-1.82787364836795	0.0676410658065368	0.348038500348831	-4.60528998025682
ENSMUSG00000089296	0.0406837008818828	7.44366730434152	2.04855809672156	0.0405688110134199	0.280771791587517	-4.60644022274426
ENSMUSG00000094487	0.0351368038595172	7.51773419988663	2.14755865757422	0.0318072117101773	0.254120316067521	-4.60678208199973
ENSMUSG00000082226	-0.0607925697004887	6.97662030585352	-1.70411438561285	0.0884354017604821	0.390810683529536	-4.60703541037056
ENSMUSG00000046434	0.045819021056352	6.96935636614384	1.67015965158144	0.0949640221910444	0.403160188182184	-4.60864081888342
ENSMUSG00000025151	0.0393754438145226	7.08564729485894	1.68319070360051	0.0924142228954117	0.398141733084205	-4.60926606761524
ENSMUSG00000042207	0.0356712596984261	7.38304656303245	1.99394033936063	0.046224625131296	0.299557875056325	-4.60958080471684
ENSMUSG00000038467	0.0358102428428282	6.4882774189682	1.72253211407011	0.0850484930016099	0.383595298774393	-4.60969291206765
ENSMUSG00000045201	0.0643617349317278	7.03006307883608	1.67075522700803	0.0948462683896947	0.402858930710364	-4.61016267492944
ENSMUSG00000054000	0.061766109675073	7.32169703413736	1.81117678091931	0.0701865573302637	0.354474958631994	-4.61046798557086
ENSMUSG00000028382	0.0348368787188802	7.30413476205346	1.84956252226681	0.0644484652529639	0.341172189713901	-4.61171483367883
ENSMUSG00000030224	0.0722553404467465	6.88328439883834	1.67156893156699	0.0946855765420068	0.402554734009573	-4.61196104548652
ENSMUSG00000050473	0.0660558513348022	6.77766462450098	1.67818664075346	0.0933867905562039	0.400170071542671	-4.61228798752038
ENSMUSG00000049511	0.092407362388526	6.58495552265246	1.70198718988325	0.0888334908695002	0.391607221442087	-4.61269284292627
ENSMUSG00000046182	0.0675725534510594	6.70134648195257	1.68602531380755	0.0918669209148542	0.397679346667814	-4.61291284849402
ENSMUSG00000028757	0.0387142973997925	6.70430025656735	1.68571578821881	0.0919265566173073	0.397789996085295	-4.61306750325724
ENSMUSG00000028850	0.0604704861189527	7.01996939888996	1.66746414839616	0.0954984276931199	0.40385766770534	-4.61378600887481
ENSMUSG00000027239	-0.056514692625278	6.96645054767422	-1.67202540404782	0.0945955271339155	0.402542778313888	-4.614200775077
ENSMUSG00000065191	0.0392569140082344	7.4713049221668	2.07217457798276	0.0383114574484255	0.273602705807374	-4.61489770998827
ENSMUSG00000065738	-0.119332781288168	7.24526404982853	-1.75732856165059	0.0789363603474827	0.372120714044218	-4.61495009677616
ENSMUSG00000036356	0.0877496108992633	7.07461558416653	1.68914087538299	0.091268381844794	0.396480846219711	-4.61515024276881
ENSMUSG00000013662	0.0532591292740818	7.21649236413687	1.75037619346377	0.080128126798629	0.374464351364617	-4.6152772453613
ENSMUSG00000027722	0.0796809015407023	6.68928530774622	1.68322292030112	0.0924079878629207	0.398141733084205	-4.61533178643426
ENSMUSG00000063646	0.0610255618808155	6.55069137094031	1.70717893055432	0.0878644249596806	0.389557185612606	-4.61534228125374
ENSMUSG00000038587	-0.0487779150724235	6.74918915718009	-1.67078356222736	0.0948406690283361	0.402858930710364	-4.61772386166112
ENSMUSG00000063550	0.0225743562743999	7.49690572813843	2.10855903176883	0.0350430974145901	0.264393052168621	-4.61849543953439
ENSMUSG00000060510	0.0448370654267807	7.3300046117109	1.88227139507005	0.0598698548479051	0.331989976289529	-4.61968817122146
ENSMUSG00000025134	0.0330610697863873	7.06691052897867	1.67902149091816	0.0932239641761204	0.400104623709984	-4.6201511020512
ENSMUSG00000033022	0.0751272829458705	6.65169027055423	1.69506511452141	0.0901389136761279	0.394354111526603	-4.620390372529
ENSMUSG00000055531	0.0272563077036994	7.56741170146154	2.22777040456539	0.0259498235362057	0.232536488766607	-4.62059042207126
ENSMUSG00000031202	0.0645963328964339	7.36879357269085	1.89294944490731	0.0584348725482832	0.329735895737681	-4.62060473611925
ENSMUSG00000021140	0.0192487147166229	7.33406269741813	1.88758747143399	0.0591518345529513	0.33099040287861	-4.62064469946335
ENSMUSG00000031527	-0.110304974644089	6.6366821009576	-1.6863916840691	0.0917963732489547	0.397679346667814	-4.62111494344703
ENSMUSG00000022010	0.0582570694380191	6.56507166235739	1.69575683981461	0.0900077717086071	0.394289295258577	-4.62150152747513
ENSMUSG00000090000	0.0266374750127847	7.21990081458001	1.76186716691726	0.0781661691370149	0.370091226898004	-4.62175439303948
ENSMUSG00000030271	0.0453786847162139	7.45964841954079	1.98729898083287	0.0469556262140506	0.301004435087517	-4.62184949589193
ENSMUSG00000055932	0.0404874542542153	7.30055386353181	1.80126472410131	0.071734524901014	0.35745789381451	-4.6218710929834
ENSMUSG00000024909	-0.0774781578054169	7.15297151798806	-1.73553102288723	0.0827218368255698	0.378771585167536	-4.62261557003411
ENSMUSG00000076315	0.0851422427278425	7.28794802511739	1.83835451211021	0.0660823937639319	0.344382791626512	-4.62310179988095
ENSMUSG00000078591	0.0979384971741881	6.84197651791845	1.66469989248101	0.0960489632212864	0.405174811248973	-4.62358053150863
ENSMUSG00000046417	0.0818266063772741	6.81576389200278	1.66190018749775	0.0966091460457989	0.406147845608974	-4.62374857477446
ENSMUSG00000022751	0.0653730543246125	7.01595123769985	1.66338057683873	0.096312615456876	0.405404048545273	-4.62386128970447
ENSMUSG00000025010	0.0421353669360514	7.33515071995735	1.86401421806972	0.0623910447581731	0.337495693717431	-4.6241262260475
ENSMUSG00000021400	0.0681000131115201	6.62645963104022	1.69290666186948	0.090549116921067	0.395255932780369	-4.62444772785121
ENSMUSG00000099213	-0.070486727499806	7.05399566887789	-1.70886411916854	0.087551715395458	0.388787911224521	-4.62503924430412
ENSMUSG00000027782	0.0488453860740465	7.30774118436007	1.84169876317386	0.0655913253710439	0.343752295856441	-4.62557245948603
ENSMUSG00000001025	-0.0636078706503307	6.97815697399122	-1.67433372275204	0.094141210610663	0.401878631441867	-4.6259529017648
ENSMUSG00000021775	0.0594953047769167	6.64051735217889	1.68557474511901	0.0919537414386211	0.397789996085295	-4.62662017297988
ENSMUSG00000045100	0.10412436329984	6.86982755407449	1.65911837674939	0.0971683348625258	0.406512507272337	-4.62708359147953
ENSMUSG00000018574	0.103158969118954	7.35043330276679	1.9051184590075	0.0568344874741215	0.326848976758528	-4.62773804865564
ENSMUSG00000083579	-0.0857963383296685	7.02776162081547	-1.70913948129676	0.0875007037021341	0.388787911224521	-4.6280225952978
ENSMUSG00000064115	0.0641537214867318	7.0231182604378	1.6694253071883	0.0951093738715935	0.403160188182184	-4.62807308624094
ENSMUSG00000026799	0.0876424377471121	6.73133668237818	1.6667494910064	0.0956405176366879	0.40433244094737	-4.62891898064978
ENSMUSG00000007670	0.0252909560507151	6.80165630432239	1.65833865744544	0.09732553463682	0.406512507272337	-4.62903122229361
ENSMUSG00000029439	-0.0522267131418319	7.20378382882661	-1.85597221409068	0.0635291360916113	0.34004264789975	-4.62908230698874
ENSMUSG00000018160	0.0377848960307929	7.34465016583987	1.91096325583932	0.056078887465787	0.324594959404156	-4.62909138026212
ENSMUSG00000037857	0.0577855252841246	7.20347342778306	1.76749957071425	0.0772188845326286	0.367873061398913	-4.62939346197448
ENSMUSG00000007812	0.0492862634439568	7.48902469260563	2.02766877150632	0.0426585403839699	0.287646288748674	-4.62962780877722
ENSMUSG00000027881	0.0517361458129191	7.11235902763077	1.72865848409459	0.0839454300074874	0.381650482413546	-4.6301317788524
ENSMUSG00000026384	0.0399959242130947	7.36837020385942	1.91981980179467	0.0549498973665996	0.321679925948341	-4.6306839246121
ENSMUSG00000025782	-0.12155815033343	6.80878520770882	-1.65836927078502	0.0973193588258427	0.406512507272337	-4.63096898408534
ENSMUSG00000042363	0.0330476937211879	7.21550494678161	1.77309878556271	0.0762864780301501	0.366250732695742	-4.63136332249365
ENSMUSG00000057778	0.0686893087527647	7.09787806704343	1.72058405799871	0.0854016907296796	0.384165933282348	-4.63171245716185
ENSMUSG00000049225	0.0793145538435462	6.52868460164012	1.69343950230048	0.0904477138413713	0.395067688228515	-4.63212302145448
ENSMUSG00000029571	0.0524066294645911	7.21705964998513	1.7489609650964	0.0803725061590302	0.374979503958752	-4.63291452688635
ENSMUSG00000020326	0.0564772456908846	7.01793259439411	1.6683686937946	0.0953188262675168	0.403475693579455	-4.63304090376967
ENSMUSG00000031835	0.0228077218875606	7.2711293400609	1.82251652795794	0.0684493661995345	0.350183823581125	-4.6333619232805
ENSMUSG00000073293	0.0411779856341514	7.19895016767198	1.73683677259211	0.0824910027085096	0.378225571431171	-4.63450177433929
ENSMUSG00000071650	0.0815491501168522	7.02149531891551	1.66167423861847	0.096654469114183	0.406191747242518	-4.63453667581923
ENSMUSG00000037904	0.0527181996977726	6.86525203546619	1.65409534672697	0.0981845998093469	0.407515789427309	-4.63468594186604
ENSMUSG00000045071	0.0768313494067652	6.80210156590054	1.6568989554324	0.0976163284026896	0.40697484024713	-4.63497483877449
ENSMUSG00000021303	0.032613606499603	7.30014147861486	1.80769569712668	0.0707270450742196	0.355667553649222	-4.63514120057518
ENSMUSG00000071533	0.0359529656100195	7.35683862279637	1.87006629703115	0.061545734101049	0.33535997717068	-4.63664172606924
ENSMUSG00000061665	0.0383635841300611	7.54980278858542	2.12694372711274	0.0334842324246727	0.258574231752193	-4.63693221668053
ENSMUSG00000011158	-0.0354109836864946	7.42987986976995	-1.99124940726299	0.0465196472955554	0.300339703825305	-4.63748194670174
ENSMUSG00000027673	0.0351288869178692	6.72521692323302	1.66845416507651	0.0953018695753033	0.403475693579455	-4.63775375338827
ENSMUSG00000026667	0.042163636685407	7.47214654129703	2.04894411342916	0.0405310265071336	0.280771791587517	-4.63800629484784
ENSMUSG00000021217	-0.0690065135179267	6.90926399042467	-1.66081637829121	0.0968267021997328	0.406306539283187	-4.63803308034464
ENSMUSG00000021994	0.0448777042395845	7.2680209613238	1.79252747612473	0.0731221223047056	0.359888841652245	-4.63889128592252
ENSMUSG00000029311	-0.034633456488721	7.18370535534874	-1.70590001442702	0.0881023461062811	0.390164207839802	-4.63946233089824
ENSMUSG00000025737	-0.0399872668353298	7.05828654764181	-1.69211143633081	0.0907006237730806	0.395426944565192	-4.6397428509145
ENSMUSG00000034863	0.0365264767508284	7.05890966220363	1.67378787943396	0.0942484835929441	0.401885458356493	-4.64010677469785
ENSMUSG00000032537	0.0690331797782946	6.92010664280823	1.64978471631011	0.0990634870806339	0.409134546124669	-4.64011816764761
ENSMUSG00000049191	0.0717542409982226	6.86997581073669	1.65093260397365	0.0988288348239232	0.408886586067364	-4.64046402506392
ENSMUSG00000021913	0.0904792712689861	6.87625085057742	1.65015498417846	0.0989877480290794	0.409091937729082	-4.64124652847615
ENSMUSG00000090150	0.0791440225727751	7.15921067997006	1.68216179529912	0.092613529631457	0.398493885986447	-4.64152461408848
ENSMUSG00000024997	0.0505008400473379	6.74349973205644	1.66088484957572	0.0968129461716269	0.406306539283187	-4.64343801229652
ENSMUSG00000035597	0.0205846351834342	7.6077992029613	2.27843885412301	0.0227515969924033	0.222230221534156	-4.64366325525016
ENSMUSG00000027109	0.0589517173116949	7.44376539013495	2.00398552732721	0.0451371996545548	0.295589308527986	-4.64517931194524
ENSMUSG00000038280	0.0507242509131105	6.9007487642252	1.64627886610405	0.0997829111004365	0.410703311687832	-4.64694654803223
ENSMUSG00000061603	0.0455285954483911	7.17867104483891	1.71412297675103	0.0865816343444502	0.386524135147203	-4.6473408478422
ENSMUSG00000023723	0.0425185820422227	6.73866908259778	1.6546113270552	0.0980798162734078	0.407477702740886	-4.64828641026743
ENSMUSG00000040729	0.0861215110711679	6.81998930326568	1.64678092223623	0.0996796307991295	0.410507167720572	-4.64916545878982
ENSMUSG00000014763	0.0848155804900381	7.11723873748688	1.66866987401218	0.095259085713336	0.403474752921403	-4.65083031329631
ENSMUSG00000067578	0.0884238472631997	7.047635385008	1.64718205676125	0.0995971728698998	0.410312509805561	-4.65149513138723
ENSMUSG00000030313	0.0472487155069672	7.0797007925032	1.67504469119545	0.0940016329454166	0.401662193341934	-4.65152181125615
ENSMUSG00000020120	0.0647345741281073	7.05239634592896	1.65345561976822	0.0983146375720278	0.407754621046667	-4.6515988771246
ENSMUSG00000003199	0.0436841891108282	6.8584349254167	1.64067894042626	0.100940694219149	0.413105096744036	-4.65376155291783
ENSMUSG00000103891	0.0400526026939207	7.52826657797916	2.13785645444615	0.0325872914535154	0.256216026905615	-4.65391920246237
ENSMUSG00000021901	0.0595956665868043	7.01975840008289	1.65710573967758	0.0975745190564277	0.406925662678267	-4.6539877465709
ENSMUSG00000035614	0.0714565998558188	6.84092502536408	1.63977695621327	0.101128176434095	0.413105096744036	-4.65549299762758
ENSMUSG00000021846	0.0455505258543205	7.10910464107307	1.70826795117735	0.0876622396085972	0.388787911224521	-4.65779414195101
ENSMUSG00000018326	0.0826963035999739	6.7401063667987	1.66426233044855	0.0961363415650811	0.405292618021215	-4.65783010853126
ENSMUSG00000087497	-0.0364239903149555	6.8843894754592	-1.63748308225546	0.101606220658757	0.414001337490987	-4.6587925871185
ENSMUSG00000056596	0.0630975376950778	6.6809745014021	1.65455290632699	0.0980916756687912	0.407477702740886	-4.65920794899121
ENSMUSG00000024501	-0.048762241201965	7.29057857562414	-1.78741101688899	0.07394483569135	0.361277146775972	-4.66026630271826
ENSMUSG00000020840	0.0497064837691568	6.63368596766075	1.67180091405583	0.0946398042228154	0.402542778313888	-4.66074546032591
ENSMUSG00000052837	0.0792516690975376	6.51857030190891	1.68511051281176	0.0920432637811287	0.397807641168168	-4.66078680215948
ENSMUSG00000018347	0.0756095849596568	7.22094462756928	1.75323142296342	0.0796369288122905	0.373604664649493	-4.66099367296534
ENSMUSG00000063804	0.05090179826467	7.47139529500479	2.01793624687156	0.0436628386982894	0.291305414421549	-4.66186775397785
ENSMUSG00000021747	0.11040523949294	7.11985429034887	1.65763117018718	0.0974683475825315	0.406733104501065	-4.66210698145808
ENSMUSG00000030304	0.0392005634913506	7.43590673973913	1.95839197469819	0.0502516632358361	0.311733294833932	-4.66258114053916
ENSMUSG00000047714	0.0659876927966128	6.63654647792934	1.66099295773835	0.0967912301928708	0.406306539283187	-4.66269680365071
ENSMUSG00000032735	0.0378462377191191	7.30972427706511	1.80860736598888	0.0705851665463433	0.355495426461858	-4.66373059125959
ENSMUSG00000066721	-0.0338908857478293	7.09267173601051	-1.6783704524664	0.0933509209532503	0.40014283474049	-4.66446190920179
ENSMUSG00000001082	-0.0364672625493956	7.33982900273903	-1.92842304032951	0.0538714130128683	0.319413138367896	-4.66653331872266
ENSMUSG00000037108	-0.0576069408593671	7.31599639590349	-1.86160705153975	0.0627299202228201	0.337818203309822	-4.66709007186237
ENSMUSG00000037710	0.0409475375599637	6.40372993961463	1.70905047621618	0.0875171895466036	0.388787911224521	-4.66740334778631
ENSMUSG00000056851	0.0461521797228821	7.23177991267203	1.73795050501361	0.0822945269953132	0.37783582695647	-4.66797675552546
ENSMUSG00000094114	-0.0413676696612209	7.23513669733831	-1.74442000745184	0.0811607236176931	0.375878176714089	-4.6688861227487
ENSMUSG00000041028	0.0582100949347151	6.55076478228448	1.6737223036345	0.094261377605373	0.401885458356493	-4.66978240734033
ENSMUSG00000030105	0.0359737085187195	7.37313375204762	1.87419491268073	0.0609745386521358	0.334899225847436	-4.67012084357165
ENSMUSG00000035509	0.061745430588414	7.38056744430055	1.88659812312748	0.0592849175553211	0.331048151653642	-4.67033043502176
ENSMUSG00000063273	0.0322419731882038	7.33124848328831	1.83788692891728	0.0661512943474371	0.344555992609509	-4.67104448689087
ENSMUSG00000020167	-0.0564086836566791	7.27684278187663	-1.83053258885079	0.0672428024437339	0.347438230004628	-4.67136119529547
ENSMUSG00000030189	-0.104329377533023	6.9102428994712	-1.64065004717734	0.100946695536743	0.413105096744036	-4.67165559207477
ENSMUSG00000041231	0.0818552655480769	6.9952604160411	1.63039990403839	0.103093725867242	0.41673963485631	-4.67185540249371
ENSMUSG00000031568	0.0588622308891749	6.65844807637204	1.64588886506268	0.0998631989366116	0.410909029190465	-4.67338413285414
ENSMUSG00000026159	0.0265056148280296	7.4068948474976	1.96429992791172	0.04956269167442	0.309094284140656	-4.67351287116119
ENSMUSG00000078974	0.0259390761515723	6.87505623557701	1.62828727147309	0.103540728141456	0.417674856334976	-4.67398053759187
ENSMUSG00000029376	0.0652954134953179	6.9646520806713	1.62734172470965	0.103741290640387	0.418359434414745	-4.67411894510149
ENSMUSG00000019977	0.0381005967283725	6.56878366470081	1.6724562338629	0.0945105993101027	0.402542778313888	-4.67471861963686
ENSMUSG00000066613	0.0233989390227931	7.55211544091907	2.17079537534229	0.0300037712994505	0.246371309017249	-4.67607350574632
ENSMUSG00000021044	0.0718566334147255	6.76020457967825	1.6285763115994	0.103479480618318	0.417552023280701	-4.67679039984603
ENSMUSG00000098259	0.0707963403978678	7.37040682954898	1.94764543720868	0.0515254892504485	0.315529622067562	-4.67723440354231
ENSMUSG00000085795	0.0757833615188712	7.039475071451	1.63791026583173	0.101517059301865	0.414001337490987	-4.67783248264739
ENSMUSG00000024542	-0.0208068879638006	7.60259621464707	-2.26739714065119	0.0234177514105654	0.224796148360357	-4.67801268994939
ENSMUSG00000011382	0.0611005416170185	7.24808935168878	1.75502951170076	0.0793288540713606	0.37305555955004	-4.67801296238205
ENSMUSG00000030717	-0.0546755626548672	7.02501810152118	-1.65293733894544	0.0984200897559084	0.407942395876064	-4.67817714587737
ENSMUSG00000021023	0.0794996666810688	7.39668268612956	1.89726610368607	0.057862941866798	0.328933235148867	-4.67953555860112
ENSMUSG00000018001	-0.0778321245441154	6.99965474075503	-1.65655460345514	0.097685984111974	0.407014927040609	-4.67957211963151
ENSMUSG00000021185	0.0418256165660766	7.41834816175164	1.96689951261252	0.049262054972642	0.30806962237965	-4.67970632999153
ENSMUSG00000048332	-0.032203659489169	7.08175046312547	-1.67886367553125	0.0932547264798137	0.400109994181429	-4.68007692910723
ENSMUSG00000039552	0.0494175804845138	7.42440629489923	1.93128562702379	0.0535165075144576	0.3189348610466	-4.68032781817958
ENSMUSG00000030630	-0.0589357434916282	7.225875067744	-1.75827343541903	0.0787755103992491	0.371879655290049	-4.68050646556364
ENSMUSG00000034653	0.0459193147345136	7.1752946350507	1.7157473452294	0.086283754716522	0.385829533788458	-4.68124700898887
ENSMUSG00000037736	-0.0373406444165889	7.25011026656498	-1.77941249218145	0.0752461313625822	0.363443907735622	-4.68165283054362
ENSMUSG00000020273	0.0539449109437156	7.31528250326143	1.79931345572532	0.0720425272393879	0.357522907873946	-4.68229792744513
ENSMUSG00000024384	0.0607570878523545	7.31078637420318	1.79253274035121	0.0731212797046797	0.359888841652245	-4.68283745587921
ENSMUSG00000031887	-0.0786483379686418	6.97170406255462	-1.68070664063326	0.0928959925264189	0.39932906362498	-4.68298982938391
ENSMUSG00000048249	0.0333232083568564	7.37738235940834	1.89283967175608	0.0584494778414164	0.329735895737681	-4.6831829848243
ENSMUSG00000073179	0.0755401345565794	7.16131767730732	1.65837484543978	0.0973182342513277	0.406512507272337	-4.68581216487372
ENSMUSG00000080469	0.0377077825740049	7.40306929200523	1.98262184501884	0.0474762474956378	0.302397815991658	-4.68595880587143
ENSMUSG00000021998	0.0689290071221764	7.05911582777614	1.63317879674859	0.102508091731381	0.415114906718658	-4.68622010373865
ENSMUSG00000036990	0.0320535004335216	7.48610293001504	2.07728322917325	0.0378374629808338	0.271762091981541	-4.68626528664776
ENSMUSG00000006699	0.0209163870362357	7.07433677571293	1.64017277527593	0.101045869197932	0.413105096744036	-4.68629384021976
ENSMUSG00000096943	0.0480784194205519	7.48973924751625	2.08960242333994	0.0367149401619284	0.269393480519914	-4.68696517135141
ENSMUSG00000040374	0.0515186821673579	7.003896422663	1.62044638821148	0.10521323258289	0.421039258370371	-4.68734177834926
ENSMUSG00000035829	0.024470646525157	7.3615185823793	1.8988949238997	0.0576483461558045	0.328377025910615	-4.68792357837205
ENSMUSG00000039285	0.0385184317257972	6.93203989906024	1.61920183474823	0.10548066435202	0.4216753333852	-4.68807303607021
ENSMUSG00000029919	-0.0591344944717953	7.34577606119071	-1.85101101958253	0.064239755206121	0.340411718327469	-4.68845601325883
ENSMUSG00000001105	-0.0477427676955644	6.77010980979711	-1.62477119811821	0.104288093361084	0.419068752160517	-4.68905969491784
ENSMUSG00000063410	0.0281056651343494	7.26624148973456	1.76834370141643	0.0770777242792692	0.367754156435154	-4.68907051332201
ENSMUSG00000006356	-0.0524279806715215	6.82110301011307	-1.61955423023327	0.105404886310974	0.421557359470262	-4.68948128039999
ENSMUSG00000093470	0.063025410685019	6.99699562658916	1.62365945025035	0.104525292792571	0.419400390553913	-4.68952351569587
ENSMUSG00000086292	0.0541660353883033	7.3580662406731	1.94072751286831	0.0523597143136564	0.31610119144601	-4.6902127980792
ENSMUSG00000051048	0.0895125790630997	7.39215432080091	1.84759493978039	0.0647328653714758	0.341763313359217	-4.69049248715262
ENSMUSG00000039221	0.0607896823134029	6.94252822604072	1.61716360911481	0.105919806801705	0.422495069319657	-4.69105808144738
ENSMUSG00000023951	-0.0712993214730417	7.06946020955496	-1.6840687256451	0.0922444164936061	0.398139924665215	-4.69130876327239
ENSMUSG00000031242	0.0457413820994352	7.35871014045257	1.83828494682549	0.0660926407886254	0.344382791626512	-4.69134472005729
ENSMUSG00000023328	0.0546873669073378	7.15012958411363	1.65920805391134	0.0971502680135453	0.406512507272337	-4.69180741759626
ENSMUSG00000026278	0.0958307765038651	7.2441707391438	1.74838949162354	0.0804713587912922	0.375182490540694	-4.69214913366733
ENSMUSG00000004788	0.0618762449323214	6.63401163940213	1.65403461984004	0.098196937900798	0.407515789427309	-4.69270302375677
ENSMUSG00000029862	0.0316325163527829	7.52783979855044	2.13138088276025	0.0331170156874977	0.257593238934011	-4.69295392421084
ENSMUSG00000003617	-0.0827563336366435	6.95176837574879	-1.62294614020461	0.104677708212465	0.419687983521382	-4.69344212941424
ENSMUSG00000002279	0.0708755129257144	6.96686941113115	1.61864527162253	0.105600434043737	0.421841686730991	-4.69353336474491
ENSMUSG00000052512	0.021211278043002	7.33731634619013	1.85239476702713	0.0640408964268313	0.340411718327469	-4.69357403848697
ENSMUSG00000031065	-0.0507182626132883	7.10442718253559	-1.69150638385266	0.0908160353263732	0.39576464698512	-4.69424899414466
ENSMUSG00000097835	-0.0764862995791242	7.17111053667415	-1.67935545905485	0.093158892001539	0.39999984728668	-4.69536804681721
ENSMUSG00000097216	-0.0418106694957681	6.98048685418182	-1.63410650608443	0.102313173384425	0.414945260169319	-4.69596876170957
ENSMUSG00000032733	-0.0795292666546752	7.05165848220224	-1.67704411904764	0.0936099940250809	0.400746542150946	-4.69597872405577
ENSMUSG00000028677	0.0463010206965251	7.02959681861024	1.61426970603031	0.106545798156621	0.423869698182942	-4.69690640696743
ENSMUSG00000032745	0.0288086651608674	7.17201402572058	1.66783811596647	0.0954241419624021	0.403669427995709	-4.69715453538291
ENSMUSG00000044365	0.0758374370377988	7.22519574652229	1.68451211949448	0.0921587609842037	0.39805303645232	-4.6976637163381
ENSMUSG00000000197	0.074582273659793	7.09452973135335	1.63289235701481	0.102568334439129	0.415234839750886	-4.69770801112365
ENSMUSG00000001729	0.0367217059447702	6.79037404262647	1.61646588137085	0.106070467380469	0.422847220448222	-4.69806987351127
ENSMUSG00000030220	0.0741610793781735	6.90995010583635	1.61120689204116	0.107211519015493	0.425333190584741	-4.69916452325214
ENSMUSG00000068663	0.0231277816930966	7.17744181024784	1.7037906935474	0.0884958854004098	0.390950542280468	-4.69962325625881
ENSMUSG00000021595	0.0675754218888081	6.76923522389391	1.61898796476714	0.105526675375593	0.4216753333852	-4.700252988369
ENSMUSG00000032998	0.0432118284389649	7.42322859326499	1.89868621046512	0.057675806951413	0.328377025910615	-4.70049544708089
ENSMUSG00000027187	-0.0471220038746836	7.29975776625022	-1.79820832631894	0.0722174489480611	0.358259851020056	-4.70057792611323
ENSMUSG00000089767	0.0427978232764064	7.30466855992656	1.92112448054507	0.0547851962600602	0.321679925948341	-4.70061637127176
ENSMUSG00000074892	0.057079632963875	6.86243268985758	1.61018359960126	0.107434670903464	0.425532944232883	-4.70077349902094
ENSMUSG00000030352	0.078793080222427	7.0797331468283	1.64548508895516	0.0999463768806972	0.41099605830276	-4.70111556872877
ENSMUSG00000021180	0.0821400846757934	6.87148159787338	1.60892658194855	0.107709295326348	0.426147291189851	-4.70216323933899
ENSMUSG00000050052	0.0591173152877289	6.5703599089304	1.65636326578911	0.0977247051709481	0.407051168266579	-4.70329674650035
ENSMUSG00000033629	0.0339538402783806	7.05826850564037	1.6229998546892	0.104666224710399	0.419687983521382	-4.70421806857734
ENSMUSG00000027810	0.0462682550340219	7.13389293841475	1.6354984840398	0.10202126246746	0.414381149351056	-4.70432438026986
ENSMUSG00000097375	0.02381339925173	7.45548682028613	1.99019320837288	0.0466358768796835	0.300499967343541	-4.70471679174166
ENSMUSG00000026241	-0.0643835106106261	7.26296003440605	-1.80498032879307	0.0711510112123526	0.35602473376676	-4.70475425622701
ENSMUSG00000068696	0.0993378491152601	6.69315241883406	1.62678662842831	0.10385917742585	0.4186530185493	-4.70494614832524
ENSMUSG00000004665	-0.0696610163073741	7.04242134245516	-1.63932826209538	0.101221543190694	0.413237483462642	-4.70502493683128
ENSMUSG00000002372	0.0362332780501555	7.15357557947495	1.6792981875016	0.0931700485124159	0.39999984728668	-4.70567439916297
ENSMUSG00000026864	0.0374287076516007	6.30951409104193	1.69122846223222	0.0908690874479208	0.39576464698512	-4.70725925338387
ENSMUSG00000026620	0.0807891988554914	6.87871931030348	1.60568466579678	0.108420133156984	0.427562584450956	-4.70728772592489
ENSMUSG00000081996	0.0833202067986996	7.28458203256532	1.71526111287702	0.0863728339175087	0.386100521679388	-4.7077675696632
ENSMUSG00000093637	0.049979635686344	7.30747062030388	1.79224235984645	0.0731677703181458	0.359888841652245	-4.70838883647888
ENSMUSG00000059263	0.0672012353998523	7.1039291491215	1.63696708070926	0.101714003185018	0.414001337490987	-4.70849430418639
ENSMUSG00000020614	-0.113752612745195	6.80380691662251	-1.60722602137352	0.108081706544337	0.42672445466748	-4.70911104276804
ENSMUSG00000066278	-0.0618140332404149	6.78236039564567	-1.60407672179663	0.108774073630229	0.427590284221121	-4.71103714329563
ENSMUSG00000035232	0.0950646746489028	6.83335313703971	1.60358603776523	0.108882264847868	0.427767530225267	-4.7115615283122
ENSMUSG00000056234	0.0308962023832162	7.2398919201479	1.72625130260003	0.0843774572202202	0.382110653237871	-4.71205220879902
ENSMUSG00000102252	0.0391842853465372	6.90117631159019	1.60045912893297	0.109573720406029	0.42849740446061	-4.71390051136156
ENSMUSG00000017831	0.0661511783204674	6.88651303726833	1.60623499431801	0.108299204521703	0.427209954874963	-4.71421614289835
ENSMUSG00000026360	0.0742035090679121	6.63583856441732	1.63374321300732	0.102389468675649	0.41500098393683	-4.71532586816249
ENSMUSG00000023272	0.0451985683715819	6.47390327766342	1.65143701997216	0.0987258621170459	0.40881891595826	-4.71568050277923
ENSMUSG00000016664	0.0868787576660095	6.88675176097153	1.60075968392483	0.10950710799809	0.428360464581103	-4.71599016948608
ENSMUSG00000020716	0.049520766962603	7.28907239492835	1.78361324020002	0.0745603904317825	0.362504767290559	-4.71685092165476
ENSMUSG00000056167	-0.0442522309403701	7.26136964989616	-1.77146311036202	0.0765579033874425	0.366767676182764	-4.71867639531214
ENSMUSG00000002409	-0.0338845570154405	7.19696352776943	-1.70858166904474	0.0876040650949923	0.388787911224521	-4.71968681321995
ENSMUSG00000043090	0.0423269966246513	7.44928054210511	2.0251615168037	0.0429153768154094	0.288347695366232	-4.71984787004514
ENSMUSG00000026142	0.0636408275788121	7.22914067320541	1.66599006775925	0.0957916935573319	0.404593078271124	-4.72005353977243
ENSMUSG00000053925	0.053096777694611	7.45136584971427	1.95173753708536	0.0510372861643782	0.31381565796673	-4.72032987449839
ENSMUSG00000025609	0.0532513133684862	7.39470842245382	1.85413284324835	0.0637918377035349	0.340099191015303	-4.72126499134874
ENSMUSG00000025915	0.031029594627074	7.10208791118673	1.64029146324798	0.101021199441914	0.413105096744036	-4.7214395400126
ENSMUSG00000101037	-0.052475635297438	7.26965027395521	-1.73079839713113	0.083562876329046	0.38082200916612	-4.72147169968826
ENSMUSG00000034987	0.0332646665637979	7.32221801132299	1.8008775690745	0.0717955502831434	0.35745789381451	-4.72163921308616
ENSMUSG00000053769	0.0821242516691134	6.79527981522502	1.60320995099282	0.108965246074778	0.42781628737063	-4.72177066421952
ENSMUSG00000046532	0.0863869294332895	6.98280180150973	1.59655744659516	0.110441366410849	0.43102016286652	-4.72179602049206
ENSMUSG00000085167	0.0811145152643382	7.05571844754883	1.61464082607788	0.106465356139823	0.42367399428932	-4.7223724837438
ENSMUSG00000079659	0.0411757786627742	7.13685780973446	1.64350074453677	0.10035595569183	0.41218601856099	-4.72243278169059
ENSMUSG00000029076	0.0858324183808898	7.07257146001816	1.60089323104247	0.109477520048391	0.428360464581103	-4.72246005224333
ENSMUSG00000071708	0.0512649117879613	6.80098807789134	1.6042455528497	0.108736867647182	0.427590284221121	-4.72263606825066
ENSMUSG00000053870	0.0603777589719252	6.84085861773698	1.59577307131931	0.110616447374247	0.431203239605855	-4.72310369293285
ENSMUSG00000021451	-0.0144985692175412	7.42045895141966	-1.94168033826725	0.0522441475172176	0.31610119144601	-4.72360646481575
ENSMUSG00000026822	-0.0874592375702878	6.79341233587397	-1.6045135054976	0.108677838513726	0.427590284221121	-4.72407191058536
ENSMUSG00000074215	-0.0495343693368806	7.37969288822272	-1.90141860054299	0.0573171613403039	0.3279519584138	-4.72475286172012
ENSMUSG00000025580	0.049158836836126	6.74122675013958	1.61496792880713	0.106394495023079	0.423640694133011	-4.72537908447208
ENSMUSG00000032381	0.0487123171968005	6.46074261242404	1.65193829588927	0.0986236153411294	0.4086610564777	-4.72568464596747
ENSMUSG00000061578	0.0310649066780151	7.31266613136	1.79575496750574	0.0726070143038409	0.359347645664477	-4.72596963096487
ENSMUSG00000060923	0.039784494887777	7.00868477401287	1.60121870995377	0.109405435248901	0.428296466096709	-4.72607331451927
ENSMUSG00000080601	0.0819148782766392	7.24623927018292	1.72133540572654	0.0852653252681351	0.383934666218989	-4.72613499415646
ENSMUSG00000020745	0.0447597626038672	7.38076715013067	1.87017540980506	0.0615305814968776	0.33535997717068	-4.72623884593162
ENSMUSG00000044667	0.0968645609394736	7.05763978486851	1.60525089422297	0.108515524994827	0.427590284221121	-4.72632458151739
ENSMUSG00000038383	0.0382083032539331	7.33708894687249	1.78834147262631	0.0737946602291769	0.361277146775972	-4.7273048250663
ENSMUSG00000049148	0.0310337553551072	7.46824263032828	2.00544065202471	0.0449814809272323	0.295124610791981	-4.72740571990278
ENSMUSG00000040372	0.0387695261958196	7.44764565113481	1.99545688769536	0.0460590528110122	0.299005823650561	-4.72827105626994
ENSMUSG00000037373	0.0555210602050433	7.05691811075553	1.62384506213406	0.104485661380464	0.419365481644857	-4.72838385154092
ENSMUSG00000002014	-0.0399309878945973	7.15170410218666	-1.65669204092358	0.0976581784213724	0.407014927040609	-4.72857128894671
ENSMUSG00000048490	0.0541894634862752	6.85936887476811	1.5906604638102	0.111763014411139	0.433309393590569	-4.72884443876617
ENSMUSG00000027367	0.0492964187302016	7.19076654455462	1.6545237387011	0.0980975971195053	0.407477702740886	-4.72885969637949
ENSMUSG00000030255	-0.0277182415328783	7.50762198494493	-2.08612008379951	0.0370293359166415	0.269770949144452	-4.72886991634286
ENSMUSG00000024158	0.0532195470283456	6.60386350471917	1.62428248253082	0.1043923116232	0.419127763420017	-4.72988778406973
ENSMUSG00000042302	0.0589422796929542	6.78248360137745	1.605458262799	0.108469913745777	0.427590284221121	-4.73023057289745
ENSMUSG00000025373	0.0464015319916955	7.10586649612171	1.61784173977692	0.105773540573766	0.422160042125145	-4.73058792696334
ENSMUSG00000015981	0.0733225226828145	6.55953722910165	1.63112251389542	0.102941184946046	0.416371296389764	-4.73183955190521
ENSMUSG00000008153	0.0277612349839913	7.16288314805805	1.65405150174367	0.0981935078217813	0.407515789427309	-4.73211178257271
ENSMUSG00000029136	-0.0645013252846738	7.11505612471454	-1.659619707031	0.0970673686077251	0.406512507272337	-4.73219832864048
ENSMUSG00000070720	0.0664247305468129	6.58333218825508	1.61673034287524	0.106013342127641	0.422743791931342	-4.73255721186572
ENSMUSG00000023274	0.104159941665203	6.75394238398717	1.60111876041173	0.109427567381546	0.428296466096709	-4.73260618780977
ENSMUSG00000029502	0.0412728493181875	7.23204150323585	1.70462184227538	0.0883406477932319	0.390646608865179	-4.73355648588977
ENSMUSG00000091405	-0.0585980474646446	7.01220132632584	-1.62507078923167	0.104224246646895	0.419040306848932	-4.73368879671755
ENSMUSG00000000804	0.0778396042838567	7.0103692199706	1.59539659371186	0.110700559052558	0.431203239605855	-4.73369756307948
ENSMUSG00000032526	0.0655750184182615	6.60803034038464	1.63357997593785	0.102423764885071	0.41500098393683	-4.73370079664091
ENSMUSG00000020814	0.0774961311813831	6.84651303889679	1.59540549133839	0.110698570584493	0.431203239605855	-4.73512894075373
ENSMUSG00000000214	0.0815121895560864	6.95304921744609	1.58613705514447	0.112785247843771	0.434636873429957	-4.73617256472191
ENSMUSG00000023008	-0.0347100811703589	7.38271901480069	-1.93711366186143	0.0527999782884099	0.316985157679016	-4.73622878107874
ENSMUSG00000032279	0.096286180967021	7.0325995118552	1.58860061806429	0.112227603247758	0.433885139366203	-4.73631839253292
ENSMUSG00000037720	0.0266218892442378	7.1736872829041	1.65946115111368	0.0970992921659295	0.406512507272337	-4.73656249595605
ENSMUSG00000025083	-0.0790186654750471	7.1343455960242	-1.72139025054081	0.0852553781381601	0.383934666218989	-4.73661482432948
ENSMUSG00000024935	0.0792648855008462	7.04914427160312	1.61022240140398	0.10742620259205	0.425532944232883	-4.73765099355111
ENSMUSG00000008822	-0.0522194440685277	6.80328185919983	-1.59160325247514	0.111550879685492	0.432748500529905	-4.73770259681101
ENSMUSG00000037085	-0.0668349787914195	6.79674024959292	-1.58541698202357	0.112948653357707	0.434636873429957	-4.73801481082169
ENSMUSG00000003868	-0.0312552114450435	7.03038416965741	-1.59955118870999	0.10977514303491	0.428790374320747	-4.73908796215267
ENSMUSG00000029875	0.0571220095221241	6.85518984508039	1.58712131868552	0.112562191441142	0.434636873429957	-4.73929289549891
ENSMUSG00000025646	0.0451671952606132	7.28968232100283	1.76166503334431	0.0782003400604264	0.370091226898004	-4.73933302610176
ENSMUSG00000042659	0.0362480834253232	6.65086410401105	1.61093722284447	0.107270290762314	0.425333190584741	-4.73950374017591
ENSMUSG00000029578	0.0422729260116679	7.514997239319	2.0874713556311	0.0369070679215845	0.269684895443099	-4.73960405960798
ENSMUSG00000036941	0.0490210326578362	7.32041355305318	1.72993737975452	0.0837166308234522	0.381058125031926	-4.7403636898382
ENSMUSG00000021704	0.0453571119177294	7.37838723870687	1.85099585646281	0.064241937124345	0.340411718327469	-4.74051071027212
ENSMUSG00000024944	0.0384551232049386	6.82803988741207	1.58534152896959	0.112965786645813	0.434636873429957	-4.74185763879692
ENSMUSG00000021242	-0.0425401364614668	6.9229561159577	-1.58218906011123	0.113683457392189	0.436140440102803	-4.74195452327247
ENSMUSG00000049792	0.0486563692288691	6.59606753468778	1.62431002703612	0.104386435576852	0.419127763420017	-4.74284015047345
ENSMUSG00000021785	0.0513003594662367	7.38728497712202	1.95483991038629	0.0506697489323575	0.312899689245237	-4.74299386914498
ENSMUSG00000062006	0.0318670054437176	6.97771769956261	1.58462069513503	0.113129571247027	0.434804627560909	-4.74310578909368
ENSMUSG00000033326	-0.0380261700527402	7.03195939677379	-1.60018711099711	0.109634035726872	0.428584352967731	-4.74372562283389
ENSMUSG00000041559	-0.0671178204072014	6.93030256895542	-1.58699378515112	0.112591073793581	0.434636873429957	-4.74376868290395
ENSMUSG00000010175	-0.0622491247165584	7.23131745240762	-1.72546555671533	0.0845188674314925	0.38235128616489	-4.74376883990729
ENSMUSG00000032477	0.0506911585520236	7.15750174665123	1.66256587033329	0.0964757156324897	0.405712702402387	-4.7440538613638
ENSMUSG00000058291	0.0612157440797008	6.91055290986727	1.58103824377289	0.113946338041867	0.436901711304197	-4.7445648329149
ENSMUSG00000041608	0.0502412870809854	6.66049330405002	1.60256553035611	0.109107549830288	0.427908637720291	-4.74646498685816
ENSMUSG00000055862	-0.0277609447246512	7.38892651739107	-1.94274201958957	0.0521156291732947	0.31610119144601	-4.74733907878965
ENSMUSG00000028896	0.0548873502641749	7.11492621540158	1.6213909968167	0.105010613033072	0.420600854210456	-4.74749572961228
ENSMUSG00000080059	0.073610514953093	6.8565289847032	1.57758367063835	0.114738341794769	0.438081538202041	-4.74830522526433
ENSMUSG00000020810	0.0589259864981653	6.71180645342436	1.59529487893239	0.110723292579303	0.431203239605855	-4.74932767121839
ENSMUSG00000036781	0.0663800179596556	6.92695249732463	1.57802907096689	0.114635985590451	0.438081538202041	-4.74952297082937
ENSMUSG00000079428	0.0370022402377046	7.21672936977951	1.64537604452382	0.0999688495272454	0.41099605830276	-4.74980811737607
ENSMUSG00000015522	0.0239852433781795	7.44404425032605	2.02486119823666	0.0429462281577353	0.288392749560463	-4.75019457034283
ENSMUSG00000091002	0.0841120934820694	7.24088862106944	1.63827638574133	0.101440692705852	0.414001337490987	-4.75071663534844
ENSMUSG00000008450	-0.0833518434580132	6.89740481980602	-1.57686059254297	0.114904663517313	0.438221498725099	-4.75105047176479
ENSMUSG00000029054	0.0752519853677276	6.53654464893394	1.61898325447831	0.105527688905147	0.4216753333852	-4.75110405780926
ENSMUSG00000031948	0.0743859506806164	6.55043186372682	1.6265413402802	0.103911303618195	0.4186530185493	-4.75120021966349
ENSMUSG00000036206	-0.0853885936600074	7.14800735263918	-1.74221414689273	0.0815458748744859	0.376178821850771	-4.75127733582306
ENSMUSG00000050930	0.0856013004039307	7.16497189584134	1.60744142076212	0.108034479222814	0.426662239820247	-4.75139655305961
ENSMUSG00000024912	-0.0363252607639994	7.3000130014326	-1.79301282583739	0.0730444699004162	0.359888841652245	-4.75167467454199
ENSMUSG00000075514	-0.0608714034537581	7.3156681890601	-1.73697922347755	0.0824658514729672	0.378225571431171	-4.75180051116512
ENSMUSG00000039953	0.0787181755227904	6.63368058182313	1.6047871741882	0.108617576334616	0.427590284221121	-4.75265405239661
ENSMUSG00000036611	-0.0739671661781349	7.05170576469787	-1.63620253458946	0.10187386915886	0.414103119272084	-4.75271806373891
ENSMUSG00000069255	0.0573184132578719	6.81925458542579	1.58018801429937	0.114140863083469	0.437190219346317	-4.75307085999468
ENSMUSG00000085238	0.0602949488386351	7.37713607518255	1.87732257791833	0.0605447555996136	0.333745740332929	-4.75339362213821
ENSMUSG00000003135	0.0826204069176475	6.69496811577265	1.6088982050679	0.107715501320816	0.426147291189851	-4.75343704390288
ENSMUSG00000046671	0.0429763563378316	6.87390603400042	1.57550755050634	0.115216398579153	0.438367385456207	-4.7535309752896
ENSMUSG00000026728	-0.105636713479255	6.8544451860942	-1.57529147291572	0.115266243483654	0.438367385456207	-4.75408489792515
ENSMUSG00000040740	0.047807107500593	7.39660204229494	1.88908754175528	0.0589505246002157	0.330952883035083	-4.75439315915964
ENSMUSG00000056899	0.0782012363302638	6.61984692895085	1.60301475153793	0.109008335351419	0.42781628737063	-4.75447538318828
ENSMUSG00000048776	0.0840860912144068	7.08943620148986	1.59158711861273	0.111554507254169	0.432748500529905	-4.75462945056437
ENSMUSG00000039220	0.0524562386257017	6.8172900460642	1.57837231272146	0.114557155211684	0.438081538202041	-4.75468412933018
ENSMUSG00000020364	0.0764840076263278	7.03236255376866	1.57337031117717	0.115710164484092	0.438926945351247	-4.75475410154695
ENSMUSG00000092827	-0.09106100703353	7.12556109886072	-1.74272513006442	0.0814565235850284	0.375897735454668	-4.75501810303843
ENSMUSG00000038473	0.0266587100784594	7.39279660540967	1.89339505546017	0.0583756153019867	0.329735895737681	-4.75514792756468
ENSMUSG00000038633	0.0399405997199382	6.7638186507022	1.58506606425874	0.113028354408183	0.434636873429957	-4.75579868949573
ENSMUSG00000027695	-0.0451466880530891	7.36140988092576	-1.88519524731593	0.0594740525996285	0.331149570901751	-4.75673897133599
ENSMUSG00000008035	-0.0511617803319959	7.24996713595364	-1.69059819066878	0.0909894916123272	0.395964923960608	-4.75679775819883
ENSMUSG00000071324	-0.0659799829469199	7.18203935855274	-1.68395200850533	0.0922669747232707	0.398139924665215	-4.75690294470604
ENSMUSG00000058441	-0.0639867849819167	6.81288805525934	-1.57095473664299	0.116270235723507	0.440455953042557	-4.75864991272944
ENSMUSG00000020953	-0.117885697649841	6.84836225787398	-1.57430279168671	0.115494529477266	0.438711184262171	-4.75914180886745
ENSMUSG00000077711	-0.0816622400438964	7.00728906143151	-1.60838525148615	0.107827732581339	0.426342490037268	-4.75915573774873
ENSMUSG00000003348	-0.0489128333990836	7.34645884792407	-1.87491243209208	0.0608757190662113	0.334899225847436	-4.76001149678027
ENSMUSG00000047649	0.0890332136672614	6.93887817583734	1.57026051264548	0.116431590958564	0.44082086294784	-4.76046430085638
ENSMUSG00000039826	0.0445354986804531	7.45929409078572	1.97211910552409	0.0486630404865835	0.306564496793519	-4.7610174013208
ENSMUSG00000045795	0.0299919478993349	7.39370690966441	1.88612711027076	0.0593483635244963	0.331083530404638	-4.76200923796006
ENSMUSG00000047632	0.0612012454168216	7.4015061790331	1.84629378515312	0.0649215065084258	0.34249252344017	-4.76260816849468
ENSMUSG00000095362	0.045632660632525	7.39763081992261	1.91495184120318	0.05556807237634	0.3237610336392	-4.76270027764565
ENSMUSG00000020612	0.0500531005894516	6.994323486241	1.56946883878667	0.116615810720309	0.441025707599987	-4.76305561025347
ENSMUSG00000038650	0.0764495759852055	6.94169120494289	1.56901996623702	0.116720363505267	0.441298016844508	-4.76315178981445
ENSMUSG00000018672	-0.0583142666288472	7.18795242742264	-1.67535811526502	0.0939401541260343	0.401624517516433	-4.76332974688417
ENSMUSG00000038774	0.0608683873757645	6.90564344976946	1.56690819232967	0.117213233049119	0.441534727255217	-4.76346007143151
ENSMUSG00000004364	0.0521882622129395	7.33118429656279	1.78514839869075	0.0743110650385811	0.362108997865174	-4.76375136524306
ENSMUSG00000066877	-0.108034905535939	6.5517190620019	-1.59314090605519	0.111205577817432	0.431889207690848	-4.76434557173231
ENSMUSG00000026469	0.0674091973235544	7.39483037563968	1.82471893892423	0.0681161026516392	0.349316489955531	-4.76461291716982
ENSMUSG00000030613	0.0447307798471348	6.95888828955058	1.56781798537494	0.117000695286073	0.441534727255217	-4.76469996902333
ENSMUSG00000001313	0.0656631571069166	6.90586908912439	1.56612806911503	0.117395719863704	0.441534727255217	-4.76484614990511
ENSMUSG00000024758	0.0512798799963452	7.25222663942462	1.66581356610222	0.0958268565615112	0.404615546951407	-4.76484912792953
ENSMUSG00000046679	0.0910021803880996	7.06460673003983	1.5898953546791	0.111935403791371	0.433416684948923	-4.76531404894652
ENSMUSG00000079043	-0.0608006855853862	6.56265916588892	-1.59382843252371	0.111051457323462	0.431537878587416	-4.76565317983726
ENSMUSG00000020160	0.0889902929436834	6.95687418144402	1.56517421859295	0.117619148113687	0.441746798477718	-4.76666461087342
ENSMUSG00000019923	0.0483095404142775	7.14273884537759	1.59610143005515	0.110543127522458	0.431203239605855	-4.7669095236663
ENSMUSG00000055720	-0.0634601539912953	6.6562923452325	-1.57758203304155	0.114738718258994	0.438081538202041	-4.76729709015563
ENSMUSG00000006651	0.0462173422856988	6.90405087379975	1.56436345268831	0.117809322831417	0.442331431445128	-4.76761861513936
ENSMUSG00000009090	0.0615506574775235	7.09928607654713	1.60706934378015	0.108116069107276	0.426735855882517	-4.76768175450878
ENSMUSG00000027820	0.0560816688936674	6.55311322136832	1.60176403075151	0.109284745541456	0.428165420914095	-4.76901793930548
ENSMUSG00000050530	0.0596132897467259	6.48316591925214	1.60489752098169	0.108593285319263	0.427590284221121	-4.76913961443475
ENSMUSG00000031371	-0.0589031620853575	7.42704546554143	-1.8989810145726	0.0576370222217618	0.328377025910615	-4.76940928271289
ENSMUSG00000016995	-0.0732438779142992	7.1552138901139	-1.74774531208259	0.0805829064321668	0.375186485373392	-4.77003183213077
ENSMUSG00000029390	0.0323488445526854	6.75883831866983	1.57721387044624	0.114823379187074	0.438117309160743	-4.77019335778355
ENSMUSG00000031467	0.0280765741724265	7.15100347894841	1.63988082547944	0.101106572527444	0.413105096744036	-4.77053659230424
ENSMUSG00000057060	0.0644277335293966	6.68478351234999	1.58028943406178	0.114117645403687	0.437190219346317	-4.77062735618218
ENSMUSG00000066151	-0.0190494562138595	7.52559266554248	-2.09247425396307	0.0364573771434502	0.268635390929836	-4.7713227860448
ENSMUSG00000079494	0.0849526809282199	7.02570987325935	1.56321587470924	0.118078913279392	0.442730615664271	-4.77133733856912
ENSMUSG00000022533	0.0444731563227396	7.3257403939391	1.7690193798397	0.0769648852096528	0.367684959010737	-4.77140275450915
ENSMUSG00000027829	0.0364077671922196	7.45802242792539	1.9617666960607	0.0498571343840121	0.310163540628806	-4.77140736454833
ENSMUSG00000060733	-0.0657864765138898	6.88913534712508	-1.5675142691482	0.117071613084501	0.441534727255217	-4.7719971703561
ENSMUSG00000025024	0.0273880325377602	7.07169455049818	1.58615994205665	0.112780057196413	0.434636873429957	-4.77253395941898
ENSMUSG00000064871	0.0983368090349686	7.11167213370529	1.62644378060175	0.103932041807967	0.4186530185493	-4.77338415535788
ENSMUSG00000031198	0.0562921485469934	7.26995984316862	1.68284297192803	0.092481542369697	0.398178707986139	-4.77356607203345
ENSMUSG00000036564	0.0699448767337456	6.64947039728027	1.58508501088891	0.113024050084802	0.434636873429957	-4.77468175918259
ENSMUSG00000069670	0.0403903006063988	7.43489665582857	1.9315979628361	0.0534779023586936	0.3189348610466	-4.7755008622562
ENSMUSG00000098657	-0.0489674852446882	7.3479924253816	-1.93726267260487	0.0527817637984767	0.316985157679016	-4.7758932188727
ENSMUSG00000028468	0.0211713132567413	7.51127656413129	2.06262856590967	0.0392107026804585	0.276719463432959	-4.77594299073138
ENSMUSG00000044134	0.0810413467789965	6.79578913872295	1.5607121554851	0.118668770321645	0.443470558991418	-4.7761272015657
ENSMUSG00000024855	0.0316492666655019	7.46940885741309	1.99173448600886	0.0464663485159554	0.300281579208448	-4.77627496427014
ENSMUSG00000006736	0.0728352360031295	6.91952226785354	1.56035167408155	0.118753886973844	0.44354570907619	-4.77638522697683
ENSMUSG00000089824	0.0508984030549762	7.26036085194988	1.68782404620846	0.0915209777508653	0.396942231716645	-4.77640961493906
ENSMUSG00000022840	0.0640290805500516	6.60398777802127	1.58645451760247	0.112713265617971	0.434636873429957	-4.77685091247086
ENSMUSG00000026078	0.0254563913207937	6.89882794800017	1.55654118875609	0.1196565471704	0.44532074294161	-4.77793957871532
ENSMUSG00000031486	-0.0350131616053408	7.00132661061558	-1.589464818747	0.112032501542102	0.433486488558166	-4.77967957125987
ENSMUSG00000014232	0.0221451786615674	7.07182338894358	1.57992525021043	0.114201034073362	0.437190219346317	-4.77984269042831
ENSMUSG00000095687	0.0785468627936492	7.30250404887478	1.79987896082048	0.0719531525135909	0.357522907873946	-4.78045744395745
ENSMUSG00000039263	-0.052404417332097	7.24349453916296	-1.76568213313612	0.0775235219165825	0.368535732869925	-4.78112648173298
ENSMUSG00000070166	0.0686325111123844	7.22140815373886	1.61502426299115	0.106382294978374	0.423640694133011	-4.78222043352986
ENSMUSG00000070695	0.0392647293156303	7.09833161199085	1.57854894275353	0.114516606231659	0.438081538202041	-4.78257105651547
ENSMUSG00000086782	0.0335362030536057	7.43771758724216	1.87640778876503	0.0606701992172474	0.333969371087065	-4.78279746880045
ENSMUSG00000006673	0.07301766229783	6.9456583637172	1.55368730845344	0.120336113258135	0.446135363290618	-4.78289464259047
ENSMUSG00000070687	0.0796268036647518	6.80035291976726	1.55882975049784	0.119113770559163	0.444154153256637	-4.78349479885232
ENSMUSG00000086324	0.0301099789997492	6.65431718975058	1.57632557000914	0.115027850971626	0.438367385456207	-4.78403900370683
ENSMUSG00000040521	0.0551693225331418	6.77712439804092	1.55955797129106	0.11894146436548	0.443824496671655	-4.7844518447239
ENSMUSG00000040599	0.0667941813033313	6.58283946768728	1.60382084674477	0.108830481055217	0.427688018013517	-4.78467538690805
ENSMUSG00000035437	0.047441358363729	7.38230804324538	1.81195037004054	0.0700669082189914	0.354333137498353	-4.78475418387209
ENSMUSG00000048175	0.045294961045907	6.71728180629215	1.57711975246585	0.114845030001275	0.438117309160743	-4.78516666363186
ENSMUSG00000054958	0.0129565491568782	7.48197428209373	1.99750692132431	0.0458360305795243	0.298198129845101	-4.78534954544523
ENSMUSG00000038141	-0.023076611890624	7.39459530963564	-1.8985598470393	0.0576924380969971	0.328377025910615	-4.78547729330177
ENSMUSG00000025885	0.0485610846574502	7.16704309252481	1.64352057660537	0.100351855640033	0.41218601856099	-4.78559814617827
ENSMUSG00000038524	-0.0578724647506483	7.30180357969729	-1.77157924951551	0.0765386052115887	0.366767676182764	-4.78623064489674
ENSMUSG00000030711	0.0601912347364184	7.07301323618372	1.59275499367257	0.111292160473674	0.431977987890659	-4.78670752542239
ENSMUSG00000028609	0.0501551992282145	6.56022217789823	1.60007376097097	0.109659176902571	0.428584352967731	-4.78677985002875
ENSMUSG00000018846	0.0363577707406604	7.48181715115987	1.99376420039672	0.0462438879254232	0.299557875056325	-4.78682706294122
ENSMUSG00000038301	0.0528408734011254	7.31644532845804	1.74018516092513	0.081901451857149	0.376796703182635	-4.78719441401653
ENSMUSG00000031751	0.0501534799844077	6.93691845501391	1.55040682092784	0.121120993058414	0.446551656999676	-4.78754381971404
ENSMUSG00000030247	0.0780075070973814	7.13595270558901	1.59526167222475	0.110730715166239	0.431203239605855	-4.78763884580914
ENSMUSG00000022848	0.0407399004395135	6.57975120928905	1.60334465662656	0.108935518357909	0.42781628737063	-4.78779356290064
ENSMUSG00000066595	0.0253786402545284	7.42250315237486	1.94049282616446	0.0523882119176268	0.31610119144601	-4.78818830099724
ENSMUSG00000020720	0.0660427458771675	6.67646783478568	1.58456230107427	0.113142847472701	0.434804627560909	-4.78829213363015
ENSMUSG00000030611	0.0414858980590944	7.02822472801216	1.56706763039472	0.117175964649144	0.441534727255217	-4.78866923852601
ENSMUSG00000026927	-0.0555230785600029	7.11725382283183	-1.64883227620689	0.0992585232455496	0.409539579477529	-4.78885920446064
ENSMUSG00000046020	0.0259615594050491	7.55162191332434	2.16732813349423	0.0302671582369699	0.247504301192303	-4.7889084593232
ENSMUSG00000090112	0.0446543388436487	7.49457293517076	2.01039808239251	0.0444543641827581	0.294724826205298	-4.78913481067877
ENSMUSG00000024535	0.0556033652524981	6.82863933779571	1.55132655308435	0.120900537561113	0.446551656999676	-4.78925341170019
ENSMUSG00000017561	0.0588419856092317	6.9416990081926	1.54895855750776	0.121468772607265	0.446551656999676	-4.78936113681661
ENSMUSG00000033900	0.0749350736027017	7.09158217967523	1.56764099756493	0.117042017870657	0.441534727255217	-4.78989278557601
ENSMUSG00000032186	0.0398585118635131	7.53059566111756	2.08259674968944	0.0373497638243373	0.27052769535989	-4.79010913023022
ENSMUSG00000051890	0.0424007182179187	7.12056397286985	1.57595160767071	0.115114016450463	0.438367385456207	-4.79025881806842
ENSMUSG00000002107	0.0625316885979217	6.91801107511729	1.55038161060465	0.121127040281933	0.446551656999676	-4.7902975117036
ENSMUSG00000024767	0.0704917270888306	7.04924043817503	1.57626579113778	0.115041621342889	0.438367385456207	-4.79057674758293
ENSMUSG00000035314	0.0747966402565163	6.63418113004069	1.57162367133712	0.116114924688342	0.440113544569345	-4.79086171456853
ENSMUSG00000037408	0.0327017930294522	7.37801753303001	1.91178964117173	0.0559727328555616	0.324484671500377	-4.79221940938344
ENSMUSG00000065765	-0.0458043832380817	7.33398797825396	-1.80805770041864	0.0706706803060131	0.355667553649222	-4.79264002014881
ENSMUSG00000057963	0.0701562588349089	6.77681767660584	1.55110197727584	0.120954338327503	0.446551656999676	-4.79283678888598
ENSMUSG00000028701	0.0388551308611564	7.28511504082546	1.76134436169664	0.0782545749445285	0.370091226898004	-4.79310949503219
ENSMUSG00000052229	-0.0561464110324046	7.32412049568667	-1.82770080246238	0.0676670221949786	0.348038500348831	-4.79383500619418
ENSMUSG00000031015	-0.0501924562133169	7.2895173305762	-1.74029441334386	0.0818822735269036	0.376796703182635	-4.79470556967457
ENSMUSG00000035237	-0.0968119419168136	6.89240176398312	-1.56764340994131	0.117041454559186	0.441534727255217	-4.79476199502288
ENSMUSG00000063239	0.0598422445312039	6.73062832928312	1.55495886172176	0.120032958527992	0.445502274820192	-4.79515783609943
ENSMUSG00000000957	-0.0640248495517097	7.19406784038298	-1.67847846503248	0.0933298481961056	0.40014283474049	-4.79558963447263
ENSMUSG00000005397	-0.0694046484142312	7.13071603212982	-1.62494942435691	0.10425010731682	0.419040306848932	-4.79562933815548
ENSMUSG00000029754	0.0687134748915286	6.93492489235204	1.54454069416869	0.122534486584323	0.449006099759529	-4.7958253118299
ENSMUSG00000038059	0.0609000456416915	6.54543151146579	1.57931463542471	0.114340956709762	0.437548600358722	-4.79695464012664
ENSMUSG00000065258	0.0362760057672951	7.41892645173813	1.89460533006792	0.0582149250508302	0.329690039197642	-4.79722711636454
ENSMUSG00000073643	0.0344405081603583	7.54144042401047	2.09358076866254	0.036358550134971	0.268490862053343	-4.797372510497
ENSMUSG00000058297	0.0377144780435277	7.23210124298601	1.67185369351581	0.094629392818151	0.402542778313888	-4.79791387982645
ENSMUSG00000022521	0.0333261504341458	7.33880349369421	1.8570959232043	0.0633690867482505	0.339745178052457	-4.79795069124159
ENSMUSG00000029815	0.0489582409749287	6.8201759062237	1.55322038993412	0.120447583065823	0.446339942618978	-4.7982119402634
ENSMUSG00000046378	0.0900840322647225	6.87455072666807	1.54329765702345	0.122835656090324	0.449342195008573	-4.79853021761482
ENSMUSG00000088217	0.109333174840983	7.28774183625538	1.69755121980147	0.0896682970481709	0.393565157455196	-4.79864999850542
ENSMUSG00000019990	0.0721036484090298	6.99538996253772	1.55083440838341	0.12101846324463	0.446551656999676	-4.79895490864588
ENSMUSG00000020268	0.0817164002835451	7.25121403439002	1.62901789055607	0.103385965788988	0.417494349302879	-4.7990707621446
ENSMUSG00000054894	0.0255425792783592	7.18773058722623	1.62011320962023	0.105284773746458	0.421201228224987	-4.79961893303939
ENSMUSG00000038866	0.0754009790018557	7.0330438354227	1.60295787355047	0.10902089341094	0.42781628737063	-4.80003551595135
ENSMUSG00000001569	0.0850193164697082	7.07777907840043	1.55733413038776	0.119468266738822	0.444937226218698	-4.80041865955911
ENSMUSG00000013033	0.0192104149767118	7.19663548053812	1.65852411883582	0.0972881252095567	0.406512507272337	-4.80064723063791
ENSMUSG00000028278	0.0656220158804715	6.60240433929823	1.57419935290826	0.115518433973739	0.438711184262171	-4.80066903945784
ENSMUSG00000024991	0.0736789852537871	6.93472525353982	1.54152648929643	0.123265782711398	0.44987048668543	-4.80100864478288
ENSMUSG00000025777	0.056002110461729	7.25241232907007	1.6786402063264	0.0932983003498605	0.40014283474049	-4.80125028148457
ENSMUSG00000022426	0.0675210291965351	6.60946917069944	1.56707481183209	0.117174286218373	0.441534727255217	-4.80155818756626
ENSMUSG00000034037	-0.0885780250544448	6.93763943494699	-1.56632116849059	0.11735052919803	0.441534727255217	-4.80176161308393
ENSMUSG00000017686	0.0526905416238357	6.90622743868935	1.54008642647439	0.123616367172432	0.450218818757303	-4.80190555559287
ENSMUSG00000044433	0.0167779290864409	7.41166290598813	1.86973532941128	0.0615917148230798	0.33535997717068	-4.80191123290945
ENSMUSG00000028333	0.0513991998249503	6.55561421571076	1.58858320408065	0.112231537376993	0.433885139366203	-4.80249850645566
ENSMUSG00000006386	-0.0593214110300488	7.11701087716208	-1.65044692804798	0.0989280629176295	0.409091937729082	-4.802725623468
ENSMUSG00000027434	0.0461769693607179	7.34165112253664	1.74205953390261	0.0815729264081183	0.376178821850771	-4.8030938220692
ENSMUSG00000009905	0.0496661133110772	7.22590676126113	1.68085845266262	0.0928664917166281	0.399328859719012	-4.80310544021904
ENSMUSG00000057236	0.0514855539365442	6.74982918494798	1.56177347166976	0.118418450787203	0.44302560825345	-4.80324648222352
ENSMUSG00000020390	0.026194681325423	6.85469240243424	1.541297778299	0.12332141065195	0.44987048668543	-4.80340917202491
ENSMUSG00000051062	0.0256077284985574	6.94318451273135	1.5386867952029	0.123957854202846	0.451052224176646	-4.80354205863082
ENSMUSG00000043415	0.0619881999526619	7.32979885121803	1.72987874473896	0.0837271097853745	0.381058125031926	-4.80363818186799
ENSMUSG00000015944	-0.0366338182893475	6.88705982914685	-1.54391674925487	0.122685586980649	0.449316906613624	-4.80365679135717
ENSMUSG00000017724	-0.0920579262435011	7.0768485054407	-1.64046477552966	0.100985184433447	0.413105096744036	-4.80375797394913
ENSMUSG00000097331	0.0412558920444024	7.48328142826614	1.98541071830004	0.0471652312407712	0.301695347655556	-4.80392482398936
ENSMUSG00000033342	0.0732852297401312	6.85681408055852	1.543031917943	0.122900115721463	0.449342195008573	-4.80428148642438
ENSMUSG00000051510	0.080043815068108	6.71523758431919	1.5431273166303	0.122876972071903	0.449342195008573	-4.80712477641363
ENSMUSG00000019782	0.0420041760029823	6.72595257070811	1.54977790279842	0.121271922821214	0.446551656999676	-4.8072455162857
ENSMUSG00000024135	-0.0802253566715674	6.91846584363396	-1.5375962444614	0.124224440746027	0.451779765996413	-4.8074299824809
ENSMUSG00000097466	0.0702891919484223	6.95238547094821	1.53794154009378	0.124139984415323	0.451593750658155	-4.80743255240659
ENSMUSG00000069744	0.0526165847458255	6.92684745499686	1.53607259234341	0.124597648522603	0.45242495038124	-4.80789357290331
ENSMUSG00000028778	0.0763700510284799	7.06793601388499	1.58385531304613	0.113303682728209	0.435117827343529	-4.80851839662754
ENSMUSG00000089774	0.0527801328869115	6.79252930444476	1.53630973841569	0.124539503861301	0.45242495038124	-4.80910722793777
ENSMUSG00000023945	0.0882396231093843	6.77753852785592	1.5499700184863	0.121225802686952	0.446551656999676	-4.80920712645705
ENSMUSG00000041702	-0.018648010953866	7.57030102977152	-2.15446772208197	0.0312615194609727	0.25168864658662	-4.80938185611813
ENSMUSG00000087331	-0.0785247780006086	7.00717426389631	-1.54293147212368	0.122924487482431	0.449342195008573	-4.81148315211576
ENSMUSG00000047013	-0.0202490804310198	7.3346592310382	-1.82998571916656	0.0673245559920448	0.347463391754908	-4.81224698960054
ENSMUSG00000028494	-0.0347405249307071	7.17157951774429	-1.63712847188768	0.101680281974748	0.414001337490987	-4.81257326659679
ENSMUSG00000028907	-0.0591760094673406	6.99052096784025	-1.5484039461186	0.121602161219806	0.446918433672576	-4.8130412481346
ENSMUSG00000030621	0.0537712786819347	7.35800836140353	1.8881949631672	0.0590702402867574	0.33099040287861	-4.81318564312789
ENSMUSG00000093483	0.0812067518583444	7.1821379129997	1.65036705579729	0.0989443891735876	0.409091937729082	-4.81348647048456
ENSMUSG00000078201	0.0685845708800894	7.291052668477	1.64975373223487	0.0990698270340233	0.409134546124669	-4.81350387072411
ENSMUSG00000038418	0.0738222882558501	6.56257479211901	1.57336315821481	0.115711819820933	0.438926945351247	-4.81398350566197
ENSMUSG00000027746	0.0366064245111293	7.08589157965114	1.55803439011959	0.119302186354871	0.444612161242258	-4.81422716421362
ENSMUSG00000021127	-0.0858541199749192	7.12664176156825	-1.59345151474551	0.111135928810802	0.431742384761275	-4.81430572201501
ENSMUSG00000061013	0.0689962563271695	6.91969271329585	1.53507328369607	0.124842896714593	0.452693231788301	-4.81518519705595
ENSMUSG00000037503	0.0355998611445711	7.04672971745046	1.54947800247333	0.121343945652419	0.446551656999676	-4.81698718310543
ENSMUSG00000083808	0.0794303840103971	6.99890248547863	1.53453042466096	0.12497628176333	0.452813583149981	-4.81725119563106
ENSMUSG00000025867	0.0665202661329598	6.65616410309621	1.55732145505216	0.119471274613087	0.444937226218698	-4.81839964282946
ENSMUSG00000022041	0.0985411449790616	6.98621420155558	1.53205822182233	0.125585129020113	0.45406311546838	-4.81871308245563
ENSMUSG00000018334	0.067573463187272	6.95134351744802	1.53605459282423	0.124602062599465	0.45242495038124	-4.81990315094831
ENSMUSG00000035992	0.0417356584121178	7.11903018607476	1.59279200380475	0.111283854635631	0.431977987890659	-4.82046303522932
ENSMUSG00000024026	0.0441370316082956	6.80734671532836	1.54120771777495	0.123343320888101	0.44987048668543	-4.82068301323527
ENSMUSG00000038250	0.0577491926367033	7.1841407835466	1.59686018874169	0.110373849714628	0.431004796783102	-4.82317919883294
ENSMUSG00000054277	-0.0686778837334163	7.20870653192596	-1.74076621650044	0.0817994943510646	0.376711122422464	-4.82362595715714
ENSMUSG00000042423	0.0256199461428004	7.210145787564	1.66283160531006	0.0964224925425711	0.405712702402387	-4.82380903819505
ENSMUSG00000019295	0.0773015740499776	7.13206174254191	1.5896776533362	0.111984493157719	0.433424424274151	-4.82531011622822
ENSMUSG00000022947	0.0637527732635927	6.53081073648681	1.56090061012507	0.118624291575708	0.443470558991418	-4.82554801915757
ENSMUSG00000074807	0.0595729847534381	7.27157447292165	1.67613507705563	0.0937878904477066	0.401254723474284	-4.82575991374137
ENSMUSG00000030126	0.0510526719301785	6.46983322623845	1.57986402382062	0.114215058041352	0.437190219346317	-4.82599393227306
ENSMUSG00000027770	0.0325595933931409	7.376082324481	1.77961860099594	0.0752123658800075	0.363410283892068	-4.8266604942392
ENSMUSG00000046573	0.0532761785506075	6.64434824144428	1.55514929053366	0.119987609391883	0.445502274820192	-4.82814095395408
ENSMUSG00000020052	-0.0647445701078055	7.19177712291693	-1.65531517782695	0.0979370247594503	0.407434851699487	-4.82825386560549
ENSMUSG00000026239	-0.0599140284246458	6.53041647152296	-1.56680755499644	0.117236761661351	0.441534727255217	-4.82843785886244
ENSMUSG00000000826	0.0617726411076243	7.22683932298789	1.61084624254133	0.107290124782403	0.425333190584741	-4.8289272797391
ENSMUSG00000000682	-0.0410872993896403	7.17549585391043	-1.5898282830029	0.11195052593975	0.433416684948923	-4.82902312882456
ENSMUSG00000028871	0.0369922148736199	7.32236135344511	1.72408043612049	0.0847686138147044	0.38286777972851	-4.82904880396934
ENSMUSG00000021223	-0.0506516893323408	7.43936324868861	-1.92037415185925	0.0548798664785806	0.321679925948341	-4.82982995160158
ENSMUSG00000076258	0.0459872975151008	6.76026264159205	1.52873767386274	0.126406539756639	0.455412307309748	-4.82985190828151
ENSMUSG00000027206	0.0489204187276657	7.176611022905	1.57043435087838	0.116391170044887	0.440790917169993	-4.82993552110142
ENSMUSG00000026496	0.0310116656175961	7.12502450229934	1.59423756499128	0.110959823561441	0.431305415093469	-4.83009144995611
ENSMUSG00000039463	0.0227992870274916	7.51227526274625	1.98933254491346	0.0467307694359159	0.300499967343541	-4.83120189675859
ENSMUSG00000030350	-0.0597186926193292	6.52610934424139	-1.56409726154621	0.117871813709886	0.442443535514573	-4.83173431635643
ENSMUSG00000027678	-0.0158787730284793	7.37382144201852	-1.88698505071145	0.0592328401050229	0.33099040287861	-4.83181019172143
ENSMUSG00000021550	0.0485622527604823	7.02720744020797	1.5215438772643	0.128200433669937	0.458491553599843	-4.83182638432656
ENSMUSG00000029086	0.0733334708836075	7.13443811772864	1.54895582941158	0.121469428456616	0.446551656999676	-4.83234342518174
ENSMUSG00000020708	0.040027862546669	6.57561384008967	1.5557068100101	0.119854917647294	0.445502274820192	-4.8329042530612
ENSMUSG00000027712	-0.0543871101834101	6.84758518844635	-1.51859203850726	0.128942228095981	0.459522931514222	-4.83305938246746
ENSMUSG00000019179	0.0582177501668033	7.02924842267154	1.52507330458981	0.1273178531282	0.457335858429262	-4.83313518389599
ENSMUSG00000049680	0.044164735841667	6.61215525563494	1.5595852773221	0.118935007219048	0.443824496671655	-4.83323970254973
ENSMUSG00000092607	-0.0236830709291871	6.91854295288668	-1.51783586245496	0.129132790165894	0.459522931514222	-4.83407029760339
ENSMUSG00000034111	0.0461188530660781	7.11591507814896	1.57325385611149	0.115737116804153	0.438926945351247	-4.83436138633833
ENSMUSG00000041986	0.0813931566393391	6.65661816379456	1.54995929721877	0.121228376119776	0.446551656999676	-4.83454649107087
ENSMUSG00000060950	0.0608398098918963	7.24819510190467	1.63783809879715	0.101532117561119	0.414001337490987	-4.83458132922553
ENSMUSG00000041328	0.0637988916035832	7.2271955527758	1.61115153417634	0.107223581635261	0.425333190584741	-4.83470455750981
ENSMUSG00000018567	-0.0484881084290025	6.48245131504406	-1.57725045808255	0.114814963467831	0.438117309160743	-4.83510417088857
ENSMUSG00000078864	0.0655696195796818	7.05831640178435	1.54124803480486	0.123333512045586	0.44987048668543	-4.83634744939128
ENSMUSG00000092741	0.0631538626847821	7.28114701216123	1.72704668144698	0.0842345084931261	0.381924436295601	-4.83674539905896
ENSMUSG00000034674	0.037792041175611	7.30556233362411	1.62961751132399	0.10325908945645	0.417159336963812	-4.83802603984195
ENSMUSG00000022602	0.0807021273153916	6.8809998352843	1.51494914222239	0.129862278405995	0.461150542333283	-4.83828071188887
ENSMUSG00000032599	0.0626843120970051	6.76518071550934	1.52115552030285	0.128297837400304	0.458597964532907	-4.83889362279566
ENSMUSG00000021286	-0.0494234005857415	6.97658447615177	-1.53015967237765	0.126054266179397	0.454774811298634	-4.83954647747589
ENSMUSG00000066510	0.0750253328590587	7.23220318962768	1.64534479029934	0.0999752913617423	0.41099605830276	-4.83979346867879
ENSMUSG00000098544	-0.100884899837803	6.95095712707579	-1.554497811625	0.120142809618381	0.445662438524216	-4.83993470420364
ENSMUSG00000059970	-0.0602338015886339	7.0253682744603	-1.55193083478465	0.120755865121416	0.446551656999676	-4.84027820263079
ENSMUSG00000032135	-0.0827834819548432	7.06625184545293	-1.54514924097628	0.122387255295326	0.448694436214572	-4.84051367738603
ENSMUSG00000028389	0.0525608917067952	7.35556276350401	1.79732713687157	0.0723571742502558	0.358703878341219	-4.84110189425174
ENSMUSG00000011589	-0.0399507645581982	6.80968871040348	-1.51262146576652	0.130452820860994	0.461890619793473	-4.84129434811875
ENSMUSG00000076135	0.0385711799903614	7.35515602170935	1.80902964251726	0.0705195289140546	0.355296831295709	-4.84133118055703
ENSMUSG00000087687	-0.0380268422292547	6.92507021342412	-1.5128053316558	0.130406097531538	0.461890619793473	-4.84170468825639
ENSMUSG00000052934	0.0455884258864048	6.92214510892902	1.51262331992411	0.130452349624382	0.461890619793473	-4.84179151941014
ENSMUSG00000021109	0.052117362975757	7.44454087020588	1.8736828143619	0.0610451481050369	0.334899225847436	-4.84281415916563
ENSMUSG00000024525	0.0787996802630655	6.7947052913843	1.51383357425877	0.130145043668746	0.461670984317336	-4.84307860131822
ENSMUSG00000085642	0.0462062437209951	7.27654552156422	1.68431216494774	0.09219738059724	0.39809302106286	-4.84318205632479
ENSMUSG00000030847	-0.0521541579860161	6.69176156579662	-1.51846950848206	0.128973091739815	0.459522931514222	-4.84320660699919
ENSMUSG00000089239	0.0653680094587461	7.35953183365234	1.74334766416285	0.0813477737449759	0.375878176714089	-4.844102740544
ENSMUSG00000081418	-0.0359930367164161	7.32963956286138	-1.79453117834891	0.0728019803676039	0.359783248986939	-4.84410497873953
ENSMUSG00000064036	-0.0854188683800681	7.06203191919775	-1.55537863562091	0.119933010466568	0.445502274820192	-4.84438026028846
ENSMUSG00000042364	0.0578724088157676	6.99888135507015	1.51173481148864	0.13067831664214	0.461890619793473	-4.84480173176739
ENSMUSG00000033192	-0.0518524476185149	7.34162366497734	-1.81977749399895	0.0688656996728206	0.350744235974494	-4.84499529582171
ENSMUSG00000090873	-0.0193232584170584	7.51164102429541	-2.04632924378373	0.0407875626804774	0.281153807021507	-4.84528366713998
ENSMUSG00000046321	0.0625523924402334	7.08692681583425	1.54278535665886	0.122959947080534	0.449350663751451	-4.84548436132117
ENSMUSG00000030987	0.0295583387424596	7.20608270569843	1.59455097000787	0.110889670362391	0.431203239605855	-4.84563698916336
ENSMUSG00000046341	0.0627618562384145	7.32020509409605	1.66056061742612	0.0968780989371703	0.406396431123191	-4.84569856352194
ENSMUSG00000023072	0.0436190093872186	7.35626223543113	1.75505751665309	0.0793240635333419	0.37305555955004	-4.84609452211487
ENSMUSG00000032184	0.0665525421126825	6.42166601875149	1.59669958161781	0.110409663797681	0.43102016286652	-4.84610869275024
ENSMUSG00000022442	0.0519741993413838	7.00980188416547	1.50913276123698	0.131341822064373	0.463290386085299	-4.84621553422891
ENSMUSG00000014907	0.0461903460757211	7.4145689827689	1.83918956469928	0.0659594919970464	0.344382598196286	-4.84623930584412
ENSMUSG00000051469	0.0443971558491194	7.21452154280975	1.60794503923993	0.107924122289745	0.426474861557668	-4.84637742885155
ENSMUSG00000036352	0.0333205270895949	6.22917386855762	1.61377958005002	0.106652109115373	0.424107167534227	-4.84650098682032
ENSMUSG00000053004	0.0630692858835307	6.86801010075701	1.50959247964135	0.13122440729666	0.463197217945358	-4.84664503759584
ENSMUSG00000033417	0.0426678428949172	7.43429894344744	1.88595502771614	0.05937155729455	0.331083530404638	-4.84853326178186
ENSMUSG00000032040	0.0555308735883662	6.79251264707429	1.52609669702389	0.12706282657424	0.456833148420457	-4.84914145168771
ENSMUSG00000073424	0.039196118268503	7.40690812074656	1.93935536280032	0.0525265160228257	0.316437647033125	-4.849220569995
ENSMUSG00000031171	0.0751986056600655	7.03837126251256	1.52808774946243	0.126567801514955	0.455536568340793	-4.8497628338309
ENSMUSG00000022748	0.0730701625184551	6.96171783091311	1.51231120810029	0.130531691867878	0.461890619793473	-4.85053403309121
ENSMUSG00000038895	-0.053194082378603	7.11453917702613	-1.5949264392491	0.110805670714542	0.431203239605855	-4.85139064724875
ENSMUSG00000002343	0.0503969931839441	6.99762723407146	1.50846411437486	0.131512743798715	0.46344604656308	-4.8514363832093
ENSMUSG00000052584	0.0320857270420198	6.70712792984204	1.53619426317121	0.124567814014795	0.45242495038124	-4.85281214276572
ENSMUSG00000022035	0.0806029702165407	6.68382001406209	1.53279554530707	0.125403301565244	0.453996785746751	-4.8528729324239
ENSMUSG00000040888	-0.0575043865720462	6.85971441915786	-1.504797260151	0.132453145507457	0.464150877950402	-4.8531467112501
ENSMUSG00000074748	0.0526864463113572	7.12953972966954	1.52919911044873	0.126292143510917	0.455269577697692	-4.85373565002315
ENSMUSG00000036644	-0.0272067717392748	7.41460775274775	-1.8907162974855	0.0587325896376339	0.33000267314838	-4.85459754217527
ENSMUSG00000023452	-0.0534200843383221	7.42013430660665	-1.91085807757363	0.0560924103267172	0.324594959404156	-4.85499567097879
ENSMUSG00000022412	0.067614439411896	6.7265118354671	1.50576994757694	0.132203183767799	0.463874421719414	-4.85551114842434
ENSMUSG00000037852	-0.0343496716989673	6.99175043166724	-1.51067373274815	0.130948569870248	0.462584864591146	-4.85609369141535
ENSMUSG00000040606	0.0689894345223578	6.64679603455677	1.53462619621997	0.124952741811171	0.452813583149981	-4.8564023506761
ENSMUSG00000078813	-0.0953053209222334	6.98368718452253	-1.51448220360954	0.12998057616898	0.461328966413358	-4.85644602063327
ENSMUSG00000033216	-0.0615183573032203	7.00621480391028	-1.51898063245665	0.128844384543612	0.459522931514222	-4.85651409329087
ENSMUSG00000045664	-0.0845109953302909	6.74975654009562	-1.51821208929221	0.129037950827379	0.459522931514222	-4.85659401812496
ENSMUSG00000035585	0.0432151568879142	6.92131268927766	1.50161445745358	0.133273623820575	0.465663205809111	-4.85662208230711
ENSMUSG00000020807	0.0206270738376322	7.29677177617945	1.72686607603145	0.0842669504163541	0.381924436295601	-4.85666386122776
ENSMUSG00000018372	-0.0675854852015121	6.97825646996046	-1.52179852245168	0.128136597386933	0.458491553599843	-4.8581137081694
ENSMUSG00000068551	0.0449106481230341	6.78699855388141	1.50629502361162	0.132068401463685	0.463874421719414	-4.85836001197672
ENSMUSG00000024812	-0.0580760196123373	7.27407596573147	-1.73228889812217	0.0832972538748989	0.380053479694518	-4.85836154703303
ENSMUSG00000044252	-0.0645414624309009	6.71742593993318	-1.51258847723117	0.13046120516191	0.461890619793473	-4.85853432120311
ENSMUSG00000046750	0.060800853137188	7.47272813928666	1.89587506548481	0.0580467354317853	0.3291860758644	-4.85869379227039
ENSMUSG00000026083	0.0651624511311741	6.90224829601114	1.50009932837175	0.133665581034723	0.466470514200456	-4.85870947697108
ENSMUSG00000041923	0.0474855375907559	6.99606591733543	1.50202867349596	0.13316662300258	0.465568095582513	-4.85954384566606
ENSMUSG00000032925	0.061242916848764	7.39254955222881	1.79946635503632	0.0720183534431865	0.357522907873946	-4.8598981039296
ENSMUSG00000018822	0.0672345235305043	7.36941457589415	1.78868354514375	0.0737395125103287	0.361277146775972	-4.86011437482221
ENSMUSG00000052331	-0.0532635826121481	7.42848590477607	-1.81854459755361	0.0690537782151039	0.350948269191156	-4.86022871098207
ENSMUSG00000025235	0.083360860210183	6.83140782003159	1.50595420088404	0.132155875463195	0.463874421719414	-4.86026721617777
ENSMUSG00000040734	-0.0452131770633155	7.26819434635745	-1.72266536409499	0.0850243769784572	0.383595298774393	-4.86059397211103
ENSMUSG00000038422	0.0437073387276712	7.24297832927199	1.67559121212651	0.0938944525829481	0.401583907924167	-4.86098979378106
ENSMUSG00000062908	-0.0457275024995276	6.63420523454638	-1.52446433618999	0.127469795319384	0.457568304193861	-4.86198238957593
ENSMUSG00000063888	0.0473310256979866	6.54222594503875	1.54994328725464	0.121232219081466	0.446551656999676	-4.86230336980451
ENSMUSG00000098239	0.0278404384410837	7.14890869783818	1.56657619870821	0.117290865915283	0.441534727255217	-4.86241828403001
ENSMUSG00000029840	0.0496212895960069	7.21203042460667	1.60436958067595	0.108709541550129	0.427590284221121	-4.86273867893484
ENSMUSG00000026831	-0.0668114656023979	7.0515460483409	-1.5235129293216	0.127707460885335	0.458057607059091	-4.86275600658272
ENSMUSG00000022552	-0.0434447557456803	7.23011421234776	-1.63345822665269	0.102449350437865	0.41500098393683	-4.86398293614698
ENSMUSG00000030413	0.0533672187303802	6.78110328225001	1.50589912590064	0.132170014969265	0.463874421719414	-4.8642668345364
ENSMUSG00000100017	0.0647954515895606	7.44671167426892	1.80125966863483	0.0717353214958184	0.35745789381451	-4.86444615562046
ENSMUSG00000049044	0.0399706839758442	7.2319957435491	1.67206937623961	0.0945868562622182	0.402542778313888	-4.86542476256609
ENSMUSG00000029613	0.0686692534975686	6.90619959878166	1.49535959460352	0.134897491628296	0.468369857640103	-4.86552044833886
ENSMUSG00000020176	0.0473621167087996	7.30287188189418	1.64298066233838	0.100463524390657	0.412377978712845	-4.86573006290233
ENSMUSG00000020335	0.0998533213360409	6.94246849726574	1.49625651892363	0.134663699887716	0.468282280292366	-4.86576566369371
ENSMUSG00000059183	0.0496344209017421	7.52241316178949	1.97815265042532	0.047978250219026	0.304251223793056	-4.86624515464742
ENSMUSG00000035847	0.0525683175443934	7.3529794701168	1.78665488731074	0.074067058921526	0.361351214802994	-4.86628593090671
ENSMUSG00000021156	-0.0539250580502069	7.32511708003119	-1.7465131508167	0.0807966203198661	0.375443148893545	-4.86656600368323
ENSMUSG00000035139	0.0734761272801672	7.09895594181792	1.54922017843522	0.121405890366164	0.446551656999676	-4.86720071660244
ENSMUSG00000020659	0.031967703741155	7.33289188408201	1.73943430683899	0.082033356512824	0.377275524966373	-4.86796899830464
ENSMUSG00000035443	0.0853570154984329	7.1109063090209	1.51104216108624	0.130854683298774	0.462373676352562	-4.86833522013946
ENSMUSG00000047250	0.0769953476172054	7.24521617734592	1.61555769773761	0.106266826362996	0.423381026103293	-4.8690902917156
ENSMUSG00000043999	0.0641961723269766	6.64918242447417	1.52531767723341	0.127256919965766	0.457335858429262	-4.86960640942184
ENSMUSG00000026525	0.0509030327705906	7.01694328066713	1.49488892677459	0.135020301093113	0.468369857640103	-4.87028052809405
ENSMUSG00000038816	0.0473326971862038	7.36265673909148	1.7871268365738	0.0739907521566761	0.361334456412387	-4.87085762535719
ENSMUSG00000037907	-0.0453858266194178	7.16098916251216	-1.66927873867626	0.0951384060862416	0.403160188182184	-4.87100407480955
ENSMUSG00000051550	-0.0436112510733588	6.98568875327161	-1.4997792685041	0.133748493138596	0.466639750379075	-4.87162376354942
ENSMUSG00000028124	0.0403696848297672	7.35606745817726	1.71691058488029	0.0860709469937701	0.385768561765796	-4.87162585610241
ENSMUSG00000059708	0.0470710307889224	7.36375595563955	1.73691289077644	0.0824775624507727	0.378225571431171	-4.87179386419792
ENSMUSG00000049420	-0.0473775746502154	6.99876561147466	-1.52241473405181	0.127982223338886	0.458165654389552	-4.87242924477446
ENSMUSG00000070319	0.0255734828791532	6.7974566915426	1.49543517361003	0.134877779151739	0.468369857640103	-4.87347200604342
ENSMUSG00000010406	-0.0403374015167426	6.63310386433544	-1.52163450590724	0.128177711397066	0.458491553599843	-4.87431017590448
ENSMUSG00000056501	0.0718383838511381	6.59189259469538	1.54064999429573	0.123479073510686	0.450034752327388	-4.87437199297743
ENSMUSG00000032332	-0.0246582893513985	7.47139964491512	-1.97453712930719	0.0483876221363784	0.305977191584598	-4.87448473210073
ENSMUSG00000004110	0.0536301812393258	7.31455691909062	1.74054003393861	0.0818391702320107	0.376765864178472	-4.87576151462302
ENSMUSG00000023175	0.0572366474239212	6.57018921614657	1.54035927675203	0.123549881831746	0.450171808082455	-4.87765698794553
ENSMUSG00000100241	0.108846897410535	6.80039306010187	1.49623891611498	0.134668285208728	0.468282280292366	-4.87769903487042
ENSMUSG00000090641	0.0403570716941051	7.42506835912746	1.86113875245194	0.0627960228991625	0.337818203309822	-4.87822834352202
ENSMUSG00000034685	0.0505703278557323	6.80216521147033	1.49037797725436	0.136201712743451	0.469845412249342	-4.87861935050759
ENSMUSG00000039257	0.0857974464179474	7.09399168157559	1.53142045000072	0.125742572269231	0.45406311546838	-4.87866089302284
ENSMUSG00000034684	0.0835588580517754	6.92655357243493	1.48569756884133	0.137435927419581	0.471144991390895	-4.87878362421881
ENSMUSG00000027544	0.0707153293059353	6.92557389005579	1.48639495140032	0.137251483928425	0.471058496702375	-4.87889124836483
ENSMUSG00000055923	-0.0187649195835782	7.49140936921929	-2.00364779536159	0.0451734066433093	0.295589308527986	-4.87894423212778
ENSMUSG00000036160	0.0922678381448341	6.87660230300619	1.48896458755456	0.136573515429851	0.47040768114551	-4.87920981808725
ENSMUSG00000029030	0.050269767549822	6.71553698211627	1.5026946623321	0.132994723385136	0.465305499568203	-4.87944446678633
ENSMUSG00000022436	0.0314043033867151	6.91428726003202	1.48484962743092	0.137660448171562	0.471551378552308	-4.87946469751581
ENSMUSG00000030798	-0.0568429306741969	7.17615948571709	-1.58378088075532	0.113320626076855	0.435117827343529	-4.88071182369263
ENSMUSG00000094411	-0.0362710644635786	7.4579777816635	-2.00102151748998	0.0454557968104288	0.296721084812611	-4.88114454926474
ENSMUSG00000041147	0.0438160272692674	7.48543731219601	1.88345603470938	0.0597092274658306	0.331715012036115	-4.88148708867877
ENSMUSG00000027601	-0.0865491292610558	6.71577449013229	-1.49437849912865	0.135153582598847	0.468439196832767	-4.8832393041838
ENSMUSG00000030869	0.033847092406031	6.51928727779504	1.53911187588593	0.123854063725637	0.450916593982863	-4.88351110018777
ENSMUSG00000026887	0.0673086838386405	6.85892015410111	1.48303238773353	0.13814257562215	0.472725148986649	-4.88393230798924
ENSMUSG00000004897	0.0460020406372035	6.32014740374001	1.5850364605582	0.113035080079217	0.434636873429957	-4.88400087735941
ENSMUSG00000050989	-0.0423852044226516	7.23572043521356	-1.70874910303314	0.0875730295983064	0.388787911224521	-4.88405815169448
ENSMUSG00000008658	0.0835877721719553	6.8195021693904	1.48661527841855	0.137193251633677	0.471058496702375	-4.88470593094142
ENSMUSG00000022131	0.0466360261117087	6.80488971552301	1.48645583497301	0.137235390531376	0.471058496702375	-4.88493694617947
ENSMUSG00000024558	0.0362194266253839	6.76696063046612	1.48990028247608	0.136327286365709	0.470072570840866	-4.8849823753437
ENSMUSG00000025825	0.0291335611299823	6.76784277818878	1.49500428718166	0.13499019257278	0.468369857640103	-4.88509040322904
ENSMUSG00000040389	0.0730008474161368	6.79967638424224	1.48814530418378	0.136789392466577	0.470593929195822	-4.88526611688008
ENSMUSG00000032002	-0.0280944491344064	7.06822969279249	-1.50152451970562	0.133296865448087	0.465663205809111	-4.88569748226819
ENSMUSG00000053293	0.0166418388985292	7.28965204218839	1.67473109430356	0.0940631779615886	0.401768454292609	-4.88581949319562
ENSMUSG00000024581	0.0595666624610933	7.28493632505032	1.63680569980097	0.101747731154997	0.414014327430808	-4.88590219896784
ENSMUSG00000026238	-0.0438432633741375	6.89959695970006	-1.48057269131773	0.138797223838944	0.474181355065932	-4.88646627575809
ENSMUSG00000052915	0.0563343328420247	6.49404804775974	1.52941072967797	0.126239707281284	0.455220947668308	-4.88685548921564
ENSMUSG00000008489	0.0431432156519156	6.90656062109872	1.48003095049617	0.138941728853899	0.474181355065932	-4.88712939816766
ENSMUSG00000021047	0.071829838757715	7.33030343400863	1.65615770944195	0.0977663173384132	0.407099425821317	-4.88747996106985
ENSMUSG00000024528	0.0458467740535866	6.59734603256163	1.49948123454987	0.133825735171385	0.466673723249065	-4.88872925765907
ENSMUSG00000048379	0.0435094544491053	7.34503775854184	1.70330370111995	0.088586945446081	0.391145516023241	-4.89103006678425
ENSMUSG00000039252	0.0476075225608987	7.02612697121588	1.48870426462333	0.136642080682588	0.470440154874183	-4.89118401116134
ENSMUSG00000030849	-0.0636979831239941	6.8854356609312	-1.47799389353803	0.139486134911901	0.475025374840207	-4.89160965597636
ENSMUSG00000030298	0.036640307129149	6.98726047920764	1.4795183150972	0.139078576935146	0.474371659392882	-4.89168761227325
ENSMUSG00000028776	0.0600990888317945	6.9030778121356	1.47781740205951	0.13953337969607	0.475025374840207	-4.89208360127298
ENSMUSG00000029309	-0.0444757149089581	7.37719359332413	-1.82121179254438	0.0686474272715056	0.35028515082835	-4.89263365334538
ENSMUSG00000020178	0.0997797413114379	6.85905342088339	1.47637401536019	0.139920220640686	0.47544820838256	-4.89287336136555
ENSMUSG00000094551	0.0479978172391373	7.35610374994467	1.91620062322239	0.0554089412530749	0.323389765608777	-4.8930493775535
ENSMUSG00000020368	0.0437759522854044	7.0525343292334	1.48836513979599	0.136731441053849	0.470593929195822	-4.89323034876752
ENSMUSG00000030335	0.0404144931641932	6.43450662981943	1.54563443517168	0.122269966946337	0.448521702342651	-4.89333346606736
ENSMUSG00000025531	0.0430559629189355	7.30631939442459	1.70832604534762	0.0876514645202395	0.388787911224521	-4.89339395637042
ENSMUSG00000023004	0.0808353087217357	6.84951448505966	1.47512286660184	0.14025620750353	0.476225177255605	-4.89353770938724
ENSMUSG00000027180	0.0530736495226636	7.00004553910477	1.48019747589537	0.138897297207838	0.474181355065932	-4.89374305610608
ENSMUSG00000029053	0.0463691085274558	6.35640294145285	1.54588473262117	0.122209495697745	0.44842120234642	-4.89473026703967
ENSMUSG00000022216	0.0382662432558805	7.09970817094159	1.49033569091774	0.136212825124571	0.469845412249342	-4.89476501204252
ENSMUSG00000042042	-0.0384542950531266	7.25324214386039	-1.69989763652165	0.0892259405925198	0.392513076753207	-4.8949958056238
ENSMUSG00000066357	0.0269785518402292	7.42713052976315	1.83630778840929	0.0663844259315465	0.344946293143029	-4.89501886544418
ENSMUSG00000044033	0.0502997551052005	7.11912875296082	1.53573138803322	0.124681343859727	0.45247046575219	-4.8951819879486
ENSMUSG00000059064	-0.0835472015656862	6.84484992063971	-1.47486883760941	0.140324500895128	0.476225177255605	-4.89577665994938
ENSMUSG00000005774	-0.0169184545088168	7.51560672488252	-1.98592643271953	0.0471079067885565	0.301552880188503	-4.89662182076251
ENSMUSG00000065990	0.0380433237932216	6.67363098240878	1.49536880342938	0.134895089668043	0.468369857640103	-4.89726615323839
ENSMUSG00000029149	0.0674811250730398	6.82316052229364	1.47797053797947	0.139492386225032	0.475025374840207	-4.89775914001915
ENSMUSG00000005981	-0.0429482129049195	6.77268573630985	-1.47851801601831	0.139345905821895	0.474805677590665	-4.89788060679679
ENSMUSG00000022043	0.0384148666944881	7.19470086995055	1.55304256738851	0.120490056791965	0.446339942618978	-4.897901167106
ENSMUSG00000034709	0.0599510281193227	6.9091559193182	1.47106446807378	0.14135033468588	0.477324550733098	-4.89828300215611
ENSMUSG00000039069	0.0643736275255229	7.06011740107586	1.49592232489529	0.134750774047236	0.468369857640103	-4.89830005104002
ENSMUSG00000039033	0.0709800628177755	6.71792429891403	1.49940609730661	0.133845214082687	0.466673723249065	-4.8995134338248
ENSMUSG00000030016	0.0340299445949661	7.10868542210298	1.51305211759683	0.130343405606616	0.461890619793473	-4.89958016441174
ENSMUSG00000035441	-0.043557871135623	7.24850880760358	-1.63611720038596	0.101891724877687	0.414103119272084	-4.89968291810778
ENSMUSG00000035285	0.0362245397301066	6.60681700191364	1.50908777983783	0.13135331495146	0.463290386085299	-4.89970138125599
ENSMUSG00000038690	-0.0297395045149225	6.69920759789044	-1.48707565841796	0.137071635018204	0.471058496702375	-4.90013938278509
ENSMUSG00000071691	0.0538082177303316	7.33128957434891	1.71915481431186	0.0856615773898905	0.384569425911303	-4.90019633870204
ENSMUSG00000026094	0.04358532883849	7.17070695032277	1.58690877868193	0.112610328343097	0.434636873429957	-4.90020636498665
ENSMUSG00000034898	0.0638384492425317	6.78827554598968	1.4870752370025	0.13707174630367	0.471058496702375	-4.90031559658146
ENSMUSG00000020660	-0.0258151206724948	6.51393661486393	-1.51557726247913	0.129703277568146	0.460827315846155	-4.90048789914024
ENSMUSG00000054013	0.0495583688901764	7.08922853466659	1.49728782892799	0.134395266657837	0.467932980315089	-4.90063101964842
ENSMUSG00000068706	-0.0810904263034367	7.06183707988842	-1.47392001131409	0.140579810527767	0.476495267783867	-4.90097798347652
ENSMUSG00000026254	0.0621691484304403	6.66168797305434	1.50816296252148	0.131589781550285	0.46344604656308	-4.90199542217281
ENSMUSG00000029467	0.0446965572002389	6.720210959342	1.48164835512534	0.138510642414419	0.47374553225396	-4.90221563737051
ENSMUSG00000021468	-0.0338783622405812	7.37902427998326	-1.88817727725265	0.0590726144201406	0.33099040287861	-4.90240701919568
ENSMUSG00000021388	-0.052146971313376	6.92398167842618	-1.49202185180268	0.135770263096795	0.469704829565283	-4.90249331713551
ENSMUSG00000024781	0.0559913597958603	6.49032263622142	1.52302640044993	0.127829131071731	0.458077799355349	-4.90343671433509
ENSMUSG00000032259	0.0892018724096753	6.8157845460856	1.47159404109531	0.141207192902657	0.477190209714413	-4.90350904301227
ENSMUSG00000063488	0.033379051431397	7.47174264980419	1.91279752443037	0.0558434903099881	0.324484671500377	-4.90403981361949
ENSMUSG00000030138	-0.0418640391484093	7.33920010436904	-1.83450880602356	0.0666508377511805	0.34556484062352	-4.90407315841557
ENSMUSG00000031323	0.0562736525131866	7.33143245595774	1.68331566189817	0.0923900410813467	0.398141733084205	-4.90526504616761
ENSMUSG00000041679	0.0323121523304284	7.53246439166533	1.99283222639583	0.046345922425734	0.299849499514311	-4.90567890105482
ENSMUSG00000097769	0.0419941356009419	7.43049824611829	1.82032378182671	0.0687824981026391	0.350583875667512	-4.906076257615
ENSMUSG00000026975	0.0286697008289449	7.41186634239793	1.7791995419955	0.0752810306256121	0.363482981916684	-4.90615714097017
ENSMUSG00000026627	-0.12018798316194	7.04662142684426	-1.47749168901756	0.139620601765616	0.475025374840207	-4.90654820449609
ENSMUSG00000032264	0.0786992999556837	6.9009817675396	1.46524685804146	0.142930167075138	0.480359445623713	-4.90663387797208
ENSMUSG00000020128	0.0232793892659471	7.4685545349024	1.9454657248479	0.0517871293052296	0.315933338124468	-4.90755654110419
ENSMUSG00000026240	0.0682149260692766	6.69763482240448	1.48944588369799	0.13644681901689	0.470245544542702	-4.90757049890327
ENSMUSG00000025193	-0.0485429073553378	7.0812960649342	-1.49084723204947	0.136078444764408	0.469845412249342	-4.90811255246559
ENSMUSG00000039210	0.0355554697577611	7.48682656460892	1.9063085410325	0.0566799534826269	0.326590229204188	-4.90869312110692
ENSMUSG00000016624	0.0560911859894579	7.00405853227174	1.4846239990172	0.137720238440287	0.471637027727559	-4.90875346909016
ENSMUSG00000024740	0.034217348960607	6.95611144276219	1.46704480357847	0.142440475586908	0.479564928732876	-4.90907914249857
ENSMUSG00000024253	-0.0634175074057204	7.25263138575499	-1.55485567224695	0.120057537904985	0.445502274820192	-4.90911137648003
ENSMUSG00000026974	0.0966410008131398	6.82539866940767	1.48631222633117	0.137273353036663	0.471058496702375	-4.90919849987066
ENSMUSG00000031246	0.0225651320556475	7.42047461562096	1.82139386354106	0.0686197603271941	0.35028515082835	-4.90924306864319
ENSMUSG00000058886	0.0382694772251728	7.41663300089404	1.87119313981884	0.0613893970299446	0.33535997717068	-4.91001070973687
ENSMUSG00000080921	-0.0560969532176081	6.89562741121308	-1.46342912474345	0.143426560794813	0.480854923653827	-4.9100266881596
ENSMUSG00000032437	0.0620115500416345	6.94003969766719	1.47054066099245	0.141492027664579	0.477438753378887	-4.91014151943734
ENSMUSG00000025277	0.0506625444945374	6.66391570446427	1.48566489559007	0.137444573516077	0.471144991390895	-4.91036641568848
ENSMUSG00000067148	0.0429829541257467	6.93319978143547	1.46257098031674	0.14366136544333	0.48130801654851	-4.91080939456389
ENSMUSG00000022193	0.0667900354408015	6.60137046116982	1.50166368052798	0.133260904968942	0.465663205809111	-4.91197249779986
ENSMUSG00000022816	0.081312937897196	7.01495322517779	1.47426966397096	0.140485684644991	0.476488283162058	-4.91218585883254
ENSMUSG00000030103	0.0581884416758278	6.79081453248971	1.47160648018873	0.141203831998272	0.477190209714413	-4.91226229933165
ENSMUSG00000019256	0.0739816611615982	7.20365134639625	1.57565183533224	0.115183124315115	0.438367385456207	-4.91302615778179
ENSMUSG00000069814	0.0401925721494418	6.79015958453022	1.46928940651382	0.141830941443556	0.478169343055808	-4.91344656962493
ENSMUSG00000025979	0.0356381639622123	7.15513288932529	1.51785879186573	0.129127008565769	0.459522931514222	-4.91371021660198
ENSMUSG00000035372	-0.054241330949127	7.15193918464063	-1.56177114044358	0.118419000170416	0.44302560825345	-4.91371951260244
ENSMUSG00000020260	-0.0466383845018798	6.94949292618228	-1.46610146683833	0.142697243457151	0.480071768434754	-4.91381403064666
ENSMUSG00000024666	-0.0570594485821605	7.21422413956938	-1.55061733368981	0.121070506391116	0.446551656999676	-4.91400416879601
ENSMUSG00000047789	0.0617581533658296	7.26201955090964	1.66651933034828	0.0956863147773523	0.404399955034708	-4.91420769255203
ENSMUSG00000036054	0.00969312283543289	7.42615532419371	1.84504612204611	0.0651028183195574	0.342927337519316	-4.91446797402082
ENSMUSG00000025529	0.0376384926973268	7.53551333641989	1.99999943786103	0.0455660973758156	0.297154953449403	-4.91529051418959
ENSMUSG00000004032	0.0237033141960259	6.99908084540355	1.46728361866995	0.142375528565399	0.479524084893406	-4.91554927363121
ENSMUSG00000020235	0.0326545166419603	7.05619964259296	1.47261980659862	0.140930249028332	0.476848594041959	-4.91556401255995
ENSMUSG00000068479	0.0481639907958371	7.2031476925849	1.52655540731845	0.126948646394827	0.456664830942177	-4.91592468932519
ENSMUSG00000026634	0.061235362066312	7.27605629520782	1.64418294289116	0.100214995755378	0.411856596681241	-4.91653723552847
ENSMUSG00000043542	0.0558786890529097	7.29036373398478	1.62559553557617	0.104112491311524	0.419040306848932	-4.9167326679443
ENSMUSG00000068922	0.0366394742174787	7.37324796945882	1.72497169741246	0.0846078451188517	0.382626138799664	-4.91676976951327
ENSMUSG00000002833	-0.0407277920075142	7.17698262134963	-1.56516618497703	0.117621031310264	0.441746798477718	-4.91725966692369
ENSMUSG00000056145	0.0337137080929661	7.40771807965939	1.7802647540249	0.0751065909854919	0.363158045856383	-4.91822238895562
ENSMUSG00000030329	0.0251131405680995	7.1840674147536	1.54784870340414	0.12173581642631	0.447288400842253	-4.91923506793453
ENSMUSG00000064264	0.0395861670053783	6.56164614961185	1.50646377237557	0.132025107792319	0.463874421719414	-4.91924851759721
ENSMUSG00000096210	-0.0610608377457798	7.25793529524503	-1.5852016829944	0.112997547191573	0.434636873429957	-4.91937075733566
ENSMUSG00000018661	-0.0126338634143606	7.343293102548	-1.7577701697547	0.0788611502541929	0.371931128562335	-4.91976009981425
ENSMUSG00000085886	0.0139972446129129	7.34254056118781	1.7496856122387	0.0802472996962567	0.374524230389621	-4.91978653888622
ENSMUSG00000032066	0.0719793050457005	6.97978292091127	1.45869694907782	0.14472504651705	0.483730267538297	-4.92001621793086
ENSMUSG00000022184	0.0705048935376125	7.0417392801774	1.47313082055195	0.140792437618835	0.476501215485811	-4.92123694109479
ENSMUSG00000022543	0.0572678537968576	7.29198756981743	1.67173365115071	0.0946530739979847	0.402542778313888	-4.92134816204847
ENSMUSG00000024914	-0.0461250487757461	6.9000659766209	-1.454633477676	0.14584721740152	0.485608195857026	-4.92177534527876
ENSMUSG00000071644	0.0373760486207662	6.84588204722242	1.45672392000353	0.14526909014996	0.484486512627074	-4.92259924757825
ENSMUSG00000025792	0.0306193878532683	7.31245199374527	1.69393980543882	0.0903525860395571	0.394906628473344	-4.92341907275572
ENSMUSG00000043241	0.0613590843226905	6.83849656679752	1.45313317485117	0.146263222016916	0.486038422574841	-4.92388548594081
ENSMUSG00000047989	0.0522862656675036	7.37881755028023	1.70161440969211	0.0889034024751099	0.391729714253344	-4.92461313421004
ENSMUSG00000032633	-0.0716570215404593	7.01936018616789	-1.51816331642884	0.129050242446165	0.459522931514222	-4.92461718093272
ENSMUSG00000020289	0.0278904682054639	7.5567722907364	2.06249533773857	0.0392233787207805	0.276719463432959	-4.92501473645876
ENSMUSG00000000439	0.0622317082614625	6.92773773997859	1.45108734709241	0.146831952988747	0.486240925736446	-4.92537593957503
ENSMUSG00000097350	0.0594308448272312	7.15625524579505	1.4801242131645	0.138916843530123	0.474181355065932	-4.92542815108462
ENSMUSG00000040913	0.0618422004064394	7.01929017821289	1.49787478946382	0.134242675285333	0.467641878601889	-4.92564466932318
ENSMUSG00000034101	-0.0462853968594601	7.12039306123056	-1.56615697161311	0.117388954999679	0.441534727255217	-4.9259260672722
ENSMUSG00000068798	0.0281829653597585	7.17052715885488	1.52038248955566	0.128491892361666	0.459049559061783	-4.92592888260788
ENSMUSG00000026749	-0.045127991311416	6.92407930079595	-1.45128490264398	0.146776959733776	0.486240925736446	-4.9261058609678
ENSMUSG00000024383	0.0425330334053617	7.46790832583981	1.91902392167599	0.0550505709914208	0.321991217213841	-4.92613697188147
ENSMUSG00000026641	-0.0243504238784462	7.00499778664915	-1.47498680259724	0.140292783896136	0.476225177255605	-4.92640846282698
ENSMUSG00000022370	0.0401805494689604	6.50371111046866	1.52281836155945	0.127881184546442	0.458077799355349	-4.92844220796445
ENSMUSG00000095868	-0.0401403592601861	7.38994133185415	-1.9119319580328	0.0559544682316826	0.324484671500377	-4.92869695155363
ENSMUSG00000030560	-0.098766052293902	6.78577634407662	-1.45856115211951	0.144762441094776	0.483730267538297	-4.92972525140062
ENSMUSG00000062169	0.0325535732192614	6.78669702447112	1.45355960547167	0.146144888863823	0.48600255168401	-4.93033214384384
ENSMUSG00000074247	-0.0817913587238683	6.56517008934667	-1.47110592131537	0.14133912599332	0.477324550733098	-4.93105634497687
ENSMUSG00000022433	0.0671714422938701	6.74989491529035	1.46212487186031	0.143783545658367	0.481471060593902	-4.93106509194085
ENSMUSG00000044308	0.0747270204481811	7.39042126117808	1.74167360706957	0.0816404810602211	0.376229762920749	-4.93123551477492
ENSMUSG00000029126	0.0700402374237399	6.64407254938234	1.49028269489812	0.136226752880378	0.469845412249342	-4.93162760188935
ENSMUSG00000042712	0.051892907632145	6.84414537761297	1.45228289137227	0.146499391906789	0.486115970130544	-4.93258569788942
ENSMUSG00000059474	0.0278511557717911	7.51483442444124	1.98980543436613	0.0466786108512373	0.300499967343541	-4.93380693854261
ENSMUSG00000083811	0.0645234217634458	7.41872850245628	1.75069467088442	0.0800732159638652	0.374464351364617	-4.93409217016005
ENSMUSG00000022969	0.0701458050927126	7.11941020572085	1.51937514207787	0.128745110535079	0.45946596337393	-4.9347860467278
ENSMUSG00000055041	0.0442504638713279	6.89602097793458	1.44291508955327	0.149120693459507	0.489569687966763	-4.9363078593431
ENSMUSG00000037428	0.0629682991707048	6.79475533778301	1.44989088311067	0.147165347853018	0.486769403803665	-4.93719026605735
ENSMUSG00000035953	0.0695885805011889	7.00811240761101	1.44745312021048	0.147846422128177	0.48782388454449	-4.93721507598505
ENSMUSG00000028343	0.0365535231310368	6.89170674344012	1.44296337155966	0.149107091956971	0.489569687966763	-4.93748973499905
ENSMUSG00000024132	-0.0350876945283547	7.11968765013162	-1.48676027176926	0.137154940382206	0.471058496702375	-4.9384876868711
ENSMUSG00000024805	0.0870031921368595	6.89876671657374	1.4519503699453	0.146591830504888	0.486115970130544	-4.93887197321854
ENSMUSG00000034544	0.0441669310230841	7.23266442125546	1.56524994775266	0.117601397258953	0.441746798477718	-4.93898887649902
ENSMUSG00000022860	0.0522287574022418	7.46685508063428	1.89564350258203	0.0580773781876121	0.3291860758644	-4.93932189903809
ENSMUSG00000009569	0.0449501825325802	7.14764886891024	1.52318640604501	0.127789107238049	0.458077799355349	-4.94000178248599
ENSMUSG00000040118	0.0387463314593477	7.42063089635445	1.81097036486369	0.070218511520746	0.354474958631994	-4.9402105767175
ENSMUSG00000054418	0.0656977103749226	6.88353569763555	1.43980026563213	0.150000172636668	0.490452009587249	-4.94057718386536
ENSMUSG00000045251	-0.0619742341194982	7.10838570782511	-1.4798582926083	0.138987808307421	0.474181355065932	-4.94063027623696
ENSMUSG00000039100	0.0432412398324074	7.24376727955687	1.57791406931457	0.114662406912818	0.438081538202041	-4.94118960946857
ENSMUSG00000041769	0.0797356684168555	6.63923339911963	1.4733259137901	0.140739851777017	0.476501215485811	-4.94152731025477
ENSMUSG00000031197	0.0191409272077534	7.33741119672989	1.6779883647493	0.0934254951684966	0.400209435543279	-4.94173666161096
ENSMUSG00000048617	0.0315915983542894	7.40791395285776	1.83150725059065	0.0670972993532426	0.347083244803992	-4.94187439039564
ENSMUSG00000019143	0.0646460990983888	7.29459512180211	1.69661703574405	0.0898449042890828	0.394085154432671	-4.94223078568668
ENSMUSG00000050796	0.0643467559020836	7.07868146352128	1.45261704772283	0.146406543758283	0.486115970130544	-4.94264813749153
ENSMUSG00000078161	0.0490921974044829	7.36585831085187	1.6818711088084	0.0926699001432598	0.39860993215175	-4.94274235986518
ENSMUSG00000028005	0.0773341423425142	6.69745466310668	1.45768548951114	0.145003751270044	0.483988394810254	-4.94341742497159
ENSMUSG00000045994	0.027315847693556	7.37318527159013	1.74478993654951	0.0810962775200152	0.375832682812401	-4.94375070203754
ENSMUSG00000030609	0.053383866741493	6.91317599071084	1.43716130482599	0.150748382686513	0.492018914892573	-4.94388823000572
ENSMUSG00000042050	-0.0555372868813091	7.21173931969228	-1.61626417560547	0.106114053434143	0.422896630352767	-4.94454176470719
ENSMUSG00000085274	-0.0163843342828587	7.27679590345365	-1.67105700156201	0.0947866479229671	0.402858110513977	-4.94491719378649
ENSMUSG00000019880	-0.0579883437502966	6.74835444324615	-1.44574590307807	0.148324825619824	0.489053498480928	-4.94541705403593
ENSMUSG00000025213	-0.0617624558549892	6.96249915497039	-1.43987165821795	0.149979970524176	0.490452009587249	-4.94548913533512
ENSMUSG00000083282	-0.0364408234025513	7.02641258153966	-1.46408576189368	0.143247091344915	0.480772227155212	-4.94585566239384
ENSMUSG00000032556	0.0492631706711659	6.91292230294885	1.43549232448794	0.151223046383524	0.492856265112457	-4.94594353221478
ENSMUSG00000064288	-0.0611155047816725	6.92378600242841	-1.43921262773075	0.150166536673978	0.490710509574787	-4.94616719045501
ENSMUSG00000000402	0.0400288648107709	7.09855573941319	1.47586851235374	0.140055895117371	0.475789983964249	-4.94698891649361
ENSMUSG00000021262	-0.052212328509504	6.82970899936184	-1.44225875005547	0.149305684553471	0.489841805977229	-4.94725964083996
ENSMUSG00000026248	0.0620422773380565	6.59981611918816	1.47764129903252	0.139580532776027	0.475025374840207	-4.94770383777754
ENSMUSG00000032500	0.0643676031130029	6.5126216751337	1.4964508370718	0.134613090357587	0.468282280292366	-4.94771678610903
ENSMUSG00000032376	0.0564956403604873	6.98541074558226	1.44068608940131	0.149749656093158	0.490293609589722	-4.94801546036846
ENSMUSG00000005610	0.0393449174939748	6.80522147133228	1.43974758136477	0.150015082147686	0.490452009587249	-4.94805626437947
ENSMUSG00000002233	-0.0440426753202088	6.81773147091641	-1.43558456757405	0.151196782431189	0.492856265112457	-4.94836588364729
ENSMUSG00000048755	0.0387095224488574	7.27802891623438	1.56958338314513	0.116589142482437	0.441025707599987	-4.9487557106679
ENSMUSG00000087672	-0.0635771254305855	7.1026488035655	-1.56263418077298	0.118215750312751	0.442876248339399	-4.95001791216589
ENSMUSG00000031657	0.0545746333500983	7.36258675367692	1.72677305412679	0.0842836637702049	0.381924436295601	-4.9502658147773
ENSMUSG00000046667	0.0724620976924228	6.62145962837574	1.45558512573571	0.14558381401886	0.484850245754777	-4.95030734221654
ENSMUSG00000036155	0.0509617875241837	6.95284685704906	1.4334697300954	0.151799804832602	0.493356223523278	-4.95086907825653
ENSMUSG00000052033	0.0315253812911527	7.00379810529065	1.44160429751141	0.149490318201115	0.489875120103456	-4.95127758480209
ENSMUSG00000020459	0.0551437440516436	7.16218399636395	1.49750003404265	0.134340084492047	0.467860998084554	-4.95130016573812
ENSMUSG00000005148	-0.0680624988795122	7.02784836523561	-1.44314726915804	0.14905529492162	0.489569687966763	-4.95164621355853
ENSMUSG00000052406	0.0785714620687461	6.81250129687357	1.43254466674367	0.152064151627579	0.493356223523278	-4.95167429269198
ENSMUSG00000021113	-0.0468394917136834	6.71405114652981	-1.44196736924635	0.149387867170813	0.489841805977229	-4.9517024534485
ENSMUSG00000024376	-0.0734210937265436	7.18191647106984	-1.53340414477431	0.125253372741826	0.453696293784043	-4.95201172768794
ENSMUSG00000041341	0.0370713054605005	7.30583992899136	1.6376865290968	0.101563749647746	0.414001337490987	-4.95216687313381
ENSMUSG00000030654	0.0259174659303163	7.07406575969175	1.4492773274238	0.147336539673997	0.486979230838628	-4.95284431230297
ENSMUSG00000033170	-0.0333049019818557	7.41466777332785	-1.83034118705165	0.0672714064961529	0.34745361115232	-4.95346403265149
ENSMUSG00000057719	0.058325269463821	6.95896824980851	1.43265408317753	0.15203286643592	0.493356223523278	-4.95347685186183
ENSMUSG00000025354	-0.0436844528168487	6.80081006390828	-1.43435280109565	0.151547784535979	0.493188443746764	-4.95362120531458
ENSMUSG00000033705	-0.0229671630781416	7.44697540645876	-1.88335876215998	0.0597224033323615	0.331715012036115	-4.95362465835709
ENSMUSG00000024013	0.0671978793437811	7.27444222395665	1.61370611451501	0.106668051430278	0.424107167534227	-4.95364431765777
ENSMUSG00000018583	0.0430686894845476	6.87192627813144	1.42953099318546	0.152927773061198	0.494489565266808	-4.95537381067801
ENSMUSG00000037443	-0.0478056443086139	7.09965846923138	-1.52268001370782	0.127915809732951	0.458077799355349	-4.95591628479975
ENSMUSG00000006342	0.0717475476054554	7.18262891163918	1.48561180144649	0.137458624346962	0.471144991390895	-4.95671307649818
ENSMUSG00000024430	0.0645383537873236	7.024574369931	1.47659191039447	0.139861769915444	0.47544820838256	-4.95705135725325
ENSMUSG00000048920	0.0276938080750693	7.2544285781699	1.56828829784335	0.116890943823725	0.441534727255217	-4.95732798118188
ENSMUSG00000089571	-0.094780447043048	7.1397590919936	-1.48389622137006	0.137913231940683	0.472059479588936	-4.95796357526343
ENSMUSG00000035637	0.0532410600270312	6.88002869161425	1.43122198839997	0.152442730015578	0.493833961478848	-4.95802349604224
ENSMUSG00000067925	0.0533054673348463	6.95458058517062	1.42606364611098	0.153926014820367	0.495943181781021	-4.95846610533225
ENSMUSG00000086496	0.0809503253516146	7.11016065631059	1.47650284600171	0.139885659323438	0.47544820838256	-4.95857331234508
ENSMUSG00000021693	0.0410200973653669	7.46775235412123	1.86109517920654	0.0628021764017328	0.337818203309822	-4.95861068037251
ENSMUSG00000036835	-0.0383455775886929	6.61055530624339	-1.46361754354567	0.143375045275465	0.480801104092199	-4.9594491392462
ENSMUSG00000026234	0.0631471064706828	6.87651160054108	1.4274671001228	0.153521368201124	0.495463630104936	-4.96020162029629
ENSMUSG00000020823	-0.0404680580828787	6.85443777817033	-1.4250220459672	0.154226854939175	0.496084272693964	-4.96057791461678
ENSMUSG00000000753	-0.0810966798016066	6.72099654335528	-1.43198756654501	0.15222351805941	0.493625079610016	-4.9613351330236
ENSMUSG00000031627	-0.079165129518759	6.84176220477915	-1.42856170395642	0.153206331904474	0.4951540996331	-4.96197447543086
ENSMUSG00000033295	0.0117579370942265	7.3683284864687	1.75191632039112	0.0798628667945527	0.374017529533867	-4.96209504211718
ENSMUSG00000086316	0.0267588370887637	6.78112005757515	1.43454283633266	0.151493591945841	0.493145286819137	-4.96249204008286
ENSMUSG00000048833	0.0167079216386066	7.36343810722351	1.71424610742653	0.0865590253584857	0.386524135147203	-4.96337478223391
ENSMUSG00000034675	-0.0399173110619468	6.89076274089694	-1.42558489884274	0.15406423352141	0.496037104758857	-4.9645108826872
ENSMUSG00000039763	0.0637558154854556	6.83545125488297	1.42370455569923	0.154608018982976	0.49613257675398	-4.96469347066775
ENSMUSG00000050945	0.0517604026701832	7.12252350726338	1.44419849791027	0.148759467053941	0.489415397796004	-4.96605747857646
ENSMUSG00000045573	0.0880209998716497	6.8700779655306	1.42120260812821	0.155333829154835	0.49683246989708	-4.96652110195788
ENSMUSG00000026173	-0.0857456555666607	7.046562999597	-1.44279847841867	0.149153547837527	0.489569687966763	-4.96672528302024
ENSMUSG00000027523	0.0403372933224579	7.27257809803771	1.54966394546475	0.121299286405273	0.446551656999676	-4.9669946765913
ENSMUSG00000037339	0.0382971105648124	7.33016015648293	1.70256873266137	0.0887245161963783	0.391577796416178	-4.96755017290301
ENSMUSG00000031633	0.0300708046962974	6.70804861667491	1.44021283526383	0.149883455591638	0.490452009587249	-4.96819658073328
ENSMUSG00000090939	-0.0663646510146751	7.1707319361207	-1.48605767126573	0.137340663797809	0.471144991390895	-4.96870550365634
ENSMUSG00000039519	-0.0600925784629744	6.84918491212246	-1.42056324987542	0.155519720225247	0.49683246989708	-4.96906884315289
ENSMUSG00000053062	-0.0558681626812509	7.34795889776175	-1.72568496388713	0.0844793615661113	0.382300128208724	-4.96912591712409
ENSMUSG00000020935	0.0396436336410231	6.91591842605837	1.41781657884264	0.156320226754335	0.497923472928402	-4.96966344091
ENSMUSG00000040565	0.0338467925059192	7.05877998064029	1.45323011862455	0.146236313985893	0.486038422574841	-4.970118023423
ENSMUSG00000010914	0.0729815499711242	6.69346984669453	1.43817433394828	0.150460828286954	0.491435295089021	-4.97025761700859
ENSMUSG00000026878	0.0354412311402594	7.21192804333958	1.53301687759603	0.125348760049071	0.453920536523851	-4.97029279770712
ENSMUSG00000038733	0.0496970016005429	7.43078876039049	1.7805728585569	0.0750561972437367	0.363158045856383	-4.97101201893406
ENSMUSG00000024077	0.0509029054231824	6.5168999058981	1.46487809772315	0.143030762795614	0.480359445623713	-4.97141877206683
ENSMUSG00000032598	0.0419759584725607	7.03077598483168	1.44504832606118	0.148520643609382	0.48928421489808	-4.97143562609545
ENSMUSG00000022801	-0.0374341555505957	7.1445076010916	-1.54502898621031	0.1224163386604	0.448694436214572	-4.97186210618675
ENSMUSG00000057506	-0.0413108068034429	6.3105931475012	-1.51698869289275	0.129346543140192	0.459921435062868	-4.97195356269881
ENSMUSG00000027188	-0.0676607505772733	6.97449693181765	-1.42158898546502	0.155221573188461	0.49683246989708	-4.97250532233142
ENSMUSG00000026904	0.0817395273916812	7.14195620945448	1.46971615469929	0.141715282746248	0.477954179968565	-4.97251662036466
ENSMUSG00000022176	0.0769420573055735	6.55747941289259	1.462545994536	0.1436682064443	0.48130801654851	-4.97264557849378
ENSMUSG00000028081	0.0181863567079654	6.96868723621788	1.42053036204472	0.155529286807565	0.49683246989708	-4.97337183413862
ENSMUSG00000026478	-0.0209449450886474	7.43913413982805	-1.85512824479941	0.0636495617928775	0.340099191015303	-4.97499793282844
ENSMUSG00000029822	0.0834068901586962	6.94559111285541	1.41762249376372	0.156376910143763	0.497923472928402	-4.97555345513484
ENSMUSG00000001642	0.0579307029210421	6.77000795730998	1.43255495973806	0.15206120836623	0.493356223523278	-4.97573545664589
ENSMUSG00000040746	-0.0391052248387398	7.09893098989984	-1.45314518758651	0.146259887517074	0.486038422574841	-4.97577141170633
ENSMUSG00000093026	-0.0319442387853881	7.28557431005138	-1.64918086812453	0.099187104713767	0.409369487278312	-4.97581242317614
ENSMUSG00000074782	0.0496092200175111	7.32841153669222	1.62067099783978	0.105165025473808	0.420970597984614	-4.97628488981844
ENSMUSG00000028898	-0.0395279925674439	7.13464735953494	-1.46516644147727	0.142952099624958	0.480359445623713	-4.97719202330569
ENSMUSG00000062014	0.0202115573838126	7.3280398826673	1.65135205584723	0.0987432008962805	0.40881891595826	-4.97742035214688
ENSMUSG00000055733	0.044225515625393	7.0858379743847	1.43099951983671	0.15250647563888	0.493833961478848	-4.97744905636511
ENSMUSG00000020948	0.0301421203729522	7.30047806761085	1.65095824444898	0.0988235984467468	0.408886586067364	-4.97762737311488
ENSMUSG00000029432	0.0514542175870041	7.09765194683403	1.43585323528586	0.151120305711301	0.492758322470857	-4.978063118007
ENSMUSG00000046798	0.0667158810177026	6.64476329712991	1.44219794333257	0.149322831959515	0.489841805977229	-4.97850421317706
ENSMUSG00000026087	0.0210111157388742	7.06642209308795	1.43240455727334	0.152104219968085	0.493356223523278	-4.97853607273986
ENSMUSG00000064602	-0.0368124752750782	7.31621940448052	-1.73409418980045	0.0829764491690059	0.379041340240358	-4.97873096273392
ENSMUSG00000001305	0.0223710440518747	7.47222786988031	1.87027576257535	0.0615166481312174	0.33535997717068	-4.97888773037647
ENSMUSG00000037531	0.0615868900309433	6.60019108069549	1.46361954848483	0.143374497182105	0.480801104092199	-4.97889880967808
ENSMUSG00000044014	0.0607346791925671	6.89075262847084	1.41167426488692	0.158121689037025	0.499723510481117	-4.97900305297107
ENSMUSG00000018189	0.0425417994995243	7.02814890527719	1.42439256042897	0.154408882635236	0.496084272693964	-4.97940285814943
ENSMUSG00000038517	0.0392094269283332	7.49192353385108	1.9702865226088	0.0488726519077607	0.307335535512718	-4.97946257885726
ENSMUSG00000040731	0.0386360959555025	6.63789576842002	1.44274911634145	0.149167456925114	0.489569687966763	-4.9795218818635
ENSMUSG00000085669	0.041308992894117	7.39353103021628	1.82797512822024	0.0676258303254473	0.348038500348831	-4.98053490928191
ENSMUSG00000046844	0.0985932970314973	7.26387343153367	1.5179944587144	0.129092804586338	0.459522931514222	-4.98094592107267
ENSMUSG00000039887	-0.0832904400692964	6.91562615345501	-1.4123602467487	0.157919722543238	0.499723510481117	-4.98100820939518
ENSMUSG00000042320	0.0527710039458364	7.01804195454876	1.43516278705348	0.151316902471963	0.492874448330871	-4.98105320909638
ENSMUSG00000037784	0.0807634537507349	7.12500448975549	1.50706442606175	0.131871095161491	0.463874421719414	-4.98118527896274
ENSMUSG00000011171	-0.0742708295212644	7.3070393617271	-1.66008826174486	0.0969730791275104	0.406463140590553	-4.98186904087102
ENSMUSG00000047454	0.0773581194333719	6.80364549244992	1.41490456829172	0.157172331292627	0.499067921605797	-4.9819083295447
ENSMUSG00000085148	0.0693570011124605	7.21773095900237	1.50627912930404	0.132072479826002	0.463874421719414	-4.98273211919511
ENSMUSG00000025016	0.0337686095300791	7.41603434145432	1.76533774465086	0.0775813582578099	0.368664482173083	-4.983051739373
ENSMUSG00000021939	0.0509298339591133	6.65707986234562	1.44319728261607	0.14904121038875	0.489569687966763	-4.98306394926938
ENSMUSG00000027371	0.0463425392379522	7.35756247352984	1.68975557767669	0.0911506609435758	0.396399344916473	-4.98329085757125
ENSMUSG00000032047	0.0506559064647831	7.01069287268726	1.40904300329382	0.158898199141755	0.500507820131672	-4.98337224821323
ENSMUSG00000091534	0.0451739601931846	7.4287606664762	1.818036785059	0.0691313677330381	0.351173879252353	-4.98344469166335
ENSMUSG00000034912	0.0323056120806875	7.37936873831521	1.74366965806714	0.0812915712297943	0.375878176714089	-4.98381896129226
ENSMUSG00000022544	0.0475288906558955	7.22813716182128	1.54369590965627	0.122739102462278	0.449342195008573	-4.98406495052101
ENSMUSG00000019803	-0.0726193034779596	7.17108291134295	-1.50255123381203	0.133031729460524	0.465305499568203	-4.98409906085623
ENSMUSG00000010045	-0.0379960906732801	6.692192207616	-1.42198049906868	0.155107887819866	0.49683246989708	-4.98470177619536
ENSMUSG00000019837	-0.0487823748433884	7.03960277730693	-1.416812184466	0.156613732976852	0.498092655805807	-4.98480093731554
ENSMUSG00000037643	0.061198631725329	7.00041078914917	1.40694818831281	0.159518460230746	0.500806660049217	-4.98573092500361
ENSMUSG00000034163	0.0255965342183826	7.49741536442251	1.93925277950257	0.0525390041174189	0.316437647033125	-4.9861557570385
ENSMUSG00000025060	0.0338765776454855	7.25426904019816	1.57180256930041	0.116073416406065	0.440079244863936	-4.9867526766376
ENSMUSG00000099881	-0.051241685481803	7.14218403367399	-1.49481757145579	0.135038927092135	0.468369857640103	-4.98688096891734
ENSMUSG00000086606	-0.0605977998285319	7.03910220794085	-1.42804181160233	0.153355899963222	0.495283299595371	-4.98738041694258
ENSMUSG00000028672	0.0556948495616796	6.90981551509848	1.40689031496042	0.159535622123659	0.500806660049217	-4.98804881791634
ENSMUSG00000027525	-0.0605711528580848	7.05831650332043	-1.44758884325659	0.147808439922833	0.48782388454449	-4.98845588367292
ENSMUSG00000025078	-0.0331954857188519	7.48448650216727	-1.92832073228102	0.0538841335266688	0.319413138367896	-4.988483188383
ENSMUSG00000045954	0.0337608507068818	7.40231755972169	1.82087878367232	0.0686980539941423	0.35028515082835	-4.98862916001913
ENSMUSG00000042807	0.0498437076514637	6.99218427297483	1.40927219867958	0.158830446850338	0.500446943620005	-4.98876918430719
ENSMUSG00000036790	0.0495394546670473	7.20316207812549	1.54533846007813	0.122341503985468	0.448662729519874	-4.99104480352285
ENSMUSG00000097613	-0.0616080639031393	7.21251822051639	-1.52862176521787	0.126435287726082	0.455412307309748	-4.99139362560998
ENSMUSG00000031007	0.049810679714887	7.03878579658744	1.41433202739786	0.157340280160603	0.499466054417574	-4.99166965530178
ENSMUSG00000040270	0.0568813549776523	7.23976124371517	1.53885504066469	0.123916766175826	0.451023762634053	-4.99214364158114
ENSMUSG00000026005	0.0461690776258701	6.64892446825481	1.43372321353321	0.151727430356503	0.493356223523278	-4.99244697780538
ENSMUSG00000021732	0.0425895651900019	6.79429731443487	1.41169684911325	0.158115036684775	0.499723510481117	-4.99252316365696
ENSMUSG00000032586	-0.0370799244482276	6.71864990199784	-1.40541695569897	0.159973006040417	0.501621965390487	-4.99307780744657
ENSMUSG00000024990	0.0482352990842765	6.80153533463452	1.40875642910873	0.15898294392143	0.500507820131672	-4.99310920405551
ENSMUSG00000027312	0.03809782575083	7.32756223176945	1.65464211510118	0.0980735667676843	0.407477702740886	-4.99369513422752
ENSMUSG00000049985	0.0471869716557398	7.38109783471575	1.67636703303458	0.0937424716967558	0.401187004818376	-4.99379539137615
ENSMUSG00000035949	0.0834547822824963	6.76419339414023	1.42462530187232	0.154341562011066	0.496084272693964	-4.99394868531518
ENSMUSG00000030516	-0.0313219601445205	7.3959426239792	-1.81361745759366	0.0698096331345522	0.353433161603923	-4.99449307099782
ENSMUSG00000002010	0.0472316425240544	6.80985347295469	1.40931062931414	0.158819088538286	0.500446943620005	-4.99452144708696
ENSMUSG00000022828	0.0814286371354891	7.04727938048902	1.41126703124089	0.158241679130508	0.499986177033657	-4.99471973415737
ENSMUSG00000024048	-0.0467178723771058	6.7091790484751	-1.41180061485604	0.158084474436729	0.499723510481117	-4.99474578877864
ENSMUSG00000028911	-0.0286648418601603	7.45616260259132	-1.88685631407133	0.059250162840123	0.33099040287861	-4.99497298425916
ENSMUSG00000029007	-0.0537512332823331	7.27077317772265	-1.57484435075329	0.115369439756365	0.438513839141237	-4.99609272447938
ENSMUSG00000022885	-0.0961304198436297	7.14189360904674	-1.55187102413513	0.120770178477294	0.446551656999676	-4.99687547875308
ENSMUSG00000053519	0.0347043290417162	7.14064118684339	1.43614178517187	0.151038202339698	0.492727610038888	-4.99687788848898
ENSMUSG00000087503	0.0395965811994818	6.8994321527844	1.39626398320274	0.162710514720505	0.505620153655827	-4.99725551677187
ENSMUSG00000032231	-0.0743987122795629	6.8500796641885	-1.39827892975539	0.162104862207006	0.505245453287952	-4.99754831309472
ENSMUSG00000041912	0.0461707951370363	7.23387173555362	1.53531569501935	0.124783370081698	0.452598430060905	-4.99758998468674
ENSMUSG00000028330	0.0551744148917681	6.85303019287027	1.39621414934159	0.162725515387397	0.505620153655827	-4.99805194402923
ENSMUSG00000040767	0.0518377827011269	7.013899346599	1.40848085743672	0.15906446734016	0.500545893755187	-4.99832547529385
ENSMUSG00000066232	0.0434292854101521	6.87411667043504	1.3950001570805	0.163091265927664	0.505877690104614	-4.99902348212091
ENSMUSG00000053347	0.0259880841165003	7.50219707137632	1.94370177796843	0.0519996765266852	0.315933338124468	-4.99922100983831
ENSMUSG00000029507	0.040963938930104	6.95124973832551	1.39470662068949	0.163179795347041	0.505931677361742	-4.99956911455073
ENSMUSG00000072966	0.0346802251055287	7.23184976773871	1.51191613516565	0.130632177436449	0.461890619793473	-4.99958479655678
ENSMUSG00000022812	0.0642459877372286	6.88674693902157	1.39565230129826	0.162894711468503	0.505620153655827	-4.99984949383353
ENSMUSG00000034297	0.03268189995197	7.28358342387962	1.62426744455921	0.104395519772046	0.419127763420017	-4.99993788461481
ENSMUSG00000036095	0.0650920369366617	6.77685505189161	1.40142481598207	0.161162677265319	0.503720040647098	-5.00034502466537
ENSMUSG00000029402	-0.0604689176081781	6.59866307354253	-1.42674060668251	0.153730731085836	0.49570192989982	-5.00068359935445
ENSMUSG00000024925	-0.0294782053642892	6.78373721070629	-1.39995295052612	0.161602980862616	0.504033550772422	-5.00084670188407
ENSMUSG00000042604	0.0883049130655822	6.7776754867728	1.41321927556884	0.157667083368761	0.499723510481117	-5.00104905912174
ENSMUSG00000078619	-0.0400453627743129	7.00623388445842	-1.41276374100144	0.15780101727134	0.499723510481117	-5.001294066978
ENSMUSG00000036676	0.0243884503628511	7.3263101761756	1.66374707384722	0.0962393165960788	0.405292618021215	-5.00160595493219
ENSMUSG00000059355	0.0248624259502774	6.83759885764077	1.39341320738651	0.163570315488328	0.506668114551235	-5.00408462292848
ENSMUSG00000001985	0.0293422597697246	7.26286555711384	1.58002985679239	0.114177076964936	0.437190219346317	-5.004298319075
ENSMUSG00000030177	0.029200002521911	7.43076867963295	1.83958071435492	0.0659019880272265	0.344315666155351	-5.0044431892219
ENSMUSG00000027210	0.100605534171349	6.9371684100608	1.39230343621194	0.163905949952704	0.506673480761681	-5.00470021823758
ENSMUSG00000027067	0.0599434133347376	7.03157362343875	1.39271343586881	0.163781890986086	0.506673480761681	-5.00491620409563
ENSMUSG00000024211	0.0550261935656762	7.04392362941642	1.40377693001598	0.16046093287835	0.502557485373372	-5.00494673447156
ENSMUSG00000022634	0.0608042844922076	7.08229658928347	1.42216377880007	0.155054689891372	0.49683246989708	-5.00495708765208
ENSMUSG00000010057	0.0492604968167392	6.74313107429909	1.41188742817996	0.158058908643597	0.499723510481117	-5.00505999511874
ENSMUSG00000058153	0.0277651630496463	7.41308941022135	1.76131121950545	0.0782601819970922	0.370091226898004	-5.005227535527
ENSMUSG00000029209	0.0770294072480704	7.10228200914313	1.42043204925735	0.155557887204094	0.49683246989708	-5.00549174834225
ENSMUSG00000028688	0.0534790323573988	6.9525808922133	1.39631590660231	0.162694886184295	0.505620153655827	-5.00622407180307
ENSMUSG00000022205	0.0280454210181498	7.11918876485721	1.43424125174033	0.151579602086795	0.493188443746764	-5.00658456265337
ENSMUSG00000100937	-0.0203473372741563	7.34440556452219	-1.73291133929364	0.0831865312330794	0.37987301800542	-5.00725925076869
ENSMUSG00000002831	0.0862853545728646	7.08081137168037	1.45831848446965	0.144829283229156	0.483730267538297	-5.0076349714408
ENSMUSG00000044005	0.0627171266210373	6.90658863951777	1.38874177614051	0.164986630074641	0.507922055075383	-5.00767417978032
ENSMUSG00000074657	-0.0245927519883695	7.52962671173535	-1.99764238784141	0.0458213253482341	0.298198129845101	-5.00799198246716
ENSMUSG00000052681	0.0278205864747658	7.17227278990233	1.49069047345427	0.136119613903988	0.469845412249342	-5.00811269594758
ENSMUSG00000078652	0.0876624377890556	6.84613292342821	1.39616522867521	0.162740242185312	0.505620153655827	-5.00827155185531
ENSMUSG00000022223	0.0353293888907187	7.16519091381549	1.43993773678307	0.149961273981479	0.490452009587249	-5.0084226138665
ENSMUSG00000021188	0.0260262650827618	7.29537150862583	1.61095196609509	0.107267076956377	0.425333190584741	-5.00882870478018
ENSMUSG00000028397	0.0419202037677673	7.22706634733272	1.49120850005724	0.135983602421083	0.469845412249342	-5.00906389221251
ENSMUSG00000036309	0.0235071126793729	6.84714615168614	1.38936787794574	0.164796270309039	0.507681852499422	-5.00942697565137
ENSMUSG00000040412	0.0803292557595476	6.936818362781	1.38987872898824	0.164641073940024	0.507669776976786	-5.00953586840797
ENSMUSG00000002265	0.0412266284781078	7.35329733396485	1.64179640615257	0.100708807342982	0.412884792850361	-5.00990974794649
ENSMUSG00000034940	0.0356656459515987	7.29929067952103	1.56971502879612	0.116558498637706	0.441025707599987	-5.01018416197783
ENSMUSG00000042535	-0.0254871258989429	6.87912754733167	-1.38618490134124	0.165765740622028	0.50876032763657	-5.01052431384873
ENSMUSG00000097993	0.0500900631493391	6.85436253655023	1.38636940132965	0.16570942872639	0.50876032763657	-5.0105843258181
ENSMUSG00000021981	0.033505039685938	6.67157910269998	1.41345634775099	0.157597414734852	0.499723510481117	-5.0106913476396
ENSMUSG00000005078	0.0506003882301158	6.52084620841904	1.45644514837605	0.145346084888712	0.484534600177319	-5.01113505407822
ENSMUSG00000024309	-0.0355707680592676	6.86881959471416	-1.38575553821498	0.165896843817766	0.50876032763657	-5.01131412728729
ENSMUSG00000043659	-0.0808420388073037	7.06547161378611	-1.46640398357711	0.142614862407631	0.480032846207215	-5.01158260343853
ENSMUSG00000075054	-0.109065752636046	6.78159479827541	-1.39564683353584	0.162896358693661	0.505620153655827	-5.01165797909787
ENSMUSG00000038412	0.052672590099708	6.50743248112839	1.44559201007366	0.148368008209102	0.489076940262342	-5.01220463547044
ENSMUSG00000037071	-0.0606253254346765	7.26910363682546	-1.66154944914239	0.0966795079179529	0.406191747242518	-5.01223577402798
ENSMUSG00000059674	0.0513769210059651	7.22487763683623	1.52700751076754	0.126836188945409	0.456381382622573	-5.0129331790107
ENSMUSG00000006058	0.0326587649921484	6.68899190563636	1.4080862764936	0.159181252815206	0.500545893755187	-5.01391763286132
ENSMUSG00000039943	0.0462091745313566	7.01594829934696	1.38832430393402	0.165113650163248	0.50819770009383	-5.01453300037342
ENSMUSG00000078941	0.0404089018434313	6.604563502206	1.41768244630324	0.156359399080045	0.497923472928402	-5.01510038473832
ENSMUSG00000071359	0.042735430298344	7.17667113507599	1.4313852406761	0.152395964995855	0.493833961478848	-5.01545226076011
ENSMUSG00000028661	0.0904148007891452	6.96015835886252	1.38659998186274	0.16563907266618	0.50876032763657	-5.01574565453615
ENSMUSG00000028936	-0.0273604246267372	6.81798730472084	-1.38426494660053	0.166352591785315	0.509080254430248	-5.01628962621083
ENSMUSG00000037152	0.0261399306639332	6.50126768522862	1.44485395623036	0.148575240650199	0.48928421489808	-5.01664361757541
ENSMUSG00000023050	-0.0122197258983725	7.43904988150431	-1.83269290747918	0.0669206473192417	0.346566133061222	-5.01671717149274
ENSMUSG00000036613	0.0543559245230183	6.64579391668096	1.41688718019215	0.156591803137167	0.498092655805807	-5.01691465365437
ENSMUSG00000035726	0.0630548644556024	6.83662845426166	1.39234414440273	0.163893629175688	0.506673480761681	-5.01703976842987
ENSMUSG00000096145	0.0704949255302303	7.13184461853246	1.4511158459945	0.146824018817437	0.486240925736446	-5.01760630891496
ENSMUSG00000002006	0.0376238609468125	7.29059922754966	1.62520138536849	0.104196424655439	0.419040306848932	-5.01767315120542
ENSMUSG00000041650	0.0574007001031198	7.15200120101219	1.42144017989192	0.155264799051274	0.49683246989708	-5.01826402071368
ENSMUSG00000022724	0.0490346303414393	7.2116892551675	1.45561310600843	0.145576074973317	0.484850245754777	-5.01863116628146
ENSMUSG00000036376	0.0576140158519634	6.67070437218159	1.41770286319489	0.156353436011066	0.497923472928402	-5.01899033678294
ENSMUSG00000032116	0.030108446338418	7.36977264163063	1.68949180001542	0.0912011617204551	0.396399344916473	-5.0191013540639
ENSMUSG00000015092	-0.0469100393347235	6.57676919406326	-1.41906971588843	0.155954617884888	0.497441100511642	-5.01948770699021
ENSMUSG00000020917	-0.04084469912718	6.51804094782438	-1.43350815269846	0.151788832737671	0.493356223523278	-5.01949341069424
ENSMUSG00000046058	0.0248778224673867	6.74808772506974	1.39628376269314	0.162704561115388	0.505620153655827	-5.01967220743837
ENSMUSG00000041716	0.0310284019056448	7.2765307108795	1.54224536169913	0.12309106350605	0.449466371940486	-5.02019408232346
ENSMUSG00000025757	0.0497418589185932	6.67040917976233	1.40740334748265	0.159383535010692	0.500599037808564	-5.02061460322127
ENSMUSG00000026796	-0.0934203980499664	6.83032876432214	-1.38019738322321	0.167601039054406	0.509711424520837	-5.02064047621067
ENSMUSG00000038180	-0.0286724946800607	7.24771872711676	-1.60169803891524	0.1092993451677	0.428165420914095	-5.0214997437946
ENSMUSG00000037605	0.020349046410594	7.42838588259898	1.77379895158656	0.0761705320941595	0.366051829755048	-5.02288797042343
ENSMUSG00000028035	0.0406250934584031	6.51658144637705	1.435282585338	0.151282777394706	0.492874448330871	-5.02386627846686
ENSMUSG00000063236	0.0292030219071631	6.73761043004466	1.39189908176013	0.164028370141931	0.506697799586306	-5.02399072761239
ENSMUSG00000040247	0.0553898629121736	7.27905372576868	1.57769706307775	0.114712276572248	0.438081538202041	-5.02444295803684
ENSMUSG00000030643	-0.0505738534920184	6.87062964108032	-1.37685238995493	0.168632974242947	0.510357335213171	-5.02469749041088
ENSMUSG00000030243	0.0225044405728596	7.31591450252129	1.60640537449981	0.108261787007165	0.427186643842589	-5.02472176536901
ENSMUSG00000043885	0.0492744452173355	7.51354745778145	1.89338872314352	0.058376457022925	0.329735895737681	-5.0248186827795
ENSMUSG00000057897	0.0495812024878894	6.46538739906844	1.44505960403168	0.148517476181826	0.48928421489808	-5.02531731267719
ENSMUSG00000028184	0.0350356503473757	7.09386454756706	1.41258562897391	0.15785340828252	0.499723510481117	-5.0254024589643
ENSMUSG00000029166	0.0188084438390357	7.34830789308349	1.63705352721777	0.101695939870354	0.414001337490987	-5.02544435459783
ENSMUSG00000057667	0.0466836305532468	6.77843737868214	1.39287725192633	0.163732342813097	0.506673480761681	-5.02590271730789
ENSMUSG00000042429	-0.0763764798961173	6.83703691711172	-1.37610255045112	0.168864953898	0.510494676981401	-5.02609381318812
ENSMUSG00000002661	0.0573895499324477	6.62834107825296	1.40957849434777	0.158739937147346	0.500446943620005	-5.02620181876304
ENSMUSG00000041658	0.0398672170291459	7.45681784093635	1.78258569120488	0.0747276565114981	0.36268579467391	-5.0264516606447
ENSMUSG00000020899	0.0275982681252804	7.40257244714298	1.75279440776231	0.079711951403612	0.373698007306422	-5.02699385373729
ENSMUSG00000028766	-0.0512012869875678	7.31891301523811	-1.69880617944272	0.0894314874994115	0.392836515145833	-5.02704196303429
ENSMUSG00000021178	0.060462375017206	6.50670614006695	1.43464666558576	0.151463989064433	0.493145286819137	-5.02707267631953
ENSMUSG00000030188	0.049161978295321	6.79210473231023	1.39268417269692	0.163790743180694	0.506673480761681	-5.02729898682704
ENSMUSG00000040621	0.0352589539806596	6.91959395140677	1.37404226204416	0.169503583420299	0.5111498185081	-5.02792649268575
ENSMUSG00000021737	0.0428701961741211	6.7718514607322	1.3921586691049	0.163949770949702	0.506685888884443	-5.02813478422556
ENSMUSG00000096995	-0.0401409194286151	7.42078513466462	-1.77977426133865	0.0751868732495638	0.363410283892068	-5.02849299019115
ENSMUSG00000024246	0.0400461624394985	7.2894968364659	1.58800784135695	0.112361583260429	0.434141128839703	-5.02860562729662
ENSMUSG00000039059	0.0571203440632342	6.77446206783983	1.37603000096841	0.168887411408596	0.510494676981401	-5.02888503819771
ENSMUSG00000081534	-0.0532570077952812	7.09539637543073	-1.42417004418882	0.154473266479045	0.49613257675398	-5.02890170575601
ENSMUSG00000042453	0.0476153523224214	6.71083975899925	1.40007897377984	0.161565245900071	0.504033550772422	-5.02948769167143
ENSMUSG00000068114	-0.0454115149503451	6.79460409788225	-1.37173210107566	0.170221818972717	0.512517748530335	-5.02955893456487
ENSMUSG00000027108	0.0735714476752722	6.75225823939314	1.39568248175589	0.16288561949104	0.505620153655827	-5.02998356240308
ENSMUSG00000022044	-0.0485661143478548	6.77009184903733	-1.38031189200656	0.167565797115595	0.509711424520837	-5.03083604458302
ENSMUSG00000031352	0.0382451013979184	6.99586066177583	1.37303782545834	0.169815585753189	0.511634799583003	-5.03146249901236
ENSMUSG00000047897	0.0498527018016244	7.20632724544879	1.42608477240494	0.153919917639612	0.495943181781021	-5.03168760342392
ENSMUSG00000047126	0.0531886515207605	7.06259495945403	1.39577270965895	0.162858440275974	0.505620153655827	-5.03181743230132
ENSMUSG00000022750	0.0477416338533292	7.13431329203403	1.4372614108957	0.150719948332937	0.492018914892573	-5.03194453117852
ENSMUSG00000024346	0.0411674173635843	6.99336004505845	1.36922827127748	0.171002840580636	0.513027513569504	-5.03261383368754
ENSMUSG00000019929	-0.108222484089592	6.69658355029978	-1.38105563394726	0.167337033971305	0.509711424520837	-5.03303797890862
ENSMUSG00000022548	-0.0726713566977804	6.82703168974872	-1.36971700546722	0.170850178840945	0.513027513569504	-5.03350252870781
ENSMUSG00000026365	-0.0505649732980142	7.00437025359301	-1.39666121082827	0.162590981133443	0.505620153655827	-5.03353572704947
ENSMUSG00000026385	-0.0452864369216659	7.04848973260498	-1.39377358569691	0.163461435750725	0.506562319064761	-5.03359342792047
ENSMUSG00000058799	0.0367486965454056	6.92559873595618	1.36741569206363	0.171569912907467	0.513027513569504	-5.03413448111139
ENSMUSG00000040658	0.0675709366145361	6.91941411000512	1.36771958014021	0.17147474223817	0.513027513569504	-5.03437167056679
ENSMUSG00000049823	0.059039162898773	7.07831093871498	1.37817919751122	0.168223082912683	0.510353224016595	-5.03437920001719
ENSMUSG00000028072	0.0940820375615985	6.98729974229769	1.36886121776324	0.171117561143275	0.513027513569504	-5.03461206594825
ENSMUSG00000006057	0.0523141038184489	6.58586867708601	1.40932588952055	0.158814578500073	0.500446943620005	-5.0347919964807
ENSMUSG00000029348	0.0521605097029605	6.57976545052256	1.40616383246879	0.15975117372122	0.501251194934576	-5.03486856461617
ENSMUSG00000027583	0.057636530402525	7.32205981394049	1.62529046559058	0.104177450533844	0.419040306848932	-5.03528812521106
ENSMUSG00000028532	0.0605755813654056	6.97875977082115	1.36758142128053	0.171518005473656	0.513027513569504	-5.03574737772326
ENSMUSG00000032199	0.0303615582505445	7.32653854266881	1.56268391889759	0.118204045109219	0.442876248339399	-5.03591643230913
ENSMUSG00000054708	-0.0231944187005642	7.30976045387234	-1.63010091245613	0.103156894720622	0.416870694075171	-5.03630201396076
ENSMUSG00000058254	0.0510716063142924	6.96405929029504	1.3679335873879	0.171407743879083	0.513027513569504	-5.03686216846572
ENSMUSG00000003198	0.046032352754807	6.83268159103838	1.36994664782603	0.170778482685086	0.513027513569504	-5.03712774781189
ENSMUSG00000036327	0.0605616588532074	7.17163162069567	1.42996314138492	0.152803704605596	0.494441020710179	-5.03773661608646
ENSMUSG00000053411	-0.0335456666382825	7.3023631784063	-1.62108321161803	0.105076599226361	0.420740854196989	-5.03791541930638
ENSMUSG00000056755	0.0616709353014784	7.2794019523604	1.53027225520932	0.126026408596855	0.454774811298634	-5.03796743041
ENSMUSG00000051768	-0.0322954663416635	7.23950822557471	-1.55205627359116	0.120725850528574	0.446551656999676	-5.03847342705198
ENSMUSG00000019173	-0.0523735178985119	7.15323649643118	-1.42769710661056	0.153455129518339	0.495367772859437	-5.03877432251788
ENSMUSG00000050192	0.0543191023723786	6.93225359727314	1.36321381592359	0.172889899887913	0.513967805682322	-5.03993344728769
ENSMUSG00000058135	-0.0377160654127824	7.36013181244438	-1.69577659444612	0.0900040287492275	0.394289295258577	-5.03996459910345
ENSMUSG00000021590	-0.0641397594686506	7.08550299000362	-1.46072192499002	0.1441683044039	0.482387431171786	-5.04035093129461
ENSMUSG00000027288	0.0477891638174004	6.95312675133934	1.37295423528219	0.169841570286643	0.511634799583003	-5.04046665005481
ENSMUSG00000044807	0.0406792400900091	7.47366533837549	1.8072084140709	0.0708029744283265	0.355667553649222	-5.04052617544841
ENSMUSG00000025794	0.014104632166676	7.10155149019785	1.41188057121425	0.158060927848333	0.499723510481117	-5.04061553315869
ENSMUSG00000022760	-0.0651706674460781	6.69437566132211	-1.37019352651606	0.170701430359656	0.513027513569504	-5.04101776349125
ENSMUSG00000032415	0.0446297099341999	7.02978474037533	1.38134134312033	0.167249216822993	0.509711424520837	-5.04102117076302
ENSMUSG00000085282	0.083310447207122	6.96660561528786	1.36481003275902	0.172387568827968	0.513717267174355	-5.04113196736109
ENSMUSG00000050043	0.0579849203730447	6.44066301388106	1.45295623600577	0.146312343513123	0.486082517361167	-5.04117267299216
ENSMUSG00000047786	0.0385493606064298	7.21919910404351	1.52268339661883	0.12791496298357	0.458077799355349	-5.04129139750381
ENSMUSG00000002043	-0.0560403698691676	6.98737732861899	-1.36531901804508	0.172227620507285	0.513717267174355	-5.04244651705838
ENSMUSG00000092060	0.0665954940026099	7.02331148125856	1.38684656192468	0.165563859617794	0.50876032763657	-5.04248752535339
ENSMUSG00000032463	-0.0470782222627824	6.87932108867851	-1.36173909459996	0.173354968449732	0.514365668738747	-5.04256781660392
ENSMUSG00000028484	0.0252983215075435	7.06304267835799	1.38306898001883	0.16671893867744	0.509093551934398	-5.04282515567427
ENSMUSG00000077167	0.0535448703039298	7.16245590060409	1.58383259070781	0.11330885490196	0.435117827343529	-5.04331498599549
ENSMUSG00000028811	0.0393576341936939	6.57521158622671	1.41733320621118	0.156461426773375	0.497958691125216	-5.0440271756683
ENSMUSG00000035199	0.0408081496932935	6.5983648823777	1.41516158198718	0.157096983239993	0.499044259317672	-5.04425574265131
ENSMUSG00000032939	0.0738648220289786	6.85329148495743	1.36404626639204	0.172627790449317	0.513732090190699	-5.04499494951052
ENSMUSG00000014301	0.0465640557904186	6.69410447432709	1.38073436449961	0.167435822509668	0.509711424520837	-5.0452252749545
ENSMUSG00000021478	0.0704560108968444	6.78284989022966	1.36487960004829	0.17236570079356	0.513717267174355	-5.045464438625
ENSMUSG00000028044	-0.0529922399227329	7.18831253850873	-1.49088003955833	0.13606982982291	0.469845412249342	-5.04555335265354
ENSMUSG00000022884	0.03436660391543	6.93330265307292	1.35783989733141	0.174589125559715	0.51598328135002	-5.04638737667512
ENSMUSG00000019432	-0.0414320806845598	7.20842203922791	-1.49518941218179	0.134941886671986	0.468369857640103	-5.0465718824778
ENSMUSG00000021108	0.058645881026294	6.78111349590767	1.36729889449511	0.171606501706604	0.513027513569504	-5.04738538316938
ENSMUSG00000033917	0.0523071825058574	6.61335948658553	1.41322963624	0.157664038180515	0.499723510481117	-5.047837474712
ENSMUSG00000031012	0.0489581980833851	7.41373204955416	1.73464944279374	0.0828779809974079	0.378974592365213	-5.04819862899916
ENSMUSG00000060808	0.0764937908058378	7.00743583131761	1.38307922349236	0.166715798336514	0.509093551934398	-5.04823987690737
ENSMUSG00000056222	0.0530254074242134	7.25209921189395	1.49648757825545	0.134603522889404	0.468282280292366	-5.04829821491752
ENSMUSG00000027430	0.0460402940923137	6.80653681914688	1.37160941580119	0.170260025873457	0.512518967760287	-5.04831457817904
ENSMUSG00000056579	0.0388781691084565	7.45629855068485	1.79202161951106	0.0732031275560596	0.359888841652245	-5.04832016869417
ENSMUSG00000031068	0.0358705434425923	6.59007930095004	1.40324047825281	0.160620777531367	0.502719162537052	-5.0485037250311
ENSMUSG00000027286	-0.0655973108697649	6.56272369238209	-1.38987379175814	0.164642573341712	0.507669776976786	-5.04854281294136
ENSMUSG00000034757	0.0605210934919747	6.78185309741486	1.37848168364285	0.168129740539315	0.510298415543325	-5.04968281174141
ENSMUSG00000025651	0.0537259561283516	6.85369097276428	1.35622006290377	0.175103753444207	0.51636268584727	-5.05069047410551
ENSMUSG00000047694	0.0347410066715383	7.43015111264672	1.747831115531	0.0805680412574042	0.375186485373392	-5.05098471965375
ENSMUSG00000025613	0.053126679758174	6.55703695806121	1.41488505960764	0.157178051722728	0.499067921605797	-5.051259547036
ENSMUSG00000030806	0.0499930108183557	6.97136395935096	1.35842914328455	0.174402200223587	0.515713201882528	-5.05174323687183
ENSMUSG00000022614	-0.0624094787478828	7.13204565668898	-1.45097900887573	0.146862117634662	0.486240925736446	-5.05178452115386
ENSMUSG00000064254	0.0506967225992012	6.84202963776337	1.35544952473121	0.175348953602572	0.5167096528893	-5.05220025725651
ENSMUSG00000035297	0.027647901726116	6.69495401481995	1.38006449327168	0.167641945078132	0.509711424520837	-5.05242058633121
ENSMUSG00000022636	0.0709536210513875	6.94961213346441	1.35330766267702	0.17603188167701	0.517484876794644	-5.05271226918238
ENSMUSG00000028832	-0.0454822247675057	6.65160891129408	-1.3854341377525	0.165995032379359	0.508831256839103	-5.05273652902
ENSMUSG00000032946	0.0594702584267779	6.75876231318921	1.36821899097276	0.171318424274468	0.513027513569504	-5.05280770672223
ENSMUSG00000027359	0.0620679148135084	7.26022162761068	1.45746904041778	0.145063446581054	0.484068473725308	-5.05314163822121
ENSMUSG00000033857	0.0399505828721161	7.32984798158055	1.64044802899715	0.100988663985435	0.413105096744036	-5.05331495112742
ENSMUSG00000022707	0.0490591302446326	7.02621571774738	1.35893138211367	0.174242994032456	0.515354823972959	-5.05362826499006
ENSMUSG00000043165	0.0410947082794486	7.40628620709497	1.71626773005129	0.0861885009355432	0.385769650516688	-5.05375514131705
ENSMUSG00000055660	-0.0264930830995613	7.40584373798804	-1.77367498280861	0.0761910505656251	0.366051829755048	-5.05377414628725
ENSMUSG00000030805	-0.0616999514402927	6.53192994111084	-1.41021857239532	0.158550921567064	0.50016930367901	-5.05390766637648
ENSMUSG00000006599	0.0601978887214569	6.70996540130974	1.38106742713969	0.167333408465029	0.509711424520837	-5.05428050062924
ENSMUSG00000021996	0.0459848214252387	6.50299166439875	1.41902179133846	0.155968588160126	0.497441100511642	-5.05485009936532
ENSMUSG00000054728	0.0492235403894297	6.75697782146354	1.35702477733183	0.174847951077959	0.516355591530161	-5.05551796077624
ENSMUSG00000028007	0.0804379566144506	7.04832457746284	1.36570072028223	0.172107743703394	0.513520420143181	-5.05585260422284
ENSMUSG00000020255	0.0733499703881231	6.59779457381581	1.40321996304371	0.160626892765195	0.502719162537052	-5.05639194151083
ENSMUSG00000029486	0.0245405926732749	7.25258367506083	1.51455892189627	0.12996113403484	0.461328966413358	-5.05640806393501
ENSMUSG00000049122	-0.0445835323940305	7.2194642838663	-1.53549466478345	0.124739436395468	0.452560149491506	-5.05659067857171
ENSMUSG00000021750	0.0362623365705792	7.11839341886805	1.42063952712048	0.155497534025555	0.49683246989708	-5.05673666921498
ENSMUSG00000095332	0.0181669555112114	7.5461254238	2.00069397058511	0.0454911204090123	0.296808763477088	-5.05697494385421
ENSMUSG00000019370	-0.0916699104801371	6.69743577866471	-1.37314735483646	0.169781542368026	0.511634799583003	-5.05701145899609
ENSMUSG00000011267	0.0908024384195203	7.16095289476345	1.46590296091861	0.142751320238657	0.480134557131162	-5.05725790259199
ENSMUSG00000024054	0.0412905476645848	7.04909880883644	1.39029291640693	0.164515324790256	0.507508253357518	-5.05757470551323
ENSMUSG00000003585	-0.047111277172684	7.15142705708503	-1.45359205796409	0.14613588640141	0.48600255168401	-5.05798544188768
ENSMUSG00000021094	0.0284765292593407	6.98366501339335	1.35099255482751	0.176772277836964	0.518826131429847	-5.05812091184831
ENSMUSG00000026090	0.0544017953649183	6.56743121518437	1.39176906589895	0.164067747686789	0.506703991603073	-5.05877058766814
ENSMUSG00000075227	0.0410720725869504	7.09073600085857	1.38415561742303	0.166386056185307	0.509080254430248	-5.05878757978249
ENSMUSG00000037649	0.0595602583629402	7.14841421966325	1.39985876803039	0.161631186138748	0.504033550772422	-5.05882555882521
ENSMUSG00000090247	0.0549327089432028	7.03203023774154	1.37620348158326	0.168833714647184	0.510494676981401	-5.05900381382087
ENSMUSG00000033256	0.0571276589456557	6.59283293237413	1.39031352412452	0.164509070085402	0.507508253357518	-5.05905149099079
ENSMUSG00000018736	0.068648234572156	6.36216428623509	1.44430745163369	0.148728831888828	0.489415397796004	-5.0594170552634
ENSMUSG00000042213	0.0377685354531385	7.35995323960221	1.61151014688945	0.10714545809217	0.425333190584741	-5.05980067731391
ENSMUSG00000067873	0.0317391155617894	6.95447917213086	1.3465828767168	0.178188957563397	0.52038938751803	-5.06109473861293
ENSMUSG00000028691	0.0252904849499167	6.87970244765988	1.34808661264919	0.177704911610562	0.520083236025273	-5.0614279233568
ENSMUSG00000002981	0.0298023823725782	6.8537457000465	1.34785743743433	0.177778618777398	0.520083236025273	-5.06162854477546
ENSMUSG00000060938	-0.0119358784815278	6.96716144043323	-1.35350524490703	0.175968800066234	0.517411622489266	-5.06230399302897
ENSMUSG00000022756	0.0696129445156801	6.55389704309738	1.3763647920792	0.168783796352542	0.510494676981401	-5.06251792759113
ENSMUSG00000060147	-0.0493233419172343	6.61840064574939	-1.38416393399461	0.16638351040076	0.509080254430248	-5.06256058982137
ENSMUSG00000062110	0.0537164351812294	7.00378991259839	1.35092389593075	0.176794271072864	0.518826131429847	-5.06280201272198
ENSMUSG00000032262	0.0824506408642058	7.02561897542735	1.35399426060905	0.175812745697567	0.517177089643655	-5.06316037700581
ENSMUSG00000020307	0.0450833508624902	6.4785352719068	1.40653339523801	0.159641494772673	0.501023006048126	-5.06321338889001
ENSMUSG00000031532	0.0301087480740208	6.69871764902426	1.3741066797577	0.169483588401458	0.5111498185081	-5.06377404373188
ENSMUSG00000036323	0.0384623227263159	7.05074649598394	1.3529573113842	0.176143778975031	0.51762419364932	-5.06409383519589
ENSMUSG00000021868	0.0689357364273437	7.27394664960171	1.51270060314798	0.130432709165662	0.461890619793473	-5.06508813088571
ENSMUSG00000036769	0.0332580279048287	7.30909965589388	1.6041739331769	0.108752649534432	0.427590284221121	-5.06569705162286
ENSMUSG00000047747	0.0654000767991691	6.69016733854303	1.35918128091349	0.174163818326744	0.515233045794021	-5.06592078639912
ENSMUSG00000056854	0.0826240101574323	6.69135987639161	1.36876945410516	0.171146250377524	0.513027513569504	-5.06773987229318
ENSMUSG00000000605	0.0623317681138325	7.02795436107725	1.3563899760762	0.175049718245528	0.51636268584727	-5.06786266608601
ENSMUSG00000018446	0.0541770606061478	6.81882957306577	1.35621531515452	0.175105263485787	0.51636268584727	-5.06811004595084
ENSMUSG00000032263	-0.0401311683083003	6.67542446448172	-1.36042067150287	0.173771538072744	0.514858940819549	-5.06858974714348
ENSMUSG00000038671	0.0643698536081532	7.05173188087005	1.36057534949449	0.173722627235382	0.514826531160067	-5.06970090362725
ENSMUSG00000005312	0.0529061763328107	6.46909927634072	1.42463633053791	0.154338372515602	0.496084272693964	-5.06970855760167
ENSMUSG00000059005	0.033341127080619	7.23819595322048	1.46283306865135	0.143589621826221	0.481282593997505	-5.06996144962709
ENSMUSG00000007656	0.061719016242316	6.54666233750484	1.38965006374793	0.164710528743265	0.507681852499422	-5.07042342615319
ENSMUSG00000039954	0.046020162953095	6.64677922799165	1.37291717116736	0.169853092854632	0.511634799583003	-5.07048573430444
ENSMUSG00000049287	-0.0532769436818157	6.86328159622228	-1.34401945402655	0.179016373913229	0.521173286990673	-5.0710466879952
ENSMUSG00000070436	-0.087755970808705	6.51395960893833	-1.38396387493099	0.166444758577538	0.509080254430248	-5.07122087810056
ENSMUSG00000028758	0.0542659979144435	6.66833132898306	1.36012125555919	0.173866245842656	0.514914495660711	-5.07123997321414
ENSMUSG00000003308	0.0406123733897932	7.20117183275924	1.44181443424559	0.149431015601255	0.489841805977229	-5.07159992887849
ENSMUSG00000028826	0.0442098174369434	7.34958867301818	1.56034988645594	0.118754309186205	0.44354570907619	-5.07163582754297
ENSMUSG00000089788	0.0202998092385265	7.54367731299222	1.95896863406497	0.0501840628288882	0.311679122232737	-5.07201942064297
ENSMUSG00000030108	-0.0503587367866158	6.93985556402063	-1.35528555755611	0.175401164183234	0.516751191654995	-5.07216294346376
ENSMUSG00000015202	-0.0247472755386822	7.1559006184138	-1.44681897818805	0.148023986165626	0.488180297843238	-5.0721744059783
ENSMUSG00000004360	0.0647230191031865	6.80681507850385	1.33813888153079	0.180925287478514	0.523148160908061	-5.07237282590101
ENSMUSG00000001946	0.0692544070925019	6.95511002797863	1.34224812446558	0.179589787830791	0.521627188228214	-5.07281004875123
ENSMUSG00000069184	0.0333357472750144	7.33841933743179	1.59510115630002	0.110766600309166	0.431203239605855	-5.07305499220899
ENSMUSG00000024556	0.03207970820268	6.88635601400418	1.33775691280644	0.181049800624364	0.523161380406036	-5.07372431388109
ENSMUSG00000024259	0.0260504719314882	7.30745620022764	1.55029103027558	0.121148769818838	0.446551656999676	-5.07382752884462
ENSMUSG00000056216	0.021112316163971	6.96874836242226	1.34376007551706	0.179100254564709	0.52130554989015	-5.07390017027383
ENSMUSG00000052415	0.0604668599652669	7.33791476885657	1.49443076721656	0.135139929823279	0.468439196832767	-5.07390264670667
ENSMUSG00000025733	-0.0374333037776458	7.03533207531453	-1.39762676208882	0.162300704147353	0.505391477900053	-5.07402040410198
ENSMUSG00000022391	0.0605630612794821	6.63206489519237	1.37704108217261	0.168574635770971	0.510357335213171	-5.07444547356648
ENSMUSG00000070699	0.0337692846964179	7.39591045211388	1.69873801508017	0.0894443370891861	0.392836515145833	-5.07542614044905
ENSMUSG00000050628	0.0310431572941674	6.38728907622909	1.42054308796163	0.155525584974024	0.49683246989708	-5.07550391713364
ENSMUSG00000020349	0.0330677377444211	6.86530460597347	1.33661802910809	0.181421428634505	0.523454294408729	-5.07610862306414
ENSMUSG00000026027	0.0352595547958048	7.21365582445426	1.4310013908493	0.152505939438691	0.493833961478848	-5.0762117628933
ENSMUSG00000014226	0.0288801811801918	6.56118930266141	1.38775248068171	0.165287752590528	0.508502688818329	-5.07624717083884
ENSMUSG00000041035	0.0226476981763017	6.78584227803806	1.33788929498707	0.181006639830337	0.523148160908061	-5.07637876468472
ENSMUSG00000034639	0.0584402760081293	6.69558660494032	1.34997064792415	0.177099832055218	0.519427467988339	-5.07653674866291
ENSMUSG00000022375	0.070863903737302	6.98304931449363	1.34420038288321	0.178957880472792	0.521114893352688	-5.07694208508878
ENSMUSG00000022342	0.083727003627966	6.55923835166761	1.37475858928548	0.169281337656328	0.510850530797754	-5.07712812731236
ENSMUSG00000037260	0.0794428656837392	7.26443573176355	1.50692744871219	0.131906205035315	0.463874421719414	-5.07889863999862
ENSMUSG00000062825	0.0469679539463588	7.11338601674159	1.36773030701148	0.171471383554398	0.513027513569504	-5.07903190001554
ENSMUSG00000060636	-0.0226709581035633	6.8870972523481	-1.33184792490258	0.182984111256557	0.525809541972279	-5.07945186218676
ENSMUSG00000061589	0.0181160297755394	7.31999316749481	1.63458183077094	0.102213418647951	0.414788844665943	-5.07957374699964
ENSMUSG00000025868	-0.0421408963882435	6.75480880808134	-1.34440360677728	0.1788921961105	0.521114893352688	-5.07957478404017
ENSMUSG00000045316	0.0211649431398833	6.89070129996051	1.33100142075663	0.18326246492302	0.526302160437684	-5.07965411368619
ENSMUSG00000028876	0.0391279374344968	7.18110975548386	1.49065010507127	0.136130217314437	0.469845412249342	-5.07993500900487
ENSMUSG00000014402	0.0670725178104936	6.52832148447288	1.40766145567799	0.159307061028504	0.500552753980175	-5.08017133681596
ENSMUSG00000085873	0.0230516288051232	7.47800510102419	1.79971506817364	0.0719790454194963	0.357522907873946	-5.08023590845501
ENSMUSG00000023942	0.0602108547737483	6.87146690360759	1.33140084477312	0.183131084321517	0.526036279921849	-5.08037157712326
ENSMUSG00000032583	0.0439662665622453	6.57627235434592	1.3759512269169	0.168911798257166	0.510494676981401	-5.08046065265754
ENSMUSG00000035172	-0.0538569465718535	7.2109748918884	-1.53657060638315	0.124475567402615	0.45242495038124	-5.08055608530043
ENSMUSG00000038402	0.0814426071752292	7.18292065023209	1.45913897807626	0.144603375715519	0.483604481487668	-5.08061942987755
ENSMUSG00000022911	0.0781412217739827	7.16605331409474	1.48556008929176	0.137472310513526	0.471144991390895	-5.08104933431612
ENSMUSG00000044811	0.051443151221874	7.04995436175648	1.3560588383146	0.175155037041717	0.51636268584727	-5.08124959630195
ENSMUSG00000033730	0.0392444864880614	6.79119164514161	1.33217886793818	0.182875373425678	0.525635851792525	-5.08141979260707
ENSMUSG00000042312	-0.0264487825525812	7.01399740932487	-1.34829179461609	0.177638940448443	0.520083236025273	-5.08152713620808
ENSMUSG00000024019	0.0456951525865632	7.10051500706788	1.36826842301353	0.17130295761758	0.513027513569504	-5.08157515213243
ENSMUSG00000074165	0.0284261083582109	7.53922852438594	1.92360436121711	0.0544732743159712	0.320689819008223	-5.08195816431447
ENSMUSG00000056121	0.0397890469580222	6.70319697933806	1.36461594313937	0.172448590639648	0.513717267174355	-5.08279553618532
ENSMUSG00000025964	0.072910866654051	7.01819496587656	1.34673978101029	0.178138404942509	0.52038938751803	-5.08284069958021
ENSMUSG00000061451	-0.0409266577455947	7.0837025771249	-1.37904566784059	0.167955807938238	0.509998845246726	-5.08333733116537
ENSMUSG00000048878	-0.053101834911593	6.62178852524916	-1.36584785310413	0.172061552080385	0.513520420143181	-5.08398133589352
ENSMUSG00000022139	0.0623362036401955	6.9541382899128	1.33019754599101	0.183527091320038	0.526696792746358	-5.08403161554713
ENSMUSG00000027078	0.0533341039404345	7.0871432480214	1.35660464570966	0.174981467552182	0.51636268584727	-5.08419097099598
ENSMUSG00000065097	0.0292629032290517	7.43783886644115	1.7577772524234	0.0788599444831557	0.371931128562335	-5.0845157257943
ENSMUSG00000010362	-0.0573055580813655	6.94054820997057	-1.33687355751612	0.181337998174079	0.523389098636432	-5.08461458903251
ENSMUSG00000038506	0.0819299830283393	6.89742281286501	1.32734889335474	0.184467114994037	0.527860942399569	-5.08527560831818
ENSMUSG00000002325	0.06334600183789	6.92516506709503	1.32661706007733	0.18470918644228	0.528143779531465	-5.0856387320087
ENSMUSG00000038806	0.0505429597189373	7.35876809960732	1.55711267849537	0.119520826112732	0.444937770575623	-5.08603670923169
ENSMUSG00000057751	0.0549053938651971	7.32195256978862	1.56774111841616	0.11701864054576	0.441534727255217	-5.08607539037217
ENSMUSG00000032398	-0.0441786438849467	6.89592314018268	-1.32641846384946	0.184774917468183	0.528143779531465	-5.086198862796
ENSMUSG00000040354	0.0696500319319959	7.1619011720092	1.44807364380884	0.147672828999076	0.487582966516288	-5.08629550325322
ENSMUSG00000020608	0.0483774851643348	7.38470128139589	1.62240631540173	0.104793171749871	0.419853966484854	-5.08638064445213
ENSMUSG00000090459	0.0433756134955461	7.45939751683005	1.87943907454395	0.060255347852547	0.3331737382483	-5.0864244612628
ENSMUSG00000056306	0.0536709426634454	7.40394932738308	1.66819464680045	0.0953533630141268	0.403495910032937	-5.08648202494657
ENSMUSG00000067851	0.0342967569506767	7.18018023860252	1.41247066330182	0.157887232019857	0.499723510481117	-5.08759509645559
ENSMUSG00000021594	0.0557770910115467	7.19639575792625	1.3978146400315	0.162244267250644	0.505391477900053	-5.08767503259887
ENSMUSG00000015597	0.0285020431900636	7.53832394278859	1.94846103849539	0.0514278741450224	0.315249898491835	-5.08816221430277
ENSMUSG00000049532	0.0249729714217457	7.25561051386764	1.49565066230534	0.13482158773117	0.468369857640103	-5.08834982318396
ENSMUSG00000035105	0.0739791333587902	6.66945629553471	1.36446441937917	0.172496240970416	0.513717267174355	-5.08853255917185
ENSMUSG00000078578	0.0241901854241586	7.2816038510837	1.50413591039286	0.132623308545064	0.46462708456175	-5.0886614072394
ENSMUSG00000033214	0.0346000373099127	7.31614155864917	1.54402854575675	0.122658502580351	0.449316906613624	-5.08876229578957
ENSMUSG00000029389	0.0515296120259539	7.29120971647712	1.57436038653343	0.115481221108893	0.438711184262171	-5.0890199285198
ENSMUSG00000003500	0.0389808803684355	6.76597968326125	1.33791290728035	0.180998942276166	0.523148160908061	-5.08904885756764
ENSMUSG00000044636	0.046772368003821	7.15943265802523	1.41093346313895	0.158340015284952	0.50016930367901	-5.08918434203342
ENSMUSG00000085527	0.0593617349371787	7.36643860944808	1.730370732622	0.0836392170632893	0.380913841096431	-5.08931797705754
ENSMUSG00000043300	0.0637666028742263	6.97139294955342	1.32355984070729	0.185722978711764	0.529887383004168	-5.08937001111675
ENSMUSG00000062591	-0.0572323312375307	7.05207112519438	-1.35516064797411	0.175440945793862	0.516756103209469	-5.0894246182561
ENSMUSG00000026959	0.0279386110585342	7.13362562748469	1.40786413677884	0.159247028815826	0.500545893755187	-5.08959279389513
ENSMUSG00000028954	0.0480496256331611	6.81060681821807	1.34003930682544	0.180306737222734	0.522685213441486	-5.09038703241899
ENSMUSG00000050953	-0.0403368242721323	7.34724115057428	-1.67524064234737	0.093963192916516	0.401624517516433	-5.09040518882756
ENSMUSG00000026188	0.0478508577023504	7.23987419168541	1.49385889205655	0.135289365442873	0.468611899195978	-5.09057427056197
ENSMUSG00000053141	0.0210889336480751	7.45152913681064	1.77580190943633	0.0758396405862406	0.365247536923383	-5.09091367080839
ENSMUSG00000036306	0.0561032323510133	6.802361228756	1.32259300686133	0.186044441635134	0.53013672544959	-5.09112322452614
ENSMUSG00000000881	0.0826205312768726	6.6740408311306	1.35614017864394	0.175129162262687	0.51636268584727	-5.09162867727092
ENSMUSG00000039917	0.0267544880784047	7.42863045268607	1.71097495575408	0.0871612889040541	0.388156107856351	-5.09177563246564
ENSMUSG00000031708	-0.0242675540430657	7.11918760637603	-1.37472646674846	0.169291299223655	0.510850530797754	-5.09180682838953
ENSMUSG00000032827	0.0567422834798563	6.79893471199902	1.32699267355255	0.184584913897156	0.528086571558903	-5.09190337137763
ENSMUSG00000049807	-0.0351590919224245	7.20006458985574	-1.48887179513193	0.136597952549777	0.47040768114551	-5.09224834513214
ENSMUSG00000050830	-0.0682624828546734	7.18935742666623	-1.4394288922101	0.150105294459191	0.490628636036093	-5.09242368100667
ENSMUSG00000016150	0.0332312424092036	7.48251906272329	1.82104698708801	0.0686724785049972	0.35028515082835	-5.09249402261364
ENSMUSG00000048240	0.0640118280937267	6.67826140241682	1.3428121027946	0.179407069036814	0.521566694547546	-5.09272584457203
ENSMUSG00000030747	0.0486265786289115	6.82950423084206	1.32684812259138	0.184632731571312	0.52811193557887	-5.09310519532912
ENSMUSG00000020986	0.0776071538861345	7.12428922430795	1.36486439087445	0.1723704815232	0.513717267174355	-5.09344974516861
ENSMUSG00000069072	0.0472258686873284	7.21204036088223	1.42337425775011	0.154703689856001	0.496208333822489	-5.09384304675875
ENSMUSG00000023826	0.0326999109578283	7.41186967786449	1.79952302591796	0.0720093953112877	0.357522907873946	-5.09392949132805
ENSMUSG00000033594	0.0516933854217916	6.46714161497218	1.38155150792708	0.167184641522847	0.509711424520837	-5.09436182486917
ENSMUSG00000063145	0.0342153312191256	7.39186249285716	1.64844650844402	0.0993376061035164	0.409616564340473	-5.0943807646076
ENSMUSG00000036721	0.0735158983294886	7.05873105592727	1.35615971123066	0.175122949270817	0.51636268584727	-5.09446584196918
ENSMUSG00000049950	0.0417463047401485	7.05190463458378	1.33303129629352	0.182595512012849	0.525388359904543	-5.09487024176704
ENSMUSG00000037902	0.0355637687489496	7.06126094855585	1.34615296919677	0.178327523167061	0.520509054703771	-5.09509716725153
ENSMUSG00000024063	-0.0496839610721755	7.09029276916539	-1.37795345808874	0.168292767836371	0.510357335213171	-5.09545783269128
ENSMUSG00000024534	-0.0708163463863016	6.84034357684527	-1.32080029205837	0.186641590411765	0.530425447834148	-5.09559300944733
ENSMUSG00000006705	0.0637645260506776	7.09448168619652	1.36353157879827	0.17278981240628	0.513859240316812	-5.096513484343
ENSMUSG00000056211	0.0385204997215762	7.3401907630888	1.65548171255476	0.0979032638680995	0.407419414218445	-5.0976171334826
ENSMUSG00000031896	0.0625446860825027	6.9415414306202	1.32843155975938	0.18410942799626	0.527393962555101	-5.09783585478832
ENSMUSG00000024754	0.0428933762396468	7.36922415650273	1.60145051104548	0.109354120450638	0.428256257963532	-5.09801831029117
ENSMUSG00000034730	0.0356979689196013	6.89938186377214	1.32172915863013	0.186332010704336	0.530425447834148	-5.09825069581464
ENSMUSG00000040105	0.059574053740743	6.82147306865425	1.31847019247229	0.187419856266186	0.531265580307843	-5.09908084340254
ENSMUSG00000022661	0.0367014711536262	7.11883063481536	1.34514575460501	0.178652477535152	0.520784839910038	-5.09927084937253
ENSMUSG00000023235	0.0250427026916666	7.22410213858313	1.42358211882598	0.154643477604537	0.49613257675398	-5.09948686052043
ENSMUSG00000084899	0.0574891882429087	7.17168798355126	1.50069580874922	0.133511167842226	0.466291708811154	-5.09978944846797
ENSMUSG00000027710	0.0352230634308377	7.16956783049887	1.40062088173437	0.161403059015487	0.504033550772422	-5.09981757715839
ENSMUSG00000035246	-0.033813247695214	7.39891719383716	-1.70090528466881	0.0890365149731732	0.391934113638404	-5.09990089517028
ENSMUSG00000002732	0.0566261307879872	7.30381247914503	1.5582994025504	0.119239380665846	0.444500281294349	-5.10017133251631
ENSMUSG00000058070	0.0552772451777814	6.98846757064845	1.32302703005582	0.185900082255234	0.530059582590212	-5.10025973274649
ENSMUSG00000029557	0.0469171856099857	6.6170787957518	1.35489108006753	0.175526821604576	0.516824736067414	-5.10037887072361
ENSMUSG00000025545	-0.0429034532311965	7.06331740451874	-1.34779706972935	0.177798037983267	0.520083236025273	-5.10047739771725
ENSMUSG00000018363	0.0466261668441676	7.07015875109501	1.34201408599701	0.17966565268204	0.521627188228214	-5.10088781813613
ENSMUSG00000032518	0.0273899270331288	6.97680623330185	1.31939127847816	0.187111922583405	0.530946723814527	-5.1010472282614
ENSMUSG00000020399	0.0513864915806552	7.19225615664978	1.41518782216082	0.157089292016153	0.499044259317672	-5.10204911042252
ENSMUSG00000028161	0.0579300090426482	6.5926129498897	1.36166796546564	0.173377423376314	0.514365668738747	-5.10256085159185
ENSMUSG00000035051	0.0394128984167983	7.10739439009121	1.3421769487239	0.179612857316174	0.521627188228214	-5.10266639749066
ENSMUSG00000059834	-0.0317159892620715	7.29726642728497	-1.64198406112458	0.100669908474894	0.412850157018335	-5.10275186756006
ENSMUSG00000084910	-0.0339322116430161	7.29089022537956	-1.59126742594367	0.111626406774021	0.432903553501765	-5.10329931624763
ENSMUSG00000031875	-0.0425355974476789	7.1865138518007	-1.49283040514878	0.135558438753035	0.469211466074457	-5.10334396040715
ENSMUSG00000080316	0.0221233329900334	7.53912474681596	1.94826341660023	0.0514515122630351	0.315249898491835	-5.10340669776774
ENSMUSG00000033904	-0.0484969445730679	6.87142941930111	-1.31261235393038	0.18938698829041	0.534331837998433	-5.10386193123427
ENSMUSG00000071424	0.0333663472725227	7.29320159383726	1.51171284330787	0.130683907473651	0.461890619793473	-5.10470410013185
ENSMUSG00000022070	0.0334072084347765	7.43869707292288	1.70566777460829	0.0881456061759495	0.390164207839802	-5.10477984259461
ENSMUSG00000029715	0.0283035904584761	6.85246996260229	1.31733533942231	0.187799770125603	0.531896654138901	-5.10485465317839
ENSMUSG00000019889	-0.0601173013837881	7.11819771611089	-1.40870744802275	0.158997431871007	0.500507820131672	-5.1051050290969
ENSMUSG00000002985	-0.0365432566820694	7.06172676019299	-1.35415403760144	0.175761780154041	0.517139369645941	-5.10593399381938
ENSMUSG00000024182	0.0461136900503698	6.9699311829002	1.31497570629403	0.188591522284214	0.533505878188707	-5.10594293978273
ENSMUSG00000031577	-0.0587528104193007	7.09695608759461	-1.36966963395187	0.170864971407285	0.513027513569504	-5.10599010146007
ENSMUSG00000081094	-0.0529395449023795	6.91197965277572	-1.32075081545631	0.186658091006517	0.530425447834148	-5.10602222341826
ENSMUSG00000001986	0.0501354436914365	7.23662300682546	1.47313526857432	0.140791238521203	0.476501215485811	-5.10627646916698
ENSMUSG00000098785	0.0607991826516647	7.21739524469495	1.45583988838282	0.145513361009439	0.484850245754777	-5.1062853951918
ENSMUSG00000046949	-0.048336879622191	7.07951636461817	-1.34844580860221	0.177589433066097	0.520083236025273	-5.106348485479
ENSMUSG00000053166	0.0464447295691723	7.15815143164188	1.39815213673056	0.162142923394511	0.505247932747134	-5.10652151000216
ENSMUSG00000027889	-0.0201678161019876	7.26035740957656	-1.51205593021245	0.130596614141844	0.461890619793473	-5.10687128279199
ENSMUSG00000051989	-0.0198074145427887	6.85367395498003	-1.30944384968612	0.190457333142789	0.535952785958891	-5.10689126382221
ENSMUSG00000026003	-0.0284123495551958	7.09274940128218	-1.36440563246312	0.17251473059779	0.513717267174355	-5.10726666646442
ENSMUSG00000017801	-0.0530239825164909	6.73436658133291	-1.3205274265757	0.186732605289304	0.530425447834148	-5.10765071099897
ENSMUSG00000024885	-0.0362824662234393	7.36829326576847	-1.63933896564308	0.101219315137787	0.413237483462642	-5.10774700518495
ENSMUSG00000020232	-0.0608347352490552	6.45910664062128	-1.37069386337895	0.170545352117362	0.512825093919025	-5.10821702060042
ENSMUSG00000002748	-0.024094453135012	7.12404314450752	-1.4217696380438	0.155169108516406	0.49683246989708	-5.10823897593163
ENSMUSG00000039661	0.0418086917442171	6.79252769520336	1.32616409119706	0.184859134567019	0.528202349095816	-5.10870373341699
ENSMUSG00000022565	0.0205945955334199	7.45136553262089	1.81383403595407	0.0697762664541646	0.353433161603923	-5.10934513147947
ENSMUSG00000014243	0.0706209045095347	6.98165624641223	1.33576812111074	0.181699130069694	0.52381680189194	-5.1103057912483
ENSMUSG00000019808	0.0376305585525651	6.86371992082027	1.30549753030335	0.191796652430956	0.537935253135892	-5.11088142668066
ENSMUSG00000047044	0.0395174038334734	6.55271928302105	1.36317497709825	0.172902136134907	0.513967805682322	-5.11142157670328
ENSMUSG00000079055	0.04211192794721	7.20204642701392	1.37777190295878	0.168348828958711	0.510357335213171	-5.11182912813255
ENSMUSG00000035964	0.0377005794827818	6.92246941013208	1.30462918260728	0.19209228400455	0.538225074897141	-5.11200563907942
ENSMUSG00000060730	-0.0508601179910446	7.21170994167899	-1.45729636054249	0.145111084117603	0.484108287024228	-5.11213451206448
ENSMUSG00000022312	0.0220484543373587	7.0191569581933	1.31231513728995	0.189487201438004	0.534331837998433	-5.11299761855818
ENSMUSG00000031758	0.05139094639547	6.87303145194294	1.30415767276078	0.192252951291249	0.538435346747935	-5.11305239123078
ENSMUSG00000038871	-0.0567650859241491	7.09365969937045	-1.32398351530765	0.185582240530482	0.529710319392057	-5.11325850424403
ENSMUSG00000015943	-0.0418719066634212	6.72433036065504	-1.31516421564288	0.188528179415069	0.533505878188707	-5.11398003951142
ENSMUSG00000026269	-0.0240284633196035	7.40175586546236	-1.73425163788147	0.0829485178101882	0.379041340240358	-5.11514550779363
ENSMUSG00000020473	-0.0743977952064458	7.01389234006231	-1.35374391309681	0.175892623527118	0.517299824247432	-5.11525694884304
ENSMUSG00000010205	-0.0212686789972087	7.33076904912527	-1.63733353819476	0.101637448091444	0.414001337490987	-5.11528751149721
ENSMUSG00000030327	0.0748930527191849	6.76314356780846	1.32971516886152	0.183686020248716	0.526909081637982	-5.11534392715583
ENSMUSG00000055078	0.0826864904930389	7.07302767083558	1.3033588388586	0.19252537999014	0.538741457982443	-5.11548567811733
ENSMUSG00000022489	0.0628573535844152	6.58555021961683	1.34553419056234	0.178527105540256	0.520536552574088	-5.11608218798163
ENSMUSG00000024824	-0.0714299209939666	6.89071798286495	-1.30235133245259	0.192869377511791	0.538846551719685	-5.116356176538
ENSMUSG00000027840	-0.037612066285206	7.38842913018024	-1.69521660197626	0.0901101805104775	0.394354111526603	-5.11676697685372
ENSMUSG00000040907	0.0378522507432795	7.02696776800144	1.31536671785561	0.18846015215743	0.533451169547416	-5.11692777279426
ENSMUSG00000020591	-0.0466663758623636	7.04489360034221	-1.34690515173492	0.178085136101181	0.52038938751803	-5.11719795517122
ENSMUSG00000100546	0.0578728504805426	7.32289960174522	1.50538769047513	0.132301372765979	0.46409883879978	-5.11724169104617
ENSMUSG00000063334	0.0399999823237458	7.04820003103919	1.31454897366276	0.188734970890295	0.533589762371394	-5.11773613534307
ENSMUSG00000053835	0.0142996610414592	7.52653012539016	1.90397931468571	0.056982735473332	0.326931517429754	-5.11775135852907
ENSMUSG00000061393	0.0287695545129703	7.51985792616552	1.90096523593949	0.057376539960054	0.3279519584138	-5.11787268464538
ENSMUSG00000043671	0.035109012951752	6.9623807752742	1.31128286614635	0.189835558100291	0.534952418815374	-5.11819049479027
ENSMUSG00000031562	0.0540697391335785	7.20698289011914	1.46499073230304	0.143000030958595	0.480359445623713	-5.11890384968951
ENSMUSG00000032425	0.0729241957000903	6.80643895430049	1.30443059413299	0.192159941113394	0.538286049920536	-5.11905115097761
ENSMUSG00000024064	-0.0880787968093957	6.84629699017676	-1.30054436672721	0.193487469511042	0.539289803219758	-5.119665300925
ENSMUSG00000048330	0.0596695926257089	7.22898385575326	1.38817544758844	0.165158958998249	0.50822178077582	-5.1199116736023
ENSMUSG00000091636	0.0805105454279182	6.84003734481296	1.30094644302457	0.193349809279457	0.539219436857713	-5.12054389055317
ENSMUSG00000027498	0.0554248922131402	7.15552020794597	1.38943349233918	0.164776330513693	0.507681852499422	-5.12176358444613
ENSMUSG00000098620	-0.0405077370990465	7.17840657378539	-1.42110687337376	0.155361652937268	0.49683246989708	-5.12187122810752
ENSMUSG00000065259	0.04571832349035	7.27288785215839	1.51653429220176	0.129461308133546	0.460092653496033	-5.12206783633481
ENSMUSG00000031848	-0.0299686007187967	6.76028278421921	-1.30508437004938	0.191937272304123	0.538096258707007	-5.12217764333655
ENSMUSG00000067825	0.0582237906247114	7.17966254083272	1.45210895771675	0.146547738663312	0.486115970130544	-5.12241053834251
ENSMUSG00000079598	0.0557286112676039	6.52909802371518	1.3473036826647	0.177956810959409	0.520323149231758	-5.12280427312081
ENSMUSG00000037337	0.0410086012793629	7.51793528358582	1.84184866833064	0.0655693840265823	0.343752295856441	-5.1231651481121
ENSMUSG00000000632	0.04160950347738	6.88322281240908	1.2949209402694	0.195420332635857	0.542154464881718	-5.12363624082806
ENSMUSG00000049969	0.0604970457488694	6.99322643752663	1.30182301705427	0.193049943129031	0.538846551719685	-5.12365716725445
ENSMUSG00000021866	-0.0788162090274485	7.12466515775064	-1.39296041076325	0.163707194729236	0.506673480761681	-5.12414896618319
ENSMUSG00000002679	0.0311746630680902	6.80469767980984	1.3095925928751	0.1904069870898	0.535922343982459	-5.12438391408174
ENSMUSG00000027884	0.0388639822696026	7.36641663986083	1.59464026172459	0.110869689541395	0.431203239605855	-5.12473676295908
ENSMUSG00000029267	0.0288337404713745	7.5689892527967	1.9879120316511	0.0468877438179006	0.300711462007141	-5.12480290471685
ENSMUSG00000041141	0.0350557800279212	7.11086906379199	1.3325071625402	0.182767553136183	0.525635851792525	-5.12484257712226
ENSMUSG00000019478	-0.0410479736590883	6.98712263143414	-1.30558978573093	0.191765263476809	0.537935253135892	-5.12548057964338
ENSMUSG00000003534	-0.0501379093253185	7.24984196823474	-1.507860467155	0.131667198207414	0.46344604656308	-5.12582873860748
ENSMUSG00000001472	0.0407746752151681	6.99558961329492	1.29953116816568	0.193834681068002	0.539743398217287	-5.12594925872986
ENSMUSG00000044730	-0.048905777999912	7.18860480750185	-1.4229751488123	0.154819351857103	0.496461866716793	-5.12598496155601
ENSMUSG00000042258	0.0955815993255911	6.98628804340105	1.29462582492488	0.195522158274663	0.542215058680278	-5.12612743691617
ENSMUSG00000050592	0.0574555080174877	6.75179204045158	1.3003297568218	0.193560975702364	0.539313544712834	-5.12635845365389
ENSMUSG00000050248	0.0480410026876941	7.35053681238192	1.67217584743225	0.0945658638587239	0.402542778313888	-5.12820812794816
ENSMUSG00000056679	0.0194991837771559	7.44076400169619	1.74279925917854	0.0814435678598165	0.375897735454668	-5.12822671329162
ENSMUSG00000027465	0.0578555688178017	6.66144889337289	1.31253707017301	0.189412368173988	0.534331837998433	-5.12868260912512
ENSMUSG00000045414	0.0416050608966021	7.32662618107427	1.51924484382367	0.128777892080022	0.45946596337393	-5.12942080644946
ENSMUSG00000065883	0.0569928647967011	7.40987695818618	1.67301123196033	0.0944012847852743	0.402355428833307	-5.12949629494991
ENSMUSG00000022663	-0.0632532538009709	6.31423153212512	-1.39613693457275	0.16274876013929	0.505620153655827	-5.12971027402426
ENSMUSG00000018931	-0.031252161624594	7.39663960468313	-1.66000943182946	0.0969889373156559	0.406463140590553	-5.12984098464164
ENSMUSG00000055926	0.0173505250067425	7.57147563106881	2.03399522476411	0.0420162491467314	0.285685208591467	-5.12993540102587
ENSMUSG00000026131	0.0329084901861201	7.02943373348487	1.30257283453199	0.192793710324395	0.538846551719685	-5.13025278870941
ENSMUSG00000034825	0.0395773177908918	6.916024222558	1.28859443028706	0.197611742169115	0.544915896659015	-5.13194119183241
ENSMUSG00000020477	0.0472183797243142	6.76579346318588	1.29357083686923	0.195886486095554	0.542892268700638	-5.13216786286692
ENSMUSG00000004462	-0.090698390525449	6.84111055620386	-1.29814754727004	0.194309570961186	0.540363801909239	-5.13221546474256
ENSMUSG00000025871	0.0478885979458559	6.93176234183106	1.28749725317314	0.197993611382944	0.544915896659015	-5.133196227891
ENSMUSG00000023156	0.0460255813556278	6.94927627298793	1.28875915547421	0.197554456640578	0.544915896659015	-5.13367431318221
ENSMUSG00000027184	0.0436884610474015	6.91491728959805	1.28646455921488	0.198353530500612	0.544915896659015	-5.13370956305647
ENSMUSG00000040265	0.0523563110458314	6.84817869867535	1.29184655244833	0.196483018686901	0.54350265185273	-5.13374986132776
ENSMUSG00000040681	0.0325569069591776	6.4773387438046	1.35974857124785	0.173984182892087	0.515146100277315	-5.13405580014324
ENSMUSG00000050600	0.0312871037110822	7.05850461547711	1.33960582100655	0.180447689612558	0.522870223502258	-5.13416498629494
ENSMUSG00000039016	-0.0319070043872269	6.85799047879385	-1.28666380649876	0.198284050706849	0.544915896659015	-5.13440004995882
ENSMUSG00000005779	0.0325039556517925	6.63811586401216	1.32332625453386	0.185800606195738	0.529887383004168	-5.1344797130435
ENSMUSG00000029364	0.0727125497315102	7.01092872975712	1.31923240315514	0.187165010435758	0.530986233833021	-5.13454032451639
ENSMUSG00000017299	0.0390204954582929	7.2701411237301	1.38587521187617	0.165860294414868	0.50876032763657	-5.13476889458481
ENSMUSG00000038482	0.0540982370900496	6.88899736776323	1.28747660468735	0.198000803200055	0.544915896659015	-5.13538043730463
ENSMUSG00000026080	0.0563310350251323	6.89179476028984	1.28581375244055	0.198580598318325	0.544915896659015	-5.13544326184229
ENSMUSG00000042524	0.0490212668837975	6.61630279043785	1.32008857357681	0.186879054454725	0.530730251423789	-5.13614151396409
ENSMUSG00000042787	0.0374993800293817	6.52546793444371	1.34651832008405	0.178209760012259	0.52038938751803	-5.13618949782108
ENSMUSG00000051319	0.0325808003534762	6.70924253825044	1.31267783766505	0.189364914258631	0.534331837998433	-5.13623586491501
ENSMUSG00000052534	0.065612991009985	7.36812858546165	1.60968751761256	0.107542985083965	0.425837556007126	-5.13729519556468
ENSMUSG00000063200	0.0245101171265789	6.86540968111347	1.28952126162264	0.197289581607284	0.544665474940249	-5.13739656516669
ENSMUSG00000051223	0.0379836577951522	7.25354583794288	1.43110433651922	0.152476439183308	0.493833961478848	-5.13883006159273
ENSMUSG00000056367	0.0672754721457416	7.03253456910246	1.30994569414104	0.190287509920729	0.535808527415419	-5.13903215460826
ENSMUSG00000052551	0.0278001973978474	7.33773599602646	1.53195204867132	0.125611328739479	0.45406311546838	-5.13908279242973
ENSMUSG00000051346	0.0420665346823066	6.55816284124154	1.34027703580147	0.180229471940027	0.522572964192233	-5.13942487898597
ENSMUSG00000037826	0.0456643588722727	7.09997315532715	1.3354939930661	0.181788766731895	0.52381680189194	-5.13949367312727
ENSMUSG00000071652	0.0458353947568959	6.67875424080334	1.31187266219723	0.189636464090959	0.534603122039863	-5.13952842470882
ENSMUSG00000042289	0.0550947477734285	6.9089407173614	1.28199759890991	0.199915888896866	0.546649734191421	-5.14045505671826
ENSMUSG00000026150	0.0301396241905287	7.23632284677443	1.39762638206046	0.162300818319577	0.505391477900053	-5.14055727876986
ENSMUSG00000020684	0.0459331910858101	6.82108937035547	1.27998673402077	0.200622133541726	0.547180624936374	-5.14154501335055
ENSMUSG00000025240	0.028031280857757	7.14200407786808	1.3468738642184	0.178095213454964	0.52038938751803	-5.14167987558416
ENSMUSG00000028518	0.056038258825768	7.10554856327009	1.33682192209143	0.181354854931164	0.523389098636432	-5.14193067436937
ENSMUSG00000040138	0.0633105659392212	7.11706383464581	1.33561117517709	0.181750445537792	0.52381680189194	-5.14209697271951
ENSMUSG00000062949	0.0364373875996913	7.3379065409105	1.56144261983777	0.11849644024278	0.443193030844582	-5.14252694407212
ENSMUSG00000000827	0.0300583450954024	6.6297720692407	1.3206404012143	0.186694918374022	0.530425447834148	-5.14254095526919
ENSMUSG00000091722	-0.0445088717686497	7.47414194707947	-1.81581915492608	0.0694710431192211	0.352467007375827	-5.14265457651146
ENSMUSG00000009406	0.0207507974781409	7.22637947232161	1.4192447286706	0.155903608744305	0.497441100511642	-5.14275255713928
ENSMUSG00000097267	0.0163644526618958	7.57051443755946	1.99575633489505	0.0460264191783297	0.299005823650561	-5.14277758927335
ENSMUSG00000029472	-0.0408616564529956	7.37008600465833	-1.68800229229455	0.0914867534948952	0.396920769242813	-5.14283312086673
ENSMUSG00000001240	-0.072743280248913	7.08484355398945	-1.37603801821418	0.168884929580089	0.510494676981401	-5.143397171972
ENSMUSG00000017412	0.0636230219366603	6.75103619791443	1.29045967338945	0.196963787746892	0.544209299831336	-5.14341037147431
ENSMUSG00000040532	-0.0288299873050821	7.25100572721673	-1.55039009338719	0.121125005482669	0.446551656999676	-5.14372469857587
ENSMUSG00000051344	0.0282249290826586	7.28697252284804	1.54110776843004	0.123367640470307	0.44987048668543	-5.14373710287118
ENSMUSG00000097768	-0.0160052183216681	7.49770088479218	-1.90072133708982	0.0574085053407841	0.3279519584138	-5.14383840400228
ENSMUSG00000022420	0.0354785035167398	6.79549294309623	1.27965006676732	0.20074055371847	0.547208399376848	-5.14389184530514
ENSMUSG00000088506	-0.056917269930203	7.2140515967895	-1.43256411474925	0.152058590545382	0.493356223523278	-5.14452730900746
ENSMUSG00000052852	0.0612749165517528	6.91535145814288	1.27747615995219	0.201506437842187	0.548195564671941	-5.14487507807467
ENSMUSG00000020804	0.0186769622455953	7.29518315883659	1.5465333515474	0.122052899768626	0.448089145698085	-5.1451637185506
ENSMUSG00000036992	0.0365598125641799	6.76655953451773	1.29786340708373	0.19440719990647	0.540449624017208	-5.14572871962934
ENSMUSG00000016252	0.0618367020632871	6.69916230253177	1.30218252567511	0.192927058145766	0.538846551719685	-5.14608939772904
ENSMUSG00000039678	0.0745330404884488	6.63102355529104	1.28828373396883	0.197719824332068	0.544915896659015	-5.14624852530445
ENSMUSG00000046607	0.0465089040486451	6.57683464724177	1.33029801813346	0.183494001561697	0.526696792746358	-5.14630665132149
ENSMUSG00000022914	0.0511523155691513	7.32819906146241	1.5490541154363	0.121445801702804	0.446551656999676	-5.14641347837873
ENSMUSG00000031309	0.043483862531362	6.64082203158142	1.30375096809198	0.192391615544176	0.538554186988921	-5.14645350135527
ENSMUSG00000037601	0.0307105474127294	6.82575768583639	1.28198142589293	0.199921561838193	0.546649734191421	-5.1464556487019
ENSMUSG00000028565	0.0528468612283799	7.19526150456208	1.44400458909224	0.148814001469194	0.489476038796539	-5.1469455857798
ENSMUSG00000020734	0.0694331482197166	6.91759468995201	1.29218799089602	0.196364789236869	0.543329349484382	-5.14694571311029
ENSMUSG00000039543	0.0198039216759813	7.51782723807352	1.8720461036261	0.0612712765245021	0.33535997717068	-5.1469593849042
ENSMUSG00000055782	0.0510761912019166	6.96158371125219	1.27759109107168	0.201465893425725	0.548195564671941	-5.14757376462825
ENSMUSG00000027551	0.0396610483776616	7.09276321276887	1.30461100564119	0.19209847598667	0.538225074897141	-5.14769260637996
ENSMUSG00000030067	0.0507452976231093	6.78546165154783	1.28556792729061	0.198666416668057	0.544915896659015	-5.14795065108102
ENSMUSG00000017466	0.0341917648790355	7.12368696176765	1.30886856871281	0.190652144455486	0.536258124729368	-5.14798869667685
ENSMUSG00000095123	0.0435435132215174	7.37413083255595	1.63462200875013	0.102204990185632	0.414788844665943	-5.14827353435311
ENSMUSG00000031328	-0.0194393089033031	7.46816371225494	-1.8568073901714	0.0634101505307567	0.339806962156435	-5.14832337114931
ENSMUSG00000073805	0.0419933969429902	6.78416949455568	1.28673330469493	0.1982598200844	0.544915896659015	-5.14845537995447
ENSMUSG00000032489	-0.0453237578949102	7.20955085020807	-1.45029434346978	0.147052858921242	0.486634772090358	-5.14905922516127
ENSMUSG00000061032	0.0517882450454685	6.65063329834746	1.31380731384493	0.188984475557067	0.533993976651765	-5.14916999155363
ENSMUSG00000071265	0.0523315267759621	6.91549129865807	1.2741217390186	0.202692405229642	0.549181380915964	-5.14922753167281
ENSMUSG00000011832	-0.00671927414135176	7.31828388259744	-1.55627900286945	0.119718853160121	0.445430354320781	-5.14929895252862
ENSMUSG00000002688	0.0569461538972593	6.99918037117539	1.28795044369169	0.197835814369545	0.544915896659015	-5.14995901385103
ENSMUSG00000028822	-0.0461226819447642	6.4465770444475	-1.34969447158237	0.17718843309558	0.519533039772897	-5.1503984215061
ENSMUSG00000000787	0.0493633535448099	7.43164298094939	1.65130809934554	0.0987521721318263	0.40881891595826	-5.15097962944422
ENSMUSG00000028933	0.0470581410627693	6.92358923177045	1.27614547564263	0.20197629876853	0.548458098163871	-5.15109479767121
ENSMUSG00000053483	0.0498541655687124	6.65367428126316	1.29679889503711	0.194773280323035	0.540912768254754	-5.15159269493985
ENSMUSG00000025220	0.050793950514354	6.65473923861093	1.31076302434355	0.190011165753871	0.535141542436847	-5.15256435297836
ENSMUSG00000069135	0.0375890752749415	7.26631936839544	1.49834746613369	0.134119891591313	0.467334230325115	-5.15274396887428
ENSMUSG00000021065	0.0785345970234683	7.15779705055369	1.33966838997164	0.180427339613009	0.522870223502258	-5.15366571705177
ENSMUSG00000047084	0.0230770959335524	6.59200764755993	1.32095727849744	0.186589242101746	0.530425447834148	-5.15387405505892
ENSMUSG00000031787	0.0454243143471755	7.29384443745775	1.53633789980614	0.124532600517133	0.45242495038124	-5.15421361929367
ENSMUSG00000032212	0.0540858882075614	6.69569824536313	1.29479941280992	0.195462259363895	0.542159842973749	-5.15445362666526
ENSMUSG00000032288	-0.0431521555330567	6.52856780831191	-1.33897821525372	0.180651907161689	0.523148160908061	-5.15463265232136
ENSMUSG00000034024	0.0533639901564635	6.46845827277085	1.3629598863414	0.172969912620297	0.51405657065015	-5.15466054388925
ENSMUSG00000029219	0.076355390205654	6.76567374215303	1.28414980983012	0.199162015638966	0.545502749097595	-5.15484722738774
ENSMUSG00000039501	0.0209836738642011	6.52715551341085	1.32161907409562	0.186368680673185	0.530425447834148	-5.1550191357093
ENSMUSG00000029434	0.0287084931031902	7.46084380877727	1.77180832908418	0.0765005520079545	0.36675901135921	-5.15529125493754
ENSMUSG00000023977	0.0129413932762938	7.29406268585718	1.51997649227255	0.128593901775279	0.459292971619925	-5.15593339781416
ENSMUSG00000047417	-0.0129226945116141	7.31649082847578	-1.58259797689696	0.113590163783612	0.435905870528788	-5.15718804555383
ENSMUSG00000025421	-0.0304703791038801	6.95435966212732	-1.26815862738437	0.204813229019417	0.55140146128778	-5.15721111046721
ENSMUSG00000081219	-0.0697666852050629	7.1642125046181	-1.31872311040354	0.187335264531999	0.531246918327722	-5.15743990061098
ENSMUSG00000014074	0.0795964794585613	6.96386334192512	1.26799976437259	0.204869949718058	0.551444665133499	-5.15749338878762
ENSMUSG00000017747	0.0570573464333419	6.90900216019287	1.26721122384538	0.205151660581555	0.551545947682872	-5.15749837587056
ENSMUSG00000024942	0.0653493117124126	6.83213808187559	1.27041258211566	0.204009703980653	0.550659678791499	-5.15752807772563
ENSMUSG00000093124	0.0490635077094694	7.37378722367488	1.65988526722749	0.0970139196748068	0.406463140590553	-5.15754806914757
ENSMUSG00000030680	-0.0576602768590471	6.90768046512291	-1.28422295874523	0.199136429712298	0.545502749097595	-5.15827147047444
ENSMUSG00000021549	0.0376973875612343	7.46240402187892	1.77081050765401	0.0766664164511292	0.366905497438902	-5.15862666718691
ENSMUSG00000016386	0.069452837888071	6.64768667099317	1.31179619770562	0.189662267075656	0.534603122039863	-5.15867287452702
ENSMUSG00000048967	0.058382703328606	6.75886762661052	1.27234092278532	0.203324082426886	0.550323108779768	-5.15883388777739
ENSMUSG00000002319	0.0386920988599133	7.26436391883924	1.45893162929878	0.144660439786932	0.483676015445433	-5.15889157307173
ENSMUSG00000001445	0.0395546771561825	7.21727628948068	1.36244266922351	0.173132972406562	0.514315696732727	-5.15896709490266
ENSMUSG00000095567	0.042212958120551	6.80156224787796	1.27645219821069	0.201867925092177	0.548458098163871	-5.15910403476169
ENSMUSG00000026102	-0.0357316513256949	7.10871266501512	-1.35725395003653	0.174775152803456	0.516253054838619	-5.15977929372481
ENSMUSG00000029020	0.0325692133903548	7.07591362591633	1.30047075991938	0.193512678320115	0.539289803219758	-5.15994924328616
ENSMUSG00000052373	0.0578741102902711	6.64354465459061	1.2881650257067	0.197761130887102	0.544915896659015	-5.16006379587103
ENSMUSG00000038152	0.0792587029510416	7.01887331262844	1.27919914041863	0.200899243606826	0.547495868305799	-5.16028588108349
ENSMUSG00000025724	0.0335982057433748	6.52670192241301	1.33894321153836	0.180663302124792	0.523148160908061	-5.16047943436811
ENSMUSG00000025911	-0.0651396065365315	7.24597260650063	-1.41059638107349	0.158439434373582	0.50016930367901	-5.16058247245403
ENSMUSG00000039108	0.0547381231867261	6.60201386810036	1.30918385400496	0.190545359083248	0.53608922565899	-5.1607764925217
ENSMUSG00000016239	0.0464499756033128	7.11086906811396	1.32634365482957	0.18479968211368	0.528143779531465	-5.16092318057888
ENSMUSG00000044857	0.0516314714509187	7.10980701768927	1.34199314485646	0.179672442028748	0.521627188228214	-5.16095524339729
ENSMUSG00000027966	0.0784845215035572	7.12505033091662	1.31966498126765	0.187020491467708	0.530822207683782	-5.16166436330037
ENSMUSG00000074212	0.0521533021582954	7.3413162758412	1.52385583154057	0.127621762715837	0.4579925513238	-5.16187527420987
ENSMUSG00000021363	0.0634940019193611	7.04413012441959	1.27534171902749	0.2022604897491	0.548458098163871	-5.16189790070689
ENSMUSG00000030058	0.0380804516980637	7.05795082274606	1.28720634335526	0.198094952187326	0.544915896659015	-5.16198570723435
ENSMUSG00000041801	0.0318282288348621	7.02633677028989	1.28526731305052	0.198771398926796	0.544998583191602	-5.16244848124022
ENSMUSG00000035378	0.0548774325029022	6.86625720893853	1.26176948542666	0.207103437246525	0.553609700746921	-5.16308299112676
ENSMUSG00000022023	0.0575185593111618	6.58873013934722	1.30117776612178	0.193270643020305	0.539169419355823	-5.1640660827546
ENSMUSG00000072946	0.0478225625178315	7.32607545348922	1.46997910865324	0.141644052200818	0.477832809091488	-5.164127760851
ENSMUSG00000052917	0.0288060046386018	7.27715559801291	1.4775847584663	0.139595674594121	0.475025374840207	-5.16459674444309
ENSMUSG00000021428	0.0544840334239751	7.28969746835012	1.43283136964101	0.151982185728244	0.493356223523278	-5.1654542118854
ENSMUSG00000029464	0.0440399923173231	7.00333692496059	1.26296124744232	0.2066748418478	0.552900060333954	-5.16566854571285
ENSMUSG00000038605	0.0620507821890017	7.19555684953148	1.34265097090679	0.17945925874497	0.521566694547546	-5.165790307404
ENSMUSG00000007216	0.0425322531514665	7.22638953759577	1.36889597843367	0.171106694415631	0.513027513569504	-5.16584204446878
ENSMUSG00000024206	-0.0728004555040433	7.09737518961159	-1.38506312982704	0.166108430497145	0.508833732643537	-5.16584705633708
ENSMUSG00000020366	0.0482649808338786	7.34214873032768	1.51540250972895	0.129747498866146	0.460863659844698	-5.16661346426345
ENSMUSG00000028066	-0.0468713641243763	7.33387614602077	-1.4791122052789	0.13918706168595	0.474622279260087	-5.16661594992944
ENSMUSG00000033610	-0.0968274972055214	6.96028004569097	-1.26182852367521	0.207082190041846	0.553609700746921	-5.16674524866481
ENSMUSG00000020547	-0.060261958595258	6.82816018923347	-1.26363870240737	0.206431494912518	0.552900060333954	-5.16700751088516
ENSMUSG00000075705	0.0464474308732239	6.64700950802997	1.29493961239813	0.195413891373782	0.542154464881718	-5.16771077151747
ENSMUSG00000087461	0.0743484713496789	6.85585949581807	1.264190201341	0.206233546071097	0.552900060333954	-5.1686571626936
ENSMUSG00000066571	-0.0131426078682759	7.59813240847247	-2.03072254950344	0.04234747695242	0.287021360458422	-5.16910396193828
ENSMUSG00000054814	0.0471548588569304	7.25431576875711	1.45188772881745	0.146609249289261	0.486115970130544	-5.1692158108173
ENSMUSG00000025133	-0.0323241752205927	6.96965597676554	-1.26310190240378	0.206624300394997	0.552900060333954	-5.16974158863388
ENSMUSG00000020130	0.0296570531044802	7.2947022877864	1.48509069511989	0.137596588705012	0.471451743659984	-5.16984035955746
ENSMUSG00000038077	-0.0449917065932075	6.71867843128464	-1.26542965422081	0.20578917407495	0.552487343579701	-5.16995147310315
ENSMUSG00000059327	-0.0256617400637387	7.47085689320406	-1.81548954825252	0.0695216459525727	0.352496064257659	-5.17037006657282
ENSMUSG00000027088	0.0580540317362468	6.51981111319967	1.32097613318883	0.186582955592955	0.530425447834148	-5.1704016008361
ENSMUSG00000035064	-0.0174480259704346	7.55590514889038	-1.96435508763008	0.049556296614297	0.309094284140656	-5.17053901949531
ENSMUSG00000056014	0.07618713386604	6.96015234174522	1.25991289000521	0.207772412803825	0.554173200514965	-5.1713502135371
ENSMUSG00000032504	0.0363249917327018	6.98433571996525	1.2595967540762	0.207886480145974	0.554173200514965	-5.17142322167367
ENSMUSG00000084607	0.0322185359869032	7.08542121585806	1.27583679145401	0.202085408369941	0.548458098163871	-5.17158702562736
ENSMUSG00000028546	0.0404073199365751	7.23527908732695	1.42670342284621	0.153741452664755	0.49570192989982	-5.17181727001652
ENSMUSG00000041959	-0.061897625840194	6.84802550443031	-1.25509328070843	0.209516347435421	0.556151867825951	-5.17203756957627
ENSMUSG00000031490	-0.0662805880168591	6.87890911921778	-1.26011173508186	0.207700689309626	0.554173200514965	-5.17265082451612
ENSMUSG00000034570	0.0470188964758087	6.33564039708775	1.34134315357562	0.179883271173965	0.521903999695404	-5.17280400678435
ENSMUSG00000020182	0.0380187565636954	7.4525753794923	1.70225524930193	0.0887832461079922	0.391607221442087	-5.17365293141573
ENSMUSG00000031828	0.0413179654527482	7.0198020618983	1.26268045403061	0.206775766007324	0.553060926322213	-5.17385317387265
ENSMUSG00000033308	0.0411496274939003	7.13650353443806	1.30395764966514	0.192321139139616	0.538515077334761	-5.17400406791981
ENSMUSG00000085156	-0.0497457587063037	7.25565966651501	-1.50708477307367	0.131865880457262	0.463874421719414	-5.17428440557338
ENSMUSG00000074715	-0.0323896340794043	7.4326995031334	-1.71140505501551	0.0870819091324736	0.388118515456304	-5.17474044108557
ENSMUSG00000037933	-0.0581929454737358	6.63156579364831	-1.26961595361234	0.204293435962036	0.550942580344183	-5.17478508932463
ENSMUSG00000002416	0.0441643196930777	6.65564787855137	1.28205890785214	0.199894384884252	0.546649734191421	-5.17603192452155
ENSMUSG00000028648	-0.0338259990576733	6.76891292301999	-1.2668424267376	0.205283512217515	0.551569209610413	-5.17603907992871
ENSMUSG00000086013	0.026474035946749	7.45901106021173	1.7651970986178	0.0776049883553607	0.368664482173083	-5.17619615389478
ENSMUSG00000044991	0.0551544296047721	7.00505666918074	1.27417532019078	0.20267342152401	0.549181380915964	-5.17673143571933
ENSMUSG00000031537	-0.0345498671119895	6.99326092146055	-1.27743802551981	0.201519891895925	0.548195564671941	-5.1767572331964
ENSMUSG00000078789	-0.0264625455837901	7.35607671133402	-1.66389216147782	0.0962103116249861	0.405292618021215	-5.17692495191298
ENSMUSG00000024037	0.0608567114832326	7.15699587261729	1.39344591040821	0.163560432792427	0.506668114551235	-5.17749029960451
ENSMUSG00000049097	-0.0313914109187632	6.93949813439996	-1.25186368903872	0.210690866213568	0.558246387360476	-5.17770532988006
ENSMUSG00000027361	0.0289355239504063	6.72654448947161	1.27670098382608	0.201780053318858	0.548458098163871	-5.1777121478243
ENSMUSG00000021733	0.0230580049373525	7.40405035165805	1.69258246735997	0.0906108580469458	0.395270918082526	-5.17814574110468
ENSMUSG00000030704	0.0461735326810082	7.36756663587861	1.56298574872012	0.118133032993354	0.442811075842936	-5.17838114000134
ENSMUSG00000054237	0.0425168763571504	6.77458989529958	1.26538155327903	0.20580640636478	0.552487343579701	-5.1783856962066
ENSMUSG00000046807	-0.0345015588540365	7.39465467031696	-1.664256964527	0.0961374135002067	0.405292618021215	-5.17843019183663
ENSMUSG00000062257	0.0518728384881664	7.44032465746952	1.68334536780336	0.0923842931700206	0.398141733084205	-5.17900616594037
ENSMUSG00000028969	-0.0346441846408903	6.91438647728324	-1.25025219240982	0.211278704551846	0.559257453399831	-5.17935698750752
ENSMUSG00000003452	0.0394375259514828	7.38626006867612	1.62274467312038	0.104720788335509	0.419687983521382	-5.17966742740965
ENSMUSG00000042408	-0.0322016458939069	7.39297992183538	-1.66106103165675	0.0967775580007128	0.406306539283187	-5.17976374151106
ENSMUSG00000048915	0.0623802824886059	7.15729667252679	1.30959857719041	0.190404961745713	0.535922343982459	-5.17999442074409
ENSMUSG00000033307	-0.0397853096207248	6.61387474095897	-1.29177559104687	0.196507596945131	0.54350265185273	-5.18012917704633
ENSMUSG00000020672	0.0492413122691504	7.3205066716272	1.50801022010068	0.131628868009618	0.46344604656308	-5.18094524585885
ENSMUSG00000030557	0.0614017102230475	7.07605770006475	1.28168861406897	0.200024290553447	0.546649734191421	-5.18136843171442
ENSMUSG00000026158	0.068902434873702	7.23571131644693	1.38157172530877	0.167178430512493	0.509711424520837	-5.18159757875138
ENSMUSG00000042178	0.0555373549196148	6.96334702154735	1.25975896316189	0.207827946612586	0.554173200514965	-5.181755415409
ENSMUSG00000030870	0.034311858034445	6.83456391863028	1.24841793403527	0.211949244007884	0.559923453204451	-5.18176980756435
ENSMUSG00000021265	0.0545874908289097	6.89496135807061	1.24938077578144	0.211597071826734	0.559795825139684	-5.18232297942774
ENSMUSG00000068264	0.0470012917124132	6.62252194070049	1.28874309054151	0.197560042914536	0.544915896659015	-5.18256005451282
ENSMUSG00000045174	0.0296564563783397	7.28430621302489	1.45836094490269	0.144817585913001	0.483730267538297	-5.18281607381734
ENSMUSG00000073131	0.0433087943548349	7.52723185514616	1.83528476725456	0.0665358176022786	0.345384130194184	-5.18318037578473
ENSMUSG00000049624	-0.0422793686825313	7.33784491347293	-1.52499422244474	0.127337576749555	0.457335858429262	-5.18335285686828
ENSMUSG00000023961	0.0343029796402288	6.83757106828417	1.24346569822217	0.213767285167179	0.562222473772379	-5.18426778912369
ENSMUSG00000002064	0.0498817424924605	6.74425616343778	1.2598750333691	0.207786069742776	0.554173200514965	-5.18430116004166
ENSMUSG00000028243	0.037332283542681	6.9421612878214	1.25190931988711	0.210674238338452	0.558246387360476	-5.18493853721104
ENSMUSG00000039879	0.0287517009872893	7.08620919483416	1.28630776312079	0.198408219603206	0.544915896659015	-5.18534488966624
ENSMUSG00000041303	0.0371588781371051	7.29166570366058	1.49095554741824	0.136050003773538	0.469845412249342	-5.18572366652831
ENSMUSG00000028641	0.0744780690590821	7.22338201246414	1.4037665232082	0.160464032614053	0.502557485373372	-5.18585317331349
ENSMUSG00000021548	0.0372176511207902	6.91900267617945	1.24133431771363	0.214553202192336	0.562989217483851	-5.18659826401625
ENSMUSG00000014426	-0.0218879812991313	6.94007516624188	-1.24489865162119	0.213240072800793	0.561283774054377	-5.18694140390645
ENSMUSG00000037993	-0.0165550908604564	6.98761395127884	-1.25092711227381	0.211032364490415	0.558823593312705	-5.18756184663412
ENSMUSG00000036885	-0.0365868997928596	7.40093851506648	-1.64252895699734	0.10055702527399	0.412511996570275	-5.18821931155659
ENSMUSG00000041346	-0.0564793585012664	6.88542615197213	-1.25444987406529	0.209749958596829	0.556623593395147	-5.18827295928774
ENSMUSG00000033272	-0.0310948761436372	6.81811696204327	-1.24041065034674	0.21489443820444	0.563220335042683	-5.18827596420833
ENSMUSG00000025170	0.0636675097001795	6.84865942653944	1.24591648831312	0.212866160936943	0.561158741976099	-5.18839317060723
ENSMUSG00000070583	-0.0572352183706704	6.7306080033784	-1.24528229017194	0.213099083927154	0.561188382308705	-5.18949777012526
ENSMUSG00000021534	0.0663160647623418	7.36130536862665	1.54956871261496	0.121322157547324	0.446551656999676	-5.1897346055136
ENSMUSG00000044216	0.0634751070394319	6.6455368352699	1.27154575203098	0.203606601779095	0.55044831643489	-5.18988336004197
ENSMUSG00000038967	-0.0553748703274941	7.27391662701879	-1.52122823598616	0.128279595216933	0.458597964532907	-5.18995565720913
ENSMUSG00000070271	-0.0636651892105675	6.83411555183336	-1.24771168928032	0.212207831671113	0.559967649240356	-5.19040478435629
ENSMUSG00000037253	0.0481176104257939	6.86416480731176	1.24073475254698	0.214774658636298	0.563220335042683	-5.19100336818749
ENSMUSG00000001053	0.0671156084437978	6.64044641479223	1.26765883859689	0.204991712960916	0.551545947682872	-5.19103361014531
ENSMUSG00000023873	0.0750281369636996	7.15940834715027	1.25046184991525	0.211202159069599	0.559164005597662	-5.19107630909902
ENSMUSG00000001054	0.0556340710526433	6.68337055355814	1.26696190856895	0.205240788555921	0.55156682086049	-5.1915901105919
ENSMUSG00000051590	-0.0441358091492878	6.87599496716126	-1.23771528067171	0.215892441501198	0.564417609308377	-5.19177953152433
ENSMUSG00000011257	-0.0444161912472598	7.25897728021412	-1.46612746968046	0.142690160954609	0.480071768434754	-5.19180355301713
ENSMUSG00000098098	0.0566296724955695	7.21743683153585	1.41007004738354	0.158594765932738	0.50016930367901	-5.19219633351536
ENSMUSG00000031158	0.044649677424049	7.05339583452133	1.23836490940542	0.215651601331773	0.564114298833915	-5.19224467090802
ENSMUSG00000039782	0.037138833862544	7.41530711056297	1.66973354651322	0.0950483411510262	0.403160188182184	-5.19231515214314
ENSMUSG00000038797	0.0374296458881194	7.15902453610655	1.31452472553116	0.188743124454146	0.533589762371394	-5.19231943462794
ENSMUSG00000015305	-0.0417461903531917	7.37923896181902	-1.64816618763849	0.0993951037525883	0.409693189660512	-5.19244740160034
ENSMUSG00000038349	0.052689050638266	6.65052975020909	1.27207949897813	0.203416933198722	0.550361007190029	-5.19315226388143
ENSMUSG00000045282	0.0660949150004893	7.07994395536741	1.28525139857804	0.198776957802218	0.544998583191602	-5.19320684602232
ENSMUSG00000037761	0.0381312131376825	7.4165096370837	1.69960899251908	0.0892802619531752	0.392624648576435	-5.19326064699741
ENSMUSG00000027366	0.0217175644281049	7.32291775929751	1.52231208595911	0.128007928811596	0.458165654389552	-5.19335724610467
ENSMUSG00000030844	0.0392732923744399	6.5987780509993	1.28989046212902	0.197161357072251	0.544533240820041	-5.19392609167162
ENSMUSG00000028218	0.0278367614811499	7.1032500591574	1.28092856715193	0.200291121752834	0.546927444707001	-5.19443941522578
ENSMUSG00000050697	0.0548742113795573	7.54196741096649	1.82827828208154	0.0675803337272252	0.348038500348831	-5.19536855556287
ENSMUSG00000020522	0.0416834189369739	6.95335921328247	1.24169286772841	0.214420846246659	0.562989217483851	-5.19557659392284
ENSMUSG00000017639	0.0219103673494896	7.25139859107712	1.45564007048248	0.145568617185025	0.484850245754777	-5.19560048247652
ENSMUSG00000000861	0.0841170064220664	6.88482422135105	1.2343060740308	0.217159530910197	0.565797161733152	-5.19588211110034
ENSMUSG00000021477	-0.0224646309252075	6.85926669656041	-1.23329915825398	0.217534789843827	0.56598285947085	-5.19649500537243
ENSMUSG00000037997	0.0529905359709852	7.37069743368686	1.54331207492968	0.122832159532364	0.449342195008573	-5.19660384251334
ENSMUSG00000072494	0.0393455773330587	7.45283093135987	1.65770717492314	0.0974529972840129	0.406733104501065	-5.19663420066844
ENSMUSG00000034032	0.0252036870385997	7.26386242314248	1.46390853484575	0.143295513345199	0.480772227155212	-5.1968400340883
ENSMUSG00000028646	0.040929298146489	6.87167906781187	1.23433154394379	0.217150044787667	0.565797161733152	-5.19699084859075
ENSMUSG00000029233	0.0602177799372372	7.23849142563785	1.44825807875091	0.147621262885916	0.487582966516288	-5.19799342318151
ENSMUSG00000026739	0.0323267789137489	7.42345527001873	1.66366238911689	0.0962562494489094	0.405292618021215	-5.19875176945232
ENSMUSG00000038909	0.0327803124292005	7.16453305119362	1.29387015111934	0.195783070875423	0.542716596795949	-5.19883785212334
ENSMUSG00000068457	0.0287296818331919	7.445900466942	1.71921807032208	0.0856500617192945	0.384569425911303	-5.19905143164103
ENSMUSG00000030337	0.053493641995213	6.62864801789589	1.27670382781066	0.201779048976879	0.548458098163871	-5.19910226795798
ENSMUSG00000048583	-0.0477215896047678	6.66024130876971	-1.25325031965351	0.210186002188549	0.557344380534392	-5.19940250846831
ENSMUSG00000021096	0.0608911433962636	6.87421099968805	1.2340424206618	0.217257744610437	0.565797161733152	-5.20009435961798
ENSMUSG00000053199	0.0335051115229907	6.99906009827773	1.23931203471558	0.215300815700189	0.563849422303101	-5.20021422194273
ENSMUSG00000029462	0.0588536978878995	6.86383690993018	1.23406493423778	0.217249356814742	0.565797161733152	-5.20048198862908
ENSMUSG00000027834	0.0686854565377777	7.15945542437995	1.30077678696139	0.193407886225037	0.539219436857713	-5.20070152807006
ENSMUSG00000020075	0.0532434735672114	7.45083307107556	1.67384145374118	0.0942379504551099	0.401885458356493	-5.20087899595585
ENSMUSG00000030203	-0.06106038950215	7.00211347697754	-1.23571475291517	0.216635324296668	0.565596327135418	-5.20116470642986
ENSMUSG00000031434	-0.0616291819550012	7.0470702327775	-1.26077263096292	0.207462433001694	0.554173200514965	-5.20150996877484
ENSMUSG00000001380	0.080844835215828	6.90248597433428	1.228710539894	0.219250789785624	0.568810219654323	-5.20209550574484
ENSMUSG00000028391	0.0411295849601583	7.40378531213512	1.64332786721998	0.100391701744071	0.412207962521536	-5.20221771844159
ENSMUSG00000029775	0.0242224109647102	7.43370771641766	1.67713965512346	0.0935913136748568	0.400746542150946	-5.20231815493889
ENSMUSG00000040943	0.0314544641294807	7.54138811767601	1.92503184992431	0.0542943963727963	0.320689819008223	-5.20262973617413
ENSMUSG00000000838	0.0271982107681543	7.48183101600965	1.76249503286153	0.0780601051858819	0.370091226898004	-5.20301737485348
ENSMUSG00000024491	0.0550231194445905	7.00041453195813	1.23149708894905	0.218207551847547	0.566754403821657	-5.20315734657171
ENSMUSG00000017485	0.0381825838591734	7.24200938305847	1.38107048452473	0.167332468562194	0.509711424520837	-5.20319129226655
ENSMUSG00000000876	-0.0504908903751859	7.22807217753647	-1.39248854043523	0.163849931775014	0.506673480761681	-5.20322186091424
ENSMUSG00000021552	-0.0496265035675112	7.19317396822824	-1.33505214890254	0.181933313676937	0.524039062424454	-5.20342573065953
ENSMUSG00000026349	0.0264364788034026	7.47692718881588	1.89640273480947	0.0579769590709432	0.32902955675339	-5.20343745336304
ENSMUSG00000097311	0.0252904004762193	7.58718455820724	1.97957282849762	0.0478182471133154	0.303662667148632	-5.20359396887496
ENSMUSG00000047921	0.0337137196731305	7.07004393404289	1.25513378409922	0.209501647579388	0.556151867825951	-5.20435570291832
ENSMUSG00000024118	0.0338370158919101	7.10745603579947	1.27225630742429	0.203354132169422	0.550323108779768	-5.20492235216564
ENSMUSG00000029073	-0.0831506412866139	7.00268738262927	-1.24053086334338	0.214850005054563	0.563220335042683	-5.20538275480114
ENSMUSG00000030752	0.0479954733967984	7.35040398355429	1.47876238959596	0.139280560737511	0.474805677590665	-5.20562382740039
ENSMUSG00000018171	0.048650391245733	6.48192507094125	1.30368371892644	0.192414550949575	0.538554186988921	-5.2058275121727
ENSMUSG00000046605	0.0275508901908967	7.46955191195841	1.73840169860708	0.082215039162663	0.377598746940171	-5.20584503008699
ENSMUSG00000050621	-0.0398855231813293	7.12291743470727	-1.32134689754237	0.186459367586835	0.530425447834148	-5.20677188217929
ENSMUSG00000030970	-0.0538699964869087	7.1301465804436	-1.33424555144409	0.182197407645996	0.524576864061247	-5.20693661803254
ENSMUSG00000026458	0.0622265134919306	7.184306739054	1.32645331023575	0.184763382820883	0.528143779531465	-5.20768128293446
ENSMUSG00000094840	0.0390796941886107	7.29752380310074	1.50021665301875	0.133635197832669	0.466470514200456	-5.20784182138667
ENSMUSG00000096014	0.0449411162102997	7.17662987246618	1.29772667217548	0.194454194071445	0.54046432132413	-5.20825028938464
ENSMUSG00000045761	0.0355255869921169	7.35229217340718	1.58800690352077	0.11236179533106	0.434141128839703	-5.20940949022567
ENSMUSG00000083563	-0.0217559638895617	7.51759224436152	-1.85142913361527	0.0641796142126396	0.340411718327469	-5.20952714968367
ENSMUSG00000013076	0.050655645770985	7.25009255192602	1.379840948346	0.167710773328474	0.509711424520837	-5.20977455321774
ENSMUSG00000039640	-0.0417298824376395	6.46838702347799	-1.30613756482941	0.191578965155129	0.537547104630222	-5.20989193610127
ENSMUSG00000049686	0.0472869404945335	7.03631449411182	1.23684712095551	0.216214601185639	0.564824193232158	-5.2102404003103
ENSMUSG00000018654	0.0525620785005572	6.90225691483298	1.22177325731286	0.221863542720463	0.572521110050256	-5.21045036488029
ENSMUSG00000061119	0.0598208393097375	7.13718889220305	1.28018278951677	0.200553195997476	0.547180624936374	-5.2108228693175
ENSMUSG00000056665	0.0380007812994156	6.60407646917675	1.26377743422506	0.206381687082511	0.552900060333954	-5.21108748435901
ENSMUSG00000055320	-0.0482636547832458	7.23623794931473	-1.47203568112081	0.141087904359575	0.477143878101051	-5.21137234712326
ENSMUSG00000065817	0.0565732903566145	7.32142894873804	1.39093464273634	0.16432063673906	0.507173080992728	-5.21227773879065
ENSMUSG00000025892	0.0352506608295258	7.25720686754864	1.42089094027597	0.155424424350785	0.49683246989708	-5.21245211396587
ENSMUSG00000020541	-0.0447265981160045	7.3741087950396	-1.63991135907726	0.101100222503407	0.413105096744036	-5.21265831485469
ENSMUSG00000018932	0.0461111246961377	7.26779792460819	1.49375666084446	0.135316092738771	0.468611899195978	-5.21267092281504
ENSMUSG00000024924	0.0297503266392818	7.44015618519831	1.68493220442095	0.0920776673005604	0.397829513467494	-5.21297717698662
ENSMUSG00000001128	-0.0508970190276221	6.79363727922161	-1.21879625759767	0.222991569768408	0.57379383240085	-5.21320065402767
ENSMUSG00000033161	0.0541115822445084	6.64148809755769	1.25722512323284	0.208743654880976	0.555366262338359	-5.21322222551433
ENSMUSG00000013707	-0.0286747111765511	6.88396044562872	-1.21809071689127	0.223259509843552	0.57383047547826	-5.213400300225
ENSMUSG00000045237	0.0355023635245448	6.79260168542408	1.22793943977736	0.219540108730594	0.56934292160853	-5.21344968101106
ENSMUSG00000037579	0.0457657698116929	6.93203883723903	1.2310607625897	0.218370669161569	0.567069437366893	-5.21353788465429
ENSMUSG00000037679	0.0431350892504927	6.5797168806932	1.26105037208701	0.207362365137596	0.554173200514965	-5.21380207093753
ENSMUSG00000032216	0.0213187389271798	7.29723461455594	1.44993391269516	0.147153347624197	0.486769403803665	-5.21419724824847
ENSMUSG00000021760	-0.0434780861280144	6.97467145670866	-1.22353576693632	0.221197633212985	0.571345531496403	-5.21460641454457
ENSMUSG00000034285	0.0547878806428823	6.92697845162621	1.21784334221658	0.223353508766282	0.573853869974086	-5.21482443621783
ENSMUSG00000028149	0.071342532557475	6.78689006139768	1.2308124101408	0.218463552981958	0.56720200140356	-5.21523570484866
ENSMUSG00000035399	0.0519973868974919	6.82972216262218	1.227642949295	0.219651425735943	0.569522667838576	-5.21576267082388
ENSMUSG00000038604	0.0193596173122756	7.33903421090724	1.56563603722187	0.117510930887328	0.441746798477718	-5.21608343783933
ENSMUSG00000071112	0.0582850532489729	6.87527894698669	1.21589129594192	0.224096252761972	0.574606678362211	-5.2161732173086
ENSMUSG00000031592	0.0384248795877244	7.36889058850551	1.55310243526688	0.120475755766724	0.446339942618978	-5.21618188162348
ENSMUSG00000051495	0.0375933163867277	6.65906200062731	1.25376034388576	0.21000052588117	0.55696148863398	-5.216466937646
ENSMUSG00000037818	0.0311000358617184	7.48163456525624	1.72792611941492	0.0840766806315492	0.381773553022205	-5.21660060876634
ENSMUSG00000047766	0.0658200330682002	7.11830177575305	1.23381066035428	0.217344104195324	0.565797161733152	-5.21662185520057
ENSMUSG00000026632	-0.0403726094427919	7.34384875514219	-1.52511431197327	0.127307626545882	0.457335858429262	-5.21732443110597
ENSMUSG00000079480	0.0211875059001159	7.0659320789196	1.24934971047834	0.211608427764805	0.559795825139684	-5.21762133942681
ENSMUSG00000027439	-0.0477271418005136	6.85673426737738	-1.21512688545526	0.224387587961408	0.574637546291267	-5.217716463469
ENSMUSG00000000346	-0.0414636639047998	6.88010073546528	-1.2144545715456	0.224644046686018	0.575079814158913	-5.2178680481806
ENSMUSG00000041483	0.0446331744074939	7.26702456385752	1.40466591421109	0.160196310206572	0.502183022839468	-5.21816476447006
ENSMUSG00000102593	-0.0623991313107579	7.12794923410725	-1.26910549799259	0.204475393795065	0.551004815682152	-5.21870953668667
ENSMUSG00000091764	-0.027419158019244	7.36347424769568	-1.5753090820821	0.115262180756063	0.438367385456207	-5.21930830546002
ENSMUSG00000032602	0.0520205576016073	7.03597521005131	1.24069279615498	0.214790161891506	0.563220335042683	-5.21960902034098
ENSMUSG00000001707	0.0402812682321239	6.76974825440474	1.22622060042543	0.220186008500814	0.570244030613634	-5.21966752264963
ENSMUSG00000049659	0.0421825376662488	6.71292654749372	1.23276568148326	0.217733795727687	0.566066117445059	-5.21980382839179
ENSMUSG00000040435	0.0601928215139917	6.92659542667078	1.21207168134102	0.225554703593536	0.575910763010624	-5.22016053671245
ENSMUSG00000029265	0.0329831786143959	7.1622047727687	1.31235575173483	0.189473505076277	0.534331837998433	-5.22039586557561
ENSMUSG00000020224	0.0330872198063359	6.66712564905828	1.24772632527292	0.212202470469661	0.559967649240356	-5.22042684452834
ENSMUSG00000033669	0.0545551026353959	7.31669991476793	1.49507018261627	0.134972996505503	0.468369857640103	-5.22072929720412
ENSMUSG00000070934	0.0741038564385139	6.77526121973816	1.24488584765273	0.213244779477364	0.561283774054377	-5.22105145139022
ENSMUSG00000058569	-0.0462159300242435	6.61800905056165	-1.25877036940737	0.208184868691283	0.554750481469422	-5.22118933035895
ENSMUSG00000039201	-0.0350193371510414	7.15996814941902	-1.34287212403439	0.179387631382116	0.521566694547546	-5.2217597212942
ENSMUSG00000070858	0.0568601085655063	6.83968228533571	1.21149787928638	0.225774383939673	0.576143251920588	-5.22226812051195
ENSMUSG00000090125	0.0389647852812782	6.62076306025504	1.25607526581847	0.20916016704626	0.555819981343237	-5.22235492065515
ENSMUSG00000028454	0.0330638270644199	7.08087644335094	1.27111293988925	0.20376049740223	0.550503484099526	-5.22256935431231
ENSMUSG00000061787	-0.0175401380536719	6.98687144095785	-1.21681210285437	0.223745670458288	0.574426017813572	-5.22273124454889
ENSMUSG00000026035	0.0477036930560102	7.4027685535118	1.52902067847694	0.126336369594496	0.455307947624181	-5.22278478388228
ENSMUSG00000031971	0.0762452902750796	6.89997858170248	1.21010020787488	0.226310122240601	0.576533753727559	-5.22316350377029
ENSMUSG00000036578	-0.0293651118226945	7.21987081129866	-1.35948527001174	0.174067541373444	0.515173046483552	-5.22360639144702
ENSMUSG00000030554	-0.080969834092512	7.03807177345135	-1.2697925972507	0.204230496739014	0.550926596654905	-5.2237386316307
ENSMUSG00000087381	-0.0205668574359308	7.41536129411492	-1.66940038783138	0.0951143093838878	0.403160188182184	-5.22424382960995
ENSMUSG00000040385	0.0254872855518977	6.64926637887452	1.24281597148482	0.214006642431946	0.562524633209058	-5.22425486158406
ENSMUSG00000074876	0.069865071309172	7.15228665302838	1.25429014065257	0.20980798458972	0.556668621343918	-5.22450645492636
ENSMUSG00000006717	-0.0429178852935639	6.8233564325112	-1.21548132464903	0.224252469015864	0.574637546291267	-5.22455553339316
ENSMUSG00000050963	0.043858551093134	7.10620826762799	1.27114071007632	0.203750620575645	0.550503484099526	-5.22520131779874
ENSMUSG00000029545	-0.0453685323528381	7.21166413684729	-1.34275078113011	0.179426929446855	0.521566694547546	-5.22538033904545
ENSMUSG00000055409	0.0491293796205809	7.08032371831687	1.23375171854962	0.217366071298675	0.565797161733152	-5.22547440481277
ENSMUSG00000040495	-0.0456409949677852	6.95448033001337	-1.22156749990121	0.221941375308787	0.572612971729123	-5.22573030694891
ENSMUSG00000031604	-0.0354284936040479	7.2968152402843	-1.44947534577279	0.147281272760668	0.486979230838628	-5.22630898751071
ENSMUSG00000031342	0.0241262726760825	7.22765687653401	1.39469499212223	0.163183303223403	0.505931677361742	-5.22638876058134
ENSMUSG00000005615	-0.0290810619268731	6.85013893366497	-1.20632764002055	0.227760705093957	0.578165070148638	-5.22652504234035
ENSMUSG00000049001	-0.0515663808591267	7.13494765606936	-1.31978253349711	0.186981232979633	0.530822207683782	-5.22735829820618
ENSMUSG00000012535	0.0339833409820196	7.07068377679447	1.24172829324075	0.214407772392303	0.562989217483851	-5.22771761149442
ENSMUSG00000054604	0.0253219354404139	7.37463408860563	1.56610238077093	0.117401732685872	0.441534727255217	-5.22810110753661
ENSMUSG00000075486	0.0432540169920594	6.84276187835927	1.20879371203238	0.226811732199904	0.576944364946773	-5.22848713451885
ENSMUSG00000001785	0.0607312562176388	7.21103962434779	1.23691206253177	0.216190490469001	0.564824193232158	-5.22870390907025
ENSMUSG00000078349	0.0317663082323323	7.40221440643492	1.56625504142846	0.117366003245608	0.441534727255217	-5.22881237235139
ENSMUSG00000034190	0.0390243350424928	6.67101041682377	1.25147599761735	0.210832179231945	0.558511661982555	-5.22887528848977
ENSMUSG00000024446	-0.0364815210358689	6.86041679970777	-1.20422415512328	0.228572384249702	0.578929782982228	-5.22905092167106
ENSMUSG00000045896	0.0504739788146109	7.06449852625581	1.22484868806576	0.220702518975976	0.570719960380751	-5.22907892094859
ENSMUSG00000032067	0.0267652814935975	6.94866538274522	1.20477824588361	0.228358375659727	0.578631671085779	-5.22929970721343
ENSMUSG00000041920	0.0493253829398066	6.97517281799293	1.21618566284003	0.223984134642748	0.574603008039049	-5.22952070118835
ENSMUSG00000072692	-0.0324042369541404	7.08368573793894	-1.25610159920321	0.209150621586646	0.555819981343237	-5.22976689304532
ENSMUSG00000084786	-0.024763754097803	6.68549311549386	-1.23233453151005	0.217894725709127	0.566375899379667	-5.22986410319351
ENSMUSG00000027806	0.0343652368693785	7.27755829744728	1.43273541240389	0.152009615331849	0.493356223523278	-5.23024858119802
ENSMUSG00000036533	0.0669728372460829	6.78950210409963	1.21804226091156	0.223277920209151	0.57383047547826	-5.23034110411871
ENSMUSG00000021062	0.0511918161205092	6.52831219124594	1.25768585835183	0.208576931913374	0.555031608023851	-5.23037790351819
ENSMUSG00000024397	0.0519338170444978	6.8710957992	1.20239660239797	0.229279259522533	0.580064974921908	-5.23079646229554
ENSMUSG00000020448	0.0507204904555616	6.56291732640491	1.27417746701017	0.202672660937056	0.549181380915964	-5.23081263980689
ENSMUSG00000039159	0.0443480426746188	6.57698372662035	1.25777307812234	0.208545381181601	0.555031608023851	-5.23101185854269
ENSMUSG00000028992	0.0779501660890931	6.61930097061159	1.23053948325402	0.218565660388973	0.567358457505972	-5.23149415101681
ENSMUSG00000017764	0.0406120453349148	7.03465169816737	1.2157793317434	0.224138908089536	0.574606678362211	-5.23163407897653
ENSMUSG00000057469	0.0463209386631025	6.85415477126443	1.20155857484026	0.229603918335308	0.580487813167906	-5.23176151072562
ENSMUSG00000102413	-0.0241578358371148	7.27896216446426	-1.46830239968917	0.142098721159657	0.478770989434053	-5.23236868055315
ENSMUSG00000033007	0.0364321006890034	6.4451812958768	1.28913213639366	0.197424792145814	0.544816880096264	-5.23263397835043
ENSMUSG00000032251	0.0280693794951281	6.84257632131506	1.2049653460393	0.22828614350438	0.578631671085779	-5.23272534467485
ENSMUSG00000039128	0.0319010051938857	6.55562946514107	1.26339865005482	0.20651769970903	0.552900060333954	-5.23285061208484
ENSMUSG00000023169	0.0318377655631243	7.04678475991308	1.21517742247053	0.224368318734957	0.574637546291267	-5.23321381706281
ENSMUSG00000005225	0.056483693607043	7.04549991757691	1.27763709440619	0.201449666431206	0.548195564671941	-5.23336517435846
ENSMUSG00000028455	0.0245103080544986	6.98646641538576	1.20485575900566	0.228328448856885	0.578631671085779	-5.23350987566809
ENSMUSG00000039629	0.0506742241043598	7.14638043690305	1.28627677286896	0.19841903003665	0.544915896659015	-5.23362317928428
ENSMUSG00000022338	0.0320188472606295	7.49482528684634	1.75428527278729	0.0794562501238266	0.373403063840153	-5.23382999223263
ENSMUSG00000002222	0.0430221254031817	6.54970305261583	1.24895003922822	0.211754567111589	0.559923453204451	-5.23425088796775
ENSMUSG00000057093	0.0449012246252138	7.23449898066826	1.3596340325282	0.174020441014169	0.515146100277315	-5.2342995542076
ENSMUSG00000015733	0.0235849836623121	7.21908763110283	1.34290506876254	0.179376963020564	0.521566694547546	-5.23432544431706
ENSMUSG00000048355	0.0432675869488355	7.31776300108109	1.37328328780502	0.16973929946633	0.511634799583003	-5.23463877227044
ENSMUSG00000103928	0.0193189367621027	7.41865377587663	1.62280808376084	0.104707227588845	0.419687983521382	-5.23486073354268
ENSMUSG00000097328	-0.0474179865195072	6.56035952144129	-1.24523449247048	0.213116646122991	0.561188382308705	-5.23564296476026
ENSMUSG00000028329	-0.0476920363392788	7.29223627983208	-1.38308510926657	0.166713993955269	0.509093551934398	-5.23602074941022
ENSMUSG00000078515	-0.0230417414949615	7.11936636128426	-1.31846912104668	0.187420214678597	0.531265580307843	-5.23612982298992
ENSMUSG00000062981	-0.0289269937211536	6.71097256178404	-1.22078260848232	0.222238458642147	0.572834414880271	-5.23654438637109
ENSMUSG00000020902	0.0608008574275747	7.05454422910988	1.2353100257152	0.216785840622037	0.565771400799533	-5.23662686953034
ENSMUSG00000095762	0.0630669966936184	7.21993953341097	1.40138789521423	0.161173710893676	0.503720040647098	-5.23687635203946
ENSMUSG00000031360	0.0385811391204127	7.38945109238024	1.58139904655262	0.113863868490047	0.436709003957017	-5.23723732932892
ENSMUSG00000056820	0.059785239266712	6.40095268817448	1.29849385730333	0.194190629485706	0.54029069455514	-5.23751424478785
ENSMUSG00000021282	0.0292573242000653	7.40323972366232	1.58273587150191	0.113558716988879	0.435905870528788	-5.23796463635908
ENSMUSG00000031403	0.0497238048875479	6.57927669745913	1.2483417827038	0.211977115440985	0.559923453204451	-5.23813851243183
ENSMUSG00000023938	0.0502828131341468	7.01047680626056	1.2227026205022	0.221512232893667	0.57194112618022	-5.23836815674226
ENSMUSG00000066113	-0.0320578707191412	7.51299414139808	-1.87017247107254	0.0615309895612221	0.33535997717068	-5.23848324766078
ENSMUSG00000025208	-0.0378086497821641	6.63272901325336	-1.2336494297817	0.217404197233472	0.565797161733152	-5.23903076469926
ENSMUSG00000032038	0.0671594715291093	6.95223258111643	1.19860679508479	0.23075006761636	0.582210650973682	-5.23906167111612
ENSMUSG00000034579	0.0395893026214811	7.20174857682786	1.41309570647318	0.157703405992578	0.499723510481117	-5.23914446251961
ENSMUSG00000058174	0.0719496659048584	7.32287305004326	1.40329556738953	0.160604357270413	0.502719162537052	-5.2392190593405
ENSMUSG00000032763	0.0527986154294373	7.23898162730243	1.36682536810269	0.171754901661527	0.513134845642916	-5.23934269641396
ENSMUSG00000027488	-0.0503656983703022	7.13011627863077	-1.34272549475802	0.179435119487337	0.521566694547546	-5.24027130408952
ENSMUSG00000021610	0.0272099898436897	6.7787447504792	1.2177181023216	0.223401108975764	0.573867418623231	-5.24028141369102
ENSMUSG00000021870	0.0560846752328539	6.66465283168725	1.22198519287812	0.221783393551271	0.572423234298142	-5.2407848135685
ENSMUSG00000035521	0.0336293884279231	7.15372502766517	1.29421219019367	0.195664942937466	0.542500060602487	-5.24143586096565
ENSMUSG00000021238	0.0157421172069769	7.5783370816238	1.94452146465972	0.0519008175531707	0.315933338124468	-5.24182057225135
ENSMUSG00000083844	-0.053219946862372	7.057124455065	-1.27197930528506	0.203452527514119	0.550361007190029	-5.24209329612045
ENSMUSG00000034557	0.0498182332858983	6.94702101721677	1.19283464565655	0.233003082336013	0.584204972944828	-5.24223744793061
ENSMUSG00000022842	0.0743260278210398	7.31913886071251	1.37134144210159	0.170343501150777	0.512643112708996	-5.24233377007055
ENSMUSG00000026966	0.0364510105093565	6.79445729199851	1.19878929230463	0.230679087846498	0.582210650973682	-5.24274199145398
ENSMUSG00000052188	-0.0325336772408198	7.32694198663962	-1.55562884700866	0.119873466218985	0.445502274820192	-5.24282902670066
ENSMUSG00000022453	0.0440664531922126	7.25784668491495	1.38117495238239	0.167300355385227	0.509711424520837	-5.24290209480472
ENSMUSG00000095253	0.0326223071776433	7.45822057702556	1.72758968044507	0.0841370311666095	0.381773553022205	-5.24294801668456
ENSMUSG00000037820	-0.074741018922305	6.63752803645574	-1.22560615379443	0.220417233791604	0.570308560256978	-5.24296956206681
ENSMUSG00000043683	0.0387937882764335	7.04526561921488	1.21503812458504	0.224421434401258	0.574637546291267	-5.24304703732057
ENSMUSG00000038582	0.0508410803401578	6.79846255973085	1.19443034079207	0.232378687229172	0.583775243948253	-5.2430527860861
ENSMUSG00000027935	0.0348566033520115	7.14163131397619	1.24082685896364	0.214740627336771	0.563220335042683	-5.24315311560608
ENSMUSG00000030785	0.07160769412826	6.93905597335482	1.21262828753939	0.225341752606602	0.575906405624941	-5.24350542492596
ENSMUSG00000041577	-0.066574122613722	6.87993096358572	-1.1948683039974	0.232207520285707	0.583769619883853	-5.24440751575761
ENSMUSG00000020121	0.0461409038652514	6.83639685333741	1.1965639806094	0.231545651905461	0.582970463980359	-5.24443272518293
ENSMUSG00000004054	0.0228871982954164	6.91849361345131	1.19074915057179	0.23382092933177	0.584799063950335	-5.24459080471587
ENSMUSG00000099267	-0.0321027210353027	7.28944435037641	-1.39982373490704	0.161641678622104	0.504033550772422	-5.24459890317593
ENSMUSG00000054404	0.0500447216244506	6.67370597315702	1.22342505825897	0.221239418819598	0.571345531496403	-5.24464983111646
ENSMUSG00000051518	0.0381548076934264	6.56295569470443	1.24254654881159	0.214105953591419	0.562567542401638	-5.24474993941193
ENSMUSG00000044024	0.067819681823333	7.12120116115184	1.30681466872087	0.191348867897808	0.537346303015426	-5.24484304492701
ENSMUSG00000069565	-0.0316274942515848	7.18937815404457	-1.33680546091637	0.181360229045136	0.523389098636432	-5.24493063239426
ENSMUSG00000003271	0.0485413138793067	7.26750532720851	1.40004146643176	0.161576475975928	0.504033550772422	-5.24515595446808
ENSMUSG00000031799	-0.0319412425041694	6.92769667119257	-1.19233359467667	0.233199388816744	0.584204972944828	-5.24532619030373
ENSMUSG00000059534	0.0236945312151331	6.87435789490314	1.18839621780475	0.234746095775161	0.585483363966085	-5.24610894205542
ENSMUSG00000042198	0.0407935095132377	7.39237151869785	1.53591424044171	0.12463648582615	0.45242877505514	-5.246340279591
ENSMUSG00000024172	0.052764923441698	6.95543896171009	1.19367975221697	0.232672244229744	0.584204972944828	-5.24652101591273
ENSMUSG00000040263	0.042358765365214	7.17340250715416	1.34560469854256	0.178504355334792	0.520536552574088	-5.24654372719806
ENSMUSG00000031024	-0.0530382164178729	7.14578662048545	-1.37571447039701	0.168985109182219	0.510494676981401	-5.24682164083667
ENSMUSG00000020639	0.0366323069090244	7.26981318415478	1.36133965564341	0.173481096472961	0.514448098420911	-5.24696442236499
ENSMUSG00000029999	-0.0382498452855016	6.85135541330597	-1.18803585302478	0.23488801886603	0.585514204777649	-5.24705587863227
ENSMUSG00000006273	0.0793190161490278	6.8253479803047	1.19511321416887	0.23211184231909	0.583637306780828	-5.24709656746653
ENSMUSG00000031631	0.0440821732898407	7.18077707409035	1.27788196121817	0.201363309337792	0.548195564671941	-5.24715984610009
ENSMUSG00000022280	0.0488875682295982	6.85861092833569	1.18864376649811	0.234648638446519	0.585483363966085	-5.2471924124392
ENSMUSG00000028864	0.0390088790398	7.37131645728764	1.56703296354349	0.117184067179885	0.441534727255217	-5.24722417265697
ENSMUSG00000001794	-0.0403868883449894	6.8311679053566	-1.19454012579199	0.232335772102965	0.583775243948253	-5.24726113017449
ENSMUSG00000032232	-0.065382150685612	6.51003224475062	-1.2527685598714	0.210361308696833	0.557700160991721	-5.24738273023696
ENSMUSG00000030854	0.0377231667806965	6.50994560378924	1.25415678816247	0.209856436148686	0.556688233477575	-5.24740178208145
ENSMUSG00000055296	0.0271730412987949	7.29292812366665	1.45379060507696	0.146080817813425	0.48600255168401	-5.24766087580756
ENSMUSG00000026425	0.0183171039949759	7.3611790396038	1.56383112143995	0.117934318613983	0.442448207644564	-5.24793947995723
ENSMUSG00000013539	0.0564984697335964	6.94403515900697	1.18679246454248	0.235378171328162	0.58602916867061	-5.24830357932315
ENSMUSG00000040451	0.0643943234126541	6.80688255883647	1.18674430275142	0.235397171602017	0.58602916867061	-5.24841033390039
ENSMUSG00000019877	0.0513549336901695	7.19661981104107	1.3025553862724	0.19279967002157	0.538846551719685	-5.24857077265382
ENSMUSG00000020634	0.0301902453464784	7.07192002415239	1.21797867914743	0.223302079113682	0.57383047547826	-5.24887759270808
ENSMUSG00000030161	0.0571205756983906	6.79882875562187	1.21059130129657	0.226121779015167	0.576533753727559	-5.24898793730603
ENSMUSG00000031652	0.0243697589328358	7.35322864720437	1.55920216458767	0.119025628270062	0.443947584067539	-5.24904052365998
ENSMUSG00000021945	0.0314356986890303	7.26179501372729	1.40782980135905	0.159257197435547	0.500545893755187	-5.24922610210847
ENSMUSG00000040363	-0.0397057431906553	6.76774769840292	-1.18819760485287	0.234824308344926	0.585497667741217	-5.24968770052319
ENSMUSG00000041133	0.0664108156206398	6.88740025262698	1.193301532526	0.232820266550393	0.584204972944828	-5.24981178296473
ENSMUSG00000032503	0.0697655689237173	6.60421286021792	1.22668655243553	0.220010780009856	0.570127323274776	-5.25031974126981
ENSMUSG00000078486	0.0640261168414646	7.12983495561466	1.27162307121224	0.203579118202153	0.55044831643489	-5.25048809288728
ENSMUSG00000054499	0.0495595584993067	6.75663072370639	1.18867343888669	0.234636958662051	0.585483363966085	-5.25077855533017
ENSMUSG00000051306	0.0371870414943434	7.44676216922627	1.64118959372282	0.100834675092881	0.413105096744036	-5.25107582633137
ENSMUSG00000046785	0.0287225088942549	7.42172052386208	1.6264176079279	0.103937605873797	0.4186530185493	-5.2513442962125
ENSMUSG00000046593	0.0442417236583292	7.14845356341623	1.26530508327043	0.205833804106901	0.552487343579701	-5.25177062710253
ENSMUSG00000035754	0.0385397842884805	7.06007294088575	1.22528954006885	0.220536448180504	0.570505233418403	-5.25181616749869
ENSMUSG00000027422	-0.0454716759670228	7.07536052634068	-1.24164482516134	0.214438577368343	0.562989217483851	-5.25194576313222
ENSMUSG00000022013	-0.0473877682181572	6.52902651689863	-1.25986963545024	0.207788017117513	0.554173200514965	-5.25263742019617
ENSMUSG00000038990	-0.038163519737056	7.1293664688848	-1.31776473625963	0.187655954472436	0.531822623481875	-5.25267885362306
ENSMUSG00000032481	0.0336760898250397	7.21146584305552	1.33792331038084	0.180995550966102	0.523148160908061	-5.25319983004104
ENSMUSG00000030867	-0.0315307356799224	7.25580095383525	-1.50330478413372	0.132837394584391	0.465014110407345	-5.25320863850873
ENSMUSG00000021171	0.0367172385351324	7.38662077428396	1.60938243367112	0.107609639839766	0.425977079400744	-5.25355642725627
ENSMUSG00000042719	0.0148911217836973	7.39850834866411	1.59011842837913	0.111885120630324	0.433416684948923	-5.25374202990486
ENSMUSG00000042761	0.0472311373748182	7.36950681212702	1.40233897163615	0.160889667370985	0.503337621839188	-5.25379302834531
ENSMUSG00000031613	-0.0178297928098257	7.1750045326759	-1.31493843699737	0.188604047363805	0.533505878188707	-5.25421944298873
ENSMUSG00000024122	0.0498051772671975	6.82987435908878	1.18221404344007	0.237189258494914	0.587300383727668	-5.25440069039202
ENSMUSG00000031119	-0.0542752518971001	7.3117202808285	-1.41241442079437	0.157903780975223	0.499723510481117	-5.25477271503799
ENSMUSG00000002324	0.0403181810681374	7.33796452507497	1.46111754225685	0.144059726362536	0.482143117754446	-5.25484876341886
ENSMUSG00000019899	-0.0293628148883123	7.39723520990232	-1.64806130023937	0.099416624427134	0.409693189660512	-5.2549970058629
ENSMUSG00000034765	0.0619958985399549	6.86136347019186	1.18318901110766	0.236802767178501	0.587049171220719	-5.25508169953388
ENSMUSG00000031714	-0.0612834324678628	7.02605353212612	-1.22611946443309	0.220224055487018	0.570244030613634	-5.25528669833026
ENSMUSG00000086158	-0.0590952969893399	7.15959175764554	-1.2447566915826	0.213292260815694	0.561299781082915	-5.25529929642067
ENSMUSG00000000915	0.039767415527356	7.16428645369313	1.27819479360459	0.201253022149623	0.548129464504738	-5.2554023715265
ENSMUSG00000046876	0.044469262285725	6.70274814657528	1.19975057890225	0.230305464961833	0.581792713611427	-5.2560033489343
ENSMUSG00000027255	-0.0125913246768148	7.26859033734162	-1.42360550423398	0.154636704540497	0.49613257675398	-5.25607564087945
ENSMUSG00000036995	0.0754435534336269	7.01527337529693	1.19258934018607	0.233099175773025	0.584204972944828	-5.25612369012469
ENSMUSG00000048856	0.0509818304457603	7.16574818981875	1.28642947733877	0.198365765793586	0.544915896659015	-5.25629443308845
ENSMUSG00000041319	-0.0282163193007916	6.99672019118702	-1.20490975521781	0.228307603276811	0.578631671085779	-5.25649607776999
ENSMUSG00000017715	0.0468769283710708	6.99355642177363	1.21205750071193	0.225560130812498	0.575910763010624	-5.2565647794094
ENSMUSG00000022329	0.0457352810821696	7.33727738903477	1.44429647028682	0.148731919360919	0.489415397796004	-5.2567911313773
ENSMUSG00000024725	-0.0517387023701259	6.79121179099884	-1.18195059187023	0.237293770997868	0.587300383727668	-5.25699816723892
ENSMUSG00000038860	0.0352665930841489	7.38656170527551	1.60179417702281	0.10927807667989	0.428165420914095	-5.25700298182265
ENSMUSG00000003849	-0.0524381626940782	7.24403994079831	-1.31296503753465	0.189268123934159	0.534331837998433	-5.2573727636629
ENSMUSG00000064138	0.0254468057375714	7.43583695578692	1.62870488128933	0.10345224599545	0.417552023280701	-5.25746524208957
ENSMUSG00000030671	0.0588435175493522	7.41534638992456	1.61263386180632	0.106900949654597	0.424784019758799	-5.25776328561246
ENSMUSG00000065599	0.0670059145527677	7.21408986367238	1.47642908854435	0.139905445387093	0.47544820838256	-5.2582187652804
ENSMUSG00000029499	-0.0612220029407871	7.40661171556993	-1.54959535041091	0.121315759868527	0.446551656999676	-5.25827160077522
ENSMUSG00000024515	0.0442663713828191	6.71251491481089	1.18482227840789	0.236156314625484	0.586454822295855	-5.25844868432026
ENSMUSG00000085584	0.0466978259319593	7.51887788298264	1.84058588775532	0.0657544043245769	0.344207804568577	-5.25850491482982
ENSMUSG00000036918	0.0470236074247135	6.63304063816552	1.1987347739301	0.230700290388061	0.582210650973682	-5.25891709773233
ENSMUSG00000075318	0.0483437386122976	7.26830863128812	1.38041440138978	0.16753425291104	0.509711424520837	-5.25955440202202
ENSMUSG00000020744	-0.0363277022668234	6.662140671613	-1.18948129398325	0.234319125212721	0.585347375856963	-5.25980707917293
ENSMUSG00000024818	-0.0406261378989443	7.25643425333819	-1.44144479711467	0.149535342732809	0.489875120103456	-5.26042957427681
ENSMUSG00000045078	-0.0268810141707219	6.92125008102728	-1.19127866864681	0.233613081185355	0.58470115464483	-5.26055493016622
ENSMUSG00000035530	0.0336564357262903	6.42028464474798	1.26752913494309	0.205038051049317	0.551545947682872	-5.2605553625806
ENSMUSG00000042506	0.0300403935339242	7.4655099894415	1.68804678749411	0.0914782117703008	0.396920769242813	-5.26128043122621
ENSMUSG00000001630	0.0539429690764948	7.10902999402278	1.30509221306557	0.191934602212709	0.538096258707007	-5.26131255661085
ENSMUSG00000032349	-0.0352702582692475	6.85427640310163	-1.17488164787885	0.240110216643043	0.591463357057844	-5.26168518650751
ENSMUSG00000025869	0.0483741721639213	6.33484907495178	1.30325465447723	0.192560931212783	0.538741457982443	-5.26237383130426
ENSMUSG00000045752	-0.0212449196482778	6.71359984027873	-1.19245205292278	0.233152967540257	0.584204972944828	-5.2628761489368
ENSMUSG00000020736	-0.0347189945689985	7.08146373668619	-1.21641608500165	0.223896399718735	0.574557228945899	-5.26371131214956
ENSMUSG00000033335	-0.0182664592865409	7.39057509369501	-1.6500991665179	0.0989991626854343	0.409091937729082	-5.26388725795936
ENSMUSG00000021676	0.0443127692248204	7.25184560362851	1.3832761740526	0.166655427866722	0.509093551934398	-5.2642216826679
ENSMUSG00000039253	-0.0519138235911756	6.70839068620231	-1.18335470222049	0.236737129116664	0.587049171220719	-5.26443106056537
ENSMUSG00000004366	-0.0670382323927399	7.01561210526266	-1.18088637927073	0.23771628054423	0.587809106623868	-5.26446498405961
ENSMUSG00000023266	0.0344533336541675	7.17224168911602	1.26296678869377	0.206672850543767	0.552900060333954	-5.26450425819717
ENSMUSG00000049092	0.0465561584733694	6.96824216139543	1.17231021726734	0.241140562277142	0.592709163044505	-5.26488527002991
ENSMUSG00000029388	-0.062197800397267	6.66873252121695	-1.21573685825254	0.224155090858367	0.574606678362211	-5.26506773867178
ENSMUSG00000001300	0.0580436453886071	6.56545187653726	1.23171195351804	0.218127258547626	0.566738817000987	-5.26512666407115
ENSMUSG00000025857	-0.0587708819981678	7.168697174037	-1.34712371588705	0.178014750911898	0.520380334813176	-5.26526896766932
ENSMUSG00000087014	0.0192285545612858	7.59405959258041	1.96752776732126	0.0491896287019077	0.30806962237965	-5.26588093691683
ENSMUSG00000039202	0.0187445907180894	7.14699390217795	1.26026253752942	0.207646306789718	0.554173200514965	-5.26602747499876
ENSMUSG00000101767	0.0472230204496062	7.38854107523132	1.58620332563457	0.112770218515619	0.434636873429957	-5.26657482337876
ENSMUSG00000074826	-0.0451567597810589	7.25437393260761	-1.47466950464291	0.140378107670075	0.476287883831551	-5.26685085252255
ENSMUSG00000047153	-0.0172053060992923	7.47100028802157	-1.73634535275078	0.0825778159157882	0.378367701313368	-5.26689517299402
ENSMUSG00000022962	0.0242865282415847	7.33301202934175	1.55159590960428	0.120836033560654	0.446551656999676	-5.26696632728218
ENSMUSG00000068735	0.0427976356182382	6.96793720129552	1.17757578867893	0.239034036079093	0.590252833273656	-5.26702726014837
ENSMUSG00000052155	0.0368727235385702	7.31245786507524	1.41521482643479	0.157081377125969	0.499044259317672	-5.26717638010639
ENSMUSG00000023908	0.0243562702756588	7.10664099902111	1.23738633398963	0.21601446745095	0.564627752014649	-5.26758858538856
ENSMUSG00000026879	-0.053472585673914	7.18990116568115	-1.34202340966934	0.179662629906914	0.521627188228214	-5.2679299837735
ENSMUSG00000036391	0.0394079153443654	7.45663912572131	1.72623090787173	0.0843811252245305	0.382110653237871	-5.26814280885737
ENSMUSG00000040123	0.0186133354250151	7.54718420871988	1.89201112248737	0.0585598140130333	0.32990497195403	-5.26828043811363
ENSMUSG00000024137	-0.043445922020938	6.9830021761577	-1.21076623254144	0.226054716749645	0.576533753727559	-5.26839168450573
ENSMUSG00000071660	0.0559344702296789	7.07270395766287	1.18256612578264	0.237049636544866	0.587297004727034	-5.26867435407152
ENSMUSG00000026596	0.0346756367639971	7.17979918327298	1.33739157626408	0.181168951588073	0.523389098636432	-5.26904359027098
ENSMUSG00000073889	0.0603137390783424	6.75135246690815	1.17680922522407	0.239339894493351	0.59033042994889	-5.26905552167725
ENSMUSG00000063511	-0.0380178270119584	7.30447914135685	-1.46002304248321	0.144360267609799	0.482910562115385	-5.26912625623215
ENSMUSG00000030619	0.0504720440091688	6.66872447773526	1.19556940999719	0.231933696970083	0.583405763176325	-5.26974563012729
ENSMUSG00000048170	0.0415588087513141	7.37293814381628	1.60274251112382	0.109068453534652	0.427879077842248	-5.26983390666513
ENSMUSG00000061298	0.0536048194244927	7.26017649850391	1.36770611071283	0.171478959711691	0.513027513569504	-5.2699146513698
ENSMUSG00000034324	0.0359620011127504	7.26663077652949	1.31746541670897	0.187756195426235	0.531896654138901	-5.270368641645
ENSMUSG00000077557	-0.0454762769424075	7.29849321836752	-1.52610066920443	0.127061837493224	0.456833148420457	-5.27078869859476
ENSMUSG00000068522	0.0202588332711056	7.28236982061051	1.42818738282881	0.153314009320641	0.495283299595371	-5.27085997961211
ENSMUSG00000050721	0.0323460600660459	7.28248062799653	1.40389808663933	0.160424848917895	0.502557485373372	-5.27095870554861
ENSMUSG00000045438	0.0517785255292766	7.31769699602582	1.48929487139349	0.136486561727798	0.470262974308892	-5.27133154825479
ENSMUSG00000022394	0.020812043440074	7.07904297154607	1.20017567136405	0.230140381763017	0.581484028315874	-5.27135810144007
ENSMUSG00000030839	0.0397983277681133	7.27001776380231	1.41952013804749	0.155823363707689	0.497441100511642	-5.27159020294712
ENSMUSG00000075576	0.0299560551075961	7.09563093447435	1.24520970380909	0.213125754573501	0.561188382308705	-5.27159750113327
ENSMUSG00000021143	-0.0323150378499788	7.38384355681465	-1.61124005988187	0.107204292173718	0.425333190584741	-5.27163983903789
ENSMUSG00000015087	0.0403552759673875	6.71955198630899	1.1887173828072	0.234619662007108	0.585483363966085	-5.27182476940508
ENSMUSG00000029167	0.0456212771381699	7.26244212714925	1.39089763650309	0.164331859035334	0.507173080992728	-5.27210060137474
ENSMUSG00000002475	0.0372969797986551	6.95950069185826	1.16947992879261	0.242278225499448	0.593456534673601	-5.27219269603714
ENSMUSG00000021796	0.0304803597147405	7.38087157664909	1.56200650570878	0.118363543429756	0.44302560825345	-5.27251121342896
ENSMUSG00000026021	0.0191562362396436	7.12720573446553	1.22086554633805	0.222207053005911	0.572834414880271	-5.27344726887693
ENSMUSG00000009687	-0.0478083291516933	7.09447856308815	-1.24139580067965	0.214530502049442	0.562989217483851	-5.27390511784045
ENSMUSG00000018401	0.0529181801756176	6.68910163140746	1.17752865901119	0.239052832829742	0.590252833273656	-5.27398298075624
ENSMUSG00000022124	0.0271318691035765	7.03353822082107	1.19049661112664	0.233920103094955	0.584799063950335	-5.27412312967362
ENSMUSG00000028495	0.0169894698133941	6.90327700548159	1.16303930433885	0.244881161709779	0.596896468815344	-5.27415695641199
ENSMUSG00000022389	0.0450807863152125	6.70586652386772	1.17437592073103	0.240312610690846	0.591746889892206	-5.27436772958251
ENSMUSG00000029408	0.0452374043600932	6.45793033700853	1.24022947642485	0.21496141625942	0.563286989108081	-5.27508797401624
ENSMUSG00000045576	0.0437049769920606	7.09501273699025	1.17070099320868	0.241786943868958	0.593222472851129	-5.27522121632432
ENSMUSG00000019302	0.0332908345726102	7.21582339801084	1.32918008759446	0.183862432897868	0.526909081637982	-5.27528667154782
ENSMUSG00000001783	0.0406158790816846	6.93609614735205	1.16147647212582	0.245515719048107	0.597542458543518	-5.27542117130703
ENSMUSG00000042271	0.029575280014253	7.49953720576214	1.73904600255916	0.0821016386056619	0.377404367210115	-5.27583786187749
ENSMUSG00000038160	-0.055521756081288	6.45190463891709	-1.23852173297244	0.215593490350273	0.564071119677538	-5.27639993327503
ENSMUSG00000028271	-0.0675727511898652	6.83994949696203	-1.16991683299706	0.242102361334018	0.593397333608113	-5.27642344180366
ENSMUSG00000103382	0.043100982010067	7.50036275781161	1.67401090793724	0.0942046406185548	0.401885458356493	-5.27670575684487
ENSMUSG00000040102	0.0603275696239498	7.13268225923875	1.24718846808596	0.212399553236684	0.560255475249603	-5.27742940174901
ENSMUSG00000084845	0.051595991516348	7.3411342567497	1.50245256016068	0.133057192935973	0.465305499568203	-5.27776170295422
ENSMUSG00000025026	0.0331407923578979	7.38062661511069	1.54734006564198	0.121858353942851	0.447519923618628	-5.27805774069553
ENSMUSG00000053399	0.0247583194361702	7.55808297240964	1.84849011263801	0.0646033462885879	0.341478428452505	-5.27819760076688
ENSMUSG00000087178	0.023084796812455	7.18643256515446	1.27348139376792	0.202919378605333	0.54957669499223	-5.27841792528127
ENSMUSG00000055048	0.0479257339715291	7.33584468387523	1.42550489067312	0.154087341809175	0.496037104758857	-5.27847957528581
ENSMUSG00000043398	-0.0202355218439614	7.27027583708291	-1.39229539034071	0.163908385205836	0.506673480761681	-5.2785566915243
ENSMUSG00000023104	0.0467713041554001	7.37607818070469	1.5944970696228	0.11090173303626	0.431203239605855	-5.2789850589494
ENSMUSG00000028540	0.0261468179103055	6.66323358741611	1.18681271091349	0.235370184270962	0.58602916867061	-5.27955523329028
ENSMUSG00000017221	0.0276307999513898	7.01572077433925	1.17146206072614	0.241481091858819	0.593078069301693	-5.27958004394169
ENSMUSG00000049800	0.0359027504867466	6.97844672029334	1.16680409566464	0.243357272178183	0.594922087304688	-5.27958353602402
ENSMUSG00000031843	0.0297901103437992	6.97228938768492	1.15897187972904	0.246535063947525	0.597686652339563	-5.27961585760045
ENSMUSG00000023953	0.0494919452864773	7.26454238542147	1.33433296009213	0.182168774808235	0.524576864061247	-5.27978198657552
ENSMUSG00000034648	-0.092152437555586	6.78885455417589	-1.16521519027777	0.243999604710839	0.595839316721582	-5.28016985815821
ENSMUSG00000007564	0.0505910196848847	6.8130293182552	1.16473385126963	0.244194426184302	0.596001445581776	-5.28045767591226
ENSMUSG00000026421	-0.0374559279952118	7.07989750515406	-1.22142423735487	0.221995579294496	0.572643847807225	-5.28054694810835
ENSMUSG00000025491	-0.0613027681476668	6.57246169642218	-1.21653096163532	0.223852668783718	0.574557228945899	-5.28075843599989
ENSMUSG00000038388	0.051332674709224	6.63819521797007	1.18592219646759	0.235721667649911	0.586454822295855	-5.2808205635128
ENSMUSG00000085208	0.0424209790797825	6.82294126675138	1.15978726850116	0.246202883416947	0.597686652339563	-5.28113690929389
ENSMUSG00000068151	0.0331336274561123	7.37988068669141	1.62519665977216	0.104197431285976	0.419040306848932	-5.28121608691003
ENSMUSG00000046909	0.046851262891944	7.23761999170412	1.33338082521297	0.182480849774475	0.52516989200644	-5.28153242674513
ENSMUSG00000076271	-0.0435154598866978	7.40470648164956	-1.60454823902532	0.108670188682896	0.427590284221121	-5.281600038781
ENSMUSG00000049086	0.0254074417916694	6.97982703177118	1.15739005103481	0.247180379392936	0.598334508803682	-5.2816624091321
ENSMUSG00000032436	-0.0539830250762749	6.96253888307167	-1.18249961588074	0.237076007292451	0.587297004727034	-5.28180168322843
ENSMUSG00000060780	0.0400057744373505	6.73229348044549	1.18477825585495	0.236173722505928	0.586454822295855	-5.28191749362186
ENSMUSG00000020220	0.0125323659508556	7.4131342764802	1.61229566983567	0.106974490066738	0.424951695377916	-5.28221603359734
ENSMUSG00000020993	0.0237217738136053	6.9998977881162	1.15785395018828	0.24699100675021	0.598283875539617	-5.28247444262786
ENSMUSG00000064844	0.0435797037892218	7.39403773616669	1.54073881078959	0.123457447333663	0.450034752327388	-5.28312209034574
ENSMUSG00000032557	-0.0266566023448656	6.94191381413085	-1.15984519690394	0.246179295960476	0.597686652339563	-5.28342492068189
ENSMUSG00000022992	0.0391130856608255	7.06941217907728	1.23917759563188	0.215350582677112	0.563870838149146	-5.28358427914228
ENSMUSG00000001138	-0.025011321706776	7.47363702582581	-1.80123710310012	0.071738877257628	0.35745789381451	-5.28362446422166
ENSMUSG00000001473	0.050026509683061	7.0245298791798	1.17100456861396	0.241664912621781	0.593180077584798	-5.28375201410629
ENSMUSG00000019210	0.0579569610630424	6.69176489244016	1.18928871567113	0.234394863352016	0.585361126787002	-5.28377490261221
ENSMUSG00000061536	0.0334967423235506	6.6462538178563	1.19047799429121	0.23392741521856	0.584799063950335	-5.28409635573552
ENSMUSG00000018547	0.0223421318728567	7.21672367977474	1.31237912641051	0.189465622792659	0.534331837998433	-5.28425860568343
ENSMUSG00000024782	-0.0472524387436462	6.92224061607379	-1.17351920636468	0.240655745599665	0.591984826668043	-5.28500234586424
ENSMUSG00000028307	-0.0293605680371121	7.42452780428458	-1.59041642518063	0.111817976825266	0.433398550542298	-5.28519318769468
ENSMUSG00000060216	-0.0228851732993611	7.11460685387944	-1.2209070198593	0.222191349640921	0.572834414880271	-5.28524276937211
ENSMUSG00000005609	0.0512548873507246	6.72819150742579	1.18373346807427	0.236587130429796	0.587049171220719	-5.28532870452385
ENSMUSG00000049796	0.0531598031202147	6.80175164674381	1.16404139852986	0.244474887352838	0.596471211576351	-5.28560698337198
ENSMUSG00000006998	0.0557381917356858	6.98088948324659	1.15891728432654	0.246557316738061	0.597686652339563	-5.28587922002891
ENSMUSG00000037747	0.0542901583509208	6.7455217254817	1.1919660284909	0.233343471952231	0.584323785430801	-5.28685572098658
ENSMUSG00000070953	0.0513102298963384	6.7691717167574	1.15891052650142	0.24656007128892	0.597686652339563	-5.28687433311215
ENSMUSG00000027327	0.0565720070519378	6.5423478700333	1.2194115604452	0.222758086911444	0.573519586468926	-5.28699768012265
ENSMUSG00000002111	-0.0603581290753894	7.1968911151253	-1.32782750179898	0.184308930844835	0.527631014441359	-5.28714280951958
ENSMUSG00000006403	-0.0398176747876891	7.21713772747157	-1.32166022834601	0.186354971265071	0.530425447834148	-5.28751443743261
ENSMUSG00000086248	0.0452027704596913	7.35281971679823	1.50608638425708	0.132121944555628	0.463874421719414	-5.28784302072704
ENSMUSG00000026430	-0.0318283438732738	6.96033097516973	-1.15715360256314	0.247276941376489	0.598354590609037	-5.28787884750209
ENSMUSG00000035198	-0.0505111215237539	6.68277865288154	-1.17679516716843	0.23934550622725	0.59033042994889	-5.28790540037488
ENSMUSG00000097055	0.0451486492649522	7.39101466357217	1.50809280170971	0.131607734434553	0.46344604656308	-5.28822204379561
ENSMUSG00000046056	0.0256362143834847	7.48310546274044	1.69258541921721	0.0906102957285935	0.395270918082526	-5.2884646025669
ENSMUSG00000040640	0.0693462507857747	6.69953118126501	1.18324476805299	0.236780677787127	0.587049171220719	-5.2885068033348
ENSMUSG00000010803	0.0487930060246526	6.7106900191777	1.18513340860654	0.236033309993008	0.586454822295855	-5.28860010082249
ENSMUSG00000035851	0.0370468977658307	6.92003292143834	1.14857493959506	0.250798221186312	0.60278714462755	-5.28914286028129
ENSMUSG00000060512	-0.0936682176648622	7.12164675217009	-1.20240698252501	0.229275240225481	0.580064974921908	-5.28938072183762
ENSMUSG00000067786	-0.0420489485709794	7.28566940897356	-1.37067625103049	0.170550844407795	0.512825093919025	-5.29053866213679
ENSMUSG00000038013	-0.0160306750287491	7.05719845101077	-1.20764804944876	0.227252244918281	0.577631409186736	-5.29058632195499
ENSMUSG00000009614	-0.0325007290895538	7.20875331927278	-1.34045835577462	0.18017055692538	0.522513884661882	-5.29075218420668
ENSMUSG00000016541	0.0590278322041033	6.90901384019844	1.15034632680507	0.250068267163278	0.601886306799169	-5.29080633816708
ENSMUSG00000027002	0.0528685839472303	6.8039951993188	1.15164221247665	0.249535199138464	0.601564407880387	-5.29137805661798
ENSMUSG00000064329	0.0342867062861174	7.02413123850577	1.16892793958646	0.242500542573353	0.593456534673601	-5.29139102323482
ENSMUSG00000020359	0.0152222498945278	7.34640199682817	1.55079224040091	0.121028571548572	0.446551656999676	-5.29150965609696
ENSMUSG00000022321	0.0591473591745428	6.63859359786882	1.20213343823568	0.229381176278859	0.580214549997905	-5.29184845680766
ENSMUSG00000061718	0.0541170154019737	6.79357925389418	1.15350703479924	0.248769491528724	0.600893776259832	-5.29208937690874
ENSMUSG00000038323	0.0201994435159571	7.33846807629504	1.45360662447634	0.146131845725662	0.48600255168401	-5.29248086631792
ENSMUSG00000040146	0.062189245016528	6.88292313834193	1.14550972678067	0.252064847576794	0.604331600963072	-5.29281779662725
ENSMUSG00000035329	0.0599959384837119	6.94619745858515	1.14633738619389	0.25172239809162	0.60372408868321	-5.292818419292
ENSMUSG00000022546	-0.0655822716497507	6.92502020211346	-1.17301817084707	0.240856582425399	0.592191756819567	-5.29316824562283
ENSMUSG00000037905	0.0521648093916953	7.23127795999811	1.29553778472894	0.195207624247185	0.541862877396402	-5.29342345017151
ENSMUSG00000024696	0.0591216672656412	7.19396018348241	1.27053538825102	0.20396599014276	0.550659678791499	-5.29421608520648
ENSMUSG00000074466	-0.0607915622189701	6.96665139721792	-1.17356382640591	0.240637865671091	0.591984826668043	-5.29425241949798
ENSMUSG00000022790	0.0520946550031107	6.79422265885804	1.15174460564239	0.249493113167806	0.601564407880387	-5.29428069286318
ENSMUSG00000049090	0.0411494906974745	7.09849101856954	1.21863215332505	0.223053870368583	0.57383047547826	-5.29437579081043
ENSMUSG00000035126	-0.039069355647591	7.19412852291686	-1.32829515779862	0.184154463625909	0.527411537355318	-5.29460085775883
ENSMUSG00000042401	0.0575748011468562	6.70806363574628	1.17004961984266	0.242048929327909	0.593397333608113	-5.29473427278084
ENSMUSG00000066042	-0.056083900014257	7.09230565789038	-1.2070307194587	0.227489864053813	0.577831096959537	-5.29481535174302
ENSMUSG00000033793	0.0616636772738408	6.53194802598177	1.2119949093145	0.225584086944482	0.575910763010624	-5.29560855446091
ENSMUSG00000026112	0.031374954918002	7.08934655401373	1.2101089210282	0.226306779613002	0.576533753727559	-5.29611602736127
ENSMUSG00000017491	0.0525995721994601	6.70711579393517	1.16590032129478	0.243722487011723	0.595492787692366	-5.29636124388712
ENSMUSG00000003420	-0.0399428677211011	6.95836356573874	-1.15260408202933	0.249140044036398	0.601308280932274	-5.29706955721866
ENSMUSG00000035370	0.0389100571854675	7.36711433854616	1.47995349600808	0.13896239868352	0.474181355065932	-5.29714010305045
ENSMUSG00000006906	0.058181931623877	6.90183592797346	1.14487045119062	0.252329574345103	0.60475240745464	-5.29714338755738
ENSMUSG00000021189	0.0347198919188241	7.36293558000913	1.58568788027053	0.112887156787632	0.434636873429957	-5.29775375747833
ENSMUSG00000021963	0.0460602146388727	6.66801393938961	1.18728424311447	0.235184222264111	0.58602916867061	-5.29782320886089
ENSMUSG00000091994	0.0476125913851488	7.33018914792509	1.40008012639704	0.161564900804269	0.504033550772422	-5.29790998709704
ENSMUSG00000037958	0.0718862410353101	6.72054802641732	1.18274384586947	0.23697918184973	0.587297004727034	-5.29800268635185
ENSMUSG00000034612	0.04802239132907	7.12207539581397	1.1944218977165	0.232381987873486	0.583775243948253	-5.29806419968586
ENSMUSG00000034220	0.0525164347521887	7.21665677896827	1.35472857550876	0.175578605570623	0.516824736067414	-5.29817154181646
ENSMUSG00000024270	0.0249013608828177	7.16558215080376	1.23476799577228	0.216987537147556	0.565797161733152	-5.29833293748285
ENSMUSG00000024186	0.0580006121484713	7.17073676769506	1.25653849301842	0.208992300151839	0.555819981343237	-5.29939053593918
ENSMUSG00000019831	0.0772584136846115	6.88350217705153	1.13983826676852	0.254420193477532	0.606973250601509	-5.29952425899251
ENSMUSG00000028799	-0.0394811182171217	7.34679093937524	-1.4868014943666	0.137144049739654	0.471058496702375	-5.29955970708337
ENSMUSG00000026245	0.0476815829204424	6.80992551989425	1.14963065137396	0.250363004087489	0.602274948441834	-5.29965091198689
ENSMUSG00000057604	0.0814310411241959	7.00806829108128	1.19621579141785	0.23168145008117	0.583095804752275	-5.29983093688387
ENSMUSG00000038079	0.0409927553927849	6.84381830997322	1.14891953144838	0.250656105183771	0.602659243497351	-5.29997558773586
ENSMUSG00000037257	-0.0433207770308739	7.02540921079672	-1.19597027931143	0.231777236903489	0.583136368896484	-5.30021159643625
ENSMUSG00000028233	0.0357044209416033	7.09271865162378	1.17343363924224	0.240690036264978	0.591984826668043	-5.30042752791455
ENSMUSG00000027698	0.0773335400959256	6.91729499318463	1.13935303207636	0.254622419467097	0.607028444370477	-5.30142611607369
ENSMUSG00000093085	-0.0392669244946733	7.18281317898358	-1.23287353697354	0.21769355122233	0.566066117445059	-5.3021080911358
ENSMUSG00000036430	0.0381587827949401	6.97729982152933	1.15254853938331	0.249162850145856	0.601308280932274	-5.30221363683857
ENSMUSG00000023990	-0.0785974027487057	6.95037244865918	-1.20717609175883	0.227433892237207	0.577831096959537	-5.30245041047993
ENSMUSG00000035242	0.051329789493086	6.59519266272124	1.17911455022638	0.238420903871887	0.589014324835104	-5.30261500941977
ENSMUSG00000097788	0.0462068702282137	7.35313874035998	1.43838478076369	0.150401144208602	0.491358726067524	-5.30290202676075
ENSMUSG00000030019	0.0401672065312901	6.63938368836381	1.18682553869769	0.235365123895674	0.58602916867061	-5.30292857488484
ENSMUSG00000084842	0.0228345389207698	7.30557705934842	1.38493044659054	0.166148999111808	0.508843038165326	-5.30381791255666
ENSMUSG00000024592	0.0262705941078778	7.09506068458143	1.19727838449742	0.231267202447804	0.582702235790249	-5.30400682845714
ENSMUSG00000007815	-0.0407288273895849	6.69900024878201	-1.16500176117967	0.244085976441433	0.5958440166714	-5.30413843768313
ENSMUSG00000001289	0.0120198590220779	7.03514471183225	1.15748323401414	0.247142332129628	0.598334508803682	-5.30428475683952
ENSMUSG00000043858	-0.0556551425411298	6.55888271766386	-1.15964367565044	0.246261358806278	0.597686652339563	-5.30464528063503
ENSMUSG00000064267	0.0781055902620551	7.34034549695472	1.42569853767731	0.154031416415972	0.496037104758857	-5.30471340376714
ENSMUSG00000039357	0.0345853217394083	7.04874801871771	1.18263495434161	0.23702234864824	0.587297004727034	-5.30507629675984
ENSMUSG00000063362	0.0366711843430876	7.05388035686089	1.17173285857131	0.241372331428063	0.592956345262126	-5.30536404144476
ENSMUSG00000097971	0.0223355985173379	6.65790998814848	1.17182257579927	0.241336305942443	0.592956345262126	-5.30538888078694
ENSMUSG00000028859	0.0686341543442639	7.01251008153939	1.14966292179833	0.250349708922491	0.602274948441834	-5.30550223622943
ENSMUSG00000022364	-0.0392786733067361	7.11981109022822	-1.26327376414973	0.206562557614968	0.552900060333954	-5.30552086076612
ENSMUSG00000075000	0.0432242454772416	6.62321780360528	1.1803232535996	0.237940065427298	0.588147932007895	-5.30588045654132
ENSMUSG00000071014	-0.0384578347775353	6.73812882666504	-1.15331686802405	0.24884749984005	0.600935198493888	-5.30612299890496
ENSMUSG00000058099	0.0400659036173021	6.86398093816435	1.13963554536008	0.254504665876801	0.607024703062318	-5.30642941986996
ENSMUSG00000029603	-0.0331863042497851	7.28572141003465	-1.45127956343802	0.146778445793637	0.486240925736446	-5.30663426836631
ENSMUSG00000021752	-0.0671199016610924	6.9354527073416	-1.15106233537577	0.249773635741872	0.601886306799169	-5.30748329426402
ENSMUSG00000044573	0.027728662796731	7.12721173380597	1.18366219939516	0.236615349085493	0.587049171220719	-5.30763848057701
ENSMUSG00000055240	-0.0312427386303931	7.39345791647044	-1.59461317377188	0.110875750716177	0.431203239605855	-5.3077147838358
ENSMUSG00000032612	0.0432478662258378	6.93863908052654	1.15036603216619	0.250060155326897	0.601886306799169	-5.30796317062961
ENSMUSG00000009291	0.056121137606258	7.03404827368934	1.17466779084686	0.240195788421505	0.591566666561083	-5.30833801350242
ENSMUSG00000039693	-0.0757768996057946	6.56434734196845	-1.19041267500303	0.233953071918998	0.584799063950335	-5.30872347573821
ENSMUSG00000015659	-0.0120519363020124	7.45950465435299	-1.71972630741431	0.08555758326971	0.384357095417736	-5.30897101054172
ENSMUSG00000080370	-0.0396898527491274	7.4047665344757	-1.57813301315523	0.114612109273874	0.438081538202041	-5.30901798978913
ENSMUSG00000023348	-0.0313028323562037	7.15306025341389	-1.29864284992453	0.194139473862722	0.540259233709109	-5.309152860679
ENSMUSG00000030465	0.0300765926836615	7.29473891952602	1.44420354002521	0.148758049226202	0.489415397796004	-5.30929543437978
ENSMUSG00000089265	0.069966784960072	7.20183439007014	1.28371595643884	0.19931381767803	0.545808269052461	-5.30948505952817
ENSMUSG00000027562	-0.0641517247389594	6.86426274585625	-1.13188209034128	0.257750126204405	0.610833108036937	-5.30971534430589
ENSMUSG00000021905	0.0304293047505002	7.07024587336344	1.15140597115424	0.249632318745828	0.601691551565499	-5.3100927456664
ENSMUSG00000019891	0.0422678355082668	6.95295892840212	1.13224426343901	0.257597890436611	0.610806450144095	-5.31015367800502
ENSMUSG00000087408	0.0166518311042152	7.20497369475793	1.27789463724566	0.201358839623019	0.548195564671941	-5.31063658089558
ENSMUSG00000040511	0.0357522565340851	7.3220980704776	1.41745405597031	0.156426115771372	0.497958691125216	-5.31184078408673
ENSMUSG00000042901	0.0328108863744774	7.39341180829279	1.50047340555079	0.13356872607022	0.466372595431379	-5.31195540895586
ENSMUSG00000021987	0.034579380312846	7.10332594575917	1.17337164968474	0.240714880470639	0.591984826668043	-5.31204598279509
ENSMUSG00000028322	0.0334331917618975	6.67713364539815	1.17580604045312	0.239740581660209	0.590982328390747	-5.31254212636254
ENSMUSG00000027509	0.031240312566279	7.34683394024735	1.40876840290089	0.15897940238601	0.500507820131672	-5.31258070443924
ENSMUSG00000025508	-0.0174285035810122	6.83354464092181	-1.12981265449469	0.258621189852598	0.611721230289868	-5.31261218641939
ENSMUSG00000022684	0.0465890745222106	6.46257410778401	1.21069930195114	0.226080373821998	0.576533753727559	-5.31325209997201
ENSMUSG00000024360	0.039781404583052	7.01261284927138	1.13230067211308	0.2575741852431	0.610806450144095	-5.31329947419787
ENSMUSG00000007041	-0.0420060633503789	6.85065262741194	-1.12612205383344	0.260179692570188	0.613267780227158	-5.31357402523297
ENSMUSG00000044788	0.0289388832315973	7.15105980160616	1.19662020135543	0.231523730409251	0.582970463980359	-5.31369841740811
ENSMUSG00000031561	0.023371600676402	7.39666342944785	1.5559708437356	0.119792116752464	0.445458452805787	-5.31375510434877
ENSMUSG00000048796	0.0500198262044584	6.89984258555073	1.13102121319735	0.258112237647074	0.611157128539824	-5.31386123636904
ENSMUSG00000026072	-0.0571403414575791	6.57335311391505	-1.17294385896468	0.24088637991296	0.592191756819567	-5.31388998035923
ENSMUSG00000083929	0.0679302927073788	7.42158884656705	1.57555601131852	0.115205221939245	0.438367385456207	-5.31389391903425
ENSMUSG00000018585	0.0473496392583259	6.87220221926592	1.12520815308169	0.260566625826829	0.613859654728089	-5.31406494772475
ENSMUSG00000022111	0.0391540502961538	6.64080904359626	1.17528731794213	0.239947952733104	0.591171059995535	-5.31484499817754
ENSMUSG00000000561	0.0386467729751425	7.32989256550963	1.43277444846111	0.151998456327491	0.493356223523278	-5.31499601223809
ENSMUSG00000028430	0.0252898802476818	7.13872715445737	1.21801118390056	0.223289728181008	0.57383047547826	-5.31526094080602
ENSMUSG00000032320	0.017986868194364	7.02270914073838	1.14116532761784	0.253867699746343	0.606255728571076	-5.31530716112307
ENSMUSG00000097246	0.0170824837286627	7.26042090327757	1.31107856846363	0.189904557586546	0.534952418815374	-5.31567886847375
ENSMUSG00000097974	0.0362558793533045	7.21630087267854	1.2914406885056	0.196623624512191	0.543601774293697	-5.31593202050964
ENSMUSG00000031536	0.0401019585023263	6.60688258421998	1.16654807561442	0.243460690692808	0.595067612117016	-5.31725497083716
ENSMUSG00000025917	0.034467015223723	7.0200664920463	1.1281418324585	0.259325957154989	0.612284875545909	-5.31731295729494
ENSMUSG00000060803	0.0532736086105308	6.6609480412831	1.16530156516043	0.243964656124466	0.595839316721582	-5.31755215716402
ENSMUSG00000045608	-0.0482669942962461	6.69479284638017	-1.13324978651893	0.25717555621784	0.610538643180087	-5.31762888578814
ENSMUSG00000021194	0.0506804313530997	6.58431111854487	1.19907051017003	0.230569742440668	0.58213492886603	-5.31785885819991
ENSMUSG00000014554	0.0418220430965706	6.76259211593215	1.13416004640623	0.256793648676746	0.610091951317605	-5.31798088931056
ENSMUSG00000022434	-0.0437641327445384	6.70635057508047	-1.14276286565667	0.253203707478021	0.605696580762168	-5.31836086856488
ENSMUSG00000026305	0.0349870755727109	7.1972795730516	1.39683186092126	0.162539649527054	0.505620153655827	-5.31841737685909
ENSMUSG00000024085	0.0435906479173171	6.92015971657285	1.12226820622261	0.26181406015178	0.615621752954879	-5.3185088027007
ENSMUSG00000035258	0.044599268708077	6.99331593736557	1.12736120416465	0.25965568866166	0.612528622964175	-5.31859063720923
ENSMUSG00000087075	0.0493313751141438	7.16395612427325	1.18550189319929	0.235887689078978	0.586454822295855	-5.31908260415381
ENSMUSG00000027244	0.0340143493319838	7.29372875023127	1.38405204193031	0.166417764119436	0.509080254430248	-5.32101741228426
ENSMUSG00000014496	0.0201130021114508	7.5436540194765	1.81883386384489	0.0690096127388836	0.350948269191156	-5.3217661340695
ENSMUSG00000093460	0.0752053961032315	7.13492108494983	1.20700106470952	0.227501283048385	0.577831096959537	-5.32215285634947
ENSMUSG00000044030	0.0242281540643194	6.75122835546751	1.13538884353945	0.256278721023454	0.609583666602805	-5.32215436158662
ENSMUSG00000027305	0.0493705863842466	6.70464557740763	1.1475743411555	0.251211205192984	0.603154587557059	-5.32215658855331
ENSMUSG00000026414	0.0769644922842128	7.24346224477118	1.24940963773409	0.211586521719502	0.559795825139684	-5.32287613294652
ENSMUSG00000028447	0.0435062140554763	6.51048829139146	1.19830621605694	0.230867007518442	0.582210650973682	-5.32317905041302
ENSMUSG00000042156	-0.0521066361983129	7.08999322491947	-1.21336486036331	0.225060169354686	0.575620784023926	-5.32338610376862
ENSMUSG00000047227	0.070145596709553	7.01455217348432	1.12065204459367	0.262501561479544	0.615977915709681	-5.32352111058331
ENSMUSG00000029263	-0.0346841612661306	6.77407493910627	-1.11943501248596	0.263020099071448	0.616542593858374	-5.32405315421496
ENSMUSG00000030990	0.0611954288476522	7.33278708761084	1.4993433136156	0.133861492087005	0.466673723249065	-5.32417328670567
ENSMUSG00000045519	0.0418580083129774	7.12917727698588	1.20839195736068	0.226966139371212	0.577216686946129	-5.32433346846095
ENSMUSG00000049517	-0.0120393769849336	7.08419088469912	-1.16199604058865	0.245304630582368	0.597542458543518	-5.32473235549803
ENSMUSG00000066687	0.0427306278593163	7.25248257625869	1.3431445201527	0.179299436598638	0.521566694547546	-5.32491603719991
ENSMUSG00000044548	-0.0423641312452725	7.26002962569315	-1.34458856471204	0.178832431115746	0.521085343018974	-5.32500634038403
ENSMUSG00000053329	-0.0306770068574629	6.74818465638194	-1.13014226363665	0.258482314815136	0.611499428418009	-5.32508574858835
ENSMUSG00000035049	0.0180819220420334	7.09204074660416	1.18055369526364	0.237848470442418	0.588028731265189	-5.32557741474815
ENSMUSG00000022674	0.0310724457031162	7.25067503821202	1.29761606951944	0.194492212991623	0.54046432132413	-5.32560539889007
ENSMUSG00000047284	0.0174449452686094	7.34781615598762	1.48765315948562	0.136919196680344	0.470915897664156	-5.32574577972447
ENSMUSG00000030424	0.0430454734689221	7.45091745667945	1.56691828196544	0.117210874336556	0.441534727255217	-5.32599723780371
ENSMUSG00000028078	0.0195118198672901	7.4676645552526	1.71735318028953	0.0859900883027424	0.385661137019048	-5.32612261362117
ENSMUSG00000040860	-0.0302847706569143	6.91613177230257	-1.1213876692066	0.262188478566265	0.615647972359096	-5.32630372698412
ENSMUSG00000085566	-0.0186274646969542	7.4790427324291	-1.71635542517621	0.0861724571611999	0.385769650516688	-5.32639191958007
ENSMUSG00000030269	-0.0517050490690689	7.07391874154981	-1.198519466507	0.230784038351393	0.582210650973682	-5.32665274318758
ENSMUSG00000018999	0.065666899985513	7.07436498391367	1.15324913951817	0.248875286881781	0.600935198493888	-5.32785152632865
ENSMUSG00000062661	0.0644618107773987	7.19721176061532	1.35811820156974	0.174500821015096	0.515892309490335	-5.32832176715726
ENSMUSG00000039831	-0.0378087917301491	7.21110776662364	-1.34901528523964	0.177406465589304	0.51996421426223	-5.32840204165321
ENSMUSG00000029447	0.0441591975388622	6.64170604522771	1.15989093151622	0.246160674726668	0.597686652339563	-5.32846739265487
ENSMUSG00000060244	0.0498304270503969	6.88060434389856	1.11191865193605	0.266238246055614	0.620322759928168	-5.32882749643251
ENSMUSG00000053263	-0.0186143083418617	7.47129697430052	-1.78233711538811	0.0747681661095722	0.36268579467391	-5.32983710347347
ENSMUSG00000018844	0.0530500130703784	6.84241093350656	1.10929858972084	0.267366377346866	0.62198924915388	-5.33044677276371
ENSMUSG00000024777	0.0437933129779742	7.05720595476417	1.16978574543899	0.242155117706883	0.593397333608113	-5.33056487165812
ENSMUSG00000088545	0.0453923070905224	7.38284207443678	1.43022126384034	0.152729634975269	0.494320456193531	-5.33145545574856
ENSMUSG00000026568	-0.0372823737674937	6.34910522714538	-1.23411555091651	0.217230499605865	0.565797161733152	-5.33149901312278
ENSMUSG00000079509	0.0421762660215803	7.42128804469121	1.5734079778557	0.115701447977574	0.438926945351247	-5.33164507736954
ENSMUSG00000029307	0.0528389145392421	7.18819180250581	1.41802674012606	0.156258865822279	0.497923472928402	-5.33193145447267
ENSMUSG00000070637	0.0343923114391611	6.6805947897865	1.15075445543318	0.249900295966383	0.601886306799169	-5.33210764905807
ENSMUSG00000026576	0.082213123116353	6.9123702658665	1.11127092885721	0.266516833501293	0.620865159555074	-5.3328405630244
ENSMUSG00000040703	0.0244404516095376	6.43715190688232	1.19803788585622	0.230971436640347	0.582210650973682	-5.33293260376995
ENSMUSG00000074030	0.0551175235464036	6.76715235576499	1.1101422042109	0.267002780365881	0.621662206885313	-5.33323441712574
ENSMUSG00000022262	-0.0575946331340704	7.38135880596146	-1.52938905295916	0.126245077683496	0.455220947668308	-5.33326332299951
ENSMUSG00000064284	0.0486070601404549	7.08731635177222	1.13673736610018	0.25571444857843	0.608882419007087	-5.33342679564665
ENSMUSG00000015702	0.0700236338070939	7.2262872684202	1.28436630380372	0.199086297643869	0.545502749097595	-5.33359276129747
ENSMUSG00000031010	0.0349214176198069	7.25180603966957	1.30624261723413	0.19154325231672	0.537547104630222	-5.33372633923555
ENSMUSG00000038132	0.067246390706563	7.25562875906674	1.27591768588177	0.20205681072342	0.548458098163871	-5.33404725589959
ENSMUSG00000042564	0.0230835649688697	7.10452758228624	1.20421904992951	0.22857435671219	0.578929782982228	-5.33442974522334
ENSMUSG00000039041	0.0358007594424095	6.9163967529743	1.10498899210315	0.269229121917782	0.623180133032901	-5.33470858486684
ENSMUSG00000069808	-0.0397045184101446	7.33629213673552	-1.40779346621899	0.159267958818401	0.500545893755187	-5.33481028864452
ENSMUSG00000028964	-0.0213622880691133	6.77119172340953	-1.1155172282214	0.264694140277602	0.618745371359263	-5.33527737899997
ENSMUSG00000059857	0.0239161547735991	7.1380961412826	1.18336808461776	0.236731828279751	0.587049171220719	-5.33535595593626
ENSMUSG00000072761	0.0434218007837064	7.34551988602698	1.39537464112947	0.162978375614728	0.50575894176802	-5.33537780884883
ENSMUSG00000081809	0.0485339613563118	7.40240982319289	1.50662084926718	0.131984818507174	0.463874421719414	-5.3355168150832
ENSMUSG00000021759	0.0540279384069979	6.92038969354656	1.10590273654788	0.268833430165303	0.622837260112982	-5.3361034269634
ENSMUSG00000039130	-0.0404204429719579	6.97364562814466	-1.11962261403472	0.262940122105847	0.616542593858374	-5.33621989962056
ENSMUSG00000030207	0.0440484102552308	6.73684758221484	1.12570404305216	0.260356623306839	0.613471515257929	-5.33650426463946
ENSMUSG00000032033	-0.0431429031972845	7.21018826145416	-1.2259955008611	0.220270696559432	0.570255891531942	-5.33684896689144
ENSMUSG00000021218	0.0290142602986201	7.03479392874632	1.1161628322093	0.264417773934957	0.618312552433623	-5.33700577377164
ENSMUSG00000040560	0.0505523240464365	7.18912681409085	1.25505241325369	0.209531180178121	0.556151867825951	-5.33708996446273
ENSMUSG00000090291	0.0393598656752179	6.62950995994777	1.13946420391969	0.254576077711487	0.607024703062318	-5.33718302565752
ENSMUSG00000026696	0.0191225953616376	7.23939447351723	1.28288246418913	0.199605687623302	0.5463868186547	-5.33749690880656
ENSMUSG00000050164	0.0541063230212648	6.62218716515218	1.14255960844758	0.253288120982939	0.605696580762168	-5.33751907694929
ENSMUSG00000099033	0.0535677057064365	7.35641310814254	1.56078381254848	0.118651856401512	0.443470558991418	-5.33787464166882
ENSMUSG00000041375	0.0347034393721568	7.30838362250688	1.39146543117118	0.164159736446758	0.506872627361681	-5.33798552849979
ENSMUSG00000048458	-0.0617325668196465	6.6054993038446	-1.12161974009604	0.262089762422799	0.615647972359096	-5.33806507514582
ENSMUSG00000047363	0.0374624768049294	7.44723818593653	1.60241448333145	0.109140925947984	0.427915753037236	-5.33839260191254
ENSMUSG00000055137	0.067340223263642	7.14152094771353	1.20534346061938	0.228140217742547	0.578631671085779	-5.33841927284176
ENSMUSG00000040188	-0.0581773338341351	7.18990621800487	-1.2860310053317	0.198504777208779	0.544915896659015	-5.33843672642653
ENSMUSG00000030432	-0.0262043426623499	6.84715229765533	-1.10309027512679	0.270052628629937	0.624062304238057	-5.33850183229527
ENSMUSG00000005299	0.0396400379472759	6.63573334774917	1.15556425445404	0.247926692909425	0.599712774748615	-5.33864756120465
ENSMUSG00000077457	0.0391991320376457	7.44365210667184	1.61746061407704	0.105855725964232	0.422363723550048	-5.33875765825086
ENSMUSG00000024869	-0.0358006759167351	7.3782127565509	-1.53160250904158	0.125697612665694	0.45406311546838	-5.33893017263113
ENSMUSG00000033282	-0.0278527402923032	6.88699725516175	-1.10543980047392	0.269033852008139	0.622875847938244	-5.33910416739816
ENSMUSG00000037007	0.060009591512844	6.96393043620546	1.10280335269076	0.270177222048365	0.624182527977745	-5.33945854225981
ENSMUSG00000032217	0.042358996121922	7.08868465698598	1.15923310757532	0.246428608375318	0.597686652339563	-5.33975828169208
ENSMUSG00000067288	-0.0181130398240015	7.06276603318892	-1.14655344772307	0.251633054676736	0.603616587987825	-5.3398476315955
ENSMUSG00000027099	0.0262770085310349	6.80175613824671	1.10724917789847	0.268251089792125	0.62264144672056	-5.34065681598929
ENSMUSG00000037049	0.0444784894804657	6.62434937311501	1.14876932155543	0.250718047583568	0.602701292400358	-5.34066477639263
ENSMUSG00000062963	0.0306921097113069	6.74604238238576	1.11780379423527	0.263716216552579	0.617524087050063	-5.3414073315341
ENSMUSG00000064441	0.0532890793803933	7.21208819208878	1.20514918899052	0.228215184688457	0.578631671085779	-5.34149363182395
ENSMUSG00000036570	-0.0425653476233707	6.92818709420524	-1.09993060101019	0.271426861931063	0.626108729175228	-5.34149984806821
ENSMUSG00000040133	0.048854814285308	6.9767106037931	1.11225748483172	0.266092593012722	0.620089958072616	-5.34155861315239
ENSMUSG00000093539	-0.0917678277626246	7.10611765116029	-1.12204185562116	0.261910272731085	0.615647972359096	-5.34155989326719
ENSMUSG00000063019	0.0192550292054614	7.00470528967801	1.10649232849745	0.268578322903752	0.622837260112982	-5.3418184650448
ENSMUSG00000045983	0.0184238253490721	7.06516622117282	1.13781393852803	0.255264590684924	0.608238544904428	-5.34222306469772
ENSMUSG00000035673	-0.0294531509048559	7.06347710443777	-1.15225855505791	0.249281942979162	0.601488624828525	-5.34234582498374
ENSMUSG00000073478	0.0329407802383184	7.07691909587981	1.16511510857155	0.244040103684536	0.595839316721582	-5.34250868817208
ENSMUSG00000027079	0.052224021537012	6.85466938742245	1.10566687150231	0.268935531893411	0.622843885469229	-5.34302580444614
ENSMUSG00000035107	0.0278941655172433	7.34587471588592	1.44489214475525	0.148564512567306	0.48928421489808	-5.3435306906806
ENSMUSG00000047843	0.0212131831040789	6.73135707577448	1.12422035982005	0.260985291831748	0.61441892457976	-5.34371828961321
ENSMUSG00000026452	0.0533944922837373	6.47060671282136	1.18975509559672	0.234211473038307	0.585296630749573	-5.34456700581224
ENSMUSG00000037111	-0.0398966355126262	6.81275170720399	-1.09592904439576	0.273174120527391	0.626809570238688	-5.34473778501476
ENSMUSG00000041180	0.0250592171999644	7.47362032837955	1.66529890624169	0.0959294471170948	0.404922616442581	-5.34480936460651
ENSMUSG00000022269	0.0665160432248344	6.88312320704867	1.0969190447036	0.272741127444836	0.626809570238688	-5.34503212501277
ENSMUSG00000015980	-0.0421185607711596	7.34205030057906	-1.45128188683802	0.146777799120881	0.486240925736446	-5.3450571095721
ENSMUSG00000037938	0.0395031981607925	6.93994648943331	1.09474483553799	0.273692671318177	0.627485935263023	-5.34512285127617
ENSMUSG00000003662	0.0319240888749928	6.45757391066524	1.1974663530281	0.231193978497199	0.582626014956325	-5.34549948111213
ENSMUSG00000056228	0.0519104642769612	6.93719897405434	1.09551969201786	0.273353294938581	0.62709373481849	-5.34559380940847
ENSMUSG00000026646	0.0691467288684331	7.01118902434742	1.09852323846789	0.272040504293884	0.626259783767585	-5.3461191232404
ENSMUSG00000015711	0.0266581559320178	6.85840450623061	1.09420193103875	0.273930627528359	0.627674741935017	-5.34626029906613
ENSMUSG00000054619	-0.0695741714084805	6.6974342465505	-1.10060836178551	0.271131681302247	0.626022366331039	-5.34666170078281
ENSMUSG00000086040	0.0423361170616303	6.95319516411032	1.10359218743906	0.269834772647175	0.623848363377858	-5.34693412442692
ENSMUSG00000086191	0.0325489620756496	7.14769069680553	1.20502764695333	0.228262095137157	0.578631671085779	-5.34697704588569
ENSMUSG00000046793	0.0388421979309381	6.95459182500961	1.09294320945055	0.274482871862908	0.628377789902899	-5.34700193556225
ENSMUSG00000053656	-0.0340418632076238	7.09206505650418	-1.15409453926612	0.248528599395928	0.600632932372547	-5.3470999840373
ENSMUSG00000030168	0.0473993589111803	6.69086889262441	1.10720410619788	0.268270569418203	0.62264144672056	-5.34732896411534
ENSMUSG00000078439	-0.0434816477461286	7.1859671030203	-1.28034118262408	0.200497514032945	0.547180624936374	-5.34735359517843
ENSMUSG00000025137	-0.0287894770311565	7.28427201380826	-1.42067015906025	0.155488625015562	0.49683246989708	-5.3480043220591
ENSMUSG00000025200	0.0519080092178577	6.99337341170765	1.09184927232407	0.274963437041462	0.628377789902899	-5.34833163993588
ENSMUSG00000066026	-0.058153576622102	6.87792912587396	-1.0926136210344	0.274627599188771	0.628377789902899	-5.34867527647664
ENSMUSG00000002804	-0.0454944697671866	7.04348453936974	-1.10351556568982	0.269868022659031	0.623848363377858	-5.34876003124836
ENSMUSG00000004880	0.0357746389184284	7.41626759306372	1.65485401691977	0.098030562548692	0.407477702740886	-5.34878754844879
ENSMUSG00000035778	-0.039009605957844	7.28553873313419	-1.36965116320286	0.170870739474779	0.513027513569504	-5.34878923537488
ENSMUSG00000040520	0.0390419551058265	7.2522733965519	1.25513311803142	0.209501889308682	0.556151867825951	-5.34902936892362
ENSMUSG00000042628	-0.0140151306103142	6.81409487250924	-1.09181384292633	0.274979010731221	0.628377789902899	-5.34909138315296
ENSMUSG00000015882	0.0337476366637803	7.56229109427263	1.83859320551669	0.066047243980454	0.344382791626512	-5.34942550250624
ENSMUSG00000048497	-0.0529266336097125	6.67323187859297	-1.13749166521545	0.255399198456156	0.608452351549563	-5.34946186602875
ENSMUSG00000041556	-0.0382435228170577	6.66955671939748	-1.1159854094328	0.264493704192031	0.618383452566919	-5.34949390037882
ENSMUSG00000042046	0.0248523868759207	7.07473495831093	1.1429382880354	0.253130869646186	0.605696580762168	-5.34960498769534
ENSMUSG00000039431	0.0644185363277776	6.86611540691659	1.09980995978428	0.271479427076804	0.626108729175228	-5.34965125414857
ENSMUSG00000031210	0.0380125428385583	7.14708970889061	1.14974177196455	0.250317225339318	0.602274948441834	-5.34979647804629
ENSMUSG00000050619	0.0444810270921785	6.88141454556381	1.09421612714431	0.273924403544549	0.627674741935017	-5.35025101035559
ENSMUSG00000037110	0.0477286137904436	7.26822603034952	1.31416528813366	0.18886401767657	0.533795778957459	-5.35077334410604
ENSMUSG00000098912	0.03210265338216	7.38211526936253	1.44044808216176	0.149816934649466	0.490395461124446	-5.35078924098629
ENSMUSG00000017631	0.0122952984655065	7.40028104938383	1.53145497002282	0.125734046563561	0.45406311546838	-5.35103542155889
ENSMUSG00000032649	-0.0562181205247452	7.1433704489568	-1.20959876031593	0.226502551978501	0.576623933535781	-5.35107205836936
ENSMUSG00000021263	0.0569641843284652	7.1295712482083	1.18508705958414	0.236051631101644	0.586454822295855	-5.35131030132399
ENSMUSG00000074088	0.0238950945564476	6.98913446988586	1.09265742432941	0.274608361487089	0.628377789902899	-5.35151216635876
ENSMUSG00000022387	0.0642851208925448	6.90817874053445	1.09202631215666	0.274885624721246	0.628377789902899	-5.35223298404837
ENSMUSG00000005625	0.026442670866853	6.82564220137607	1.09199411721524	0.274899773881657	0.628377789902899	-5.35242111548372
ENSMUSG00000031659	0.0536487542516122	7.15929586808564	1.14677421817274	0.251541786937154	0.60350443236488	-5.35260933745844
ENSMUSG00000079662	0.0357867484866183	7.32189284272412	1.39625675992109	0.162712688961414	0.505620153655827	-5.35277370677922
ENSMUSG00000028931	0.065452379188673	6.81164539634506	1.08772798443676	0.276779071921582	0.630048800724111	-5.35279766908456
ENSMUSG00000044060	0.0572199953643908	6.82927071965578	1.09235983005739	0.274739078219261	0.628377789902899	-5.35283648003976
ENSMUSG00000066643	0.0488781399121088	7.02969853241206	1.09079229730763	0.27542831034173	0.628820939775583	-5.35301097928283
ENSMUSG00000029152	0.0468823314552607	6.61181838413175	1.16086336142069	0.245764975417913	0.597686652339563	-5.35380359607642
ENSMUSG00000009894	0.035561766141945	6.87119411435989	1.08954488990447	0.275977628522178	0.629856126986327	-5.35380604682851
ENSMUSG00000055022	0.0575391854111	7.31466885906749	1.3448687759607	0.178741915462198	0.520933553275253	-5.35382362322563
ENSMUSG00000053310	-0.0529347228198178	6.85172560924845	-1.08778110421223	0.276755618106017	0.630048800724111	-5.3541978770007
ENSMUSG00000020261	0.0488364574292195	6.93701481358323	1.10608606055609	0.268754090896581	0.622837260112982	-5.35443690322592
ENSMUSG00000033909	0.0173663837299065	7.53734190896456	1.81075526427072	0.0702518228237327	0.354474958631994	-5.35444968667706
ENSMUSG00000033720	0.0570488902110506	7.24641511949605	1.29276623629645	0.196164679874926	0.543234685727028	-5.3552966959766
ENSMUSG00000022048	0.0314167509066134	6.7465535018156	1.0960208494967	0.273133948270582	0.626809570238688	-5.35604078991793
ENSMUSG00000052160	0.0518569151845831	7.20294071363259	1.23599454632221	0.216531314310177	0.565433659363901	-5.35698580596298
ENSMUSG00000061911	0.0522573867515845	6.85590983433952	1.0843195039396	0.278286841858	0.631255312349132	-5.35739534023936
ENSMUSG00000025982	0.0196781430311148	7.302156697864	1.38707588410949	0.165493933725159	0.50876032763657	-5.35746862173499
ENSMUSG00000020570	0.0263781790574864	7.50447311393681	1.7306287019089	0.0835931612072996	0.380832016010943	-5.35788693063648
ENSMUSG00000074102	0.0455132228015431	6.2839758754151	1.23173497233785	0.218118657844863	0.566738817000987	-5.35824507526087
ENSMUSG00000102748	0.0160887993588794	7.3550997494879	1.46503708260749	0.142987385959363	0.480359445623713	-5.35829964185972
ENSMUSG00000022179	0.054213942943953	7.0720643593553	1.08779797178282	0.276748170901501	0.630048800724111	-5.3586101495097
ENSMUSG00000022159	0.0278100875682181	7.44614271719848	1.56201948010437	0.118360486996588	0.44302560825345	-5.35862812125679
ENSMUSG00000021012	0.064346002670872	7.15868842252231	1.16039723556345	0.24595459474377	0.597686652339563	-5.35870713853367
ENSMUSG00000068823	0.045867535637945	7.32299877461645	1.3638093951146	0.172702342623276	0.513732090190699	-5.358733509071
ENSMUSG00000034226	-0.0284326435331819	7.29226432324843	-1.36173501261241	0.173356257043335	0.514365668738747	-5.35933646889395
ENSMUSG00000048814	0.0264625865618902	7.33183524671458	1.38594653124129	0.165838515726874	0.50876032763657	-5.35949479676894
ENSMUSG00000008690	0.0446852520498462	6.87093941516468	1.08020442941138	0.280114618384647	0.632754747760586	-5.35984623341338
ENSMUSG00000046722	-0.0561606141999462	6.8258762980455	-1.08116808222118	0.279685866562066	0.632727143330762	-5.35999404001563
ENSMUSG00000002017	0.0248791120946548	7.48072571614562	1.75007995428544	0.0801792308608558	0.374464351364617	-5.36011246083094
ENSMUSG00000020198	0.0160475789699648	7.28773333109855	1.379964828252	0.167672628765992	0.509711424520837	-5.36035982923268
ENSMUSG00000054199	0.0129029315498048	7.53965303631615	1.8049041736267	0.0711629317383035	0.35602473376676	-5.3605560552746
ENSMUSG00000020496	0.0505122257149662	6.92587214364497	1.07980773629682	0.280291246226911	0.633048261926447	-5.36080894904321
ENSMUSG00000025094	0.057668132022977	7.23489713682111	1.24639528752575	0.212690433429356	0.560804530617504	-5.360874995205
ENSMUSG00000003411	-0.0415687925737238	6.68336928021405	-1.11676615668932	0.264159686292794	0.618026798044577	-5.36102278906001
ENSMUSG00000024462	0.0379164796390787	7.26946800698726	1.30823739731492	0.190866051114517	0.536657387185944	-5.36176376871088
ENSMUSG00000035681	0.0193239932412821	6.99340059137114	1.08645681312496	0.277340732645796	0.630489409411737	-5.36201549263749
ENSMUSG00000041264	0.0542162813905778	6.72756127891302	1.09986207021112	0.271456720946381	0.626108729175228	-5.36220618026249
ENSMUSG00000050394	0.0604390381569484	7.01383866504064	1.0908750524461	0.275391894055581	0.628820939775583	-5.36240425000928
ENSMUSG00000022325	0.0596195755239428	6.9229265042951	1.09860184246459	0.272006206118098	0.626259783767585	-5.36264089601396
ENSMUSG00000066735	0.030136869839791	7.35912211093056	1.44126642879104	0.149585705651889	0.489875120103456	-5.36264994786955
ENSMUSG00000026499	0.0470709802078435	6.92301532496821	1.07813912783796	0.281035023756948	0.634094333848677	-5.36298323721561
ENSMUSG00000030316	0.040024697902882	7.21562122932727	1.21138646815618	0.225817055442707	0.576143702990632	-5.36302202906043
ENSMUSG00000058589	0.0595829352338555	6.72334568129867	1.1059768386304	0.268801358206061	0.622837260112982	-5.36375188599563
ENSMUSG00000043648	0.0556391881523988	7.20843219508918	1.16086508551723	0.245764274248327	0.597686652339563	-5.36408779610118
ENSMUSG00000059991	0.0609960055494865	6.98610514975646	1.08806665221713	0.276629564170753	0.630048800724111	-5.36412421381412
ENSMUSG00000075602	0.0520323949785011	6.73550955944465	1.11712774867922	0.264005089281105	0.617982201408779	-5.3641864985102
ENSMUSG00000048978	0.0374191361599623	7.21636434946992	1.27626947542727	0.201932481062687	0.548458098163871	-5.36436241587379
ENSMUSG00000034371	0.0662666986129317	7.19760466748977	1.23555731525203	0.216693865751173	0.565640244869928	-5.36437372971565
ENSMUSG00000066892	0.0332923055235108	7.32091369948464	1.42367464992657	0.154616679345005	0.49613257675398	-5.36441570923888
ENSMUSG00000005268	0.0429123025810361	7.22570580279646	1.20900708828165	0.226729755360869	0.576944364946773	-5.36448472031729
ENSMUSG00000070366	0.0437463981662773	6.69917334687157	1.11644961231902	0.264295074653306	0.618132244635075	-5.36462550281337
ENSMUSG00000045136	-0.0735702645497192	6.94620475620398	-1.08465842424249	0.278136667716751	0.631020237768359	-5.36489153203539
ENSMUSG00000003559	0.0406134085793282	7.09947076254825	1.10781149750393	0.268008141499923	0.622627550112398	-5.36489755368527
ENSMUSG00000019789	-0.029714130890742	7.12737241338733	-1.18876218536868	0.234602028314735	0.585483363966085	-5.36512451051621
ENSMUSG00000097040	-0.073325075743889	7.23457036529507	-1.27605981853963	0.202006571400181	0.548458098163871	-5.36515261277783
ENSMUSG00000032399	0.0128983083332068	7.0419750437263	1.10177739427145	0.270623057585815	0.625060888372823	-5.36520706330136
ENSMUSG00000035849	0.0607507885190222	7.0121403930544	1.08751763649744	0.276871959525935	0.630049227560155	-5.365305796819
ENSMUSG00000024181	0.0260221929307889	6.60508076893596	1.12438093036715	0.260917204000233	0.614365309453832	-5.36535254296866
ENSMUSG00000032890	0.0303018202236478	7.2781024624549	1.28575984024145	0.198599416918715	0.544915896659015	-5.36552055573005
ENSMUSG00000027835	0.0273722240947194	7.28693614703572	1.32262419111769	0.186034066753717	0.53013672544959	-5.36552349953301
ENSMUSG00000059003	0.0247297029687701	7.43537825015556	1.61825712028489	0.105684026197459	0.421926980914356	-5.36555905919882
ENSMUSG00000039427	0.0583484418366451	6.96594095106764	1.08023300289374	0.28010189894632	0.632754747760586	-5.36567983319773
ENSMUSG00000056900	0.0140400658070723	7.18763733073171	1.21282926225214	0.225264897348523	0.575871138776647	-5.36573739144195
ENSMUSG00000017417	0.0422824719649917	7.06683213050146	1.16067311017718	0.245842356959919	0.597686652339563	-5.3660419552745
ENSMUSG00000039043	0.0461094600842493	7.10298475504712	1.10329070152493	0.269965618706567	0.6239675858206	-5.36608714578808
ENSMUSG00000020629	0.0372244662289196	6.72651295946196	1.10036136125773	0.27123923030312	0.626108729175228	-5.36615399536346
ENSMUSG00000103804	0.0234584558581776	7.49457869409805	1.69618658890936	0.0899263743626065	0.394289295258577	-5.36644813868702
ENSMUSG00000028803	0.0181489054142636	6.8955477485945	1.07350510856436	0.283107649885632	0.636693578267916	-5.36645393264533
ENSMUSG00000020605	-0.0408377534942632	7.12733376112243	-1.19337493291011	0.232791534912157	0.584204972944828	-5.36651828754075
ENSMUSG00000034850	0.0172645245792351	6.98620571112733	1.07843843954153	0.280901507850011	0.634004102452214	-5.36658620947362
ENSMUSG00000034593	0.0423450138364085	7.21771014868656	1.27019395519846	0.204087542878558	0.550760132632861	-5.3668181066717
ENSMUSG00000025909	0.0372530922448746	7.11890971190601	1.10897314499915	0.267506734673904	0.621995594016257	-5.36689189864193
ENSMUSG00000033453	0.0259992291367013	7.26996726760331	1.31534731546907	0.188466669282499	0.533451169547416	-5.36693889227013
ENSMUSG00000026603	0.0361449001770646	7.22362003052777	1.24197666050854	0.214316128115463	0.562989217483851	-5.36697066854062
ENSMUSG00000035704	0.0468342952236425	7.15240327727238	1.1996046880888	0.230362140566625	0.581827477981055	-5.36715562849708
ENSMUSG00000101450	0.0313051597430851	7.48271404036142	1.66005241581479	0.0969802899843038	0.406463140590553	-5.36754477956041
ENSMUSG00000006335	-0.0323718868424958	6.77381721993633	-1.08118734876124	0.279677298977271	0.632727143330762	-5.3675645038573
ENSMUSG00000031529	0.017369545541758	7.53667742788417	1.79264819066897	0.0731028025509245	0.359888841652245	-5.3678616216648
ENSMUSG00000021371	0.0339892458817088	7.2006204586442	1.24296013090809	0.213953517871503	0.562524633209058	-5.36799965700502
ENSMUSG00000020021	-0.0222267484453988	7.46146817105877	-1.75211346307474	0.0798289640079966	0.37398793850049	-5.36819186295241
ENSMUSG00000037169	0.0576931940134386	6.95668467908057	1.07200673418716	0.283780028543594	0.637074609328988	-5.3682623583956
ENSMUSG00000013858	-0.0266398307740818	7.06593871840347	-1.12478550630781	0.26074570338344	0.614068133832322	-5.36836819833278
ENSMUSG00000040289	0.0534157575949097	6.77483580925684	1.08694468773502	0.277125075899729	0.630307293918558	-5.36864350723801
ENSMUSG00000060288	-0.0405530228778579	6.97070533580886	-1.09950597548443	0.271611908408586	0.626108729175228	-5.36881677583283
ENSMUSG00000022019	0.0560671623789464	7.31479059518061	1.36018519067396	0.173846019392227	0.514914495660711	-5.36915407400672
ENSMUSG00000045349	0.0551506355472942	6.67815140041615	1.09590830913349	0.273183194463815	0.626809570238688	-5.36931145064212
ENSMUSG00000027427	0.0269297725946966	7.49137871209001	1.72687519917631	0.0842653113947924	0.381924436295601	-5.36978004159419
ENSMUSG00000020262	0.0342972695753474	6.92839151840068	1.07246955675385	0.283572226763423	0.637074609328988	-5.36990261305567
ENSMUSG00000048895	0.0566722621068259	6.80129821328048	1.08216452513892	0.279242995146165	0.632727143330762	-5.37029013656535
ENSMUSG00000028601	-0.0549701150655695	7.05978333163384	-1.13362101529678	0.257019756331964	0.610381608613528	-5.37085189298296
ENSMUSG00000038619	0.0523418580969732	6.46980544325926	1.16904882688363	0.242451842195553	0.593456534673601	-5.37108830446957
ENSMUSG00000094786	-0.0438031763927231	6.63784007573685	-1.10853900605947	0.267694048355225	0.622217710886362	-5.37120185413612
ENSMUSG00000048720	0.0324854418992722	7.45994793387975	1.65561552227708	0.0978761439209192	0.407419414218445	-5.37158526512727
ENSMUSG00000021546	0.0329522512491227	7.01551916056911	1.07479362689512	0.282530305975825	0.635880791570425	-5.37167977581523
ENSMUSG00000008140	-0.0438479314933904	6.74818351740224	-1.07583755842456	0.282063139483469	0.635356711267133	-5.37177101003491
ENSMUSG00000023572	0.0409240011542877	6.82953630847911	1.07364871260024	0.283043265938639	0.636693578267916	-5.37190146418071
ENSMUSG00000032883	0.0209737991889476	7.20599117689818	1.23823167741287	0.215700979320281	0.564134621455319	-5.37208118707088
ENSMUSG00000085169	-0.0361328629208328	7.36702858809338	-1.4316737663551	0.152313341044583	0.493798249134974	-5.37210179725416
ENSMUSG00000041846	0.0257141486012058	7.36282220851753	1.46903254565142	0.141900591680602	0.478222277406316	-5.37249624983893
ENSMUSG00000036442	0.031473944849453	6.59252057554163	1.11418377658629	0.265265586687115	0.619440242711298	-5.37290789210198
ENSMUSG00000022241	0.0538133497223834	6.73629197989094	1.09257608557114	0.27464408489221	0.628377789902899	-5.37293119345552
ENSMUSG00000002771	0.0186046640323188	7.17434762751964	1.17934700338879	0.238328377632426	0.588893046098129	-5.37307607987927
ENSMUSG00000031278	0.0445618425404115	7.35618949692628	1.46399484581353	0.143271929880851	0.480772227155212	-5.37311160290985
ENSMUSG00000031696	0.0291762976589025	7.32224224459764	1.36849281683089	0.171232760794882	0.513027513569504	-5.37370553256202
ENSMUSG00000020936	0.0578583255806153	6.80231947572973	1.06832201086027	0.285438104323859	0.638902534474762	-5.37431933501176
ENSMUSG00000037416	0.0307746540904992	7.44935429976569	1.63383690643513	0.102369787757774	0.41500098393683	-5.37442954049335
ENSMUSG00000031150	-0.0384129054860383	7.21069073151788	-1.30877307109035	0.190684497663393	0.536258124729368	-5.37456230186834
ENSMUSG00000039842	0.0635042579205205	7.2173377329835	1.23932739487955	0.215295130166179	0.563849422303101	-5.37459886210917
ENSMUSG00000024982	-0.0646171649128995	6.58415285365293	-1.12937857335877	0.25880416124677	0.611771557987088	-5.37465416734019
ENSMUSG00000039621	0.0455154296167484	6.98606297072248	1.08187052461244	0.279373614737613	0.632727143330762	-5.37479450780072
ENSMUSG00000058979	0.0470729888424737	7.14985226150034	1.20674154046483	0.227601234090987	0.57797668698363	-5.37519863179935
ENSMUSG00000019080	0.0368953611444285	7.11678373191922	1.12763703852334	0.259539145146148	0.612396750764266	-5.37570277871324
ENSMUSG00000090841	-0.0219309153961618	6.71365699494488	-1.08850531431611	0.276435994958316	0.629902389856276	-5.37575669308385
ENSMUSG00000086228	0.0508682726083558	7.25178972611967	1.23391872327051	0.217303834225002	0.565797161733152	-5.37613278660975
ENSMUSG00000025437	0.0491773989417403	6.72604733972153	1.0878038464623	0.276745577202655	0.630048800724111	-5.3761996352677
ENSMUSG00000034484	0.0286490237497343	6.98265676200529	1.06718095801519	0.285952888683822	0.639655051109596	-5.3762621785327
ENSMUSG00000018861	0.0364974716472801	7.25936815206064	1.35268076064329	0.176232142868701	0.51762419364932	-5.37659918542351
ENSMUSG00000021510	0.0298905938812526	7.49663618366554	1.7070126118091	0.0878953364506942	0.389566842627824	-5.37694725647692
ENSMUSG00000022972	0.0427400761672123	6.76715962620598	1.08566092018305	0.277692789106504	0.630752024577983	-5.37695351605491
ENSMUSG00000055945	-0.0492638227160711	7.04734267609706	-1.1090835002471	0.267459135146021	0.621995594016257	-5.37700293934198
ENSMUSG00000023150	0.0418161456526276	6.53281479919847	1.12145274774706	0.262160793473591	0.615647972359096	-5.37709973718755
ENSMUSG00000034595	-0.054490867384998	7.08297450579798	-1.1597139755152	0.246232729340157	0.597686652339563	-5.37725945579644
ENSMUSG00000025326	0.0392890442425005	7.36968247814224	1.44295462019949	0.149109557228457	0.489569687966763	-5.37742560082653
ENSMUSG00000002250	-0.0501234288841363	7.05442989879885	-1.21893001742435	0.222940798359309	0.573772085071283	-5.37758891283349
ENSMUSG00000031901	0.0760640780183461	7.26588005543979	1.35583780038362	0.175225364763604	0.516457716405424	-5.37769515791235
ENSMUSG00000034981	0.0293314884422173	6.97132028940861	1.06417661413872	0.287311294175376	0.640579925411897	-5.3778985508917
ENSMUSG00000028580	0.0373238980204365	6.89498110193518	1.06641111518166	0.28630055650892	0.639961550954082	-5.37813712230484
ENSMUSG00000046152	-0.075892735918714	7.14375595812636	-1.21846289206976	0.223118141819619	0.57383047547826	-5.37831111264291
ENSMUSG00000020107	-0.026058707062333	6.69835477592982	-1.08599397113802	0.277545429828624	0.630714980760744	-5.37847130560518
ENSMUSG00000038679	-0.0363496254120133	7.09985872118365	-1.16445736928266	0.24430638138292	0.596167371992374	-5.37908184794203
ENSMUSG00000088993	-0.0943571576827367	7.16948256083993	-1.12286193255542	0.261561806964208	0.615450184095997	-5.37913578368327
ENSMUSG00000017679	0.0495207160941842	6.75892009892355	1.06849913155253	0.28535825280731	0.638851914062337	-5.37938444875256
ENSMUSG00000078779	0.0392266727876898	7.41339114644568	1.53476652906539	0.124918255265458	0.452813583149981	-5.37960923170829
ENSMUSG00000047238	0.0199785068782203	6.68714407740331	1.09846493080835	0.272065948251296	0.626259783767585	-5.37966678354634
ENSMUSG00000101856	0.0380736833071067	7.51578696302516	1.75372920459255	0.0795515443840357	0.373591908125651	-5.37967698123186
ENSMUSG00000021555	0.0422278478189924	6.7072089529485	1.08531280125631	0.277846872208972	0.630774910505984	-5.37970902044037
ENSMUSG00000032010	0.0626388971890073	6.79591704443246	1.07137920958151	0.284061944263211	0.637423343316885	-5.37985565874071
ENSMUSG00000070493	0.0260590653814843	6.26976747057149	1.21832668668118	0.223169871006296	0.57383047547826	-5.38014303146229
ENSMUSG00000092417	-0.04718914807962	6.76946496300553	-1.06516301972111	0.286864814161658	0.640385534434117	-5.38051873709498
ENSMUSG00000032356	0.0343334798650767	7.32587137142484	1.3619945344528	0.173274345956656	0.514365668738747	-5.38062777748083
ENSMUSG00000020594	0.0249115706129492	7.32775191881027	1.42476591425088	0.154300900595183	0.496084272693964	-5.38124839950668
ENSMUSG00000024038	-0.0178606615149306	6.98592920726507	-1.06912172611797	0.285077687718536	0.638631974841674	-5.38135497431296
ENSMUSG00000001227	0.0430152491376852	7.26965854172633	1.30756689207952	0.19109348170657	0.536954376594554	-5.38183387454311
ENSMUSG00000082063	0.0509073628232874	7.38977353072175	1.34589295389217	0.178411368896255	0.520529662039042	-5.38201134695714
ENSMUSG00000033039	-0.0240469630541842	7.3933382510672	-1.50802989249198	0.131623833381712	0.46344604656308	-5.38248776828603
ENSMUSG00000021264	0.0574402298937899	7.11007389478029	1.1320160124456	0.257693826141335	0.610806450144095	-5.38251428303751
ENSMUSG00000024901	0.0191506415382214	7.10447141625035	1.10275843810197	0.27019672936284	0.624182527977745	-5.38267633242324
ENSMUSG00000059323	-0.0240275530015737	6.84110145306316	-1.05958549708716	0.289395557812078	0.642585157683614	-5.3829684618882
ENSMUSG00000032314	0.0170753364655569	7.22208180059086	1.24877236309165	0.211819557617778	0.559923453204451	-5.38315048144309
ENSMUSG00000028953	0.0460415004950505	6.59956430017486	1.10906158682346	0.267468586599282	0.621995594016257	-5.38336191265622
ENSMUSG00000026270	0.0586126678887426	6.92175410373339	1.06303155161403	0.287830175709631	0.641011752153336	-5.38338170000088
ENSMUSG00000092187	0.0315683166373706	7.04905911312419	1.06823993694713	0.285475110919612	0.638902534474762	-5.38363223322484
ENSMUSG00000031521	-0.0499511818741007	7.08156128038343	-1.13221291761647	0.257611063866316	0.610806450144095	-5.38377933941733
ENSMUSG00000027669	0.0351906255035663	7.29800376599516	1.2916181852715	0.196562124199335	0.543542582071096	-5.38382410041318
ENSMUSG00000036985	-0.0253618373156392	7.05355355571337	-1.08669120799853	0.277237108074259	0.630456342044751	-5.38388171449437
ENSMUSG00000043510	0.0318915147726564	7.09680737873054	1.11515308056878	0.264850110271387	0.618813374219731	-5.38395124355222
ENSMUSG00000022099	-0.047464908292179	6.40386700972873	-1.15057955610789	0.249972268637792	0.601886306799169	-5.38397858240647
ENSMUSG00000039835	-0.0564674483046392	7.03242307941506	-1.13085639606894	0.258181605034956	0.61121463262859	-5.38416756605523
ENSMUSG00000040537	0.0389497086638269	7.31454508451778	1.33932551248248	0.180538878402954	0.523022673800693	-5.38438884703555
ENSMUSG00000001767	0.0311324051293367	7.00836815821674	1.05912122399302	0.28960689310288	0.642738624437527	-5.38452443128877
ENSMUSG00000025795	-0.0553616169937676	6.78556317327581	-1.05680720465052	0.290661775813519	0.643864046625114	-5.38454299903308
ENSMUSG00000028102	0.0347220731515732	6.98257938225783	1.06633088425242	0.286336805934217	0.639961550954082	-5.38466291700432
ENSMUSG00000033854	-0.0251415491204732	7.46782909340651	-1.66266732821382	0.0964553922293412	0.405712702402387	-5.38475346963866
ENSMUSG00000031066	0.032872336636137	7.35629999532959	1.38018560812897	0.167604663346775	0.509711424520837	-5.38490734466297
ENSMUSG00000024378	0.0462947649580627	7.43014628218241	1.51326809768644	0.13028855860243	0.461890619793473	-5.38525193322259
ENSMUSG00000103532	-0.0448403218811215	6.97567833123838	-1.08477295605358	0.278085931636978	0.631010721528727	-5.38540783421598
ENSMUSG00000055480	0.0320445838087071	7.25423097662388	1.29806924147473	0.194336472791669	0.540363801909239	-5.38548407218942
ENSMUSG00000100691	-0.0343941007608279	7.12505000170046	-1.1208160265241	0.262431748168881	0.615977915709681	-5.38569237167156
ENSMUSG00000042826	-0.0662326455607918	6.61361268349459	-1.08590804994541	0.27758344078768	0.630714980760744	-5.38580270563854
ENSMUSG00000040321	0.0345376835259978	7.22413985342698	1.23290053768831	0.217683477186304	0.566066117445059	-5.38582963478395
ENSMUSG00000003438	0.0668969541354434	6.7090192647774	1.07608861810599	0.281950866780362	0.635356711267133	-5.38641929968051
ENSMUSG00000045503	0.0425203107630896	7.27583907483409	1.28191461340559	0.19994499862055	0.546649734191421	-5.38644995587804
ENSMUSG00000020932	-0.0710132202504772	6.9173069963286	-1.06165344937168	0.28845549645593	0.642027319292758	-5.38677584646056
ENSMUSG00000075478	0.031820080020351	7.3626041664093	1.36870556409743	0.171166227247071	0.513027513569504	-5.38682025029091
ENSMUSG00000039852	-0.017063418997239	7.14257903240232	-1.16007850564168	0.246084312669021	0.597686652339563	-5.38795248193314
ENSMUSG00000053390	0.0300729278847243	7.2300989898967	1.18757458927486	0.235069767847137	0.585859542733729	-5.38795271742467
ENSMUSG00000005378	0.036162658893879	6.6931651600659	1.08860628498792	0.276391452530919	0.629902389856276	-5.38799160923404
ENSMUSG00000064427	0.0275173374795381	7.45562370281182	1.66392014557494	0.0962047180322457	0.405292618021215	-5.38820702619836
ENSMUSG00000030122	-0.0387706095291307	6.55523644394058	-1.10766209864978	0.268072674013327	0.62264144672056	-5.3884448097237
ENSMUSG00000030722	0.0345263201611195	7.37109439303684	1.44189773305139	0.149407512851027	0.489841805977229	-5.38851574929592
ENSMUSG00000040936	-0.0209290990117035	7.34097245658999	-1.38518247383806	0.166071946789435	0.508833732643537	-5.38869385575929
ENSMUSG00000036598	-0.033322636606985	7.07722812121217	-1.09819215696085	0.272185001361348	0.626321155542626	-5.38884579385169
ENSMUSG00000072115	-0.0448376225143408	6.92470461558441	-1.05812622131231	0.290060164508135	0.643089321509567	-5.38901284308963
ENSMUSG00000091742	-0.0638516399871678	6.74030095630644	-1.05408246007374	0.291907205330737	0.644888038108869	-5.38910381962677
ENSMUSG00000009640	0.0438931402891578	6.89010313560954	1.05439696774411	0.291763266938159	0.64467509340736	-5.38954167530273
ENSMUSG00000084915	-0.0303774517566762	7.3915613377444	-1.52065230335156	0.128424134727643	0.458928418196463	-5.38981913483698
ENSMUSG00000047139	0.054124180931848	7.14286758038431	1.13167652642086	0.257836560668179	0.610931158605238	-5.39020432827075
ENSMUSG00000054383	0.0340445141481114	7.27323226809996	1.27571897859964	0.202127062628339	0.548458098163871	-5.39041506089389
ENSMUSG00000021843	0.032383764894087	7.26216942736117	1.27230018283077	0.203338550142506	0.550323108779768	-5.39047357505679
ENSMUSG00000012076	0.0324289689776567	6.9056068357234	1.04880513433809	0.294329560061699	0.647811716772161	-5.3907209799002
ENSMUSG00000016637	0.0290502075243957	6.92463298954852	1.05467427729918	0.29163639232138	0.644547903495039	-5.39083996009945
ENSMUSG00000037395	0.0257683711663654	7.43280120808893	1.57565243697811	0.115182985582305	0.438367385456207	-5.39085771818806
ENSMUSG00000039747	0.0392868788896354	7.23500744104272	1.29325184430521	0.195996744391697	0.543086830260091	-5.3909237424024
ENSMUSG00000071657	0.0211213282861094	7.06015173526214	1.08631223870219	0.277404661292425	0.630520100218391	-5.39101663344186
ENSMUSG00000000532	0.0331077291437456	7.14949386902629	1.13267291101121	0.257417793444654	0.610794318082753	-5.39110467691399
ENSMUSG00000024222	0.0709697933064417	6.98307516322426	1.07190466013862	0.28382587244627	0.637074609328988	-5.3916578755471
ENSMUSG00000053841	0.0535486235405092	6.79308825939695	1.05032522869199	0.293630440597783	0.647323823353618	-5.3919583399354
ENSMUSG00000062075	0.0379193672865075	7.18175235134605	1.19250624139358	0.233131734412348	0.584204972944828	-5.3920039132939
ENSMUSG00000041734	0.0424779333132683	7.35619042493521	1.48116746624636	0.138638705788489	0.473944420847286	-5.39210347162031
ENSMUSG00000039452	-0.0312184230718131	7.20708878920185	-1.25645405947223	0.209022890378976	0.555819981343237	-5.39266066145749
ENSMUSG00000020973	-0.030491312612126	6.75379927158722	-1.06121458044644	0.288654827609686	0.642097153852686	-5.3929704017874
ENSMUSG00000025949	0.0373281423583585	7.2276514912515	1.24643905043623	0.212674376920759	0.560804530617504	-5.39335675218444
ENSMUSG00000027203	0.0373479770389213	6.52319702326577	1.13590659701072	0.256061971310762	0.609388837463808	-5.39339857578974
ENSMUSG00000016619	0.0453669356086088	6.53546300826116	1.11375788021368	0.265448282206272	0.619440242711298	-5.39359937239611
ENSMUSG00000022324	0.0554676874620101	6.97245678687968	1.05812573784655	0.290060384866004	0.643089321509567	-5.39394865721786
ENSMUSG00000038347	0.0240448970229146	7.32062802594844	1.44798000448705	0.147699014860776	0.487582966516288	-5.39451850043037
ENSMUSG00000027797	0.0482714389166308	7.00846608276998	1.06676065189393	0.286142667253349	0.639905272659923	-5.394521883116
ENSMUSG00000097806	0.0343175440427244	6.86872795777526	1.04474346264017	0.296203070460999	0.649930608401072	-5.39505920669742
ENSMUSG00000027428	0.0532153951815824	7.03461193514245	1.05866757001439	0.289813495015603	0.642968427989298	-5.39529993400723
ENSMUSG00000027952	-0.0183074391154614	6.92210243913151	-1.04920810328029	0.294144118554257	0.647659019913571	-5.39536471137892
ENSMUSG00000002012	0.0297892569955298	7.28048590594302	1.26943736738492	0.204357081690103	0.550942580344183	-5.39547813058099
ENSMUSG00000024193	-0.0268714660325671	7.18955545981831	-1.24735176135761	0.212339704993839	0.56020660056557	-5.39549200877234
ENSMUSG00000015757	-0.0457240726143571	6.72073857734181	-1.05804554279518	0.290096938364988	0.643089321509567	-5.39575325904145
ENSMUSG00000008734	-0.0389243288519836	7.28929935366497	-1.35610659891487	0.17513984380215	0.51636268584727	-5.39586950536248
ENSMUSG00000020621	0.0437773714292504	6.55153520363181	1.12816681440431	0.259315409762402	0.612284875545909	-5.39601537181571
ENSMUSG00000020458	0.0418730980410293	6.84906990322308	1.04594690661242	0.295647132449119	0.649341296249012	-5.39684599307751
ENSMUSG00000030889	-0.0300998248644095	7.38948750394344	-1.47055419382249	0.141488365578924	0.477438753378887	-5.39699430773984
ENSMUSG00000022437	0.0439185571680172	7.04653901548074	1.08403646327224	0.278412298266734	0.631434248896014	-5.39714756202936
ENSMUSG00000027122	0.034689226385705	6.86491468100383	1.04418502261707	0.296461282678532	0.650099253217412	-5.39752100566563
ENSMUSG00000031600	0.0310928215411757	7.26099666761441	1.24285408493046	0.213992596222418	0.562524633209058	-5.3976458887939
ENSMUSG00000043301	0.0192268488434681	7.28001025540154	1.33553052492896	0.181776819345237	0.52381680189194	-5.39769456998481
ENSMUSG00000078684	0.0367046546809195	7.11898837175663	1.1631645616754	0.24483035331037	0.596896468815344	-5.39773889348424
ENSMUSG00000043962	-0.0231322594194907	7.20312810640303	-1.22518079844559	0.22057740327329	0.570505233418403	-5.39791718823785
ENSMUSG00000056481	-0.0388657657399731	7.27786305756805	-1.34631913954628	0.178273954478496	0.520464744793163	-5.39796018025671
ENSMUSG00000058546	-0.0501398107766668	7.05260062821917	-1.09469978537432	0.27371241152261	0.627485935263023	-5.39796376704971
ENSMUSG00000078517	0.0333509615626486	7.41218561606163	1.53205816391287	0.125585143308929	0.45406311546838	-5.39830990815096
ENSMUSG00000058594	0.0617221503333942	6.90450669150647	1.04144686380163	0.297729535879708	0.651060083230725	-5.3985575331805
ENSMUSG00000040111	0.0254166785555041	7.12211178105417	1.1656793970176	0.243811820971383	0.595603724095497	-5.39857674354341
ENSMUSG00000004096	0.0255194586047942	6.7646126703967	1.06357200206984	0.28758519351821	0.640704864998699	-5.39861567068468
ENSMUSG00000051331	0.0103770667544847	7.29186221264242	1.34067979620754	0.180098625270218	0.522417022125291	-5.39882180515542
ENSMUSG00000023830	0.021630750573312	7.42281384953538	1.55056741017602	0.121082477913065	0.446551656999676	-5.3999111508278
ENSMUSG00000027630	0.0346351607849371	7.47259944093314	1.66919456672968	0.0951550820314936	0.403160188182184	-5.40000076825021
ENSMUSG00000014837	0.0149308963807719	7.31159525179614	1.3803612067823	0.167550621407535	0.509711424520837	-5.40003237156029
ENSMUSG00000033105	0.0170466240507574	7.52948080456691	1.75048871453399	0.0801087227883101	0.374464351364617	-5.40004123305978
ENSMUSG00000041351	-0.0319286465999227	6.91478284036382	-1.04416244008221	0.29647172758838	0.650099253217412	-5.4001120171692
ENSMUSG00000037722	0.0126090207931524	7.28479167790946	1.32873040710087	0.184010786536922	0.527222790335501	-5.40017256957588
ENSMUSG00000032386	0.0408829956407031	7.21858894741777	1.20829364135416	0.227003936775097	0.577216686946129	-5.40047328431853
ENSMUSG00000031229	0.0301610578167368	7.30416622030204	1.34992611684562	0.177114115983928	0.519427467988339	-5.40077461554893
ENSMUSG00000054135	0.0229057859579092	7.39021928110585	1.51188155757058	0.130640974996066	0.461890619793473	-5.40086951788064
ENSMUSG00000030884	0.0660070750283817	6.95946316463252	1.03884861158971	0.298936336341499	0.651918746681365	-5.40108304545455
ENSMUSG00000074238	0.0344534922263602	6.69264735301988	1.08056266799706	0.279955177464504	0.632727143330762	-5.40113607857701
ENSMUSG00000049804	0.0303605601576802	7.36395930202942	1.40160955280088	0.161107477955355	0.503720040647098	-5.40124065761356
ENSMUSG00000042487	0.0359206572554802	6.89113826563838	1.04367698853164	0.296696318963635	0.650237254775023	-5.40135485666043
ENSMUSG00000020216	0.0592666683657876	6.98048484587425	1.04645298197062	0.295413556843968	0.649248987468068	-5.40147204256651
ENSMUSG00000049327	-0.0509419604536303	6.51698329012682	-1.09884264468051	0.271901152581739	0.626199393019062	-5.40192034793579
ENSMUSG00000015476	-0.0367694839852231	6.78894785603669	-1.04015152534177	0.298330769206318	0.651856336647745	-5.40199403803516
ENSMUSG00000028334	-0.0483996416194143	6.65616052178994	-1.06876984133061	0.28523623761586	0.638789710868159	-5.40221233148751
ENSMUSG00000003184	-0.051853556629613	6.7612627288184	-1.03902393081648	0.298854803866608	0.651918746681365	-5.40225126440807
ENSMUSG00000026824	0.0321552040644688	7.40842722417952	1.49297953099443	0.135519398755796	0.4691961206157	-5.4023299899104
ENSMUSG00000040124	0.0512014942604004	7.25962732033374	1.22843950697681	0.219352450875188	0.568965090676449	-5.40261003208031
ENSMUSG00000016833	0.0236054734351958	6.86828311161837	1.03783508501253	0.299407969516408	0.651936396876396	-5.40298770059685
ENSMUSG00000000276	0.0458056307367798	7.40905714396723	1.4839066913669	0.137910454008723	0.472059479588936	-5.40337755154815
ENSMUSG00000085433	0.0685059305435738	7.37240908884842	1.37577409358917	0.168966644795736	0.510494676981401	-5.40372327488039
ENSMUSG00000024083	0.0699032512141544	6.8583064531961	1.04277779263329	0.297112627452848	0.65076540832593	-5.40375745910366
ENSMUSG00000028999	-0.0606645138673949	7.11495857668047	-1.26189924476718	0.207056740395888	0.553609700746921	-5.40387275622182
ENSMUSG00000020623	-0.060772712336421	6.73929679717261	-1.03910135279727	0.298818803382926	0.651918746681365	-5.40389411028081
ENSMUSG00000006369	-0.057767199524787	6.90797913588861	-1.04064300370408	0.298102553345291	0.651462672188178	-5.40395446156118
ENSMUSG00000028836	-0.0530239963395234	6.83366165006816	-1.04162474543262	0.297647035144821	0.651060083230725	-5.40415811216443
ENSMUSG00000053746	-0.0493348103411453	7.08715630240366	-1.14903099793984	0.250610146398321	0.602655616329982	-5.40428992912724
ENSMUSG00000026585	0.0585986985740679	6.83515959734075	1.0456010147868	0.2958068475924	0.649481658244172	-5.40461578406653
ENSMUSG00000053930	0.0240687864817684	7.41236563040934	1.54731313645804	0.12186484422481	0.447519923618628	-5.40463997662605
ENSMUSG00000039183	0.0496920036458484	7.0503338487531	1.06018062009839	0.289124812153843	0.642203507123148	-5.40470340112599
ENSMUSG00000028273	-0.0426736570892601	7.28752332699355	-1.38728670059166	0.165429670284949	0.508708430420355	-5.40507662819879
ENSMUSG00000042425	-0.0231193897436466	7.48185629247084	-1.66628549717923	0.0957328606552641	0.404470590453123	-5.40610028564811
ENSMUSG00000047910	0.0319508706469076	7.04420646332518	1.0492779365414	0.29411199008841	0.647659019913571	-5.40662833951992
ENSMUSG00000048965	0.0151650092882045	7.19850334410613	1.13467926483132	0.256575982512051	0.610091951317605	-5.4069086879334
ENSMUSG00000065512	0.032096310625513	7.35033459451593	1.580186028787	0.114141317657157	0.437190219346317	-5.40724647151284
ENSMUSG00000097326	0.0511916018236818	6.79084666042884	1.05489286478999	0.291536410360798	0.644547903495039	-5.40736233200351
ENSMUSG00000074170	-0.0593214188754434	6.92736633323578	-1.08095987733915	0.279778464004171	0.632727143330762	-5.40779752876779
ENSMUSG00000042155	0.0393338777173655	7.04405536823386	1.05034810893035	0.293619926074002	0.647323823353618	-5.40784923813108
ENSMUSG00000033405	0.0384872735725343	7.04202941714	1.03678155918912	0.299898742010047	0.652548089258901	-5.4078546032671
ENSMUSG00000039000	0.0470029081877605	6.66673871443615	1.05520943396735	0.291391652423709	0.644536705492958	-5.40786309136669
ENSMUSG00000021731	0.0330199779787037	6.55840671123031	1.11325526843712	0.26566399760961	0.619707138407886	-5.40791696708293
ENSMUSG00000045636	0.0457670014467588	6.99405778865048	1.04494816402285	0.296108458092069	0.64982817656398	-5.40804320396587
ENSMUSG00000030302	0.0319475276471408	6.81375558748672	1.03439711388435	0.301011488267026	0.653396374947861	-5.4080464079226
ENSMUSG00000025212	-0.0554251411448803	6.75026907323707	-1.04432257779251	0.296397665759598	0.650099253217412	-5.408160249587
ENSMUSG00000036672	0.0377549757683511	7.38173253283409	1.41196422198032	0.158036296127016	0.499723510481117	-5.40818529888455
ENSMUSG00000038387	-0.0261242363035405	7.01612346685071	-1.04968471857889	0.293924887054121	0.647551774241107	-5.40818615882516
ENSMUSG00000047466	0.0210712634049948	7.159578259514	1.17708477674636	0.239229917808941	0.590298914078611	-5.408235016901
ENSMUSG00000063765	0.0579156363979303	7.1962188320956	1.13418594091014	0.256782790174508	0.610091951317605	-5.4083739906672
ENSMUSG00000007617	0.0365291988773082	6.55465398643542	1.08551089962213	0.277759183509343	0.630770519234329	-5.40867283073934
ENSMUSG00000005846	0.0372824663749389	6.77182187912658	1.06268949109222	0.287985301961088	0.641133780622075	-5.40869618539229
ENSMUSG00000030123	-0.0363360165747801	6.47492425271702	-1.11696760841437	0.26407354882097	0.617982201408779	-5.40875228903232
ENSMUSG00000023868	0.0520619659355983	6.4756722027147	1.10990962411426	0.267102988165793	0.621662206885313	-5.40879476218252
ENSMUSG00000024400	0.0242568517413337	7.30642972817632	1.33829087937492	0.180875757321115	0.523148160908061	-5.40881399306104
ENSMUSG00000044367	-0.0232391370718767	7.4697791589746	-1.78161429709397	0.0748860634334249	0.362997943521764	-5.40918823000538
ENSMUSG00000038665	0.0249666431690558	7.22836826149773	1.24254775403281	0.214105509264072	0.562567542401638	-5.40937328536163
ENSMUSG00000032468	0.0517067304014676	7.16758236991242	1.10397524943478	0.269668585034869	0.623612660904522	-5.4094559724379
ENSMUSG00000040359	0.0319974568692931	7.20816500188975	1.15364036874711	0.248714806814138	0.600893776259832	-5.4095154860289
ENSMUSG00000029009	0.04097241838946	7.47730537230622	1.6351173413338	0.102101125682576	0.414581330339731	-5.40959395849318
ENSMUSG00000026655	-0.0498375795509354	7.14258604358477	-1.1270805796214	0.259774293284718	0.612545920686074	-5.40965881301497
ENSMUSG00000049421	0.0377089791979	7.28577292539545	1.34171840337079	0.179761533892237	0.521774111862759	-5.40974874772059
ENSMUSG00000023861	0.0536940169219138	6.91896071802334	1.03129892663444	0.302461420484683	0.6544603873253	-5.40986305686644
ENSMUSG00000039756	0.0663177354162618	7.06805684356867	1.03700316999284	0.299795462706035	0.652528221426371	-5.41025491817993
ENSMUSG00000040055	-0.0358341086479692	6.80673851695606	-1.02915523795788	0.303467369300076	0.655192301887407	-5.41163550161769
ENSMUSG00000060402	-0.0359769214313364	7.17986331320179	-1.2065608432004	0.22767084484138	0.578045189954949	-5.41171689108358
ENSMUSG00000025486	0.0475540174302802	7.00144440981092	1.04521687452079	0.295984291616433	0.649689578184808	-5.41203863963996
ENSMUSG00000026135	0.0110873863586605	7.51578981562733	1.72096127900454	0.0853332051713754	0.383985262433955	-5.41208618925687
ENSMUSG00000085767	-0.0280300126031889	7.31097403494396	-1.41275465154359	0.157803690583505	0.499723510481117	-5.41212748877133
ENSMUSG00000032940	0.0549497830009384	7.45398618342085	1.55948004914662	0.118959892381236	0.443824496671655	-5.41215087306061
ENSMUSG00000029125	0.0239518346742873	6.78225313415249	1.04518853879065	0.295997383422891	0.649689578184808	-5.41273826123316
ENSMUSG00000015839	-0.0542917134680003	6.6436499414506	-1.08210722259002	0.279268450464848	0.632727143330762	-5.41285139460736
ENSMUSG00000024059	0.0531671645286549	7.05229819032871	1.04619762086903	0.295531401549388	0.649287156524715	-5.41287978185188
ENSMUSG00000104212	0.0336900016463026	6.88037008955427	1.02682136216829	0.304565091599138	0.656008480205116	-5.41306361380106
ENSMUSG00000055725	0.0327929401532243	7.48896833082709	1.63623140547082	0.101867828647833	0.414103119272084	-5.41341471929884
ENSMUSG00000041645	0.0465705004508044	7.26565400013014	1.17714212652811	0.239207033147126	0.590298914078611	-5.41382538776675
ENSMUSG00000061455	0.0377618876258845	7.54127419010124	1.68347510612999	0.092359192962938	0.398141733084205	-5.41384740941398
ENSMUSG00000027324	0.046981752879101	6.95630147439037	1.02547850516031	0.305197888738059	0.656180300588425	-5.41421977344193
ENSMUSG00000027550	0.0213123924135461	7.51951662535898	1.71851035483287	0.0857789717186433	0.384841594494165	-5.41433445666084
ENSMUSG00000006360	-0.0247502382427296	6.93543452084352	-1.02877447102693	0.303646280604588	0.655442807265882	-5.41491336424045
ENSMUSG00000053128	0.0468256395525648	6.86155437123944	1.02591985037091	0.304989816572754	0.656149148380419	-5.41511443066037
ENSMUSG00000020265	0.0482721171339273	6.81870588708912	1.03955189281163	0.298609364028934	0.651918746681365	-5.41541528617709
ENSMUSG00000029594	0.0192314244898197	7.0572807233813	1.07353516629423	0.283094172874185	0.636693578267916	-5.41544982557885
ENSMUSG00000044098	0.0189258291802874	7.37307010292707	1.42971027877977	0.152876291401171	0.494441020710179	-5.41564422142869
ENSMUSG00000096780	0.0250403610614844	7.46249394752557	1.69943428428194	0.0893131541145897	0.39264194017043	-5.41565455153682
ENSMUSG00000031980	-0.0383279635051617	7.36733403061589	-1.452807761218	0.146353572603492	0.486100376618851	-5.41588877126458
ENSMUSG00000034755	0.0669447995653645	7.30244885473202	1.19840711975264	0.230827746362795	0.582210650973682	-5.41609862968625
ENSMUSG00000018659	0.0475250424927562	7.00674988284802	1.03589977388275	0.300309923542369	0.652604895558172	-5.41629312719786
ENSMUSG00000020628	0.0436852746956431	7.04097253422373	1.04270148486037	0.297147974297844	0.65076540832593	-5.41662683604806
ENSMUSG00000032060	-0.0449869255157038	6.62334464136836	-1.06479986465486	0.287029135703351	0.640444652744361	-5.41691448563018
ENSMUSG00000042473	-0.0283374697748382	7.07081521096095	-1.10876066850688	0.267598398562613	0.622102038359381	-5.41697299456322
ENSMUSG00000089281	-0.0527860290344115	7.32839445798235	-1.33175891036313	0.183013366910104	0.525809541972279	-5.41709746952555
ENSMUSG00000024640	-0.0295183471150802	7.31355596951674	-1.47405819685469	0.140542605425953	0.476488283162058	-5.41726832587877
ENSMUSG00000041623	-0.015795591188736	7.34980851007819	-1.43245901638209	0.152088644861446	0.493356223523278	-5.41734507838641
ENSMUSG00000041798	0.0414883933505417	7.25249013331135	1.21700209140494	0.223673384254482	0.574349193886794	-5.41746660814251
ENSMUSG00000029088	0.0446253850085245	7.1569625983028	1.09527666981925	0.273459704292115	0.627231715579851	-5.4175091203266
ENSMUSG00000047712	-0.0691170906360039	6.79906609634352	-1.03290504885625	0.301709186181282	0.654073096617496	-5.41842549954549
ENSMUSG00000034173	0.0539512180608792	7.24741874454488	1.18162271206159	0.237423887950655	0.58740749504288	-5.41904757898517
ENSMUSG00000022664	0.0295280872667361	7.38035392652383	1.43587368271229	0.151114486524316	0.492758322470857	-5.41949728070578
ENSMUSG00000031748	0.0372665326022901	7.12657149038153	1.0819689526114	0.279329880172149	0.632727143330762	-5.42005012547339
ENSMUSG00000004264	0.0288128296373031	6.86690239506766	1.02437290023531	0.305719539623291	0.65657302680383	-5.42010224188982
ENSMUSG00000022831	-0.0242028299149153	7.04332782873874	-1.05662464592354	0.290745108037163	0.643864046625114	-5.42041094419406
ENSMUSG00000027014	0.041168996174167	7.31056849425003	1.30745900601478	0.191130094515807	0.536954376594554	-5.42050710498219
ENSMUSG00000049577	0.0428765706988674	6.8171845316923	1.01846249905368	0.308518235848396	0.658438824435111	-5.420567160823
ENSMUSG00000033628	0.0616092420701957	6.86442770826077	1.02456598973994	0.305628392767265	0.65657302680383	-5.42068224919545
ENSMUSG00000025260	-0.0260672537471747	6.93664071232211	-1.02043653414394	0.307581610573096	0.657765278362127	-5.42105171906561
ENSMUSG00000037860	-0.0311646230265206	7.36153126796999	-1.41079365412563	0.158381244861985	0.50016930367901	-5.42128154158859
ENSMUSG00000096974	0.0400498501472555	6.88089696120509	1.01652820836414	0.309437831899002	0.659232892031217	-5.42163425524588
ENSMUSG00000029202	-0.0206019766603065	7.33593116856283	-1.41185755791086	0.1580677048329	0.499723510481117	-5.42177839968111
ENSMUSG00000033595	-0.020904497616363	7.14542606580343	-1.11398198643894	0.265352137211135	0.619440242711298	-5.42223993937227
ENSMUSG00000022525	0.064712341315448	6.84760093131665	1.02707472603687	0.304445796224803	0.656008480205116	-5.42288317505908
ENSMUSG00000037211	0.0288026535887598	6.78886195200179	1.03136734225086	0.30242935230719	0.6544603873253	-5.42293830061708
ENSMUSG00000025138	-0.0240741236036639	7.31645076080494	-1.41918355347314	0.155921437397785	0.497441100511642	-5.42343099923618
ENSMUSG00000042581	0.0744702789502538	7.39964154871665	1.41032114634434	0.158520647247026	0.50016930367901	-5.42364742602883
ENSMUSG00000027500	-0.0416552223941471	6.91125466646912	-1.01502278504509	0.310154789275713	0.659413302963795	-5.4238303041372
ENSMUSG00000103093	0.0456896035399552	7.09363961363305	1.03864353530646	0.299031726226489	0.651936396876396	-5.4239360989657
ENSMUSG00000061882	0.0203954384311293	7.51379362428466	1.71455465394718	0.0865023916682847	0.386424852137926	-5.42414683500916
ENSMUSG00000030246	0.0202660555457639	6.73950179891179	1.03618770324245	0.300175619120286	0.652604895558172	-5.42428331849557
ENSMUSG00000103941	-0.0469966191312219	7.36088349116481	-1.41318797527191	0.157676283361707	0.499723510481117	-5.42440691211458
ENSMUSG00000069206	0.027177293443776	7.2269415083147	1.22405755672321	0.221000766366277	0.570946720730562	-5.42468171119612
ENSMUSG00000047793	-0.0222005674379382	7.54231419213875	-1.82183122510803	0.0685533376788678	0.35028515082835	-5.4247133532482
ENSMUSG00000027993	0.0613256727348066	7.04632458740623	1.05773956686437	0.29023643295537	0.643213608440359	-5.42473614199552
ENSMUSG00000022867	0.0520903525263936	6.85692179081677	1.01581190483244	0.309778834505912	0.659268130299719	-5.42478131061545
ENSMUSG00000074671	0.0492656007151151	7.15575710520875	1.06457671068278	0.287130140635322	0.640444652744361	-5.42486902381978
ENSMUSG00000097743	-0.0247392526096419	7.44238164099508	-1.63658795269344	0.101793253553779	0.414075287033344	-5.42487876707383
ENSMUSG00000036285	0.0502131856269319	6.6652423074949	1.0676138959823	0.285757495501335	0.639428969137994	-5.42496954388622
ENSMUSG00000024427	0.0433840407762611	7.11859445837315	1.1564752827208	0.247554103580593	0.598918368370036	-5.42512047186523
ENSMUSG00000085415	-0.0674866395599789	6.68187390931718	-1.06509966803461	0.286893475155099	0.640385534434117	-5.42527630056076
ENSMUSG00000053931	-0.0506493177945551	6.90429063806249	-1.01621344697184	0.309587646262116	0.659268130299719	-5.42545364418873
ENSMUSG00000031402	0.0515381369272365	6.87285330559741	1.01284698835909	0.311192949167121	0.660274492145199	-5.42548708244975
ENSMUSG00000059743	-0.0371876619370246	6.96323893599428	-1.01970786832403	0.307927122967291	0.657978870479201	-5.42577334516262
ENSMUSG00000028247	0.0410389624119496	7.27915173569384	1.23469029182584	0.217016462880578	0.565797161733152	-5.42580089295304
ENSMUSG00000021700	0.0484716868358186	7.22720766391783	1.186282602907	0.23557937158289	0.586375090861176	-5.42587851859032
ENSMUSG00000031660	-0.0606929992204792	6.6331262452664	-1.07352383144647	0.283099255039023	0.636693578267916	-5.42596682428428
ENSMUSG00000032469	0.0425527561524248	6.95287157673467	1.01316643730475	0.311040383813454	0.660157408225237	-5.42603254945019
ENSMUSG00000027404	0.0363229866060024	6.85205962260776	1.01159973460713	0.31178909673363	0.661125519786449	-5.42626706465791
ENSMUSG00000007987	0.0265112449310143	6.95125073605925	1.01133829938968	0.311914149853916	0.661225669784386	-5.42635501189333
ENSMUSG00000026311	0.0240744089066354	7.29692342591566	1.31254702612185	0.189409011651111	0.534331837998433	-5.42635695696426
ENSMUSG00000020832	0.0439793718201829	6.9586829899138	1.04102713607441	0.297924264376487	0.651178006838047	-5.42664660280338
ENSMUSG00000016494	-0.0710450636984259	6.82386632255928	-1.01632813385016	0.309533054152053	0.659268130299719	-5.42682241345563
ENSMUSG00000093674	-0.0191833140626629	6.95945475462943	-1.01831949403162	0.308586161012182	0.658438824435111	-5.42686589104976
ENSMUSG00000033047	0.0303310131614598	7.02572133231046	1.02912429877691	0.303481904104803	0.655192301887407	-5.42697810829066
ENSMUSG00000041272	-0.053710757074434	7.28303586587293	-1.26916597348105	0.204453830449096	0.551004815682152	-5.42708300889662
ENSMUSG00000037013	-0.0617189749106402	7.07405923288784	-1.18336829557774	0.236731744718081	0.587049171220719	-5.42713971966827
ENSMUSG00000061046	-0.0340865703255195	7.27856845653295	-1.30184896133012	0.193041073093841	0.538846551719685	-5.42731677596816
ENSMUSG00000038872	0.0599066289691041	7.25042592860348	1.21579153815454	0.224134257495466	0.574606678362211	-5.42759557325034
ENSMUSG00000028470	0.032587112976282	7.07216148719642	1.06049511550912	0.28898180436833	0.642203507123148	-5.42777672671236
ENSMUSG00000056917	0.0455306691796045	6.81601338889462	1.00950161096153	0.312793630970395	0.661909793771909	-5.42830013522414
ENSMUSG00000052488	-0.0122897670621995	7.33617002401032	-1.42979202871899	0.152852821375392	0.494441020710179	-5.42844226181536
ENSMUSG00000046818	-0.0547471362510699	6.69928024269626	-1.02006161712335	0.307759353376671	0.65782773341966	-5.42895834641006
ENSMUSG00000048440	-0.0463481688079419	7.21204772493298	-1.26701800186282	0.205220733252231	0.55156682086049	-5.42930986086602
ENSMUSG00000014859	-0.0383928597632615	6.71592362681513	-1.02120009054183	0.307219829619	0.657765278362127	-5.42969038787121
ENSMUSG00000028150	-0.0304054995924528	7.15093746164294	-1.15932110678088	0.24639275419638	0.597686652339563	-5.42980026310648
ENSMUSG00000035045	0.050829181668627	7.22032765681548	1.2199226619448	0.222564277435562	0.573297180507054	-5.42980684214498
ENSMUSG00000020635	-0.0553404604889094	7.13008225475221	-1.092199169757	0.274809665083063	0.628377789902899	-5.43010409237872
ENSMUSG00000040699	-0.042880424718855	6.72465924878894	-1.02527654365803	0.305293134885679	0.656230768079027	-5.43012168626415
ENSMUSG00000034192	-0.0359646114153254	6.73657014529427	-1.02718882643239	0.304392082641939	0.656008480205116	-5.43055162751226
ENSMUSG00000074890	0.0475942646489633	7.25943965158576	1.21022803544044	0.226261087276722	0.576533753727559	-5.43122916936434
ENSMUSG00000041187	-0.0493018002719694	6.97755860550091	-1.07086134619507	0.284294737419309	0.637629123230933	-5.43150168258897
ENSMUSG00000050890	0.0305605337458292	7.44328343616081	1.50317451655621	0.132870973869159	0.465014110407345	-5.43153573242297
ENSMUSG00000046947	0.0377096470873095	6.94745191224249	1.01124315830372	0.311959667192089	0.661225669784386	-5.4315817231804
ENSMUSG00000022335	-0.0555412485359206	6.93307734755558	-1.02629147785307	0.304814685871613	0.656008480205116	-5.43180054818593
ENSMUSG00000031889	0.0314126061984439	7.40653302614532	1.50487177643097	0.132433983331209	0.464150877950402	-5.43189215036026
ENSMUSG00000005674	0.0395523755685527	6.84947540418586	1.00581257878003	0.314565021060138	0.663141946999527	-5.4319982330873
ENSMUSG00000041215	-0.0147960573087733	7.51848497596853	-1.77215667038738	0.0764427173999248	0.366611376904203	-5.43203136665189
ENSMUSG00000073448	-0.0775960958325248	7.1117511877799	-1.17551134905135	0.239858375711141	0.591159939804777	-5.43225208752295
ENSMUSG00000026650	-0.0466540853539064	7.37086670775742	-1.42545583721195	0.154101510934084	0.496037104758857	-5.43230361499934
ENSMUSG00000078234	0.0410774742266966	6.91532528608665	1.01821200791351	0.308637221760276	0.658438824435111	-5.43259074343311
ENSMUSG00000067242	0.0524866490575766	7.12327509631959	1.07923919686951	0.280544520685809	0.633409260858984	-5.43290854890618
ENSMUSG00000103723	0.054135173326447	7.26104537220743	1.34807752284963	0.177707834631768	0.520083236025273	-5.43292234122762
ENSMUSG00000026594	0.0384519728087902	7.16797089550415	1.22410430258305	0.220983135685719	0.570946720730562	-5.43295849237141
ENSMUSG00000020528	0.0454006073350826	7.14345198365446	1.05382484414266	0.292025142058922	0.645032750173294	-5.43297516259128
ENSMUSG00000056023	0.0564313969066959	6.97990850640582	1.05068463593109	0.293465305599941	0.64717023638972	-5.43314710222482
ENSMUSG00000026701	0.0351164910974697	6.73432868145822	1.02024954162633	0.307670252556025	0.657765278362127	-5.43328723874425
ENSMUSG00000038523	-0.0471684457056281	7.21487081018492	-1.32338358608374	0.185781551031282	0.529887383004168	-5.43354416966471
ENSMUSG00000040033	-0.0416239634032101	7.19972794338328	-1.1979999220445	0.230986214160454	0.582210650973682	-5.4338436841751
ENSMUSG00000051451	0.0254253886772338	7.40374285025288	1.4894794475019	0.136437987065931	0.470245544542702	-5.43433780272029
ENSMUSG00000059842	-0.0509136552462559	6.84283283933893	-1.01713868936237	0.309147402953637	0.659030877096266	-5.43465821009442
ENSMUSG00000031970	0.0453750253605705	7.09628259142796	1.04740386487573	0.294975017831878	0.648713944458864	-5.43516627705302
ENSMUSG00000034908	-0.017631391425712	7.48884964565434	-1.6930186306193	0.0905278009336502	0.395255932780369	-5.43516634858582
ENSMUSG00000010660	-0.0285124048992058	7.44296915789732	-1.63124091736306	0.102916207435213	0.416371296389764	-5.4363259901579
ENSMUSG00000021461	-0.0474352229906092	7.19421489079967	-1.2360790661626	0.216499902101912	0.565433659363901	-5.43640334242975
ENSMUSG00000019878	0.029841155045057	7.17906745864339	1.22992600700706	0.218795299305582	0.567845839966517	-5.43642758756471
ENSMUSG00000035247	0.0244898408128078	7.08518269956759	1.05285717266599	0.292468428690817	0.645601914065467	-5.43669626874989
ENSMUSG00000049872	-0.0583513218627836	7.00922352964357	-1.02721142785896	0.304381443604581	0.656008480205116	-5.43670441282905
ENSMUSG00000063787	0.0349801080983108	6.45167633758011	1.12314444123714	0.261441838105249	0.615280062668107	-5.43704693215539
ENSMUSG00000022561	0.0374869017423425	7.16727773703114	1.18597469943511	0.235700934585596	0.586454822295855	-5.43711635273187
ENSMUSG00000028016	-0.0491016904888415	6.73894998344355	-1.00063452895613	0.317062512012618	0.665603565287274	-5.43751103326964
ENSMUSG00000053950	0.0448786291821621	7.14714474603867	1.15214943503977	0.249326767472457	0.601489735478928	-5.43758044562541
ENSMUSG00000008429	0.0348143301644619	6.82098825740058	1.00496139247496	0.314974676487843	0.66341877642103	-5.43762351611829
ENSMUSG00000036114	0.0340281586997744	6.36714062122466	1.140632979419	0.254089231233477	0.606503837511175	-5.43822580104587
ENSMUSG00000050608	0.0223052963378043	6.60178188280829	1.05867509408365	0.289810067614236	0.642968427989298	-5.4386019846069
ENSMUSG00000034771	-0.0266655695063118	7.3520498246344	-1.51760157637597	0.129191876410586	0.459612558481954	-5.43861443479843
ENSMUSG00000026791	0.0305772517003371	7.37191257382345	1.44809686616917	0.14766633550822	0.487582966516288	-5.43865951168936
ENSMUSG00000046985	0.0225318950292506	7.5223234026807	1.72569495187376	0.0844775635118481	0.382300128208724	-5.43911699752664
ENSMUSG00000060657	0.0408444726717825	7.16083251859594	1.14755783225005	0.251218023007428	0.603154587557059	-5.43927111286147
ENSMUSG00000085517	0.0280414804309581	7.42381081285084	1.492250556442	0.135710321267467	0.469617288347195	-5.43949643320201
ENSMUSG00000018995	0.0484686267625252	6.98263007984789	1.08060994264323	0.279934141589693	0.632727143330762	-5.43952113590896
ENSMUSG00000000420	-0.0310807791646317	7.41316555673979	-1.49166724214264	0.135863244160201	0.469797274458867	-5.43962056042166
ENSMUSG00000006395	-0.0426310707717761	7.07921182414929	-1.07786411771502	0.281157737285537	0.634208011571357	-5.43993317980473
ENSMUSG00000043421	-0.0496958911501855	6.99431872765463	-1.06851178797593	0.285352547476466	0.638851914062337	-5.44039213584036
ENSMUSG00000038072	-0.05725554084853	6.57885376017968	-1.06382242414257	0.287471726772835	0.640704864998699	-5.44039792160513
ENSMUSG00000024241	0.0301099793479231	7.23734045230287	1.21503946317489	0.224420923940886	0.574637546291267	-5.44080991920126
ENSMUSG00000030471	-0.0514267845244705	6.93319524996186	-0.99656493570541	0.319034474408253	0.666174249811657	-5.44129111860324
ENSMUSG00000069049	0.0173709367326182	7.54755004443892	1.79080561545707	0.073398152615207	0.360197606383845	-5.44139438715264
ENSMUSG00000060568	0.0230183976142557	6.98556699148682	1.01604844325163	0.309666200858676	0.659268130299719	-5.44166774604262
ENSMUSG00000028980	0.020048119196221	7.43768885101899	1.57346109043391	0.115689157988052	0.438926945351247	-5.44193570643138
ENSMUSG00000079070	0.0531150020646898	7.16260440572754	1.11943403627305	0.26302051528756	0.616542593858374	-5.44200848694636
ENSMUSG00000005374	-0.0343924426619289	6.99206338379797	-1.02571315169442	0.305087252921161	0.656180300588425	-5.44210510529315
ENSMUSG00000039725	0.0589264899775603	6.7018786948486	1.03192631331528	0.302167432803896	0.654409535164188	-5.44227282015293
ENSMUSG00000005054	-0.0232917770795096	6.80132807428765	-1.00786976440864	0.31357639474989	0.662227603790583	-5.44262101318665
ENSMUSG00000029279	0.0389348003499128	7.08224366427452	1.01541936071891	0.309965813872269	0.659268130299719	-5.44267151866801
ENSMUSG00000048997	-0.0172364490208183	7.43454345412083	-1.58538518461746	0.112955873413692	0.434636873429957	-5.44306811873322
ENSMUSG00000033487	0.0453639102660137	7.20313663887345	1.137247361011	0.255501272817224	0.60858859045255	-5.44337196731708
ENSMUSG00000096188	0.0279711095520305	7.37193007544877	1.45809545364898	0.144890737311773	0.483730267538297	-5.44339423208281
ENSMUSG00000026754	-0.0298015456306677	7.38102437365966	-1.57502607341626	0.11532748920838	0.438477313148406	-5.44392992434273
ENSMUSG00000052137	0.0170365439087901	7.15241560085577	1.13351465197119	0.257064388935185	0.610381608613528	-5.44404088863875
ENSMUSG00000028756	0.0310685773175186	7.01832583961013	1.0234210140953	0.306169135859105	0.657013106115202	-5.4441862871059
ENSMUSG00000029333	0.0509057591520916	6.76777201519723	1.00622534901149	0.314366490930825	0.662961717847273	-5.44442666614643
ENSMUSG00000038335	-0.0318202793058511	7.06971519160569	-1.06017153758885	0.289128942873558	0.642203507123148	-5.44473931565408
ENSMUSG00000002983	0.0481055705313018	7.18270442490638	1.13710558568753	0.255560521911159	0.608622792213507	-5.44475905059014
ENSMUSG00000025978	-0.0498234275485592	7.1277299171718	-1.11953819350207	0.262976109591806	0.616542593858374	-5.44480149527451
ENSMUSG00000025255	0.0542084208234339	7.12046333974437	1.07182969277038	0.283859545283701	0.637074609328988	-5.4451942390124
ENSMUSG00000057315	0.0605582127447972	7.01588955080537	0.994404241177655	0.320084717628445	0.667134296941807	-5.44549574173081
ENSMUSG00000029765	0.0377633165181184	7.26408531041303	1.27661360658834	0.201810912023915	0.548458098163871	-5.44627139950586
ENSMUSG00000025436	0.033573855830987	6.97050866685694	0.994548205662682	0.320014670939131	0.667134296941807	-5.44674329550095
ENSMUSG00000026024	0.0128613971657545	7.28842227603207	1.29244994245116	0.196274118958605	0.543329349484382	-5.44680609823369
ENSMUSG00000022350	0.0243555987625275	7.5752130532549	1.82269190198378	0.0684227799829651	0.350183823581125	-5.44683200726533
ENSMUSG00000001518	0.0620134463557864	7.29818525094328	1.18505222207264	0.236065402536341	0.586454822295855	-5.44727183759795
ENSMUSG00000036052	0.0417887770638945	6.7002054348429	1.01446683066447	0.310419839577977	0.659575468554748	-5.44752936914065
ENSMUSG00000020723	0.0392717452530036	6.89451383119039	0.989056098010662	0.322693991327822	0.669539334761617	-5.44760383334193
ENSMUSG00000025135	0.0164928377800777	6.69794941160131	1.01929952561715	0.308120859631302	0.657978982896412	-5.44779731286474
ENSMUSG00000039960	-0.0427106945302391	7.01748853095385	-1.09594358138816	0.273167759132308	0.626809570238688	-5.44792524543089
ENSMUSG00000027907	-0.0526225850871294	6.96104240350576	-0.999553000062743	0.317585795855157	0.665775213695143	-5.44903893746196
ENSMUSG00000024176	-0.0481593270087259	7.20046499450923	-1.21288881282652	0.225242128056852	0.575871138776647	-5.44944386766215
ENSMUSG00000028189	0.0411809195237121	7.45132446341894	1.56764770283894	0.11704045213444	0.441534727255217	-5.44955964543508
ENSMUSG00000024892	0.0286017360567117	6.95280521926007	0.995715655392531	0.319447012441736	0.666665653212603	-5.44961252819991
ENSMUSG00000025487	0.0249510524823338	6.74390709968942	1.00857925987631	0.31323590581219	0.662220296212812	-5.4496983320101
ENSMUSG00000044906	-0.027068407177647	7.3386578417406	-1.45662674488242	0.145295925677953	0.484486512627074	-5.45032061406379
ENSMUSG00000026675	0.0456516492719139	7.46250684591493	1.57612861731856	0.115073224942957	0.438367385456207	-5.45053009774212
ENSMUSG00000020599	0.0433810270576673	6.61479913834489	1.03810457341456	0.299282517683855	0.651936396876396	-5.45067979004026
ENSMUSG00000051323	0.0379235542714671	7.47466772397243	1.6050974958599	0.108549275124987	0.427590284221121	-5.45080593455254
ENSMUSG00000036208	-0.0270755678035703	7.25086165189025	-1.21174536404029	0.225679615571439	0.576009832062794	-5.45109616702683
ENSMUSG00000055421	0.0359661711160069	6.90506229378269	0.98734011637901	0.32353412389849	0.669890234793753	-5.45114590880679
ENSMUSG00000002718	0.0277963492690922	7.18250029890085	1.09282036437676	0.274536808924688	0.628377789902899	-5.45140121814097
ENSMUSG00000020572	0.0458123398507801	7.35762533126277	1.36259941595512	0.173083543716021	0.514281544094195	-5.45150835536631
ENSMUSG00000002028	0.0121253787985207	7.3672943109343	1.42474150228295	0.154307959312544	0.496084272693964	-5.45161857897861
ENSMUSG00000034673	-0.0416835721219542	6.71110386301271	-0.999875550922048	0.317429674541701	0.665775213695143	-5.4517928073864
ENSMUSG00000037062	-0.0297565448066379	7.38129316086943	-1.45421557117666	0.145963003551897	0.48587439286929	-5.45184311064068
ENSMUSG00000062580	0.0477753430841572	6.66619805049226	1.04135042163834	0.297774271729881	0.651060083230725	-5.45192625538664
ENSMUSG00000002968	-0.0189968721652605	7.4089790623782	-1.55992540255177	0.118854599728248	0.44379803445761	-5.45212860208206
ENSMUSG00000021385	0.0384536744170276	6.65951940310496	1.02418404252229	0.305808706326605	0.656660506869831	-5.45213860490414
ENSMUSG00000092509	-0.0117948049097931	7.3318633817672	-1.32290051297833	0.185942154230183	0.530068067084278	-5.45228587399528
ENSMUSG00000066233	-0.0430033857178822	7.29204144627009	-1.32804382537127	0.184237467041738	0.527537820095436	-5.45238715056875
ENSMUSG00000020788	-0.044684672244216	7.14740412250041	-1.23162500056765	0.218159749662793	0.566738817000987	-5.45287317995493
ENSMUSG00000025198	0.0425878011768068	6.71053591263302	1.00765348392178	0.313680236824264	0.662227603790583	-5.45345336100471
ENSMUSG00000076617	0.0272458226207943	7.12331238802568	1.03453722227188	0.300946028068432	0.653358886877791	-5.4537084031045
ENSMUSG00000079317	0.0244865490808044	7.07909538882757	1.02034357636888	0.307625674187605	0.657765278362127	-5.45396950634718
ENSMUSG00000061983	-0.0109339815966383	7.00307760324914	-0.994940149215299	0.319824019527046	0.666962636634988	-5.45398565275798
ENSMUSG00000047844	0.0355919833570155	6.84220352468233	0.993535701337268	0.320507523084478	0.6676050081394	-5.45430113568323
ENSMUSG00000021973	0.0517416833763802	7.20810947608389	1.09608312656422	0.273106699249611	0.626809570238688	-5.4548778325473
ENSMUSG00000031523	-0.0420486911936484	6.92439059918775	-1.00457980592849	0.315158438692373	0.663534636062007	-5.45545895765258
ENSMUSG00000044258	-0.062941048654551	6.71361076382119	-1.02227805945249	0.306709556807652	0.657449513232908	-5.45551911447955
ENSMUSG00000020805	-0.0299628407460997	7.3841206972239	-1.53123070966555	0.125789442110726	0.45406311546838	-5.4558448465966
ENSMUSG00000002329	-0.0216685412467577	6.83511001146099	-0.983374062282256	0.325481327417994	0.672318753805254	-5.45595233480798
ENSMUSG00000061477	0.021180833868697	6.9902120102891	0.998361061307697	0.318163155709517	0.665879731516663	-5.45603750427802
ENSMUSG00000102162	-0.0377275248242688	7.26246291000573	-1.27553460565333	0.202192262632278	0.548458098163871	-5.45614750336283
ENSMUSG00000032523	-0.044477273960541	6.75146976883522	-0.980313798854391	0.326989018140525	0.673379842740569	-5.456250791595
ENSMUSG00000053226	-0.0587509712686618	6.83174271624609	-0.985796178083829	0.324291242789288	0.670848439081044	-5.45647712413696
ENSMUSG00000069874	0.0691803111771581	6.8422386865439	1.01215652166788	0.311522877254854	0.660767704915724	-5.45670775886679
ENSMUSG00000033684	0.0333823747770872	7.46756542490597	1.61307993464432	0.106804011662873	0.4245232454193	-5.45677628427223
ENSMUSG00000035354	0.0326986428752241	7.19033270839095	1.120743666803	0.262462552857716	0.615977915709681	-5.45688650064876
ENSMUSG00000035919	0.0420648627024072	7.02704023686565	1.00507123497807	0.314921792240896	0.66341045046645	-5.45688884836725
ENSMUSG00000023367	-0.0477185224857264	6.98843430306384	-1.00295664000772	0.315940900661474	0.664318661781678	-5.45700986817907
ENSMUSG00000030588	0.0393964225889096	6.65845965208331	1.02359181333988	0.306088431454684	0.657013106115202	-5.45713453696605
ENSMUSG00000055850	-0.0423228824375883	6.70846278674198	-0.997826848770014	0.31842214451646	0.665969106170933	-5.45738840624464
ENSMUSG00000063972	-0.0559809074504178	7.08657047850672	-1.13143747113316	0.257937102699972	0.611062596261789	-5.45773594774906
ENSMUSG00000041911	-0.056252123592051	6.9792455764095	-1.00238196335534	0.316218234374464	0.664695631263409	-5.45778419999124
ENSMUSG00000071234	0.036842272797351	6.66365489763603	1.01813405552062	0.308674256154633	0.658438824435111	-5.45790620938333
ENSMUSG00000003153	0.0468920162763693	6.713454028522	1.00515653012274	0.314880730474736	0.66341045046645	-5.45792184651492
ENSMUSG00000025332	-0.0080356317183039	7.20273120514154	-1.20326900889598	0.228941629355138	0.579673974498641	-5.45842916116848
ENSMUSG00000017760	-0.0219009739201637	7.20832813145746	-1.14492824323133	0.252305634444924	0.60475240745464	-5.45849231601068
ENSMUSG00000027663	0.0267628653058996	6.52064221399518	1.05662891860995	0.290743157508673	0.643864046625114	-5.4589111643254
ENSMUSG00000032565	0.0610910208289663	7.25045002579448	1.1123826625403	0.266038797142894	0.620071172711597	-5.45909847086265
ENSMUSG00000027603	0.037944028530756	7.1116824117865	1.09964174778125	0.271552731147675	0.626108729175228	-5.4593427884279
ENSMUSG00000031382	0.0413727568582116	7.16403100174773	1.08933354407435	0.276070772445977	0.629856126986327	-5.46013003304785
ENSMUSG00000022020	0.0194398868828252	7.21314625890699	1.14396198757885	0.252706106439247	0.605440783018787	-5.46023982471849
ENSMUSG00000030226	0.0390017171705646	7.09710716327975	1.03629586309295	0.300125178395019	0.652604895558172	-5.46037792253478
ENSMUSG00000071723	0.0234468530551553	7.15389069166267	1.07251592425307	0.283551413995396	0.637074609328988	-5.46054526794955
ENSMUSG00000025362	-0.0168337171933439	6.84316655760148	-0.975977381751183	0.329133184818747	0.675796926419538	-5.46070067391335
ENSMUSG00000097535	-0.0380597787082397	7.45767785904364	-1.54003378430969	0.12362919768649	0.450218818757303	-5.46077979237608
ENSMUSG00000031428	0.0111345183081157	7.11286177961334	1.03106211222435	0.302572439024386	0.654583872393909	-5.46081270017689
ENSMUSG00000037851	-0.0185484617045395	7.15283166683435	-1.09262551107384	0.274622377183909	0.628377789902899	-5.46122031519131
ENSMUSG00000060743	-0.0373702123412318	6.78285540356074	-0.997500530104959	0.318580413312988	0.665969106170933	-5.46156985570535
ENSMUSG00000050947	0.0229749905335588	6.79015599954608	0.980457745723335	0.326917998741103	0.673379842740569	-5.46158078775809
ENSMUSG00000022311	0.0356793232560468	7.51109137385068	1.66484538754089	0.0960199228774835	0.405174811248973	-5.46184042188582
ENSMUSG00000030982	-0.0374509724639953	7.23814500476472	-1.13029629315736	0.258417434906713	0.611452632192883	-5.46191527310764
ENSMUSG00000028419	0.02259245049384	6.52457405040365	1.06159646946138	0.288481371082127	0.642027319292758	-5.46215556773327
ENSMUSG00000053119	0.0309041109859871	6.65927265736905	1.03073495899406	0.302725852977623	0.65467882115377	-5.4625274245987
ENSMUSG00000019558	0.0383214687902811	6.98431710114055	1.00455732415729	0.315169267529291	0.663534636062007	-5.4627335603753
ENSMUSG00000031683	0.0234680619498722	6.78194087420977	1.00100154366139	0.316885065293481	0.665603565287274	-5.4627691440101
ENSMUSG00000074797	0.0449896436023014	6.53543505028578	1.0698407442909	0.284753902728966	0.638447728327985	-5.46299781390109
ENSMUSG00000095139	0.0372975064928438	7.27704913760633	1.21040207252843	0.226194338420421	0.576533753727559	-5.46306733868862
ENSMUSG00000026170	-0.0398096731089481	6.99028377633644	-0.989870330634669	0.322295847128864	0.669285387855579	-5.4633149122409
ENSMUSG00000041025	0.05888238055031	6.9654001791986	1.00000305518182	0.317367973715974	0.665775213695143	-5.46352442020991
ENSMUSG00000018378	-0.0296617084237596	7.40916509006332	-1.51404144046725	0.130092319196187	0.461604727469747	-5.46353551311012
ENSMUSG00000033032	-0.0479445457360539	6.96454493250254	-1.00574259913017	0.314598687350712	0.663141946999527	-5.46364580374586
ENSMUSG00000068290	0.0209060078031502	6.89591345972367	0.971899559938318	0.331157784260403	0.677853694824535	-5.46366802871208
ENSMUSG00000103898	-0.0449352668627396	7.41274407581604	-1.4581478798027	0.144876289972955	0.483730267538297	-5.46372590573872
ENSMUSG00000064177	0.019477428586864	7.49469139100004	1.62893459152502	0.103403601191847	0.417494349302879	-5.46373455099968
ENSMUSG00000013089	-0.0349039137738529	7.04153518804949	-1.02125702514923	0.307192864707582	0.657765278362127	-5.46383756141825
ENSMUSG00000048728	0.0509776118606018	7.06886170441823	1.02740461674553	0.304290515008307	0.656008480205116	-5.46444739278352
ENSMUSG00000046480	0.053789976344552	6.75395153400365	0.981446082233371	0.326430651525229	0.67311883136128	-5.46464930808318
ENSMUSG00000025153	-0.0164948518512267	7.518459408864	-1.7232837574623	0.0849125305358956	0.383237046939305	-5.46475762203016
ENSMUSG00000000776	0.0347616479794013	6.92570728333912	0.975555770991454	0.329342137808268	0.67583180027312	-5.46476760238903
ENSMUSG00000005043	-0.0165064574415261	7.48437826725756	-1.65328948994778	0.0983484293976807	0.407770032346714	-5.46483716639681
ENSMUSG00000006134	-0.0183552072631965	7.3356729777976	-1.40127731654104	0.161206760316253	0.503720040647098	-5.46501896553722
ENSMUSG00000040250	-0.036142947026681	6.9059597037147	-0.97602595682659	0.329109116223235	0.675796926419538	-5.46561443761454
ENSMUSG00000031557	0.0355572852877737	6.85821863370929	0.96854851144842	0.332827566071992	0.679078426005126	-5.46573439506863
ENSMUSG00000060032	-0.0457165419114975	6.61224306131472	-1.02522347570813	0.305318165293001	0.656230768079027	-5.46573993283152
ENSMUSG00000041625	0.0342194607013955	7.22519787471915	1.16345232746588	0.244713654295438	0.596896468815344	-5.46607786252313
ENSMUSG00000018848	0.0511389476477015	6.9508156692887	0.971902108513236	0.331156516406333	0.677853694824535	-5.46663039049126
ENSMUSG00000030846	0.0329156558229435	7.45630678315895	1.56208854092057	0.118344219090393	0.44302560825345	-5.46689808652535
ENSMUSG00000023307	0.0263333983045726	6.99659726926695	0.97456189121876	0.329835051146768	0.676331461501494	-5.46717393558994
ENSMUSG00000041360	-0.0282543908370192	6.77017516759106	-0.995675563488892	0.319466495716351	0.666665653212603	-5.46719992473898
ENSMUSG00000029144	-0.0330779741487195	7.1764343500907	-1.22222017246121	0.221694553922348	0.572302886915307	-5.46731514796326
ENSMUSG00000024867	0.043428910847104	6.83518842660154	0.97929520121162	0.327491852399793	0.673801407971877	-5.46801275026274
ENSMUSG00000057113	0.0263849109780949	6.90642054970704	0.966346137702844	0.333927935175933	0.679763023285013	-5.46838884675094
ENSMUSG00000029119	-0.0169741405974753	7.42619835606534	-1.53198453046421	0.12560331294761	0.45406311546838	-5.46841386120875
ENSMUSG00000026247	0.0475633993459148	7.06540914472025	0.980108586692674	0.327090281467927	0.673453308449834	-5.46845984531315
ENSMUSG00000031666	0.0297394996410771	7.12104586474147	1.09899551424019	0.271834475392464	0.626152194592427	-5.46859909613889
ENSMUSG00000021368	0.0489036801381051	7.10479877045865	1.00314824926722	0.315848467303069	0.664227318085158	-5.46931177734286
ENSMUSG00000022450	0.0219069358894295	6.72547390913458	0.996626079455332	0.319004787290901	0.666174249811657	-5.4694779706233
ENSMUSG00000009876	0.0191901801355696	6.85087035618125	0.963978364175564	0.335113557852968	0.680363824104603	-5.46965311879977
ENSMUSG00000022704	0.0167847699562271	7.53558937681836	1.76239047505843	0.0780777597561844	0.370091226898004	-5.4697450465517
ENSMUSG00000006850	0.0615539379346313	7.05639182143727	1.06027911487319	0.289080019345644	0.642203507123148	-5.47015678862171
ENSMUSG00000026563	0.0244084495549552	7.1147062795964	1.05512733946003	0.2914291872265	0.644536705492958	-5.47027591097104
ENSMUSG00000057982	0.0481890000461194	7.18249392577519	1.11385592516183	0.26540621647235	0.619440242711298	-5.47036049797857
ENSMUSG00000082515	0.0484288796686201	7.25826251173015	1.23285003437701	0.217702320374419	0.566066117445059	-5.47040511110067
ENSMUSG00000027865	0.0519334042276949	6.61646998064455	1.01057852886989	0.312277760942033	0.661443310619205	-5.47065371825596
ENSMUSG00000063358	0.0616718768471021	6.79861215780333	0.974825047946332	0.329704492425924	0.676268306854868	-5.4707218067486
ENSMUSG00000026036	-0.039494121872373	6.79949626932326	-0.968312442212939	0.332945400845421	0.679081366748334	-5.47102971364887
ENSMUSG00000025049	0.0589608100882604	6.97793359241532	0.969931752322435	0.332137658019905	0.678487625046539	-5.47104865076627
ENSMUSG00000040964	0.0486171047593666	7.13145320333106	1.05182300805465	0.292942675063427	0.646361545084871	-5.47109737937785
ENSMUSG00000061315	0.0231672424494747	6.82858008886122	0.972408029106903	0.330904895399025	0.677705222329302	-5.47117090031443
ENSMUSG00000033953	0.0300026794665564	6.92167609102162	0.962770654317808	0.335719341617546	0.680929891070157	-5.47142595656487
ENSMUSG00000090035	-0.0467019847719712	7.05026594218307	-1.00847491334356	0.31328596674032	0.662220296212812	-5.47152891717622
ENSMUSG00000079681	0.0446464954295847	6.91619135233029	0.965325410974814	0.334438714617545	0.680039233261323	-5.47187781522734
ENSMUSG00000038128	0.0461625332543232	6.75075436141801	0.976616401799455	0.328816646281342	0.675469104588248	-5.47239122491775
ENSMUSG00000062762	0.0179689073229499	7.2305019193162	1.14384895483037	0.252752982652323	0.605446102261518	-5.47244171182577
ENSMUSG00000025337	-0.0458318146264443	6.51145873375492	-1.05858148849444	0.289852709239607	0.642968427989298	-5.4725130171533
ENSMUSG00000059447	0.02772522661063	6.96885405772314	0.970355597442345	0.331926445298243	0.678465060357844	-5.47309325453771
ENSMUSG00000022687	-0.0539408875469016	7.23668994454949	-1.35017380163723	0.177034678723229	0.519419211021325	-5.4733722132168
ENSMUSG00000025364	0.0579633307695877	7.01989555364299	0.962628309351038	0.335790787871902	0.680929891070157	-5.47346555139428
ENSMUSG00000023886	-0.0722738782901882	6.62955025706755	-0.992603149975639	0.320961895719402	0.668038284028808	-5.47355969774458
ENSMUSG00000009281	-0.0568245715424283	6.98500494803984	-0.973296130198445	0.330463495170555	0.677047202446609	-5.47356907580888
ENSMUSG00000059316	0.0394428928444439	6.75763709713111	0.97068369205947	0.331763007105467	0.678348361880177	-5.4736316889164
ENSMUSG00000052337	0.0444122280842532	6.64425332089983	1.02923073508813	0.303431903721725	0.655192301887407	-5.47368968749043
ENSMUSG00000057914	0.039104317814413	7.10519392132589	1.01686557927033	0.309277309488223	0.659098044960912	-5.4737487769978
ENSMUSG00000006715	0.0334866506735363	6.92939649942387	0.960493911158935	0.336863266046824	0.681318558837467	-5.47412039427613
ENSMUSG00000066406	0.0259803205718656	7.47460958040254	1.649294737369	0.0991637843940112	0.409369487278312	-5.47424721177314
ENSMUSG00000071679	-0.0354040881025304	7.46926734113487	-1.60753436998769	0.108014104719151	0.426662239820247	-5.47433582459613
ENSMUSG00000042485	-0.0213879250628759	7.10148911088915	-1.04386920288373	0.296607378485514	0.650237254775023	-5.47439888615815
ENSMUSG00000037242	-0.0473733336126836	7.10112583891799	-1.04261834604142	0.297186488581842	0.65076540832593	-5.47445668172028
ENSMUSG00000026200	0.0123617919897594	7.54204594699687	1.76748498421829	0.0772213256189192	0.367873061398913	-5.47473618539935
ENSMUSG00000090812	0.0502584921058329	6.74547769309272	1.00115468218538	0.316811044129789	0.665603565287274	-5.47522755919912
ENSMUSG00000024312	-0.0256363374514059	7.49335368939863	-1.66953326531631	0.0950879941224992	0.403160188182184	-5.47531029630217
ENSMUSG00000049600	0.0248146436616494	6.86947057916332	0.957696806093441	0.338272068801233	0.68302511867256	-5.47538007811688
ENSMUSG00000090862	0.012892641084651	6.93840878400644	0.960993386743346	0.336612095609489	0.681318558837467	-5.47547742884625
ENSMUSG00000027618	0.0475693205919878	6.56605894339028	1.01163711960279	0.311771216954887	0.661125519786449	-5.47552156110714
ENSMUSG00000013822	0.0399935189517784	6.82576471751563	0.965109379444417	0.334546883008683	0.680129950492086	-5.4757969782223
ENSMUSG00000030281	0.0447335858311986	7.31432368260826	1.21981878401622	0.222603658122026	0.573297180507054	-5.47587235122803
ENSMUSG00000098403	0.0496999239841083	7.050783200422	0.971860176847628	0.331177376789919	0.677853694824535	-5.47593447228732
ENSMUSG00000058440	0.0449664853540908	7.27501237146029	1.2877085565822	0.197920025909293	0.544915896659015	-5.47606544539422
ENSMUSG00000028745	-0.0381149633399875	6.72078927722831	-0.990485888347328	0.321995064082087	0.66917428037448	-5.47644226160203
ENSMUSG00000053395	0.0225457292838129	7.30023205834395	1.249243520674	0.21164724883213	0.559795825139684	-5.47658559187483
ENSMUSG00000022604	-0.0512204369607625	6.95657377221882	-1.00089678916199	0.316935706051148	0.665603565287274	-5.47659324934594
ENSMUSG00000016018	0.0408045049269647	6.80696119573347	0.981907286794042	0.326203393954926	0.673058227855865	-5.47664608968542
ENSMUSG00000035150	0.0421833040397352	7.14859620315993	1.01950545249217	0.308023148317777	0.657978982896412	-5.47720852500725
ENSMUSG00000060227	0.0521863680927517	7.46266612684483	1.4812236665555	0.138623734627804	0.473944420847286	-5.47729044240071
ENSMUSG00000026721	0.0375368202408044	7.46915702178365	1.58983979160663	0.111947931066516	0.433416684948923	-5.47732272853415
ENSMUSG00000027341	-0.0355295242006619	6.74059646945688	-0.968073958896587	0.333064467969475	0.679081366748334	-5.47770782289969
ENSMUSG00000074656	0.0208398609393363	6.91975043362047	0.954341571526848	0.339966966855286	0.684375966833551	-5.47836895784307
ENSMUSG00000026187	0.0428408696345501	7.23152867586444	1.03800553551497	0.299328617578465	0.651936396876396	-5.47852551274224
ENSMUSG00000053716	0.0319325843579872	7.16213792408093	1.08850655152721	0.276435449142624	0.629902389856276	-5.47869613134776
ENSMUSG00000057054	-0.0503778129047605	7.17913215563452	-1.10973105227638	0.267179943909184	0.621662206885313	-5.47885327084359
ENSMUSG00000079316	-0.0288522756204905	7.06630727168426	-0.987998057005999	0.323211832383169	0.669539334761617	-5.4791182067383
ENSMUSG00000036745	0.0383125094548413	6.62651463192511	1.01568728399997	0.309838186699102	0.659268130299719	-5.47917191689442
ENSMUSG00000057858	0.0365374711590594	7.23342204579879	1.12774287697315	0.25949443667961	0.612396750764266	-5.47925267884706
ENSMUSG00000038936	0.0317127880086501	7.24044096265367	1.15927742023426	0.24641055327787	0.597686652339563	-5.47954818096675
ENSMUSG00000050310	0.0304033297378545	7.49545230025598	1.64263954361884	0.100534127951569	0.412511996570275	-5.47982844037683
ENSMUSG00000036186	0.0409328688134298	6.88083290161092	0.953058981761428	0.340616303824516	0.685276131065853	-5.48002412479452
ENSMUSG00000054428	-0.0333761644296438	6.7977336719142	-0.959786562090785	0.337219175677858	0.681475269614011	-5.48024566747694
ENSMUSG00000048960	0.0408515477336362	7.17953625436205	1.10708629327332	0.268321491806878	0.62264144672056	-5.4803618329042
ENSMUSG00000044288	0.0583774013996514	7.15492771199549	1.11363254381692	0.26550206390006	0.619459126201518	-5.48037177637356
ENSMUSG00000050370	0.0351527543563206	6.89001029401927	0.956155191469638	0.339050140897454	0.683477419911636	-5.48052404815348
ENSMUSG00000065089	0.0601746551051541	7.28246757389084	1.18487223025668	0.236136563217396	0.586454822295855	-5.48087941486711
ENSMUSG00000031505	0.0393220374678371	7.01660802265087	0.978509830768884	0.327879895877707	0.674157662770692	-5.48130218291788
ENSMUSG00000030301	-0.0449359212219607	6.74131419715398	-0.966279025514034	0.333961503161021	0.679763023285013	-5.48155704354745
ENSMUSG00000038722	-0.0466833249451239	6.62864745147266	-1.01414864184079	0.310571602836223	0.659575468554748	-5.48161726630065
ENSMUSG00000046311	0.0194701734118592	7.32250808155536	1.32156735824941	0.186385909443941	0.530425447834148	-5.48214605297491
ENSMUSG00000029036	-0.0261651636180043	7.30777379805911	-1.3692312612898	0.171001906305339	0.513027513569504	-5.48253420715433
ENSMUSG00000039952	-0.0169829620480995	7.34770013387221	-1.38579215264717	0.165885660800361	0.50876032763657	-5.48260439075571
ENSMUSG00000060586	0.0598947777178385	6.80055695596066	1.00652798672275	0.314220983628445	0.662861069866883	-5.48262294592169
ENSMUSG00000028466	0.0263397352733774	6.82846231517278	0.965644177663608	0.334279147260769	0.680039233261323	-5.48282882681086
ENSMUSG00000015994	-0.0259012382927182	6.46990619181514	-1.04438006906443	0.296371079736095	0.650099253217412	-5.48307593090742
ENSMUSG00000075334	-0.0394892216860336	6.93909791384873	-0.950903276933696	0.341709462160654	0.686379700626802	-5.48318466081985
ENSMUSG00000020077	0.0243109905417178	6.6908107973328	0.998692336745605	0.318002621152353	0.665775213695143	-5.48324791231241
ENSMUSG00000030272	0.0165242421701297	7.26064800500546	1.18479562639468	0.236166853548258	0.586454822295855	-5.4832983834318
ENSMUSG00000071256	0.0373228874384077	6.89498138805122	0.948975112860231	0.342689135064791	0.687609781442717	-5.48339811275418
ENSMUSG00000038115	-0.0473842943879799	7.06550332331013	-1.0095139090859	0.312787736700534	0.661909793771909	-5.48346025173658
ENSMUSG00000024359	0.0453624165717077	6.5060225802883	1.06286604790656	0.28790522547204	0.641060773025114	-5.48347659792861
ENSMUSG00000025203	-0.0424739694184666	7.29537164501244	-1.3002070474317	0.193603014199994	0.539319841077361	-5.48397161624968
ENSMUSG00000032593	0.0184211969168562	7.26804381737602	1.26089768097037	0.207417374166306	0.554173200514965	-5.48428382034615
ENSMUSG00000049562	0.029469707493357	7.39696829740177	1.54235906944942	0.123063444999971	0.449466371940486	-5.48452217194475
ENSMUSG00000032089	0.0380972131695989	7.25363858305931	1.16769338460744	0.242998286588325	0.594258796818995	-5.48484387859984
ENSMUSG00000008129	0.0421337611226402	7.40028166348517	1.50980463254636	0.131170249667103	0.463197217945358	-5.48522795813536
ENSMUSG00000031723	-0.0424886851080828	6.82533196104156	-0.964456741510911	0.334873800058106	0.680310023978583	-5.48525584889027
ENSMUSG00000024571	0.0204668322819597	6.89256918111237	0.94820544357715	0.34308069422487	0.688293585720745	-5.48597620881447
ENSMUSG00000044348	0.0413119755489717	7.4121873107362	1.40802493435115	0.159199414287036	0.500545893755187	-5.4860691790564
ENSMUSG00000033569	0.0344370493143371	7.33660303623193	1.29061611031422	0.196909514974305	0.544170241341547	-5.48686957590147
ENSMUSG00000020228	-0.0304546069420031	7.4221755432277	-1.48024489801065	0.13888464623	0.474181355065932	-5.4872106476435
ENSMUSG00000025175	0.0354921921967035	6.58133722437894	0.9991573771619	0.317777354295805	0.665775213695143	-5.48734821594749
ENSMUSG00000024381	-0.0477674441290681	7.17584160770576	-1.13057211483634	0.258301282245772	0.611391198444166	-5.48748225202485
ENSMUSG00000032579	0.0442261165034381	7.28133293801769	1.28004460936989	0.200601781461163	0.547180624936374	-5.48752018757904
ENSMUSG00000052794	0.041773150517443	7.08877209244503	0.988108247681247	0.323157876073465	0.669539334761617	-5.487601163054
ENSMUSG00000024039	-0.0488800632964681	7.22769805165976	-1.33700120712109	0.181296331031998	0.523389098636432	-5.48806495006539
ENSMUSG00000034211	0.030272580983473	6.63567578254104	1.0077183955321	0.313649068638559	0.662227603790583	-5.48859952941378
ENSMUSG00000039983	0.0444786903279688	6.69364008879677	0.995066954566708	0.319762354061341	0.666962636634988	-5.48887841827902
ENSMUSG00000026000	0.0557872813249389	6.88298292327521	0.942129407113279	0.346181832497995	0.690230307227263	-5.48978397720745
ENSMUSG00000005813	0.0485307025463788	6.79744546388011	0.943674773620931	0.345391406696142	0.689672866651064	-5.48986447679201
ENSMUSG00000039145	0.0405683150366709	7.31025014223917	1.26673189359673	0.205323041813229	0.551569209610413	-5.48987277505485
ENSMUSG00000005682	-0.0325305641167688	7.32980328303368	-1.33725084350733	0.181214865741851	0.523389098636432	-5.49013804027247
ENSMUSG00000036864	-0.0346986869285493	6.69134731068723	-0.961075610517123	0.33657075943446	0.681318558837467	-5.49014160208829
ENSMUSG00000062296	0.023121046012804	7.31106754892091	1.32181573762846	0.186303174349979	0.530425447834148	-5.49025472245986
ENSMUSG00000021098	0.0579328933566012	7.24015255445292	1.13628672196705	0.255902918830316	0.609117235516401	-5.4903791821084
ENSMUSG00000050587	0.0592962996639068	6.90671388081642	0.941308662969886	0.346602095903822	0.690327856586099	-5.49054361842565
ENSMUSG00000096025	-0.0297558684615691	7.14567166149347	-1.05596208239172	0.291047682158709	0.644038595512938	-5.49077926274128
ENSMUSG00000055435	-0.0695371377734881	6.94749028386796	-0.978302002023182	0.327982631846742	0.674266644818518	-5.49105658404379
ENSMUSG00000051285	0.0383514914434011	6.94192778835446	0.945837098637261	0.344287351794446	0.689210381907685	-5.49114880295317
ENSMUSG00000007682	-0.0345290399579721	6.4255782207342	-1.02022556563079	0.307681619366618	0.657765278362127	-5.49115448038734
ENSMUSG00000060121	0.0240354301212315	6.78669539290902	0.945571471645311	0.344422855944175	0.68921775197538	-5.49128826859888
ENSMUSG00000028710	0.0569977581497669	6.69913527166161	0.973764991378572	0.330230617599971	0.676733179174789	-5.49147721679771
ENSMUSG00000002459	0.0410972002449581	6.88208883007475	0.940241176293874	0.347149190203839	0.690568949866319	-5.49158210242272
ENSMUSG00000026031	-0.0571288107771446	6.68030765283462	-0.981444654136097	0.32643135537693	0.67311883136128	-5.49177886839353
ENSMUSG00000024667	-0.0396183831087544	7.10178824779408	-1.08496155540754	0.278002398348691	0.630926768800059	-5.49189067470941
ENSMUSG00000037946	-0.0347491550062529	7.30601017931102	-1.28256266719773	0.199717756091535	0.546583233162905	-5.49223434532737
ENSMUSG00000070372	0.0289034124087122	6.99752845705889	0.962282571491082	0.335964362526919	0.680929891070157	-5.49246645706058
ENSMUSG00000030930	0.0467976950914908	6.85924060011653	0.940648767226113	0.346940232190446	0.690370834896022	-5.49247404277811
ENSMUSG00000029059	0.0371226873659056	6.77264157806042	0.944318450018254	0.345062518167684	0.689672866651064	-5.49280590196948
ENSMUSG00000022863	-0.0377414385665302	6.94375022302569	-0.939917954385694	0.347314952031004	0.690568949866319	-5.49282560738975
ENSMUSG00000035885	0.0235414576312269	6.90499247191344	0.940062548928985	0.347240791624283	0.690568949866319	-5.49305951120307
ENSMUSG00000070532	-0.0514324968785456	6.79090116831509	-0.939361196093221	0.347600599268021	0.690819250201676	-5.49317496419273
ENSMUSG00000067344	0.0374584404013802	7.05811495915577	0.981801133082703	0.326255691855551	0.673063705139617	-5.49345012531518
ENSMUSG00000047507	0.0345543932988841	7.37272028820843	1.33225435110179	0.18285057866226	0.525635851792525	-5.49346271447992
ENSMUSG00000026854	0.0327048087106165	7.15862699920573	1.0915242259776	0.275106340156356	0.628562817633953	-5.49383092360618
ENSMUSG00000022881	0.0460731753452075	6.86935026026069	0.943167007907407	0.345650992224774	0.68967419464069	-5.49398908265887
ENSMUSG00000086779	0.0183571106180684	7.49235165242831	1.65902899022254	0.0971863458326589	0.406512507272337	-5.49412405009015
ENSMUSG00000065041	-0.051264150217337	7.11133390336544	-0.989219374655547	0.322614126455357	0.669539334761617	-5.49456474889538
ENSMUSG00000017778	-0.0175193002267902	6.79361025340278	-0.946185474109517	0.344109686807588	0.689117537593483	-5.49477352212344
ENSMUSG00000006463	0.0319068476173578	7.13759163855373	1.05761356711987	0.290293889431328	0.643213608440359	-5.49496759953508
ENSMUSG00000035027	0.0332480895827807	7.06258699858869	0.983331246852184	0.325502389918723	0.672318753805254	-5.49528069658193
ENSMUSG00000097839	0.0691427646638552	7.29187513535131	1.37789537676736	0.168310700830864	0.510357335213171	-5.49559274772304
ENSMUSG00000054178	0.0189686366489985	7.56175092143104	1.78084384202985	0.0750118978747286	0.363158045856383	-5.49569660343754
ENSMUSG00000033350	0.0381400815558024	6.97517652969	0.969427145873089	0.332389229398652	0.67879698330877	-5.49582700390946
ENSMUSG00000085382	0.055746828763958	7.08026872456991	0.979061614140528	0.327607234204943	0.673801407971877	-5.49599462913381
ENSMUSG00000062151	0.0490657491300475	7.10749249411548	0.988183317284842	0.32312112062156	0.669539334761617	-5.49599630177091
ENSMUSG00000018411	-0.0259249304572302	6.87836420470388	-0.934476557699313	0.350113089537787	0.694082946037918	-5.49629416520269
ENSMUSG00000020774	-0.0301148575491377	7.29347748092389	-1.26873814909125	0.204606412526212	0.551059909072451	-5.49649040759348
ENSMUSG00000022261	0.0340110851057664	7.2794866016881	1.15787511655927	0.246982368652217	0.598283875539617	-5.49683957866345
ENSMUSG00000036545	-0.0375156318231289	6.95536941886452	-0.963316833049633	0.335445292648957	0.680833424810563	-5.49695984048869
ENSMUSG00000034532	0.0205021903982017	7.35218279300896	1.32060739485173	0.186705928299224	0.530425447834148	-5.49697571203625
ENSMUSG00000033618	0.0148298546046712	7.31063156847659	1.29298297174275	0.196089714270698	0.543233417671052	-5.49735483009671
ENSMUSG00000032333	-0.0273269001310936	7.11431833400615	-1.03690441710925	0.299841482481656	0.652528221426371	-5.49778726419643
ENSMUSG00000028070	-0.0182967106041483	6.9645870119237	-0.947800602688219	0.34328676645227	0.688401416885057	-5.49795313538081
ENSMUSG00000071860	-0.0296355465462881	6.85955562497949	-0.936074939792382	0.349289670995393	0.693261507737598	-5.49804878101665
ENSMUSG00000026584	0.0288627887594659	7.52517742891593	1.64665766432211	0.0997049788540967	0.410507167720572	-5.49828439341306
ENSMUSG00000024594	-0.0277721522508223	7.47166689570418	-1.56959729721178	0.116585903333415	0.441025707599987	-5.49837369635077
ENSMUSG00000049470	0.0310149866811589	7.18884730966871	1.11275045678304	0.265880778696879	0.619809421865936	-5.49862271525467
ENSMUSG00000022270	0.0259852672687453	6.86653476013688	0.932595816567118	0.35108354365341	0.694680716154346	-5.49884572283593
ENSMUSG00000006442	0.0220866704454101	6.50447865600022	1.02934294198276	0.303379198433181	0.655192301887407	-5.49924353815443
ENSMUSG00000007892	-0.00785991953493248	7.00907637805255	-0.956381788887519	0.338935702400875	0.683416159005214	-5.49930746650791
ENSMUSG00000033020	-0.0259994196273778	6.6218227770901	-0.990473216272832	0.322001254253069	0.66917428037448	-5.50032403683216
ENSMUSG00000073434	-0.0193235066019044	7.25971997681858	-1.28992306720768	0.197150036156021	0.544533240820041	-5.50033803842974
ENSMUSG00000031375	-0.0444945448605374	7.06191243930655	-1.01924823915743	0.308145198000571	0.657978982896412	-5.50045222947382
ENSMUSG00000006333	0.00939856931785599	6.83814091213077	0.930814847085389	0.352004086569325	0.69549277261832	-5.50046980548438
ENSMUSG00000059852	0.0375148142883104	7.35514107649952	1.34899746555174	0.177412188757713	0.51996421426223	-5.50070552128253
ENSMUSG00000066057	0.0586459620904884	6.86422833702038	0.93293367855821	0.350909082807658	0.694668669213731	-5.50080024867505
ENSMUSG00000051154	-0.0216460064975328	6.90373123086334	-0.928806659161001	0.353043905617709	0.696127002961736	-5.50093377604604
ENSMUSG00000039081	0.0445856432005156	6.88333364798887	0.929819647127594	0.352519148182224	0.695620303036651	-5.5010632188908
ENSMUSG00000047307	0.0662674122147635	6.81546097880844	0.965350854830448	0.334425976198398	0.680039233261323	-5.5012030417599
ENSMUSG00000083695	0.02557570744177	7.06792739311543	0.946509291373916	0.343944598557215	0.689097557884489	-5.50120927873942
ENSMUSG00000060862	-0.0278093547461085	6.8334378470021	-0.931882674106859	0.351451967519312	0.694806908082069	-5.50122881279792
ENSMUSG00000093245	-0.0646411053878619	7.30475788169038	-1.20323734947981	0.228953875676091	0.579673974498641	-5.50186617199629
ENSMUSG00000020882	0.0439012657277997	6.42818830548074	1.03487577167872	0.300787893175583	0.653120156257936	-5.50193987669758
ENSMUSG00000047033	0.0450274496307879	7.12298085939057	1.00755959850524	0.313725320780861	0.662227603790583	-5.50241176141061
ENSMUSG00000031827	0.0282168773754989	7.24282087357598	1.17664403262302	0.239405842400689	0.590371846356591	-5.50251524850764
ENSMUSG00000024426	-0.0257521775188687	7.17404038134474	-1.1039626057506	0.269674069249389	0.623612660904522	-5.50262391241237
ENSMUSG00000103109	-0.0237583189817903	7.03562982915163	-0.997413884688027	0.318622446124045	0.665969106170933	-5.50275096579817
ENSMUSG00000053929	0.0398890394484619	6.67842526939383	0.951410799458405	0.341451895481554	0.686142700302195	-5.50279256959047
ENSMUSG00000035189	0.0238403748884473	7.25690194879091	1.13952032521265	0.254552685894699	0.607024703062318	-5.50319386836315
ENSMUSG00000032355	-0.0290539499595823	6.90003407446828	-0.926209047270956	0.354391801949746	0.696960262668213	-5.5033477802787
ENSMUSG00000040297	0.0295335680198932	7.39167135443231	1.32929674695984	0.18382396040382	0.526909081637982	-5.50345468184999
ENSMUSG00000025395	-0.0426716077640377	7.09788454827695	-1.05006114836912	0.293751815962714	0.64744278822078	-5.50365685408444
ENSMUSG00000022679	0.046972303615803	7.1899595726524	1.00781046341544	0.313604864498371	0.662227603790583	-5.50405742805639
ENSMUSG00000005899	-0.039549491831953	7.04083169481236	-1.01667139358604	0.309369697079271	0.659191317460435	-5.50420106385987
ENSMUSG00000011096	-0.0377825613676723	7.00633986319828	-0.933520577643254	0.350606158092535	0.694552643398392	-5.50431499645851
ENSMUSG00000030872	-0.0284418387587388	6.94261176623928	-0.941648643985346	0.346427968648942	0.690310170332504	-5.50444861666189
ENSMUSG00000002326	0.0394701937634618	6.98973894822535	0.93376361995187	0.350480761732594	0.69454010128274	-5.50459610458315
ENSMUSG00000071267	0.0218257974412568	7.4611870653274	1.55481690442778	0.120066773284628	0.445502274820192	-5.50461682831155
ENSMUSG00000032121	-0.0257259355164008	6.82001817755132	-0.932204528151905	0.351285660861056	0.694680716154346	-5.50487128115894
ENSMUSG00000040722	0.0447778493690407	7.05601137273525	0.957914543182102	0.338162266693561	0.682973932940757	-5.50496434064445
ENSMUSG00000029864	0.0225183185572293	6.90801903407138	0.924279764433911	0.35539500489343	0.698239197355039	-5.50529206957333
ENSMUSG00000064215	0.0461948263447063	7.07372238938926	1.01542455591794	0.309963338771863	0.659268130299719	-5.50532212104824
ENSMUSG00000075467	0.0428239082538084	6.46937551287716	1.02330166002525	0.306225540262033	0.657013106115202	-5.50555849513112
ENSMUSG00000027775	-0.024043613155162	7.42348917224839	-1.54626567383465	0.122117506115886	0.448204966951591	-5.50612684017104
ENSMUSG00000045009	0.0334207614332254	6.758193101799	0.932882716713173	0.35093539431098	0.694668669213731	-5.50631401610583
ENSMUSG00000049285	-0.0456205902748925	7.28595876363672	-1.2699412469452	0.204177542867552	0.550893358447416	-5.50646345859568
ENSMUSG00000081344	0.0500799779171048	7.30677625554651	1.24820853809942	0.212025889419653	0.559923453204451	-5.50657150212778
ENSMUSG00000052372	0.0372042132489021	7.21782683653972	1.0818857458606	0.279366851167859	0.632727143330762	-5.50661509904518
ENSMUSG00000098589	-0.039540752188767	6.88628640573383	-0.927600416821072	0.353669418798168	0.69638664187711	-5.5066448858402
ENSMUSG00000052459	0.0643303924115832	6.86428876069071	0.923923186336506	0.355580617113104	0.698239197355039	-5.5066822353883
ENSMUSG00000097515	-0.0631478877800076	7.04727196397743	-0.92608150817379	0.354458065402258	0.696989477987499	-5.50687759072903
ENSMUSG00000020455	0.0305382044520801	6.66528039747842	0.954421953577772	0.339926298269017	0.684375966833551	-5.50710413710824
ENSMUSG00000048445	0.0188909980375191	7.49902375909636	1.59989203972002	0.109699492412734	0.428618362574018	-5.50718253777155
ENSMUSG00000098623	-0.0454516888080141	7.15842176696629	-1.16186188027073	0.245359124567958	0.597542458543518	-5.50770797929634
ENSMUSG00000025921	0.0303790078377091	6.99179673984172	0.927359981656701	0.35379418339549	0.696492164727174	-5.50789741473292
ENSMUSG00000003037	0.0573232319458032	6.65850854237025	0.986817983733091	0.323790039069287	0.670118355930604	-5.50807195275182
ENSMUSG00000042942	0.0596125510382759	7.40820436941196	1.36892290150996	0.171098278197398	0.513027513569504	-5.50821458493839
ENSMUSG00000043065	0.0452240828920356	7.11387492111508	1.01703402457472	0.309197183154547	0.659030877096266	-5.50863661594529
ENSMUSG00000048644	-0.044478780457359	6.54361553905901	-0.987795834609019	0.323310868515736	0.669539334761617	-5.50870676492617
ENSMUSG00000063179	0.0227833099361643	7.46862751742748	1.56381406260217	0.117938325890799	0.442448207644564	-5.50879386033976
ENSMUSG00000064246	0.047230836696416	7.15023150953729	1.06423504356964	0.287284834004729	0.640579925411897	-5.50880579430447
ENSMUSG00000023017	0.0167240065617946	6.70778791868564	0.945462796840388	0.344478303974135	0.68921775197538	-5.50881838668041
ENSMUSG00000013698	-0.0428138365034822	7.1251132925874	-1.01415148371027	0.310570247162119	0.659575468554748	-5.50899307124776
ENSMUSG00000017929	0.0307452266101986	6.71566701629765	0.954210912252081	0.340033079414806	0.684407436268696	-5.50911046269583
ENSMUSG00000021719	0.0433067259281028	6.67437352748302	0.955071577708136	0.339597741196055	0.683937340335132	-5.50932645031329
ENSMUSG00000024382	0.0354992620441514	7.30909074728074	1.19669606738407	0.231494151195832	0.582970463980359	-5.51090819523903
ENSMUSG00000032064	-0.0438137584807992	6.70233180570276	-0.926384407425018	0.354300705654137	0.696882194582734	-5.51103112432936
ENSMUSG00000078350	-0.0356925619974726	7.17987981025633	-1.09964934155097	0.271549421613371	0.626108729175228	-5.51114847145295
ENSMUSG00000098087	0.0281679474060423	7.09113702547345	1.02295595131729	0.306388954324063	0.657073939058154	-5.51124952942274
ENSMUSG00000030748	0.0376589016238045	6.95431889203736	0.922378411034125	0.356385436754865	0.698698487303926	-5.51135140457132
ENSMUSG00000034656	0.011087642041792	7.21469523958615	1.12235730928451	0.261776192710147	0.615621752954879	-5.5115672572221
ENSMUSG00000029090	0.045241549697665	7.03505877911586	0.956412533997268	0.338920177108323	0.683416159005214	-5.51162261505905
ENSMUSG00000038095	0.0169298461441318	7.14335554727667	1.06046245568552	0.288996653269233	0.642203507123148	-5.5116999256846
ENSMUSG00000058715	-0.0305246394714098	6.65051274584357	-0.955693342886147	0.339283465071168	0.683812281765258	-5.51186647515201
ENSMUSG00000001419	0.0179183806718939	7.27427516056639	1.22085437826533	0.222211281775299	0.572834414880271	-5.51195202322986
ENSMUSG00000035278	-0.0275645294124116	6.73904968407831	-0.945433571227679	0.344493216430605	0.68921775197538	-5.51205250928872
ENSMUSG00000051669	-0.0452570021175065	7.05152609872899	-1.00967165255127	0.312712139583173	0.661909793771909	-5.51286976092834
ENSMUSG00000025577	0.0528134647082963	7.06358175327065	0.932410107635122	0.351179461068287	0.694680716154346	-5.51289602202743
ENSMUSG00000047547	0.0188935962483789	6.67513552845543	0.970993154501698	0.331608898103289	0.678224987250626	-5.5131517632143
ENSMUSG00000028773	-0.0460187459392962	6.87734365901538	-0.915781634819819	0.359835232639037	0.702987121947413	-5.51324609455098
ENSMUSG00000027932	-0.0259371251446261	6.97224043426563	-0.924409374862133	0.355327552980784	0.698239197355039	-5.51338328952341
ENSMUSG00000062997	-0.023198522181878	6.70249293010633	-0.944956998817489	0.34473644707483	0.68921775197538	-5.5135655875384
ENSMUSG00000045639	-0.0322762789721205	7.26565895116645	-1.15541096992481	0.247989421274294	0.599757505108255	-5.51395078388421
ENSMUSG00000099481	-0.0441281989736693	7.33230622994796	-1.3838184406118	0.166489294006765	0.509080254430248	-5.51434662653873
ENSMUSG00000025006	-0.0147471544539304	7.51378811058488	-1.65737962235194	0.0975191652358838	0.406819951467111	-5.51468227523585
ENSMUSG00000079523	-0.0360641680031257	6.78017797164828	-0.92283730917411	0.356146233452503	0.69848555376089	-5.5148523736136
ENSMUSG00000040356	-0.0229867828626107	7.26250246596663	-1.24132373607944	0.214557109215154	0.562989217483851	-5.51486273431343
ENSMUSG00000063904	0.0324697048476832	6.60420954666417	0.962463166058447	0.335873689405546	0.680929891070157	-5.51494586369934
ENSMUSG00000040896	0.0335773348407589	7.30899297660746	1.25829498044372	0.208356661422789	0.554872976732149	-5.51496781840579
ENSMUSG00000042099	0.0473124762393908	6.82327452926028	0.913417246288174	0.361076784137222	0.703710227695446	-5.51503052134947
ENSMUSG00000028187	-0.0270654219763697	7.02256275019905	-0.929797925384398	0.352530395498217	0.695620303036651	-5.51505577123379
ENSMUSG00000030323	0.0203436692696126	7.26222908512144	1.17837130496109	0.238716917275068	0.589638178978935	-5.51510676849067
ENSMUSG00000017291	0.0316228819741671	7.36336203986712	1.37945278941962	0.167830335757987	0.509960486823575	-5.51520014606558
ENSMUSG00000037617	-0.0387535872050302	7.17126130572415	-1.11942534916838	0.263024219123531	0.616542593858374	-5.51520434334107
ENSMUSG00000032712	0.0223686074486551	7.33061051339694	1.27974861732816	0.200705884018022	0.547208399376848	-5.5152275597023
ENSMUSG00000029587	-0.0278052623207916	6.57448295969636	-0.962489488911348	0.335860474514177	0.680929891070157	-5.51549090293489
ENSMUSG00000060548	-0.036032809784575	7.22519162142915	-1.23797931243062	0.215794532300571	0.564270447238408	-5.51607078016381
ENSMUSG00000046380	-0.0142154276987458	7.53504028516445	-1.75553984560559	0.0792415930787347	0.373047282468717	-5.51659472682614
ENSMUSG00000011752	0.062756959121276	6.72538088065505	0.959686174333033	0.337269706350984	0.68147580904719	-5.51661302710183
ENSMUSG00000009647	0.0524700180211326	6.99486538547596	0.922332436439444	0.356409406858973	0.698698487303926	-5.51687994061178
ENSMUSG00000031904	0.0321802417354728	7.38599598308164	1.51652931258593	0.129462566240402	0.460092653496033	-5.51692002067559
ENSMUSG00000000531	0.0545383413423464	6.69373938656012	0.929390833929599	0.352741225678579	0.695833775316481	-5.51701130910069
ENSMUSG00000041729	0.0206455452148759	6.68352096727287	0.94132649380484	0.346592962143241	0.690327856586099	-5.517742774641
ENSMUSG00000021411	-0.0641146660855956	7.01265656851953	-0.998857483204736	0.317922611770908	0.665775213695143	-5.5178876732434
ENSMUSG00000028426	0.0477342578469599	7.13674272114835	0.961279441633194	0.33646830195605	0.681318558837467	-5.51794958417132
ENSMUSG00000040550	0.0309901382601776	6.93932282599286	0.910104750009254	0.362820705979964	0.704341800068207	-5.5179755132826
ENSMUSG00000028519	0.0316124417907568	6.85788809150019	0.910478606441442	0.362623619027455	0.704283248313263	-5.51811475663658
ENSMUSG00000026249	0.0337925237199839	6.90067331601574	0.909144058398542	0.363327464108721	0.704820137417529	-5.51823010890264
ENSMUSG00000043833	0.0279883752132219	7.44335643798366	1.47105622136259	0.141352564625563	0.477324550733098	-5.51853383958585
ENSMUSG00000029810	-0.0468535271309873	6.88882732186835	-0.910440373353208	0.362643771393637	0.704283248313263	-5.51861761874849
ENSMUSG00000051790	0.0180451399733448	7.29797900616779	1.24869777375489	0.211846845256763	0.559923453204451	-5.51863795540815
ENSMUSG00000020422	-0.054234303899956	7.1023684430536	-1.10068529383931	0.271098189508013	0.626022366331039	-5.51866484271683
ENSMUSG00000020526	0.0380521654550305	7.05628231876287	0.928510981612114	0.353197168386783	0.696226695113115	-5.51872004008813
ENSMUSG00000022641	0.0489605182306061	7.09625753222863	0.962060072421782	0.336076096775606	0.680929891070157	-5.51873785916912
ENSMUSG00000059336	-0.0395941622795091	7.21028792190892	-1.07346364516154	0.283126241582628	0.636693578267916	-5.51935898326255
ENSMUSG00000090063	0.0449448629966129	6.81891866976657	0.910612858678507	0.362552861264505	0.704283248313263	-5.51961298117658
ENSMUSG00000031558	0.0317299876696708	7.37108391173303	1.41643560168589	0.156723886474536	0.49832609118709	-5.51976266053594
ENSMUSG00000024941	-0.0186267362542027	6.86594485932711	-0.906731087610834	0.364602242104977	0.705980748137572	-5.51993894385247
ENSMUSG00000019998	0.0212047758738745	7.33734622017978	1.26723853285997	0.205141899564524	0.551545947682872	-5.52003174665467
ENSMUSG00000027423	0.0199546222930467	6.93831271594964	0.906255267644972	0.36485394852217	0.706035765698014	-5.52038892081063
ENSMUSG00000020099	-0.0520062548184557	7.05802468929052	-0.965410206782989	0.334396262969588	0.680039233261323	-5.52057686482979
ENSMUSG00000097504	0.0390204036033408	6.99454585059942	0.906286634061615	0.364837352499687	0.706035765698014	-5.52060369971381
ENSMUSG00000077637	0.0216877532353541	7.42695680315267	1.46544058027486	0.142877342516471	0.480359445623713	-5.52062309719374
ENSMUSG00000037514	0.0434413729066581	6.6799385100975	0.930484411182463	0.352175049417412	0.695561324008551	-5.52067110673467
ENSMUSG00000032673	-0.0304023534034936	7.1322472853488	-0.999315534139118	0.317700766467546	0.665775213695143	-5.52068216676036
ENSMUSG00000050708	-0.0311740448791706	6.72905966720531	-0.923535669311296	0.355782403553115	0.698239197355039	-5.52185954672527
ENSMUSG00000032741	-0.0242121687425749	7.50267066206926	-1.70833471200923	0.0876498571520378	0.388787911224521	-5.52188745966918
ENSMUSG00000023055	-0.0216290958337382	7.05965585996168	-0.96927681791722	0.33246419914978	0.678847833143482	-5.52211170519545
ENSMUSG00000025465	-0.0271309401085906	6.88255226648664	-0.903777137412697	0.36616662211228	0.707069715788523	-5.52221194655271
ENSMUSG00000024940	0.0329947509388546	7.14081545941981	1.0316445101069	0.302299459680905	0.654410997022787	-5.52227627062767
ENSMUSG00000031701	0.0353467453895959	6.44157343323837	1.03400950248446	0.301192634059357	0.653559153151767	-5.52234576939327
ENSMUSG00000027778	0.0503792418264348	7.06184335071894	0.943566296068709	0.345446853328468	0.689672866651064	-5.52240539649548
ENSMUSG00000029713	0.0331247714226892	6.81573142994002	0.906933770793391	0.364495056675362	0.705974854057793	-5.52252739711247
ENSMUSG00000059486	0.0329594835463984	6.49380732024976	0.998813797854885	0.317943774960421	0.665775213695143	-5.5226526311074
ENSMUSG00000049160	0.0209975255214561	7.44144555275276	1.53141649241319	0.125743549737326	0.45406311546838	-5.52279551470251
ENSMUSG00000001151	-0.0175524580914486	7.49830173397602	-1.65377701330622	0.0982492904853073	0.407608286536045	-5.52294687180179
ENSMUSG00000020372	0.0206895962572631	6.95412860693921	0.913552870268616	0.361005494766068	0.703710227695446	-5.52323242907938
ENSMUSG00000068523	-0.0262828529079577	6.88157495546255	-0.902689712066095	0.366743564091146	0.707069715788523	-5.5234774716349
ENSMUSG00000047976	0.0432714173645046	6.72016373396035	0.917725640570244	0.358816437780216	0.702198796683626	-5.52348187263287
ENSMUSG00000019087	0.0572996171808917	6.78546063272763	0.92650781534836	0.354236606434708	0.696882194582734	-5.52353900590051
ENSMUSG00000053334	0.0374484742245906	7.06649362014554	0.979158504838712	0.327559371231203	0.673801407971877	-5.52358626919893
ENSMUSG00000026032	0.0216563083390371	6.67061900570867	0.951466748345716	0.341423509140845	0.686142700302195	-5.52360202839248
ENSMUSG00000066441	0.0413640900308208	7.01602505030298	0.91536495486202	0.360053838338239	0.702996823184021	-5.52371579227564
ENSMUSG00000044674	-0.032772240554471	7.14735734586797	-1.08225492663862	0.279202839601071	0.632727143330762	-5.52374627095459
ENSMUSG00000039611	0.0270849532430768	6.77088053138273	0.932281109531055	0.35124609749831	0.694680716154346	-5.52427041787069
ENSMUSG00000022771	-0.0171295459387721	7.35714106105056	-1.38547890337565	0.165981353760649	0.508831256839103	-5.52434770612432
ENSMUSG00000033099	0.0241477654088849	6.83734754902971	0.915127561989737	0.360178420701504	0.703037579595593	-5.5243669956715
ENSMUSG00000042492	0.0432526418546049	6.67129737520836	0.926777876423051	0.354096359776808	0.696783518991866	-5.52438194047979
ENSMUSG00000028796	0.0181908138039022	6.57331586525127	0.970607663106597	0.33180087579963	0.678348361880177	-5.52452054475962
ENSMUSG00000001017	0.0158154632251177	6.87247217867439	0.901080980193677	0.367598128475178	0.70733684727029	-5.52461778455646
ENSMUSG00000026798	0.0440922683390736	6.91850115387185	0.904508794562538	0.365778754666218	0.706946308733368	-5.52497439142022
ENSMUSG00000026520	0.0347254226286946	6.95314697716451	0.916826801065744	0.3592872668082	0.702511791662183	-5.52543077528903
ENSMUSG00000036904	-0.0588889920374873	6.98475592730531	-0.932429451707595	0.351169469209893	0.694680716154346	-5.52579062277272
ENSMUSG00000021798	0.0627936554295259	7.31228372064238	1.26048193984841	0.207567204172494	0.554173200514965	-5.52590007355332
ENSMUSG00000001270	0.0193893741362636	6.83120179603372	0.900397585145781	0.367961525683607	0.707517484394189	-5.52590931480072
ENSMUSG00000062044	0.0134797305712508	7.15508360173941	1.06625052224828	0.286373117689808	0.639961550954082	-5.52619612765214
ENSMUSG00000061979	0.0391659943449731	7.38572394535142	1.42779036863732	0.15342827754189	0.495367772859437	-5.52650713846599
ENSMUSG00000032570	0.0323069091713819	6.88231818245707	0.899924884495612	0.368213016437042	0.707517484394189	-5.52667671211622
ENSMUSG00000025155	0.0249223195266861	7.22036111064241	1.10805433528503	0.267903271029228	0.622597282930113	-5.52684880518983
ENSMUSG00000024146	0.0110419404133681	6.97836183367551	0.906831043191626	0.364549379895165	0.70597921620035	-5.52735206548281
ENSMUSG00000036964	0.0522706711615433	6.97986076378346	0.912828885018646	0.361386152543783	0.703764687512225	-5.52798761939274
ENSMUSG00000028222	0.0456840251726316	6.70901855222374	0.943264653213109	0.345601063268629	0.68967419464069	-5.52832286886093
ENSMUSG00000046675	-0.0236477770583727	6.8890062498018	-0.895873398532316	0.370372915051779	0.709320290781525	-5.52875887576629
ENSMUSG00000022995	0.0359272691118502	7.306518940449	1.24436253882503	0.213437209447985	0.561463268470273	-5.52894488599102
ENSMUSG00000055839	-0.0145338564556141	6.84205003436691	-0.898782184518774	0.368821408680524	0.708383717083233	-5.52912182675837
ENSMUSG00000073184	-0.0391386321363205	7.16737170313499	-1.18167485465871	0.237403192131624	0.58740749504288	-5.52915106810172
ENSMUSG00000022064	-0.0488095893203724	6.99965876530277	-0.913305545222194	0.361135505303597	0.703710227695446	-5.52946721361785
ENSMUSG00000023939	-0.0257165519942379	6.66478620868079	-0.924647527468383	0.355203634570028	0.698239197355039	-5.53009602149242
ENSMUSG00000028049	-0.0257582168935784	6.8392231824945	-0.894628959654346	0.371037918284398	0.709835916290172	-5.53011391607335
ENSMUSG00000086363	0.0504125444198751	7.15438062691707	1.01995756008088	0.307808697387518	0.657829495457121	-5.5301316722958
ENSMUSG00000033845	0.0342772253935308	6.46124116397593	1.02340577540851	0.306176336981275	0.657013106115202	-5.53034088823698
ENSMUSG00000033910	0.042084617470687	6.63690128571147	0.937856247104235	0.348373467686341	0.691934442953967	-5.53041809177768
ENSMUSG00000041654	0.0638892788997367	7.30264623875009	1.14276141904887	0.25320430819057	0.605696580762168	-5.53054297536691
ENSMUSG00000014606	0.026948185853457	6.77686538605238	0.922998166424172	0.356062409656171	0.698422186070366	-5.530880492809
ENSMUSG00000069495	0.0526209815028968	7.21914783908233	1.10727881264884	0.268238282421318	0.62264144672056	-5.53092562480018
ENSMUSG00000019471	-0.0208203586080495	6.62396164757547	-0.951155096711142	0.3415816485794	0.686301717759262	-5.53098740952657
ENSMUSG00000050323	0.0403144980573913	7.00268016481724	0.892926867538774	0.371948681762414	0.710458823843074	-5.53106349964786
ENSMUSG00000021807	0.0134852210706411	6.98008891514055	0.901089543858435	0.367593576141956	0.70733684727029	-5.5311010521567
ENSMUSG00000099354	0.0307643741531214	7.118259055248	1.00530646653237	0.314808558418578	0.663378059533584	-5.53121680875762
ENSMUSG00000041530	0.0100052143537921	7.56094755273628	1.77582454315464	0.0758359081783453	0.365247536923383	-5.53142130599016
ENSMUSG00000026377	-0.0375692609479561	6.64152035123359	-0.955189749990333	0.339537995712499	0.683918607319872	-5.53157701566023
ENSMUSG00000072235	-0.0530481206946618	7.04881939789904	-0.923526371231591	0.355787246102357	0.698239197355039	-5.53207028279924
ENSMUSG00000078453	-0.0398742929363181	6.50944457954901	-0.983239611953229	0.32554747150992	0.672318753805254	-5.53212802090002
ENSMUSG00000021576	0.0191769620853117	6.75379639036876	0.907915789743297	0.363976012250964	0.705459751107516	-5.53227312220842
ENSMUSG00000028848	0.0240755423543995	7.27745118640784	1.21634382153697	0.223923911915484	0.574557228945899	-5.5329766321602
ENSMUSG00000090100	0.0248401099772986	7.19492973244068	1.06036811399866	0.289039548929363	0.642203507123148	-5.53323199062036
ENSMUSG00000030008	0.046056669919218	6.72677127442487	0.937771721588897	0.348416908249501	0.691934442953967	-5.53387930455557
ENSMUSG00000041570	0.0434189254795276	7.22721035940246	1.14188748305709	0.253567396861153	0.605791500730134	-5.53395519686586
ENSMUSG00000005718	0.0386256040233635	7.09168580329367	0.936646196181807	0.348995682587367	0.692880870481699	-5.53401014982127
ENSMUSG00000021290	0.0214714881681024	6.67872544777262	0.927982426996556	0.353471246507338	0.69638664187711	-5.5340359716164
ENSMUSG00000098020	0.0340932043575393	6.83307121150031	0.889663255712946	0.373698864822116	0.711716751189313	-5.53408216636727
ENSMUSG00000032560	0.0168057945407689	7.43113050549009	1.46721945568686	0.142392975791477	0.479524084893406	-5.53464744629059
ENSMUSG00000033055	0.0243328395127351	7.18775799538354	1.0269805445142	0.304490137597311	0.656008480205116	-5.5347371605665
ENSMUSG00000081058	0.0300380169206154	6.69607290612585	0.914841260812361	0.360328705859982	0.703043563395998	-5.53485847321883
ENSMUSG00000063281	0.047017152761482	6.78535420822766	0.910669507738608	0.36252300692121	0.704283248313263	-5.5353775599304
ENSMUSG00000014294	0.0231323762195919	6.71975819956695	0.913285822130794	0.361145874340236	0.703710227695446	-5.53544584713294
ENSMUSG00000044927	-0.0240916748388296	6.98600023675487	-0.902478373752773	0.366855757044729	0.707112646291219	-5.53592132104657
ENSMUSG00000034424	-0.0244165289563583	6.93383935077839	-0.887445968078115	0.374890837339572	0.71238377754424	-5.53602741672345
ENSMUSG00000052911	-0.0443239354709606	7.23334528195232	-1.28444468420711	0.19905888956699	0.545502749097595	-5.53609606515432
ENSMUSG00000071074	0.0284018841966249	6.67737883840668	0.933196434961176	0.350773442031142	0.694668669213731	-5.53629847131403
ENSMUSG00000024736	0.0208674495892121	6.95269088472911	0.897080213235656	0.369728725164295	0.709121807296295	-5.53650920649252
ENSMUSG00000051234	0.0186201795440279	6.57866890054321	0.964592589189767	0.334805734762434	0.680310023978583	-5.5366243330544
ENSMUSG00000030579	-0.0182043852698577	6.97952184433317	-0.894830850145084	0.370929981698106	0.709835916290172	-5.53673551115939
ENSMUSG00000028409	0.0356633425287578	6.81894269847306	0.901911921291975	0.367156574634546	0.707257552611605	-5.5368578380791
ENSMUSG00000028134	0.0321947155917393	7.47632373359087	1.53164363030024	0.125687459477854	0.45406311546838	-5.53704695566296
ENSMUSG00000028959	-0.0247208664884075	7.24210740606717	-1.15721796869868	0.247250652601992	0.598354590609037	-5.53717727011721
ENSMUSG00000029705	0.0474757522347042	7.1681290432988	1.0102370144989	0.31244129392471	0.661680578417872	-5.53720640485852
ENSMUSG00000022899	-0.0327570869046383	7.32966669517264	-1.37483755944203	0.169256849974248	0.510850530797754	-5.53752502618224
ENSMUSG00000035765	0.0556186125078151	6.60262377551793	0.970191927405278	0.332007995915524	0.678487625046539	-5.53819216340017
ENSMUSG00000019792	0.0172403141465578	7.53270336292468	1.65849328004823	0.0972943449058944	0.406512507272337	-5.53840419317323
ENSMUSG00000071042	-0.0439248163308994	6.92466823330971	-0.914741496840674	0.36038108319422	0.703043563395998	-5.53842479846946
ENSMUSG00000040177	0.0485676371233215	6.72223950664966	0.923693229693192	0.355700350576467	0.698239197355039	-5.53853592552925
ENSMUSG00000037740	0.0232791817278271	6.89694836633041	0.883386592147597	0.377079165366138	0.71408013361058	-5.53876146787334
ENSMUSG00000037553	0.0445325365492595	6.58225541403464	0.939636925419284	0.347459116472693	0.690639305253889	-5.53877838187528
ENSMUSG00000006589	-0.0358532397307929	7.01744869265868	-0.942551128110326	0.345966015898957	0.690201183572404	-5.53905993159691
ENSMUSG00000045589	0.0434059681095782	6.8637888186048	0.886517024751964	0.375390917922162	0.712745069856406	-5.53913986168845
ENSMUSG00000015750	0.0368433631252056	7.0861411906977	0.934343437470692	0.350181722951562	0.694117514587321	-5.53941094050011
ENSMUSG00000027668	-0.025139546804569	7.3229815347482	-1.28635973621656	0.198390090621171	0.544915896659015	-5.53944652681365
ENSMUSG00000069520	0.0386570966179098	7.26380906371252	1.16714276490817	0.243220515226887	0.594694994670177	-5.53986478926968
ENSMUSG00000038615	0.0349912157437977	6.51906352039896	0.985272340614347	0.324548385048568	0.670996701766832	-5.54034247629512
ENSMUSG00000051177	0.0532317296309026	6.92111340353978	0.884267142025617	0.376603810618616	0.713825592669816	-5.54051847517893
ENSMUSG00000048222	0.0257991030122833	6.80802640706124	0.892342478476474	0.372261698915074	0.710762443865733	-5.54064420037929
ENSMUSG00000037029	0.0548487558591972	6.94243682606471	0.882260972101271	0.377687357107766	0.71408013361058	-5.54078012335141
ENSMUSG00000041915	-0.0409629197763657	7.16932836604514	-1.21534463271316	0.224304571681296	0.574637546291267	-5.54138539187634
ENSMUSG00000029772	0.0338269780171148	7.04771165307056	0.940650902139176	0.346939137903979	0.690370834896022	-5.54145840442634
ENSMUSG00000029600	0.0236316334789368	7.13917284404953	1.00402272076536	0.315426843001495	0.663546491452951	-5.54159738875779
ENSMUSG00000086043	-0.0115631712686985	7.6003115363231	-1.86307368827038	0.0625232696773448	0.337495693717431	-5.54160813569627
ENSMUSG00000073702	0.0108132586151823	6.97698501789128	0.888798478051293	0.374163473813337	0.711972099500541	-5.54165329400065
ENSMUSG00000024957	-0.0458412296042816	7.28221000162533	-1.25814959470361	0.208409220424029	0.554872976732149	-5.5417957713138
ENSMUSG00000020374	-0.0613660279724879	6.61333725187323	-0.932811533595306	0.350972148112853	0.694668669213731	-5.54187052953397
ENSMUSG00000040268	0.0312841984321954	7.3579471892506	1.35269479552879	0.176227657625582	0.51762419364932	-5.54197269409677
ENSMUSG00000050910	0.026597228165044	6.86812920193678	0.879326960229366	0.379275493972144	0.714714713158638	-5.54198162460874
ENSMUSG00000025316	-0.0391446658687631	6.74662756187745	-0.880117850111324	0.378846993028372	0.714714713158638	-5.54210261864208
ENSMUSG00000018412	-0.0139955239774325	7.38033198090463	-1.40572765323115	0.159880696461232	0.501541527677321	-5.54213093324805
ENSMUSG00000033460	0.0530423282251853	7.19072450325024	1.0082790361872	0.313379954307523	0.662220296212812	-5.54235723434647
ENSMUSG00000042734	0.0228301183437845	6.92075837056298	0.87886936147771	0.379523555276173	0.714714713158638	-5.542488431208
ENSMUSG00000062991	-0.03526693926168	6.96209750555969	-0.887178066141453	0.375035015433082	0.712445668942374	-5.54256010361102
ENSMUSG00000050288	0.0599139100202324	7.16249756337032	1.11666159013172	0.264204404887621	0.618026798044577	-5.54281813106829
ENSMUSG00000023968	-0.0474678541156601	6.59502408020125	-0.896109852379192	0.370246642616966	0.709320290781525	-5.54286755916047
ENSMUSG00000032652	0.0419490871551229	6.9235094632039	0.881760120592989	0.377958170016659	0.71408013361058	-5.54303963242804
ENSMUSG00000007029	0.0303546689842307	7.32307262528863	1.2954575072776	0.195235296952458	0.541862877396402	-5.5430645563204
ENSMUSG00000090031	0.0308651835905334	7.36588920303158	1.37746866050445	0.168442496317403	0.510357335213171	-5.54313487168164
ENSMUSG00000028082	-0.0288616739739318	7.05522294974111	-0.92115695289287	0.357022622370639	0.699597154805771	-5.54328997860295
ENSMUSG00000025173	-0.037621322382261	6.94000684780769	-0.894084313692034	0.371329199261162	0.710152393736172	-5.54335349467283
ENSMUSG00000062232	0.0347149323374074	7.13060638357772	1.02636509023614	0.304780003712632	0.656008480205116	-5.54375148905195
ENSMUSG00000027176	0.0134657600325578	6.98416108457287	0.891807979936565	0.372548136102988	0.711008956824931	-5.5440276312482
ENSMUSG00000020719	0.0259921150624107	7.06231518708436	0.941784750312946	0.34635827502351	0.690310170332504	-5.54417987491192
ENSMUSG00000024646	-0.0257620889423293	6.87594078987888	-0.879050263962679	0.379425477289295	0.714714713158638	-5.54422731781365
ENSMUSG00000104077	0.0271047466884342	7.42663703390762	1.44372062292799	0.148893890931645	0.489569687966763	-5.54433460117082
ENSMUSG00000039929	0.0201336798400424	7.49014442647923	1.63415249291126	0.10230351890438	0.414945260169319	-5.54449145328602
ENSMUSG00000031932	0.0436670911920123	6.80595531006458	0.878975199703913	0.37946617219145	0.714714713158638	-5.54570098130583
ENSMUSG00000021919	0.0581580078977488	6.99000546374062	0.883650309699512	0.376936761663591	0.71408013361058	-5.54571337028322
ENSMUSG00000019874	-0.0468920709194416	6.89326893830383	-0.877920211124388	0.380038401639415	0.715156256406735	-5.54608089905968
ENSMUSG00000021756	-0.0434495621391546	7.03223467847999	-0.91446886769317	0.360524241290751	0.703206396694001	-5.54623711109021
ENSMUSG00000049881	0.0383944110602608	6.83836879458508	0.875812365058989	0.381183292614842	0.715999318546969	-5.54625161462998
ENSMUSG00000032114	0.0227575937265527	6.89033231815025	0.875174007758633	0.38153043817013	0.716212971643402	-5.54649479122281
ENSMUSG00000004270	-0.0246024535757732	7.406335485685	-1.42695571696652	0.153668717394947	0.49570192989982	-5.54670386039819
ENSMUSG00000000399	0.027718799152824	6.8361288917613	0.885367663268423	0.376010227062678	0.712999532659551	-5.54680326918142
ENSMUSG00000100629	-0.0113301682976523	7.47536487178732	-1.61846779824395	0.105638648142961	0.421870041685497	-5.54710898864932
ENSMUSG00000038803	0.0414066997270437	6.93277835863809	0.882251197947702	0.377692640896726	0.71408013361058	-5.54730245198714
ENSMUSG00000034931	0.0253997255304999	6.44868102560469	0.975566087649245	0.329337023780671	0.67583180027312	-5.54778446146862
ENSMUSG00000024579	-0.0165269517513211	6.98406276483991	-0.888875225165232	0.374122226340884	0.711972099500541	-5.54780570240564
ENSMUSG00000021903	0.0424881990185497	6.87987643821319	0.872363129575157	0.38306133139632	0.717637906739161	-5.54780839576058
ENSMUSG00000038446	0.0549779643900186	7.16022644334389	1.0261612551559	0.304876046155217	0.656008480205116	-5.54785347912852
ENSMUSG00000024642	0.0398418153366125	6.61612341266231	0.944184943094544	0.345130717533514	0.689672866651064	-5.54799033527122
ENSMUSG00000022197	0.0441319339093331	6.64619997710955	0.916441185443252	0.359489378512484	0.702805622764565	-5.54807804999846
ENSMUSG00000073985	0.032728982889747	7.34872400804302	1.37931212823349	0.167873678641822	0.509960975743636	-5.54808839979678
ENSMUSG00000034247	0.023012957992373	7.13549121408889	1.05332334720826	0.292254819498907	0.645242747649656	-5.54842039111639
ENSMUSG00000093793	-0.0758727334998213	7.07119673001381	-0.909102665488016	0.363349308531895	0.704820137417529	-5.54844270059159
ENSMUSG00000029482	-0.0360613473482632	7.1794184337404	-1.06907338751012	0.28509946427222	0.638631974841674	-5.54854406083674
ENSMUSG00000030043	0.0384531595705315	7.0936972864817	0.927617657095049	0.35366047368897	0.69638664187711	-5.54874155724096
ENSMUSG00000044452	0.0198912085419405	7.57243841612249	1.77870281057371	0.0753624886554916	0.363617302915002	-5.54883604751828
ENSMUSG00000039474	0.0501283272779087	7.17676912966052	1.01289784874168	0.311168655495247	0.660274492145199	-5.54886283422693
ENSMUSG00000042215	-0.0421724601306579	6.95477841085264	-0.871887549755439	0.383320719072232	0.717649670763426	-5.54891298813307
ENSMUSG00000033740	0.0531546981457218	7.07987227591725	0.921033691505691	0.357086962732558	0.699622115712141	-5.54922387385315
ENSMUSG00000028719	0.0130929196877689	7.19559545631176	1.03309785161528	0.301618969999211	0.654003000189907	-5.54929267322224
ENSMUSG00000041891	0.0333138155627077	7.39878061993751	1.47178975834126	0.141154319413324	0.477190209714413	-5.54939778694568
ENSMUSG00000023971	0.0265412515679397	6.66098338782884	0.927578699105998	0.353680687229483	0.69638664187711	-5.54948249036783
ENSMUSG00000046324	0.0303290038324651	7.21408088863368	1.09197405259727	0.274908592211064	0.628377789902899	-5.54986415663633
ENSMUSG00000035469	0.0318538963041881	7.36361239881246	1.28208046760274	0.199886823238132	0.546649734191421	-5.55023073315875
ENSMUSG00000033287	-0.0305330076325818	6.39852180726098	-0.980673456876825	0.326811591594079	0.673379842740569	-5.55059937705755
ENSMUSG00000078713	0.0251346768215157	6.57738486321316	0.960872040523599	0.336673105692263	0.681318558837467	-5.55076962929448
ENSMUSG00000025068	0.0304641183825769	7.01657031921002	0.871170327906648	0.383712105046395	0.717649670763426	-5.55151618278745
ENSMUSG00000028423	0.0449310527573701	7.37405392786362	1.33825403603984	0.180887762199328	0.523148160908061	-5.55160835741523
ENSMUSG00000040007	0.0464682830810847	6.76070934262441	0.879505710444823	0.379178621749947	0.714714713158638	-5.55184835918604
ENSMUSG00000041126	-0.0200930530442971	6.66255594274313	-0.898081620701636	0.369194709516991	0.708877944342367	-5.55189784893569
ENSMUSG00000043801	0.0532199291489865	7.12062191438342	1.0231973082011	0.306274860541295	0.657013106115202	-5.55194256055577
ENSMUSG00000032803	0.0194242871080306	6.89216648558168	0.870077044515966	0.384309177417074	0.718189362842272	-5.55198418833821
ENSMUSG00000064061	0.0330429413540276	7.4482962593696	1.47088479535305	0.141398924945426	0.477362207273426	-5.55225054982907
ENSMUSG00000097316	-0.0225474132620791	7.24388974768991	-1.14099017595478	0.253940572544265	0.606255728571076	-5.55226585562764
ENSMUSG00000036752	-0.0478921852640983	6.76913755561399	-0.894618607792354	0.371043453219387	0.709835916290172	-5.55239441357149
ENSMUSG00000042650	0.0342835329648308	6.86595442035409	0.869710785714484	0.38450932858624	0.718310153942893	-5.55297081628388
ENSMUSG00000030209	0.0220916733005847	7.19670940185904	1.05610389087575	0.290982904403433	0.644038595512938	-5.55300531755286
ENSMUSG00000033578	0.0316566501629874	7.16999567759084	0.972755035781113	0.330732382222773	0.677454243567964	-5.55312792203931
ENSMUSG00000033943	-0.0245773009357269	7.42789568514587	-1.46210898493339	0.143787898240501	0.481471060593902	-5.55318113402698
ENSMUSG00000025762	0.0353908962215614	7.20040930403203	0.977918754555676	0.328172137321043	0.674451695891876	-5.55322699382866
ENSMUSG00000029401	-0.0324071737209781	6.8603236689354	-0.868328543543156	0.385265263369607	0.719075419721013	-5.55324164064629
ENSMUSG00000074811	0.0492944611396364	6.9879330298135	0.881821486711946	0.377924982618803	0.71408013361058	-5.55329915189996
ENSMUSG00000079037	0.0512742222570175	7.1376204007606	0.930607439717934	0.352111390055162	0.695561324008551	-5.55333774732222
ENSMUSG00000057406	0.0183389875985513	7.57975749781875	1.76795848084498	0.077142116897889	0.367754156435154	-5.55354804917859
ENSMUSG00000034442	0.0411238068262136	7.22504760618448	1.00895194668363	0.313057149900991	0.662054100508132	-5.55362716569838
ENSMUSG00000026705	-0.0426197208739714	7.29981592330565	-1.12146207597292	0.262156825314165	0.615647972359096	-5.55400231052423
ENSMUSG00000040125	0.0174270468146549	7.10805508353049	0.967058470785493	0.333571776608231	0.679763023285013	-5.55400497708471
ENSMUSG00000049717	-0.0558816033906906	6.77414769131464	-0.885595906860441	0.375887192645354	0.712883418123945	-5.55406273656757
ENSMUSG00000032096	0.0417021815632586	6.94432172584338	0.865145155780378	0.387009679822306	0.720422731544381	-5.55415812016578
ENSMUSG00000037376	0.0338166405069735	7.27553528948	1.15361106358287	0.2487268251217	0.600893776259832	-5.55513292625486
ENSMUSG00000040482	-0.0243386574595972	7.02482899451298	-0.946543086689831	0.343927371972707	0.689097557884489	-5.55522960502406
ENSMUSG00000055737	0.0349466354656487	7.31858645195236	1.22651067670945	0.220076909044742	0.570189706254274	-5.55530738945663
ENSMUSG00000052763	0.0414884515627616	7.01428236202377	0.875395445403734	0.381409996022331	0.716212971643402	-5.55534125269006
ENSMUSG00000037972	0.0417161118427867	6.92522578196686	0.863042603090033	0.388164464341707	0.721218830689991	-5.55554283587358
ENSMUSG00000053475	0.0346742464977554	6.69129443056189	0.889774491349577	0.373639128487466	0.711716751189313	-5.55554818344351
ENSMUSG00000020687	0.036472075140237	7.48804032668149	1.52849757022211	0.126466096549727	0.455412307309748	-5.55561052797035
ENSMUSG00000072875	0.0440902920138058	6.84389653780135	0.867030441207624	0.385976009588434	0.719519144507079	-5.55569174024815
ENSMUSG00000028453	0.0540518624645134	6.93459940874771	0.876612256542859	0.380748576942982	0.715678525744204	-5.55571170290344
ENSMUSG00000042331	-0.0292964502670161	7.05153339411631	-0.939817149212913	0.347366659479219	0.690568949866319	-5.55578318040037
ENSMUSG00000037204	0.0321443380366828	6.59699454409652	0.933522571078375	0.350605129474767	0.694552643398392	-5.55604302852912
ENSMUSG00000062078	0.0269266124165997	7.36958122872541	1.36583559662601	0.172065399586848	0.513520420143181	-5.55609983666466
ENSMUSG00000035152	0.0578959199390088	6.84589845744119	0.862661794694121	0.388373840034168	0.721508978238318	-5.55637361452949
ENSMUSG00000073684	0.0235567670738446	6.70568327397005	0.896162574755899	0.370218491159718	0.709320290781525	-5.55642206120653
ENSMUSG00000037999	-0.0278375143913188	6.88382552233736	-0.864090214477549	0.387588822720995	0.720780385785257	-5.55649309859003
ENSMUSG00000020707	0.0595263719462782	7.33490420061286	1.33829751423744	0.180873595508145	0.523148160908061	-5.55663700630883
ENSMUSG00000034194	-0.0317357337230693	7.34328014936307	-1.34423789906197	0.1789457534505	0.521114893352688	-5.55666953869178
ENSMUSG00000031860	0.0118326915536491	7.33755273573434	1.26424933965008	0.20621232781934	0.552900060333954	-5.55698231597207
ENSMUSG00000022120	0.0180118544002603	6.92245458349154	0.865654673342746	0.386730153491081	0.720330735132858	-5.55709505214903
ENSMUSG00000002984	0.0207143961022904	7.00164987040642	0.87254029338453	0.382964731361246	0.717637906739161	-5.55743979423575
ENSMUSG00000036019	0.0514972432148237	7.15398258007894	0.971662711868746	0.331275624125088	0.677952439530256	-5.5575321421318
ENSMUSG00000006418	0.0598206805115371	7.33542496395855	1.2242056535359	0.220944913598526	0.570946720730562	-5.55757274917549
ENSMUSG00000021748	0.0330392797380599	6.36492658070408	1.02076396313523	0.30742643678108	0.657765278362127	-5.55822137088068
ENSMUSG00000054944	0.0451466634453039	6.88790518317656	0.865863383360567	0.38661568871647	0.720216475352831	-5.55846529907681
ENSMUSG00000032239	-0.0265714417411766	7.09872807127707	-0.910391572684999	0.36266949486896	0.704283248313263	-5.55873253802426
ENSMUSG00000018433	0.0434746507986166	7.20171802328075	1.00062621351644	0.317066533172003	0.665603565287274	-5.55875271157494
ENSMUSG00000103375	0.0142522516157628	7.59045301544547	1.7973101543467	0.0723598692479151	0.358703878341219	-5.5587551818096
ENSMUSG00000040147	0.035883738685234	6.92075936683291	0.861815046020361	0.388839645095466	0.721921930597696	-5.55879314095023
ENSMUSG00000029650	0.0445679563804102	7.08236195107282	0.88292844080346	0.377326639425657	0.71408013361058	-5.55902218875316
ENSMUSG00000020346	0.0424424842090376	6.8416166865999	0.858279626277083	0.390788188569242	0.722845374465659	-5.55914448295672
ENSMUSG00000048799	0.0289750525610053	7.03552612642526	0.893628582764926	0.371573036803059	0.710152393736172	-5.55922574583184
ENSMUSG00000035840	0.0376269409312808	7.05504393595957	0.883023505108981	0.377275281458437	0.71408013361058	-5.55935946785773
ENSMUSG00000022454	0.0633135289980693	6.72076617926425	0.892889946579724	0.371968452956235	0.710458823843074	-5.55945525719358
ENSMUSG00000020717	0.064270292605987	7.07302826176366	0.968708365909676	0.332747789463501	0.679017840088221	-5.55948031931835
ENSMUSG00000088703	-0.0527105268705483	7.27566461923689	-1.02563302901703	0.305125027761919	0.656180300588425	-5.55966405175331
ENSMUSG00000075706	-0.0242426696643427	6.82739062438758	-0.860681918069783	0.389463522326213	0.722121208240314	-5.55970452207734
ENSMUSG00000028156	0.0214396963008232	7.14238469007071	0.944979678254398	0.344724869574213	0.68921775197538	-5.56009679332949
ENSMUSG00000018500	0.0541994255968472	6.9979162301837	0.900309578943981	0.368008339483486	0.707517484394189	-5.56035443565429
ENSMUSG00000004451	-0.0365850088760276	6.96832326388061	-0.867514723838333	0.385710758097004	0.719272739196018	-5.56053186534041
ENSMUSG00000055125	-0.0485273297160695	7.22181476460584	-1.09460108192397	0.273755665074552	0.627485935263023	-5.56070747360649
ENSMUSG00000019731	0.0184812318786536	7.12808471145263	1.00897301407293	0.313047047121983	0.662054100508132	-5.56074233210287
ENSMUSG00000036086	0.025307005848898	7.47329368180187	1.53122837937066	0.125790017827057	0.45406311546838	-5.56091885018724
ENSMUSG00000000171	0.0248163752463038	6.585526694587	0.938042401648941	0.348277808620613	0.691860883410736	-5.56097704929657
ENSMUSG00000019845	-0.0324819054918999	7.35177723584043	-1.37706902804329	0.168565996960578	0.510357335213171	-5.5611863007071
ENSMUSG00000035561	0.0564753690838158	6.97886721002287	0.859180916643499	0.390290880510001	0.722496416979055	-5.56130436780921
ENSMUSG00000051502	0.019866757649968	6.7380459499259	0.890468781381712	0.373266410901752	0.711378408631706	-5.56143434372976
ENSMUSG00000031374	0.0357215531611157	7.11580154982701	0.930392562517846	0.352222579951454	0.695561324008551	-5.56144596052892
ENSMUSG00000002580	-0.0217465726362018	6.56576555103719	-0.935315673152158	0.34968065941889	0.693732862218512	-5.56146587079254
ENSMUSG00000020225	0.0249268080261817	6.48793827605324	0.968043968730315	0.333079443050334	0.679081366748334	-5.56162970338685
ENSMUSG00000048218	0.0301960952752642	7.15125121061482	0.998630000717041	0.318032824849722	0.665775213695143	-5.56165356399766
ENSMUSG00000029730	-0.032182082030074	7.07827410177993	-0.934730041132159	0.349982423515125	0.694026868219697	-5.56180987697992
ENSMUSG00000023191	-0.0333985188123656	7.20151610907499	-1.15879617897821	0.246606683647863	0.597692780997091	-5.56188379011245
ENSMUSG00000022247	-0.025509678880228	6.98352506190288	-0.863997865496404	0.387639545716997	0.720780385785257	-5.5622601699599
ENSMUSG00000071176	-0.0243715307992263	7.42650008225877	-1.50386037541776	0.132694252710815	0.464755535585954	-5.56260711918803
ENSMUSG00000005481	0.035660022840533	7.01361300057059	0.897794489206569	0.369347777634572	0.708898814463489	-5.56298682129337
ENSMUSG00000073542	0.0525402776406008	6.91494909623815	0.85565494361349	0.392238610642607	0.724420526235181	-5.56337812992124
ENSMUSG00000021792	0.0180302394532337	7.07407930313419	0.900026472100955	0.368158959792705	0.707517484394189	-5.56347889550674
ENSMUSG00000015468	-0.0388168609697548	7.14360501332775	-1.17082717669346	0.241736215362208	0.593205358892457	-5.56366772592422
ENSMUSG00000055633	0.0331347491336214	7.4125978020223	1.39193818309875	0.164016529020887	0.506697799586306	-5.56395207959167
ENSMUSG00000042700	0.0177639710152047	7.12617669430695	0.991613705546724	0.321444448785129	0.668576408618782	-5.56415483617065
ENSMUSG00000028358	-0.0102018300439992	7.41842242708337	-1.45203782134442	0.146567515311554	0.486115970130544	-5.56435175361992
ENSMUSG00000041771	0.0223779179484254	7.30672527781381	1.22584512475655	0.220327284814436	0.570293495134425	-5.56438981926221
ENSMUSG00000010095	-0.0317348917751055	6.96337056092837	-0.863955754117641	0.38766267688052	0.720780385785257	-5.56462855671185
ENSMUSG00000024601	0.0356111238343155	6.92134539546032	0.851197865783866	0.39470909976417	0.72631188580383	-5.5646766144846
ENSMUSG00000032220	-0.032465585172206	7.03907912698898	-0.888689661783241	0.37422196156553	0.711972099500541	-5.56502673657082
ENSMUSG00000022037	-0.025711196098289	6.7012793655242	-0.874150832004404	0.38208725680469	0.716819828471697	-5.56515569868455
ENSMUSG00000078185	0.0285881057724762	7.19240725506808	0.980820822015791	0.326738911473483	0.673379842740569	-5.56528114532952
ENSMUSG00000018548	0.0290889210367951	6.97446122084048	0.860611495476919	0.389502315670557	0.722121208240314	-5.56541814402754
ENSMUSG00000069662	0.0230049229002747	7.28765849005739	1.10592237102052	0.268824931956475	0.622837260112982	-5.56574284407208
ENSMUSG00000040842	0.0484942266499031	7.18227034745812	1.03607864114064	0.300226486337849	0.652604895558172	-5.56574390341307
ENSMUSG00000015776	-0.0376489334492964	6.77971236953835	-0.860145007730504	0.389759346833867	0.722182545896375	-5.56592812911302
ENSMUSG00000053553	0.0314047100358392	7.24484864088001	1.13805365774601	0.255164496280091	0.608106915198712	-5.56593064515762
ENSMUSG00000048668	-0.0406307861273385	6.95427074090517	-0.85030785379821	0.395203544900342	0.726531479560521	-5.56647062061078
ENSMUSG00000032757	0.0210938258905049	7.1140836944185	0.923149348549153	0.355983638977314	0.698368713247638	-5.56687174231136
ENSMUSG00000021771	0.0334604320917009	6.44289219928724	0.980484609919698	0.326904745800232	0.673379842740569	-5.56729002688771
ENSMUSG00000027339	-0.0455540225433015	7.04035688681024	-0.942294395224114	0.346097389274778	0.690230307227263	-5.56741805122156
ENSMUSG00000063445	-0.0426860600372923	6.96912027273132	-0.855183340096756	0.392499568491444	0.724803507514382	-5.56774606504333
ENSMUSG00000034312	0.014335629400378	7.33421789666621	1.30704677932759	0.191270037599245	0.537236206706146	-5.56788635969879
ENSMUSG00000038295	-0.0254402814933465	7.35487941157619	-1.26868960669588	0.204623730234311	0.551059909072451	-5.56789394680777
ENSMUSG00000070044	-0.0419507978455291	7.26558796426717	-1.19595400219287	0.23178358843363	0.583136368896484	-5.56796873103812
ENSMUSG00000020859	0.0270367499213364	7.2138993154382	1.05199416055762	0.292864152447056	0.646361545084871	-5.56826014255966
ENSMUSG00000026784	-0.0229824558788954	7.49047661498771	-1.64097906663554	0.100878372850664	0.413105096744036	-5.56830247282394
ENSMUSG00000042680	0.0243365945089344	7.54004598571709	1.66924950114926	0.0951441982898768	0.403160188182184	-5.56837083158594
ENSMUSG00000051246	0.0268337230093367	6.78066389225521	0.87371465730201	0.382324777290706	0.717050675128979	-5.56837927854829
ENSMUSG00000035125	0.0222521962185001	7.56543409029462	1.73434644107524	0.0829317033583971	0.379041340240358	-5.56849543865738
ENSMUSG00000039483	0.0318267795742209	6.79145049638579	0.850096969119719	0.39532075650498	0.726559636198618	-5.56884028291401
ENSMUSG00000003458	-0.0230199563821873	7.19147759104148	-1.02072963427949	0.307442703336966	0.657765278362127	-5.56901831856406
ENSMUSG00000029684	0.0356075548862647	7.12929381593607	0.927956001054563	0.353484953015479	0.69638664187711	-5.56915718593515
ENSMUSG00000022150	-0.037332467605582	7.02911432000736	-0.871350205646123	0.383613923277347	0.717649670763426	-5.56925254958241
ENSMUSG00000056602	0.0309318939756942	7.288199009182	1.1620380920687	0.245287551626287	0.597542458543518	-5.56932093927955
ENSMUSG00000019906	0.0456709312974573	7.22360809595738	1.09105540056998	0.27531254349675	0.628820939775583	-5.56947936010572
ENSMUSG00000027649	-0.0305878303175602	6.39121513069914	-0.98884254672126	0.322798466925395	0.669539334761617	-5.56950777138171
ENSMUSG00000001864	-0.046125589564225	7.17705418848057	-1.06903068949773	0.285118700672419	0.638631974841674	-5.56962966783204
ENSMUSG00000008475	0.0216181602774732	7.01351415330915	0.860269759444795	0.389690599492344	0.722174022405303	-5.56994003113309
ENSMUSG00000048076	0.0472674703644511	6.68751291683638	0.909788419420173	0.362987519257189	0.704463897235752	-5.56994776411257
ENSMUSG00000045140	0.0216050745971526	7.42070134701714	1.38351549413098	0.166582092164456	0.509093551934398	-5.57000660940768
ENSMUSG00000029755	0.0437332236510777	6.73428611191964	0.88036887510269	0.378711051039271	0.714622745997278	-5.57007697163204
ENSMUSG00000045962	-0.0229515297174752	7.21773674878435	-1.12053402344815	0.2625518154853	0.615977915709681	-5.57034688770631
ENSMUSG00000061099	-0.0216910124516057	7.48379187838847	-1.63596361439023	0.101923868192745	0.414109620904177	-5.57093009931397
ENSMUSG00000077928	0.0636773732926317	7.03099665555703	0.908669085457994	0.363578172616592	0.705105544891397	-5.57101212243675
ENSMUSG00000031216	-0.0242970963973024	6.92817730759233	-0.861246798506037	0.389152434523541	0.722105336048759	-5.57128461676111
ENSMUSG00000024527	0.0374162273652212	6.77636277216888	0.87565824864153	0.381267085010808	0.716057506382676	-5.57137388181249
ENSMUSG00000033916	-0.0295669156139535	6.57198654039186	-0.923735834108121	0.355678165456942	0.698239197355039	-5.57148047727131
ENSMUSG00000020982	-0.0317367345112851	6.92945582168901	-0.848827309858349	0.39602688867387	0.727230158343806	-5.57157815621972
ENSMUSG00000035762	0.018527245880275	7.46476576947299	1.50363785164388	0.132751569118801	0.464836201991918	-5.57161593526641
ENSMUSG00000058709	-0.028073733819415	6.63464410824063	-0.8829993727191	0.377288318440796	0.71408013361058	-5.5717749958245
ENSMUSG00000049489	0.025574606753838	6.56944837810365	0.952309181374015	0.340996273293075	0.68583703802218	-5.57195040079574
ENSMUSG00000046574	-0.0134156954726938	7.10109088178972	-0.951468813610469	0.341422461332859	0.686142700302195	-5.57201772519628
ENSMUSG00000019851	0.0147109833322201	6.94267285995547	0.848896184387667	0.395988563962259	0.727230158343806	-5.57230138550586
ENSMUSG00000018196	0.0127012422503894	7.38872934620964	1.38917219575616	0.164855747670051	0.507743772929898	-5.57256045415534
ENSMUSG00000052087	0.0439977176916102	6.74268316925112	0.856031079720835	0.392030554359183	0.724233581687124	-5.57265452286029
ENSMUSG00000034551	0.0269916501009106	7.50276726503715	1.56325316762121	0.118070144777926	0.442730615664271	-5.57271937186823
ENSMUSG00000033174	0.035317702902451	6.77166086505202	0.841044798088364	0.400371827916079	0.73147031975289	-5.57292266867088
ENSMUSG00000026313	-0.0286639236539905	7.03190123907107	-0.91525012754399	0.36011409564968	0.70301323381114	-5.57301706778034
ENSMUSG00000069729	0.0249898474305343	7.0603414652117	0.890473209822321	0.373264034309408	0.711378408631706	-5.57332976527304
ENSMUSG00000031617	0.0277638748002831	6.59545185186064	0.92994974698142	0.352451788446508	0.695620303036651	-5.57359999286722
ENSMUSG00000037214	-0.0527817738415743	6.67592393172839	-0.902275899448111	0.366963264444904	0.707192035767919	-5.57383743804266
ENSMUSG00000027823	0.0362562613407293	7.331225968293	1.18490061718328	0.236125339293419	0.586454822295855	-5.57415321677797
ENSMUSG00000042210	-0.0347569573125703	6.70631659116885	-0.85053209473305	0.395078932824512	0.726499412889562	-5.57418842632198
ENSMUSG00000027978	-0.02909100107588	6.94447746140765	-0.850087465924689	0.395326038961293	0.726559636198618	-5.57420977698044
ENSMUSG00000056209	0.0233896354005703	6.83118848216054	0.84383825139588	0.398808969292372	0.729641631169533	-5.57421843361081
ENSMUSG00000082305	0.0413391205086597	6.86864989834377	0.839812664707572	0.401062340538933	0.732095712038204	-5.57447505899542
ENSMUSG00000038991	0.0303894213286755	7.02280980198452	0.838605091032796	0.401739783107564	0.73239047725862	-5.57456713571561
ENSMUSG00000036737	-0.0484232996539316	7.24972837180228	-1.16143891954747	0.245530980715883	0.597542458543518	-5.57473549714041
ENSMUSG00000034463	-0.024745641076878	7.46527027270744	-1.63069185817544	0.103032073531611	0.416614629568024	-5.57503691189245
ENSMUSG00000038677	0.0356227601121377	6.75355155042135	0.861064775565419	0.389252660659451	0.722121208240314	-5.57537985656425
ENSMUSG00000005982	0.0358626190210778	7.19986035955744	1.02953988549524	0.303286705781612	0.655192301887407	-5.57561470387477
ENSMUSG00000023960	0.0477542558985435	6.68968921740273	0.885768587283831	0.375794126007273	0.712883418123945	-5.57583119082377
ENSMUSG00000026986	0.0202257447672176	7.33791021736624	1.19296978538372	0.232950156101036	0.584204972944828	-5.57609974117039
ENSMUSG00000000563	0.0292124629403965	6.55994080678017	0.936162485082501	0.349244606940714	0.693261507737598	-5.57615603364908
ENSMUSG00000028990	-0.0402650545572083	7.14568177592337	-1.03998917913333	0.298406179608602	0.651916046267068	-5.57628541354707
ENSMUSG00000071856	-0.0257348041370795	7.26291932535953	-1.21414075801242	0.224763824695979	0.575079814158913	-5.57631092544251
ENSMUSG00000025234	0.0207832897872056	7.03803407747792	0.902926278441615	0.366618003729183	0.707069715788523	-5.5766831335336
ENSMUSG00000041420	0.0302919501316641	6.86792764736331	0.836219123775992	0.403080316099332	0.733436341119266	-5.57678021270829
ENSMUSG00000046352	-0.0380985515080363	6.99627818717253	-0.872679677476602	0.382888741525519	0.717637906739161	-5.57694303742685
ENSMUSG00000024479	0.0373550496461732	7.21574154495853	1.02057333546111	0.30751677195256	0.657765278362127	-5.57766245101119
ENSMUSG00000078137	0.0444797897265907	6.87749610879968	0.834595832227912	0.403993877627688	0.734032296016643	-5.5777205133305
ENSMUSG00000026479	-0.0248145240456408	6.67751497294053	-0.890697740873143	0.37314354847203	0.711378408631706	-5.57775083231136
ENSMUSG00000022476	-0.0375204959145812	7.18747866640303	-1.07215004645869	0.283715672031187	0.637074609328988	-5.57776999963869
ENSMUSG00000061702	0.0423106629692693	7.15920062591641	0.916987619940073	0.359202998344372	0.702448327066637	-5.57781757717719
ENSMUSG00000031207	-0.0426959340019026	7.13793867019664	-0.961171878927287	0.336522366781614	0.681318558837467	-5.57799903655026
ENSMUSG00000021111	-0.0167182566651283	7.03191469601503	-0.894381899281334	0.371170030545834	0.709977888563829	-5.57800442396269
ENSMUSG00000036022	0.0325959853431446	7.26045249560241	1.0792544786108	0.280537710902058	0.633409260858984	-5.57807523598857
ENSMUSG00000058638	0.0388604385989888	7.37791837421407	1.26766229887751	0.204990476841083	0.551545947682872	-5.57840378145208
ENSMUSG00000028753	0.029829274827474	7.3264891313078	1.25966403964296	0.207862198538162	0.554173200514965	-5.57845748495542
ENSMUSG00000000339	0.0452888003418614	6.98205119533248	0.839593151892086	0.401185435028476	0.732140967559959	-5.57846976037148
ENSMUSG00000100600	0.0351936116513345	7.37888434518299	1.43508983998624	0.151337684643857	0.492874448330871	-5.57850454469697
ENSMUSG00000021838	0.0455510048130314	7.15908896615023	0.934964800136829	0.349861437200381	0.693888438496601	-5.57879722176512
ENSMUSG00000044167	-0.0490925251103729	6.93996624718923	-0.842677544991232	0.39945790525309	0.730292648249918	-5.57903237897435
ENSMUSG00000022359	-0.0265791704634353	6.42085494484235	-0.966591029744833	0.333805464231198	0.679763023285013	-5.57909355846865
ENSMUSG00000008668	0.0118096471828464	7.0666950133528	0.8912424519415	0.372851350640444	0.711215576373915	-5.57944925589942
ENSMUSG00000020334	-0.0421585127814152	7.25033591397874	-1.1770453516794	0.239245650749518	0.590298914078611	-5.57957188328983
ENSMUSG00000028179	-0.0341284608814716	7.07158550829153	-0.978786374225424	0.327743224563885	0.673978862223139	-5.57963828081853
ENSMUSG00000024201	0.0199586146788731	6.76174441952652	0.838307370107501	0.401906908493477	0.732396992282941	-5.57967599085187
ENSMUSG00000032470	-0.0444146676224619	6.86688061526043	-0.835575814270486	0.403442211793088	0.733619837378043	-5.57971556226683
ENSMUSG00000037031	0.0535779314843534	7.18606973667171	0.994203762607735	0.320182278254085	0.667235064335826	-5.57974377895319
ENSMUSG00000025478	0.0253941905456276	7.2847608534901	1.1916945992397	0.233449910668083	0.584400644172428	-5.57976237260988
ENSMUSG00000068115	0.0367107107491558	7.47562258011178	1.49384696882471	0.135292482438656	0.468611899195978	-5.57980451854267
ENSMUSG00000023030	0.0288991192487194	7.42724928550655	1.48633916830845	0.137266230390017	0.471058496702375	-5.58018428932694
ENSMUSG00000079435	-0.00883161591770332	7.05134162507266	-0.876958664611039	0.380560409692865	0.715424020329432	-5.58019626694369
ENSMUSG00000006299	-0.0187247202835152	6.67566695817602	-0.882158908434163	0.377742533735559	0.71408013361058	-5.58025025135289
ENSMUSG00000031765	0.0159946548233334	7.00520538678511	0.85942741813439	0.390154934580895	0.722442038110868	-5.58025581386396
ENSMUSG00000079227	0.0401085601339197	7.18162298994164	0.932094036500039	0.351342747878077	0.694692281716635	-5.58059142195539
ENSMUSG00000050856	-0.0191990162577573	6.92953636278575	-0.832609674336473	0.405113339112466	0.735179581272495	-5.58059619380562
ENSMUSG00000079557	-0.0333613271480049	6.78625666166187	-0.833247371487845	0.404753710785215	0.734919340117218	-5.58067659759503
ENSMUSG00000003444	-0.0309375915254666	6.63181423299359	-0.903721260938547	0.366196253998454	0.707069715788523	-5.58080713085202
ENSMUSG00000029189	-0.0620569470534864	6.802757123427	-0.833056159107942	0.404861524659648	0.734919340117218	-5.58118463301991
ENSMUSG00000020883	0.0198592282925079	7.43458566195358	1.48813968353383	0.136790874388607	0.470593929195822	-5.58118531038673
ENSMUSG00000001700	-0.0484499227238535	6.76373714493549	-0.834154229631484	0.404242618577132	0.734287436048869	-5.58146241910623
ENSMUSG00000032582	0.043151326090598	6.61686816211138	0.90063186230494	0.367836922956572	0.707517484394189	-5.58147504969902
ENSMUSG00000087200	0.0299445330599477	7.39927076443462	1.43082470038932	0.152556582233337	0.493878257382899	-5.58153596084789
ENSMUSG00000052298	0.0402528839788276	7.15346555116194	0.967184288654386	0.333508894568003	0.679752494370564	-5.58156132173159
ENSMUSG00000005413	-0.0460270025182083	6.49465665950406	-0.924353835173797	0.355356455978833	0.698239197355039	-5.5816721401154
ENSMUSG00000026840	-0.02787575538974	7.1554874897382	-1.0424693759617	0.297255507726986	0.65076540832593	-5.58184836708147
ENSMUSG00000018849	-0.0368417913866681	7.1601354279176	-1.09970320831215	0.271525946070071	0.626108729175228	-5.58188004072956
ENSMUSG00000023336	0.0446090405319053	6.86198785597233	0.84338198831074	0.399063984318933	0.729769287752373	-5.5819729478995
ENSMUSG00000097236	0.0215764200524617	7.49028695749712	1.55516009037788	0.119985037895475	0.445502274820192	-5.58217223773295
ENSMUSG00000033739	-0.0426836042048233	6.86193981192971	-0.836704889969336	0.402807175845361	0.733436341119266	-5.58229346966321
ENSMUSG00000026134	-0.0263932753247129	7.20221501477553	-1.08644794120566	0.277344655386606	0.630489409411737	-5.58237129561651
ENSMUSG00000024136	-0.0346069823093407	6.67434960171379	-0.835269688559544	0.403614492067055	0.733642640600436	-5.58259318326965
ENSMUSG00000044533	0.0187026031137982	6.92732201955597	0.831365904418543	0.405815310788404	0.735717869824637	-5.58268407575373
ENSMUSG00000002763	0.0403652176177447	7.01799451822305	0.868969909440748	0.384914393684646	0.718788067179513	-5.58329378916645
ENSMUSG00000029142	-0.0214181623854675	6.97384226688874	-0.845382956947475	0.397946329794694	0.728806745826889	-5.58333473575858
ENSMUSG00000040327	0.0176535410672969	7.3098681934318	1.2444208392005	0.213415765159086	0.561463268470273	-5.58334325231473
ENSMUSG00000022490	-0.0337512529678801	7.03467253059836	-0.86750030085919	0.385718656247669	0.719272739196018	-5.58339193317588
ENSMUSG00000029061	0.0433540521793034	6.69453914215336	0.844441087713071	0.398472181952429	0.729501091794235	-5.58345256535192
ENSMUSG00000031661	-0.0518585595847876	7.07185709346754	-0.940630459307323	0.346949616319826	0.690370834896022	-5.58347130311068
ENSMUSG00000039050	0.0412360801138991	7.15327167452669	0.910839159667002	0.362433608703581	0.704283248313263	-5.58391116707042
ENSMUSG00000031672	0.0397948211905153	6.65861168867462	0.888086171620256	0.374546434699799	0.71238377754424	-5.58396811382775
ENSMUSG00000051396	0.0330139371093807	7.29365746562208	1.07826252016977	0.280979976121303	0.634075651839652	-5.58425952252683
ENSMUSG00000028878	0.0357390562135169	7.321675986841	1.14248855956237	0.253317632483737	0.605696580762168	-5.58443377868957
ENSMUSG00000024411	-0.0468676262426122	6.97064861137142	-0.870779649891248	0.383925399880571	0.717859171621102	-5.58448516483509
ENSMUSG00000057835	0.0224987834194339	7.47465187306578	1.51737754555218	0.129248395956991	0.459693009544826	-5.58452675410568
ENSMUSG00000032291	0.0479024778621291	6.89871954755286	0.825977157696977	0.408865052885105	0.738134805195241	-5.58457979095272
ENSMUSG00000007338	-0.0332993681783629	6.60905336093831	-0.902618562353038	0.366781332876581	0.707069715788523	-5.58482802867459
ENSMUSG00000034708	-0.0356151295716192	6.8989852815976	-0.830783401366779	0.406144319605898	0.735770267933827	-5.58483403121831
ENSMUSG00000097428	0.0288781400970191	6.72605842606943	0.863200839436578	0.38807748322627	0.721218830689991	-5.58483509166629
ENSMUSG00000028914	0.0350781741126811	7.3083188113715	1.18143800618833	0.237497209465569	0.587440369455938	-5.58498565373028
ENSMUSG00000028890	0.0190089766840362	7.26169486477081	1.18205652530337	0.237251742784125	0.587300383727668	-5.58503908276243
ENSMUSG00000032172	0.018891341230038	7.05302222397532	0.85310056935826	0.393653311103053	0.725353573244795	-5.58507970612029
ENSMUSG00000086693	0.0477522039592211	7.02420300421954	0.868548467182681	0.385144928528723	0.718958411261521	-5.58520482316397
ENSMUSG00000038084	0.0300746238263567	7.00933063018156	0.84721499299997	0.39692469030837	0.727799233699925	-5.58568949757829
ENSMUSG00000049300	0.0311921891828479	7.28483769041547	1.03632629656945	0.300110986655755	0.652604895558172	-5.58588691719164
ENSMUSG00000079110	0.0413325966952938	6.76512115264219	0.852352911112421	0.394067974005935	0.725425736442992	-5.58591571074161
ENSMUSG00000071266	0.0198705971347408	7.13910237914298	0.942303638749154	0.346092658697688	0.690230307227263	-5.58592711191018
ENSMUSG00000064778	-0.0475139541349128	7.21922868244372	-1.09489070491614	0.273628760552575	0.627485935263023	-5.58595731912135
ENSMUSG00000022681	0.0245781174437276	7.12208175844079	0.946727393623858	0.343833434361612	0.689097557884489	-5.58618153489064
ENSMUSG00000022360	-0.0470761547680221	6.63939940519299	-0.880978658611198	0.378380949350103	0.714297836924957	-5.58629046238249
ENSMUSG00000097867	0.0361889333700658	6.8788449331403	0.823731993822105	0.410139712247748	0.739029715732727	-5.58649003168151
ENSMUSG00000001891	0.0162497631017784	7.11962429134911	0.910168520978032	0.362787082913175	0.704341800068207	-5.58660757952821
ENSMUSG00000041014	0.0429354337796903	7.11669611879729	0.907804926873406	0.364034585467843	0.705459751107516	-5.58679950711025
ENSMUSG00000075585	-0.0377504287386303	7.37686897753626	-1.43732322312493	0.150702393090384	0.492018914892573	-5.58688964274346
ENSMUSG00000029478	-0.0124216923819365	7.24742564882389	-1.14218022132698	0.253445734368826	0.605791500730134	-5.58704446392792
ENSMUSG00000053080	-0.037849110354788	7.19798016464284	-1.11691935667929	0.264094178710906	0.617982201408779	-5.58740876257102
ENSMUSG00000022177	0.0318106734782537	7.43857982939337	1.41569385693532	0.156941024651176	0.498899510485496	-5.58769211013817
ENSMUSG00000029392	-0.0555452606720088	6.52124675946638	-0.899825258858652	0.368266033881826	0.707517484394189	-5.58775791028848
ENSMUSG00000069895	-0.02518216941281	7.36717080613409	-1.32932264061766	0.183815421876035	0.526909081637982	-5.58797863675736
ENSMUSG00000057715	0.0380744634339818	7.21073455303523	1.03090365356687	0.302646739544849	0.654640155511975	-5.58808438832418
ENSMUSG00000031451	-0.0369227938988894	7.01088925898719	-0.856820729242451	0.391593984807508	0.723821574099549	-5.58813154291432
ENSMUSG00000039771	-0.0503166891903231	7.06782775953296	-0.852213947663935	0.394145074432949	0.725425736442992	-5.5883767435456
ENSMUSG00000045257	-0.0303932517227095	6.90228066382946	-0.821064181231961	0.411657392019136	0.74031714033631	-5.5883922046445
ENSMUSG00000035131	0.0406278016348764	6.97565273235584	0.820013389986732	0.412256085713908	0.740509805260885	-5.58880687289722
ENSMUSG00000031169	-0.0251254700683514	7.14306376972117	-0.986896211080344	0.323751688755257	0.670118355930604	-5.58903855088055
ENSMUSG00000026849	0.0363167559592705	7.05672558387348	0.889252607109725	0.3739194446504	0.711822497973901	-5.58918168398655
ENSMUSG00000003099	-0.0388796153681765	7.00924153813692	-0.849058008671121	0.39589852687973	0.727217481023626	-5.58926480446193
ENSMUSG00000007777	0.0405585020421597	6.54843659068871	0.917520534816645	0.358923841843612	0.702217587639092	-5.58937228857198
ENSMUSG00000019437	-0.0360678525353997	7.32851321507751	-1.25984940293015	0.207795316399985	0.554173200514965	-5.58937356692268
ENSMUSG00000024127	0.0241458721634498	7.4228625611969	1.37123428630498	0.170376889354384	0.512643112708996	-5.58955914032847
ENSMUSG00000025008	0.0173250454048759	7.5392289419552	1.67934228883605	0.0931614574680306	0.39999984728668	-5.58956950666174
ENSMUSG00000030615	-0.0142972477402203	6.91381535679239	-0.825193220262314	0.409309853787761	0.738572791525739	-5.58970320480144
ENSMUSG00000093075	-0.0284459993003727	7.43646916101679	-1.47411151129532	0.140528253060848	0.476488283162058	-5.58972091719029
ENSMUSG00000028923	-0.0348298743052764	7.19025096421511	-1.08172571329135	0.279437967295737	0.632727143330762	-5.58979750310167
ENSMUSG00000039067	0.0368906962867168	6.45295897134347	0.969603787357533	0.332301150841527	0.678719343644083	-5.58981386690479
ENSMUSG00000079641	0.022390077308839	6.91337431567427	0.818590174781823	0.413067792774536	0.741182257072148	-5.58982568289803
ENSMUSG00000027287	0.0202143422465948	7.4715554516138	1.62617924885247	0.103988289682716	0.418732768493692	-5.58989811794794
ENSMUSG00000021103	-0.0499032681691887	6.7855335972224	-0.86174127753901	0.388880241992474	0.721921930597696	-5.58997540880885
ENSMUSG00000026586	-0.0296985856082701	7.40718048935665	-1.52466883275466	0.127418756160914	0.457506222465486	-5.59003871458283
ENSMUSG00000022307	0.0399604417727835	7.11014722284415	0.903110565695918	0.366520209703505	0.707069715788523	-5.59034115278012
ENSMUSG00000020821	-0.0360643990627967	7.21433302679424	-1.08778735028341	0.276752860385929	0.630048800724111	-5.59040450536817
ENSMUSG00000042419	-0.0211935929977392	6.91268509353441	-0.818826762801124	0.412932793149825	0.74104339021497	-5.59048239112323
ENSMUSG00000102796	-0.0379547715794386	6.59789523572572	-0.832952941949128	0.404919730131374	0.734926599882351	-5.59056735254001
ENSMUSG00000060397	0.043933719586442	7.15180118722883	0.911539403056614	0.36206476107938	0.704192787668986	-5.59082989747917
ENSMUSG00000038622	0.0268156494267142	6.85352389427037	0.833405373667442	0.404664635230757	0.734918955488102	-5.59087690427393
ENSMUSG00000075592	0.00984999309591839	7.50707479003734	1.58520622177958	0.112996516273455	0.434636873429957	-5.59091986252562
ENSMUSG00000021720	-0.0374318043172241	7.1005865148422	-0.907145525666101	0.364383094886624	0.70585883704427	-5.59106540270099
ENSMUSG00000023186	-0.0389638002430628	7.34792590673164	-1.38652110847514	0.16566313643799	0.50876032763657	-5.5911447686528
ENSMUSG00000032127	0.0372513878437983	6.90672102460837	0.816669394602987	0.414164777984333	0.741776229843011	-5.59139751109176
ENSMUSG00000038697	0.0395141165090465	6.86283532670605	0.848756408036456	0.396066343797807	0.727230158343806	-5.5916216564843
ENSMUSG00000029245	0.0454258799732212	7.19095614739664	0.960150952036049	0.337035799110415	0.681318558837467	-5.59168863453396
ENSMUSG00000025817	-0.0422621850183527	6.63826782991504	-0.838842857670909	0.401606342975737	0.732245669454685	-5.59195083940191
ENSMUSG00000020441	-0.0289763724487209	6.95647219065265	-0.819446630353723	0.41257921420015	0.740893715849449	-5.5921016597166
ENSMUSG00000031023	-0.0508755360977329	7.23453178419135	-1.15522524801359	0.24806543881829	0.59983435339725	-5.59237325491102
ENSMUSG00000022898	0.0421220840954879	6.98225948552374	0.841489933520175	0.400122540819572	0.731211943446792	-5.59243412871603
ENSMUSG00000092889	0.0266136162734529	7.39587096521217	1.33011199729735	0.183555269636122	0.526696792746358	-5.59260888604417
ENSMUSG00000021367	0.035280427817745	7.23901103779908	0.975791186993013	0.329225453533047	0.675796926419538	-5.59261946143273
ENSMUSG00000032193	0.0237477909126831	7.50743407358939	1.51220225955594	0.13055939659776	0.461890619793473	-5.59266301387513
ENSMUSG00000022685	-0.0323911721771797	7.4373749367756	-1.44733338793258	0.147879935497703	0.48782388454449	-5.5929813500121
ENSMUSG00000083132	0.0509097522942872	7.28762030728608	1.22565631464727	0.220398350997632	0.570308560256978	-5.59329955213542
ENSMUSG00000015488	0.0502555834798235	7.23513346642438	1.04254514530472	0.297220401786018	0.65076540832593	-5.59333122810317
ENSMUSG00000026456	0.0391009631299211	6.7029698288135	0.852559163399173	0.393953556869969	0.725425736442992	-5.59347323466862
ENSMUSG00000022012	0.0348653812243995	6.63536837394859	0.872383355227535	0.383050302436732	0.717637906739161	-5.5936627519385
ENSMUSG00000022913	-0.0342977757440126	6.48898767625573	-0.934544300159046	0.350078166521332	0.694082946037918	-5.59374251955986
ENSMUSG00000020462	0.0225315721108732	6.86579260196073	0.814794027042729	0.415237489073884	0.742226747114532	-5.59472464685438
ENSMUSG00000034379	-0.0428748587074441	7.32483410233238	-1.15176089337008	0.249486418990696	0.601564407880387	-5.59501866491038
ENSMUSG00000060703	0.0214087322527812	6.57573621325369	0.912209683555302	0.361711916647063	0.703906875733166	-5.59537335439655
ENSMUSG00000090210	-0.0318311648552854	6.67236724713306	-0.832343720065017	0.405263380059724	0.73521702348191	-5.5954257927081
ENSMUSG00000039361	0.0137347887845873	7.1509106859093	0.938687444876364	0.347946470064473	0.69140528230018	-5.5957289452442
ENSMUSG00000020089	0.0297056125622577	6.46056169432924	0.944928288165199	0.34475110377319	0.68921775197538	-5.59577273430873
ENSMUSG00000019718	0.0362138301137511	7.30580585168913	1.18941248814044	0.234346183519073	0.585347375856963	-5.59590060451805
ENSMUSG00000022610	0.0360083010923429	7.00557782024254	0.826282293003421	0.408691998981684	0.738117240201635	-5.5960151613018
ENSMUSG00000020921	0.024861527300934	6.49583007987085	0.917509488277229	0.358929626961123	0.702217587639092	-5.59619486396412
ENSMUSG00000028274	0.0312411697963864	6.75061255253319	0.835953482738757	0.403229729672417	0.733436341119266	-5.59653677629655
ENSMUSG00000032705	-0.0443228679514309	6.9528523344015	-0.83780052146963	0.402191523508644	0.732721402274952	-5.59655555127395
ENSMUSG00000008496	-0.0327526574197758	7.00548760192198	-0.830605290198824	0.406244951982439	0.735854249696447	-5.59672517691597
ENSMUSG00000041560	-0.0217304854017959	6.85538377236514	-0.813636821546514	0.41590022969101	0.74247499273223	-5.59696559820956
ENSMUSG00000096255	-0.0364042815688297	7.33176454112042	-1.1690682299134	0.242444026176615	0.593456534673601	-5.59699488607201
ENSMUSG00000031618	0.0331705681573213	6.98924012005762	0.811007580162588	0.417408337064749	0.743579038104006	-5.59712709067829
ENSMUSG00000031984	-0.0346922373402165	6.96316169478944	-0.810764233450104	0.417548081212581	0.743579038104006	-5.59726195783493
ENSMUSG00000093565	0.0224991090208144	7.0733634868842	0.844365373218048	0.398514472054864	0.729501091794235	-5.59749983206218
ENSMUSG00000058454	-0.0390426210941008	7.37666524059952	-1.37532833097669	0.169104727289852	0.51072066547497	-5.59751196884901
ENSMUSG00000005672	0.028409232668384	6.87603205514786	0.80814603902046	0.419053347935805	0.744532209581135	-5.59766275583385
ENSMUSG00000019814	0.0286482302057118	6.84810834298358	0.810807636137227	0.417523154788936	0.743579038104006	-5.5980547328112
ENSMUSG00000041506	-0.0257819378828676	6.83170968531313	-0.808653230033445	0.418761501765071	0.744532209581135	-5.59809681290112
ENSMUSG00000052833	0.0360973813787009	6.43228971390954	0.946309710159827	0.344046342905435	0.689109221024065	-5.59811556676825
ENSMUSG00000057156	0.0572433377811228	6.56682292431039	0.943787120304532	0.345333988399891	0.689672866651064	-5.59828653766513
ENSMUSG00000074743	-0.0497120705892673	6.6679337468312	-0.824632779162625	0.409628020812584	0.738572791525739	-5.59843772256537
ENSMUSG00000024283	0.020152327718943	7.26734284710203	1.09712126309301	0.272652741672937	0.626809570238688	-5.59870659233805
ENSMUSG00000032491	-0.0285592060639948	7.19368568638349	-1.15037002163893	0.250058513057624	0.601886306799169	-5.59888198508086
ENSMUSG00000035078	0.0184412923827058	7.48546801524844	1.54341909263764	0.122806208568245	0.449342195008573	-5.59889541479088
ENSMUSG00000037563	-0.0140892948439371	7.00192714716453	-0.831071346269334	0.405981662932765	0.735717869824637	-5.59897472333842
ENSMUSG00000020471	-0.0193944129258989	7.0274636028875	-0.82328420164435	0.410394222111168	0.739135532523459	-5.59927064496523
ENSMUSG00000037149	0.0317325609637447	6.6918384535959	0.86523151332762	0.386962294549929	0.720422731544381	-5.599678285648
ENSMUSG00000029313	-0.0221259585293003	6.73481200886659	-0.818821591447639	0.412935743699225	0.74104339021497	-5.5998100216197
ENSMUSG00000017774	-0.0236241655819383	7.44159243924071	-1.47327814354603	0.140752726472194	0.476501215485811	-5.59981778431377
ENSMUSG00000000120	-0.0387513861762141	6.63200692645329	-0.877644223392491	0.38018818584901	0.715207934372313	-5.59986757076974
ENSMUSG00000090083	0.0371904265660268	6.73556703584204	0.811293804591299	0.417244005279804	0.743579038104006	-5.59995573417791
ENSMUSG00000025066	0.0544206034585359	6.71031774206141	0.870672581748823	0.38398386754743	0.717859171621102	-5.60012208188722
ENSMUSG00000002504	0.0380787373800828	7.02174725773833	0.839759557501658	0.401092118971809	0.732095712038204	-5.6001716367822
ENSMUSG00000064536	0.0594294715139512	7.34716488501004	1.09912045791565	0.271779986967769	0.626152194592427	-5.60037673388843
ENSMUSG00000029387	0.0315373323649579	7.12067199948054	0.906213893865215	0.364875840178467	0.706035765698014	-5.60042755635658
ENSMUSG00000097637	0.0331172187974227	7.16675881941801	1.05929301438624	0.289528682675683	0.642670248807615	-5.60066396732339
ENSMUSG00000024981	0.0428876939727436	7.02237094029174	0.823252328690825	0.410412341193352	0.739135532523459	-5.60122190561953
ENSMUSG00000088689	0.055299133588357	7.12690271643563	0.860360777314611	0.389640446627683	0.722174022405303	-5.60133277193089
ENSMUSG00000031987	0.0311306610979312	6.48063889218996	0.907732204696176	0.364073010657862	0.705459751107516	-5.60134032225475
ENSMUSG00000064841	-0.0509229057480143	6.73422884693359	-0.82240248566031	0.410895633846549	0.739535776409334	-5.60153250133167
ENSMUSG00000021932	-0.0307863485680064	7.35082397255355	-1.18858205607382	0.234672930511698	0.585483363966085	-5.60156460264513
ENSMUSG00000034818	0.010109291774671	7.11592804148491	0.930176313258802	0.352334502275878	0.695561324008551	-5.60191126729695
ENSMUSG00000071658	-0.0302382154077252	7.01463562186887	-0.824853137542241	0.409502903998068	0.738572791525739	-5.60192183722937
ENSMUSG00000024256	-0.0218031316494507	7.03285813115775	-0.843216093865333	0.399156730544257	0.729840452153613	-5.60193629503744
ENSMUSG00000015290	-0.0373131129288957	6.60166275514211	-0.853116324634438	0.393644575826095	0.725353573244795	-5.60207418917014
ENSMUSG00000029752	0.0471859645995174	6.78558589355296	0.830216357703793	0.406464749651224	0.736086955954988	-5.60233512058967
ENSMUSG00000027706	0.023076476104662	7.00806218291463	0.811186643334514	0.417305525960163	0.743579038104006	-5.60269906678335
ENSMUSG00000031112	0.046649547115944	7.16080733992825	0.912541778914885	0.361537177203322	0.703764687512225	-5.60277264222678
ENSMUSG00000085830	0.0231905812697955	7.45984237595678	1.55133887576243	0.120897586006531	0.446551656999676	-5.60301483763425
ENSMUSG00000060591	-0.0522398493719916	6.64911573442305	-0.86890911500743	0.384947643884824	0.718788067179513	-5.6030426040395
ENSMUSG00000021824	-0.0231553873234347	7.47864677566583	-1.50503519716336	0.132391966520159	0.464150877950402	-5.60319703819491
ENSMUSG00000031668	0.0486398644886901	6.88977391916087	0.805508984699025	0.420572680827553	0.745570659866627	-5.60329000145421
ENSMUSG00000078566	0.0359120043931638	6.62046644715907	0.879298396329553	0.379290975355993	0.714714713158638	-5.60375315207407
ENSMUSG00000035890	0.0295975091026675	7.28412119665232	1.08928879409498	0.27609049732112	0.629856126986327	-5.60393570549597
ENSMUSG00000073877	-0.0465704241181832	6.77413479897767	-0.821867647295326	0.411199961455643	0.739886529093053	-5.60410996731288
ENSMUSG00000030347	0.0497139721379707	6.84008722434815	0.799787700332962	0.423880090164858	0.746685340137364	-5.60421551488307
ENSMUSG00000021501	-0.0198453734936761	6.80023963903321	-0.802300015191712	0.422425879113794	0.746210442455371	-5.60435455297521
ENSMUSG00000066900	0.0338994759192621	6.88342096705267	0.799507947473792	0.42404220144377	0.746838681108683	-5.60478857014454
ENSMUSG00000027424	0.0443463226353815	6.76063663598006	0.820064864683275	0.412226745717521	0.740509805260885	-5.60479765606118
ENSMUSG00000021707	0.0297594570409743	7.41343490161828	1.34601501421534	0.17837200511022	0.52052682851579	-5.60488947517472
ENSMUSG00000041268	0.0361161249220343	7.39891819246263	1.35753909970738	0.174684604666987	0.516098032267381	-5.60499612412693
ENSMUSG00000040151	0.0422209291484039	7.39362135139379	1.28468018001854	0.198976557935022	0.545435538310358	-5.60516214231979
ENSMUSG00000024007	0.0340404594961958	6.38222139999721	0.962252964595345	0.335979229093647	0.680929891070157	-5.60555207251287
ENSMUSG00000090761	0.034298679600357	6.92469186043753	0.801452808132066	0.42291594352395	0.746210442455371	-5.60560150391636
ENSMUSG00000061136	0.0330192503450402	7.54378671194791	1.6373059638005	0.101643206945074	0.414001337490987	-5.60581075707689
ENSMUSG00000027276	0.0336699482920846	7.34320272056441	1.35094852144624	0.176786382643213	0.518826131429847	-5.60599702260288
ENSMUSG00000020946	-0.037206516610321	7.00913792000047	-0.797734369232447	0.425070798733748	0.746959219548411	-5.60632965141063
ENSMUSG00000021884	-0.0424484028961869	7.34738781493062	-1.21277543772224	0.225285478689433	0.575871138776647	-5.60634373246566
ENSMUSG00000067847	0.0196592450243012	6.76547331598769	0.821785314216195	0.411246821568371	0.739886529093053	-5.60660600202203
ENSMUSG00000097059	0.0260255871357575	7.32175325047982	1.12922698280243	0.258868079965476	0.611771557987088	-5.60670229196156
ENSMUSG00000032551	-0.0280237270167651	6.83801033737306	-0.797812927356374	0.42502520764483	0.746959219548411	-5.60683246033416
ENSMUSG00000033152	0.0248209434974829	7.38285885546414	1.29921226249232	0.193944061021577	0.53993707994467	-5.60685952539908
ENSMUSG00000039048	0.0352738914557218	7.33983850600163	1.32765003229541	0.184367574298107	0.527687475687933	-5.60732203357415
ENSMUSG00000031232	-0.0305866874921481	7.1564690667593	-0.949562407932354	0.342390548699881	0.687315821627626	-5.60741242850315
ENSMUSG00000048120	-0.0347861404127316	6.85185380480354	-0.7980622719043	0.42488051984151	0.746959219548411	-5.60754468321115
ENSMUSG00000020864	0.0259744139701876	6.70784180255807	0.827646387871951	0.407918902169351	0.737567350591356	-5.6075802133704
ENSMUSG00000096449	-0.0204498186251652	7.50928762172776	-1.58864206301424	0.112218240532553	0.433885139366203	-5.6076550874011
ENSMUSG00000022849	-0.0509850939755525	7.08564114722424	-0.911387892166458	0.362144548280329	0.704192787668986	-5.60831191452646
ENSMUSG00000049999	0.0328980773089222	6.76729692153579	0.819203018772666	0.41271815138383	0.740907955461924	-5.60838768939462
ENSMUSG00000029474	0.0340682365526428	6.92423721849493	0.794839786710026	0.426752656859734	0.748017132734877	-5.60855996000936
ENSMUSG00000003974	0.0420027016094551	7.09105313200891	0.873484079477856	0.382450375848112	0.717187025691384	-5.60866602291877
ENSMUSG00000033768	-0.0169805193175137	7.15478748222968	-0.94174373545912	0.346379275853665	0.690310170332504	-5.60882623827068
ENSMUSG00000079111	-0.0231637847368962	6.8324168163457	-0.80140308986191	0.4229447132522	0.746210442455371	-5.60892488763091
ENSMUSG00000078877	0.0310982713654386	7.17872449921429	0.966972571721584	0.33361471217408	0.679763023285013	-5.60901962041352
ENSMUSG00000014551	-0.0409351551453616	6.37985586660843	-0.961533347208075	0.336340702193354	0.681223071457648	-5.60922888771034
ENSMUSG00000019303	0.0455355846546706	6.92997023141381	0.795987181720092	0.426085514685444	0.74771149016922	-5.60935357918017
ENSMUSG00000018677	0.0397927722669804	6.74351460643058	0.820596854182758	0.41192359025667	0.740413430642015	-5.60959014514094
ENSMUSG00000029071	-0.0271981086652415	7.27817527933237	-1.2058800528501	0.227933244819768	0.578494746025162	-5.60974186660457
ENSMUSG00000088268	-0.0284345296421717	7.30646813471346	-1.28143823922979	0.200112161455479	0.546741024751058	-5.61013596437627
ENSMUSG00000024480	0.0220934187437178	7.1944867569868	0.993138725292007	0.320700892684783	0.667802596071308	-5.61015783769133
ENSMUSG00000024902	0.0323672381537605	6.69112827938968	0.86329901294219	0.388023524093531	0.721218830689991	-5.61061488983986
ENSMUSG00000041046	0.0255054088236468	7.05714704413494	0.836854144124929	0.4027232743923	0.733394513661627	-5.61071765754803
ENSMUSG00000020076	0.0141608428026219	6.83311304719472	0.792132018969684	0.428329476179513	0.748555173761516	-5.61071770444851
ENSMUSG00000067194	0.0304938542262354	7.45252955851188	1.44135791753219	0.149559871869342	0.489875120103456	-5.61079494443358
ENSMUSG00000028309	-0.038605859028519	7.12871542571689	-0.960140366893241	0.337041125101261	0.681318558837467	-5.61085418808595
ENSMUSG00000033735	-0.0315868077296342	6.71704779355572	-0.825813531830792	0.408957869341471	0.738204073030444	-5.61133428496102
ENSMUSG00000015474	0.0351600872226481	7.20333360858094	1.02472268217644	0.305554440202612	0.656552469164517	-5.61133646729232
ENSMUSG00000041935	0.0160383223516591	7.45730789423443	1.50935963074665	0.131283868086348	0.463286487119913	-5.6115759206878
ENSMUSG00000032936	0.0231294377773299	6.76579481228529	0.799406783469376	0.424100832923003	0.746844926973643	-5.61164501068092
ENSMUSG00000038007	0.0306429625528883	6.85228189538394	0.794084751905487	0.42719199695501	0.748400193140719	-5.61172548788323
ENSMUSG00000031913	0.0409885533376757	6.87292936651701	0.792513081744809	0.428107366370919	0.748466472117769	-5.61178693748711
ENSMUSG00000037536	0.046992897007919	6.84461066227915	0.793952882053005	0.427268756495812	0.748426375384189	-5.61182097299452
ENSMUSG00000024593	-0.0201768073685624	6.81671250350574	-0.789139112152166	0.430076280575503	0.749758714139368	-5.61196852555772
ENSMUSG00000024974	0.0401354015461504	7.08899777202558	0.82005299616506	0.412233510529158	0.740509805260885	-5.6120126607542
ENSMUSG00000028843	-0.0244024252327826	6.8697002396012	-0.789882340684354	0.429642110880604	0.74974072636305	-5.61205321682121
ENSMUSG00000036225	0.0324349633293224	6.60561020971064	0.855762198510723	0.392179276740387	0.724409623167052	-5.61206337294243
ENSMUSG00000020677	0.022083546063743	7.31196852694938	1.11512962890712	0.264860157146858	0.618813374219731	-5.61225245053696
ENSMUSG00000027894	0.024525912750943	7.43786970047047	1.42804816084681	0.153354072676523	0.495283299595371	-5.61228010719579
ENSMUSG00000032368	0.026956724255907	7.00090901063272	0.796735208326998	0.425650909518764	0.747390020000741	-5.61247637804126
ENSMUSG00000014039	-0.0357617165587572	7.01468088910551	-0.97919175781105	0.327542945663356	0.673801407971877	-5.61277636003991
ENSMUSG00000024429	0.0244248509031859	6.66299907438797	0.838289387862461	0.401917004147368	0.732396992282941	-5.61295097535321
ENSMUSG00000054452	-0.019314388160911	6.99502466442225	-0.808480173068492	0.41886106817971	0.744532209581135	-5.61298349073063
ENSMUSG00000063931	0.0346694259452454	6.97185075811774	0.825012389697214	0.409412496712769	0.738572791525739	-5.61311270526951
ENSMUSG00000022639	-0.0565241006495931	6.8851403779013	-0.795052879483478	0.426628710004899	0.747993282069886	-5.61322850439446
ENSMUSG00000099696	0.0211079856629866	7.47064411266881	1.44928879363467	0.147333339022459	0.486979230838628	-5.61332986755007
ENSMUSG00000027805	0.0220031448651294	7.04256092795909	0.810700804000364	0.417584510703932	0.743579038104006	-5.61341254167237
ENSMUSG00000057322	0.016186235650407	6.95605880503367	0.796035509974823	0.426057428035846	0.74771149016922	-5.61359848951297
ENSMUSG00000004473	0.0279301905626905	7.19018768278031	1.04381787514438	0.296631126857988	0.650237254775023	-5.61373891061796
ENSMUSG00000020486	-0.026813281669229	7.05232678886012	-0.844041308557162	0.398695507944394	0.729587487745997	-5.61376314702762
ENSMUSG00000029207	0.0514112625035015	7.15703585383791	0.897724292137778	0.369385205284351	0.708898814463489	-5.61387382263588
ENSMUSG00000078202	0.0322912961492809	7.41451793031541	1.40230854007068	0.160898750040643	0.503337621839188	-5.61408044267185
ENSMUSG00000051379	0.0467075749107897	6.6555705340268	0.843577362690055	0.398954773455085	0.729766435308155	-5.6141404219817
ENSMUSG00000097877	-0.0115185166331511	7.56610731671966	-1.72389289814751	0.0848024740024131	0.38286777972851	-5.61426813472952
ENSMUSG00000032615	0.0300810679108121	6.84387461221873	0.795575780526498	0.426324650063579	0.74774281690925	-5.61427623838354
ENSMUSG00000022108	-0.0180389176142395	6.96573393718791	-0.789416473531236	0.429914225369295	0.749758714139368	-5.61440704835973
ENSMUSG00000019794	0.0351313359297478	6.8513297854912	0.786116000774431	0.43184490741972	0.751309284588293	-5.614715456558
ENSMUSG00000010376	-0.0174809758147623	6.82282023739004	-0.792503233083678	0.428113106009242	0.748466472117769	-5.61471604265479
ENSMUSG00000058558	0.00989027835965572	6.97314369872245	0.791873708968073	0.428480075296992	0.748588405603242	-5.61481939066769
ENSMUSG00000031622	0.0252120787391528	7.01532444833271	0.832284748684525	0.405296653894659	0.73521702348191	-5.61496831516436
ENSMUSG00000056158	-0.0297787934496272	7.14406230377717	-0.902969886821289	0.366594861000677	0.707069715788523	-5.61531583434546
ENSMUSG00000021373	0.0494912906133065	6.70289871916227	0.844222126535445	0.398594489453584	0.729501091794235	-5.61540121781566
ENSMUSG00000020919	0.0425646983552319	7.14672345656241	0.877225658607381	0.380415418800737	0.715250623783164	-5.61542537439956
ENSMUSG00000039934	-0.044349594302127	7.00196146457078	-0.827054002081318	0.408254527961116	0.737821793452362	-5.61551587284514
ENSMUSG00000031221	0.0215025445522361	7.26769516691872	1.05931568897913	0.289518360754133	0.642670248807615	-5.61573348135087
ENSMUSG00000000253	0.0370723674283253	6.89120341432855	0.784277235077626	0.432922709018477	0.752701473310145	-5.61573909995292
ENSMUSG00000040591	-0.0307328660394797	6.96658080146533	-0.78349539716139	0.43338145858647	0.753016252148579	-5.61633926191663
ENSMUSG00000063694	0.0265939008017888	6.58187238513719	0.887733587262028	0.374736086071525	0.71238377754424	-5.61637272186532
ENSMUSG00000047067	0.0184367229517868	7.13591499998767	0.871629328476247	0.383461601521977	0.717649670763426	-5.61641362540318
ENSMUSG00000058318	-0.0169125444271669	7.24393546692603	-1.15171174657092	0.249506618469056	0.601564407880387	-5.6164154385094
ENSMUSG00000024190	0.0362437215942526	6.78363634614951	0.797736894307274	0.425069333265927	0.746959219548411	-5.61647978325372
ENSMUSG00000049764	0.0378747419184524	6.76716505772994	0.816883817271022	0.414042232687634	0.741752720768887	-5.61670828730787
ENSMUSG00000021728	0.0227130611078774	7.02487098505711	0.810488741952543	0.417706318087333	0.743698261408806	-5.61680461449612
ENSMUSG00000033760	0.0242447579326184	7.30287929659479	1.16319466736473	0.244818142578931	0.596896468815344	-5.6168618641101
ENSMUSG00000042660	-0.0207899795874846	6.97108185682259	-0.807468044019127	0.419443664454351	0.744983321610491	-5.61691109042645
ENSMUSG00000097381	0.0326896691089971	7.45428016579405	1.5193326971156	0.128755788487877	0.45946596337393	-5.61694651919318
ENSMUSG00000022253	0.013107147911831	7.2845581844519	1.14290830090444	0.253143319688844	0.605696580762168	-5.61709121395981
ENSMUSG00000032280	-0.0365219073972094	7.12176447934635	-1.02635746101418	0.304783598066172	0.656008480205116	-5.61710490252639
ENSMUSG00000047757	0.0278370407554291	7.01781623186781	0.82950056552259	0.406869451282283	0.73639514357031	-5.617307686377
ENSMUSG00000034412	0.0396177584062887	6.90816108184871	0.791815299895254	0.428514133049621	0.748588405603242	-5.6174673921535
ENSMUSG00000019943	0.0431687480374485	6.71276439590641	0.814924087320988	0.415163041579806	0.742191523963478	-5.61766526645678
ENSMUSG00000028452	0.0403856886237115	6.50873007958636	0.909405252272987	0.363189642326513	0.704755284193911	-5.61786243646372
ENSMUSG00000034187	0.0486089203674878	6.92963155303775	0.782531484158273	0.433947429091166	0.753288460118949	-5.61794327907816
ENSMUSG00000029003	0.0300800726355162	7.19272024087048	0.888877827596644	0.374120827722397	0.711972099500541	-5.61830943965169
ENSMUSG00000002083	0.0396959422661718	7.24792293032851	0.992437518784626	0.321042641210826	0.668103780435362	-5.61870347672871
ENSMUSG00000045039	0.0148199000859357	7.26417812577147	1.12276044609752	0.261604913036232	0.615450184095997	-5.61878473225417
ENSMUSG00000038481	-0.0251382998686616	6.6972729005582	-0.803019502356072	0.422009955390842	0.746210442455371	-5.61879449046303
ENSMUSG00000059277	0.0496118581895422	7.34858703386295	1.16161078873328	0.245461137153826	0.597542458543518	-5.61938469734299
ENSMUSG00000042350	0.0239620497943775	6.90356504036393	0.779893038040959	0.435498801296533	0.754058551441967	-5.6195662268916
ENSMUSG00000071076	0.038285759216004	7.00963930234771	0.801975428684002	0.422613595870057	0.746210442455371	-5.61957925385929
ENSMUSG00000085586	0.0371376462256769	7.17359219406841	1.01506130558829	0.31013643021155	0.659413302963795	-5.61976175204434
ENSMUSG00000060261	0.0218624964045189	6.99311516009562	0.795115200350401	0.426592464619249	0.747993282069886	-5.61984469719408
ENSMUSG00000002825	-0.0210562107177994	6.85015514872133	-0.779869047360078	0.435512922174786	0.754058551441967	-5.61994975106339
ENSMUSG00000009681	0.0235044575527565	6.56401295068742	0.84035924008374	0.40075594032593	0.731876217529493	-5.62003097483608
ENSMUSG00000000759	-0.0187167525208451	7.52461902527183	-1.61046202181462	0.107373918278589	0.425532944232883	-5.62010030553035
ENSMUSG00000073236	0.0247911922334465	7.01299094175371	0.823663932493431	0.410178389946066	0.739029715732727	-5.62040108078446
ENSMUSG00000046138	0.0231790545550883	7.4015540573438	1.35483432267925	0.175544906710579	0.516824736067414	-5.62067064150601
ENSMUSG00000025607	0.0427562120137788	7.02747747141637	0.792568121099383	0.428075291161796	0.748466472117769	-5.62082738569735
ENSMUSG00000038352	-0.0337261148705412	6.82857224797108	-0.778929917378179	0.436065900237874	0.754058551441967	-5.62117615840402
ENSMUSG00000005699	0.0216505822992499	6.87610172761246	0.776468886330944	0.437516922711018	0.754737204213783	-5.62120894416905
ENSMUSG00000086859	-0.025380018230547	7.14537429266186	-0.934995955923175	0.34984538262884	0.693888438496601	-5.62132271451655
ENSMUSG00000046743	-0.0236600392744215	7.50944317529659	-1.60801781613844	0.107908182215519	0.426474861557668	-5.62133159097137
ENSMUSG00000032384	0.0428203501150506	7.38327855335705	1.32114273891527	0.186527412912688	0.530425447834148	-5.62157101302069
ENSMUSG00000044465	0.0169696043690282	7.38243312259102	1.33242400430577	0.182794859954382	0.525635851792525	-5.62172723245157
ENSMUSG00000031078	0.0236421232982824	7.03767522611078	0.808322548524109	0.418951767846041	0.744532209581135	-5.6227664744029
ENSMUSG00000024878	0.0291492161005031	6.88582564906099	0.77392089034974	0.439022144171988	0.755650911601348	-5.62277509113719
ENSMUSG00000038205	-0.0416037591194751	6.59202548608624	-0.787693349181157	0.430921577472577	0.75031914248686	-5.62302659793385
ENSMUSG00000030826	0.0267593026913708	7.07105262410459	0.900051719211414	0.368145526104916	0.707517484394189	-5.62331846649988
ENSMUSG00000026319	0.0309500016189697	7.47409492704245	1.50784597489229	0.131670908051408	0.46344604656308	-5.62339193410187
ENSMUSG00000027001	-0.0381930374836017	6.78404713048379	-0.774995892065589	0.438386727337685	0.755248901299993	-5.62347574674382
ENSMUSG00000032737	-0.0230239443052342	7.11311063066223	-0.926829107465216	0.354069758709481	0.696783518991866	-5.62413122261911
ENSMUSG00000073016	0.0249464322824755	7.29940423713329	1.16903025527493	0.242459323463626	0.593456534673601	-5.62417746334739
ENSMUSG00000030614	0.0446556762040942	6.56922707210543	0.871837110711809	0.383348235520278	0.717649670763426	-5.62445840247627
ENSMUSG00000100618	0.039670778418273	7.14630762675964	0.880067442429666	0.37887429481061	0.714714713158638	-5.62452317860154
ENSMUSG00000013367	-0.0168555158997092	7.17552347390999	-0.997262414048745	0.318695935214078	0.665980192606732	-5.62458298068069
ENSMUSG00000023980	-0.0330399628880809	6.65377556122884	-0.801766494612768	0.422734453693126	0.746210442455371	-5.62466644371952
ENSMUSG00000029475	-0.0212081270291895	6.99543704017507	-0.839761657976075	0.401090941162224	0.732095712038204	-5.62467298945506
ENSMUSG00000028901	0.0392389742222807	7.18821746612654	0.95201130953118	0.341147298407735	0.686039019847534	-5.6247255226347
ENSMUSG00000049760	-0.0197174040939467	6.97202842246841	-0.778487014341226	0.436326830638134	0.754058551441967	-5.62512406848092
ENSMUSG00000020664	0.0191326461856205	6.86278291692868	0.773415410189544	0.439321108493378	0.755877612811321	-5.62525972061313
ENSMUSG00000035621	0.0335291308675405	6.8578636865142	0.769669163277961	0.441540454026575	0.757293545312119	-5.62588536710751
ENSMUSG00000031442	-0.0193476110524582	6.76784083487569	-0.769473766264692	0.441656386779067	0.757300783097331	-5.62623125797949
ENSMUSG00000002129	0.0206478883986048	6.92505226720563	0.772432753585712	0.439902631539794	0.756398209057265	-5.62637203084648
ENSMUSG00000041907	0.0446674133269811	7.14083169817542	0.901242115036753	0.367512477168895	0.70733684727029	-5.62638685547738
ENSMUSG00000027573	0.0263774782331954	7.00297169853584	0.778782766084265	0.43615258247061	0.754058551441967	-5.62639989239524
ENSMUSG00000015568	0.0286402951833606	6.84544179211916	0.771720360127275	0.440324492606444	0.756834022839594	-5.62641758702851
ENSMUSG00000001627	0.0138200582426879	7.04212870371752	0.821325216837271	0.41150874570542	0.740181555429691	-5.62651473722475
ENSMUSG00000024277	0.0324443800423895	6.71614063111153	0.829512420873095	0.406862746429616	0.73639514357031	-5.62658735593161
ENSMUSG00000021190	0.0159362150485505	7.04578783885461	0.789222806901827	0.430027376122195	0.749758714139368	-5.62692538850544
ENSMUSG00000015536	-0.026322226739893	6.58884452709875	-0.852835169569381	0.393800475689604	0.725425736442992	-5.62701085576438
ENSMUSG00000028289	0.0591017507069509	6.86518665510557	0.768712618377706	0.442108156461616	0.757425994902902	-5.62702167044232
ENSMUSG00000011884	-0.0492310014066186	6.9297709332772	-0.77820841859821	0.436491007701806	0.754166570972484	-5.62707691165431
ENSMUSG00000022119	0.0300621295289698	7.50147548787293	1.5193002082854	0.128763962224383	0.45946596337393	-5.62723536429569
ENSMUSG00000009079	-0.0279041776676836	7.39044234187614	-1.3455285966662	0.178528910567157	0.520536552574088	-5.62726728438822
ENSMUSG00000029781	-0.0355731358142233	6.93537246182674	-0.78167292615782	0.434451899065996	0.753813520288812	-5.62734903315021
ENSMUSG00000020467	-0.0365281834453999	6.72320991862248	-0.783613763359929	0.433311988223787	0.753016252148579	-5.62743336919053
ENSMUSG00000026489	0.0526226202696582	7.07285550386395	0.814974835422159	0.415133995120219	0.742191523963478	-5.6277787151793
ENSMUSG00000031935	0.0381287766652649	7.19143912540798	0.890536268426547	0.373230193933999	0.711378408631706	-5.62880919806833
ENSMUSG00000049299	-0.0226675752340757	7.04605866412027	-0.807978015692388	0.419150057749667	0.744606457412209	-5.62886486705566
ENSMUSG00000018820	0.0245697756072865	7.44471079074788	1.47858417996919	0.139328211362143	0.474805677590665	-5.62886873961559
ENSMUSG00000037262	0.0363285768381569	6.74365538982088	0.817381129728903	0.413758094884803	0.741656156742532	-5.62900334482591
ENSMUSG00000002393	0.0348385934908402	6.91751189201941	0.765166224256902	0.444216558355043	0.758231808570124	-5.62904190495918
ENSMUSG00000035397	0.0275038972476889	6.49046648703835	0.867695384434656	0.385611835132133	0.719272739196018	-5.62929578949048
ENSMUSG00000014470	0.028983485813459	6.51914943824158	0.847395916629631	0.396823883748773	0.727799233699925	-5.62942514941882
ENSMUSG00000039154	0.0285184880732574	7.37723770386132	1.21195771647168	0.225598322934756	0.575910763010624	-5.62948497365783
ENSMUSG00000020513	-0.0326465508614655	6.8148201384567	-0.771335844688835	0.440552289166737	0.756834022839594	-5.62975241931859
ENSMUSG00000027502	-0.0273496723249673	6.74477310889419	-0.793011820219467	0.427816768346279	0.748466472117769	-5.63020762998828
ENSMUSG00000029551	0.0178043848281426	6.85759874567982	0.764522112925183	0.444600110510761	0.758357316592635	-5.63054920050124
ENSMUSG00000087259	-0.0324728170001443	6.85220527346439	-0.766860655136636	0.443208470001319	0.757918114441594	-5.63074548870907
ENSMUSG00000000308	0.0385342555327917	6.62529439088237	0.852426457863319	0.394027172108721	0.725425736442992	-5.63090087365998
ENSMUSG00000052428	0.0168187762137002	6.81952605555177	0.776926175803407	0.437247095037811	0.754668032891553	-5.63093398505877
ENSMUSG00000040536	0.0604462850134029	7.27846523541873	1.10465679767903	0.269373075860665	0.623235522614145	-5.63099675861074
ENSMUSG00000060716	-0.0230950617710652	7.35819803954343	-1.29232358386991	0.196317852098815	0.543329349484382	-5.63101697044756
ENSMUSG00000029213	0.0130553146554737	6.96492352655529	0.769745115308911	0.441495394952419	0.757293545312119	-5.63118601023706
ENSMUSG00000032531	-0.0318387835447389	7.11509051911123	-0.856525143401964	0.391757369285305	0.72392618410388	-5.63121124262127
ENSMUSG00000008206	-0.0131066933505357	7.3056144251984	-1.16149992888906	0.245506186369897	0.597542458543518	-5.63123887375549
ENSMUSG00000039428	0.0108837704676619	6.96719814010753	0.766462656577764	0.443445138524731	0.757996573245266	-5.63146426904746
ENSMUSG00000028575	-0.041151977708239	7.33576495301169	-1.28774853658683	0.19790610530224	0.544915896659015	-5.63160722491023
ENSMUSG00000046556	0.0104240822558079	7.22423203670575	1.05655075094834	0.290778843301783	0.643864046625114	-5.63169233784091
ENSMUSG00000033781	0.0287424988281346	6.63298852003268	0.854822257242106	0.392699441818618	0.724876655163624	-5.63185503533404
ENSMUSG00000034936	-0.0245634328036521	6.82619992144332	-0.761817522590789	0.446212687805173	0.759732716471497	-5.63192786162331
ENSMUSG00000020928	0.027298338958305	6.96574146046677	0.770657664996183	0.440954224470963	0.757018178866608	-5.63197913872471
ENSMUSG00000061360	0.0256828493198578	6.43557439366418	0.905088778885419	0.365471474631865	0.706654628217174	-5.63208317664902
ENSMUSG00000024608	0.0169860980426035	7.01743618706317	0.801354031301443	0.422973102359823	0.746210442455371	-5.63222351141636
ENSMUSG00000026663	0.0268893323302937	6.8211871363583	0.763505279193107	0.445205994062731	0.75859028119926	-5.63240060365376
ENSMUSG00000031170	-0.0610973088702726	6.94240802707862	-0.764021498063113	0.444898344609183	0.758357316592635	-5.63259125168867
ENSMUSG00000018765	-0.0101029530878574	6.85482842502278	-0.761193094025544	0.44658546814823	0.759985663004104	-5.63294793891388
ENSMUSG00000026229	0.0411940659381056	6.94578904535867	0.76014924069343	0.447209038503117	0.760658920884386	-5.63335061514225
ENSMUSG00000026676	-0.0351999015819962	7.03174709531424	-0.841746346255028	0.399978985585248	0.731146701707536	-5.63335306651997
ENSMUSG00000095407	0.023770136398082	7.08806819903034	0.868047036004898	0.385419328393005	0.719173583037759	-5.63361395965435
ENSMUSG00000047473	0.0384008082942904	7.04944166370105	0.766437899312213	0.443459862736499	0.757996573245266	-5.63386105119222
ENSMUSG00000046709	0.0333520960495424	7.03048524253706	0.778726427467091	0.43618577242104	0.754058551441967	-5.63390452620272
ENSMUSG00000020079	-0.0492899512649858	7.18883907417922	-0.862062320430175	0.388703581769188	0.721921930597696	-5.63406331566029
ENSMUSG00000020069	0.0299144906170561	6.75435169113481	0.788178018855724	0.430638097394513	0.750075966659148	-5.63434812836065
ENSMUSG00000028995	0.0342468552199877	7.02865233058686	0.803976564133676	0.421457066048728	0.746210442455371	-5.63453721328326
ENSMUSG00000038279	0.0386860142103043	6.95885391530593	0.774945730291804	0.438416365415235	0.755248901299993	-5.63505785754022
ENSMUSG00000027680	0.0268583441845163	6.46095344737936	0.891165520663093	0.372892610070123	0.711215576373915	-5.63513668253515
ENSMUSG00000036111	0.0220134651246173	6.86798227908947	0.760506712571173	0.446995438513013	0.760587870903543	-5.6351644977785
ENSMUSG00000036295	0.0365507613766303	7.1171367500699	0.827841304735194	0.407808504826213	0.737567350591356	-5.63566840983442
ENSMUSG00000022557	0.035008074665055	6.55920949288738	0.839052409835903	0.401488759522116	0.732140967559959	-5.63591027046193
ENSMUSG00000037095	-0.0380017087032476	6.88741195830943	-0.756538586465661	0.449369763571537	0.762119526078326	-5.63607173097119
ENSMUSG00000034209	-0.0366626362185372	6.58967330703874	-0.804879496746034	0.420935836721648	0.746019356114	-5.63609457234171
ENSMUSG00000050541	0.0308700286188515	6.90137968045127	0.756957233340751	0.44911892940086	0.762119526078326	-5.63610237326335
ENSMUSG00000046201	-0.020781252242589	7.32981468625651	-1.24543116716467	0.213044389105018	0.561188382308705	-5.63630050267807
ENSMUSG00000024248	0.0103256326843164	6.83711021736957	0.758020729266064	0.448482088468314	0.761492818466299	-5.63643871162705
ENSMUSG00000023277	-0.0322076701362182	7.21173078409451	-1.06133668673188	0.288599358477543	0.642079110967923	-5.63664889258026
ENSMUSG00000025969	0.0331828333773929	7.08334271751599	0.826858811237032	0.408365152534778	0.737821793452362	-5.63697223935784
ENSMUSG00000023972	-0.0226900835156298	7.42006255083435	-1.46922052661135	0.141849616298161	0.478169343055808	-5.63741021575959
ENSMUSG00000006050	0.0346340620476129	6.81699676739209	0.766797104546305	0.443246255303688	0.757918114441594	-5.63744635856759
ENSMUSG00000021660	0.0120581819543402	7.07490870987081	0.813351319298277	0.416063835087894	0.742561349072044	-5.63752642756409
ENSMUSG00000056749	0.0391768101275858	6.44190101825038	0.864172994099076	0.387543359168986	0.720780385785257	-5.63757168402822
ENSMUSG00000048100	-0.0133157686077441	6.83043901271949	-0.756719920351093	0.449261106796361	0.762119526078326	-5.63785132576666
ENSMUSG00000030653	-0.0180062843997728	6.94116240003474	-0.778601399827689	0.436259433338388	0.754058551441967	-5.63785292603778
ENSMUSG00000054863	0.0200984669193609	7.09026442909159	0.803747063509171	0.421589608543475	0.746210442455371	-5.63792909327817
ENSMUSG00000025037	0.0189410896466331	7.42280601011253	1.32528596514044	0.185150080815829	0.528699409372581	-5.63815772137247
ENSMUSG00000085063	0.0611477770480322	7.05691272760214	0.753373763962191	0.451268550998884	0.763165649799534	-5.63841919413561
ENSMUSG00000027508	0.0253673770716212	7.3114352934135	1.25511805491133	0.209507356069437	0.556151867825951	-5.6384926326442
ENSMUSG00000069516	-0.0378177947081584	6.63497256774767	-0.81914546428672	0.412750980056344	0.740907955461924	-5.63857766760332
ENSMUSG00000078970	0.0290272993530865	6.76973097258132	0.752707687879844	0.451668752024159	0.763301218565229	-5.63859302808821
ENSMUSG00000020109	0.0211392179300649	6.91339727467186	0.75159853996985	0.45233561094029	0.763641233737875	-5.63894862998241
ENSMUSG00000015950	0.0372207121225063	7.18348732042148	0.953753917977	0.340264379740098	0.684669703252635	-5.63899731192055
ENSMUSG00000032307	0.0197833288428892	7.24718848385474	0.988957535744843	0.322742208157355	0.669539334761617	-5.63907824094665
ENSMUSG00000021285	0.0185451640826271	6.88230302314555	0.751500422034495	0.452394629693363	0.763641233737875	-5.63913669519724
ENSMUSG00000020520	-0.0274775195054184	7.40749915142372	-1.40061956607069	0.161403452629657	0.504033550772422	-5.63964518302235
ENSMUSG00000069833	-0.0331403750054609	6.91857428672256	-0.783299976610946	0.433496167056635	0.753022553869808	-5.6398370885853
ENSMUSG00000036850	-0.0200049044201087	6.89740004117614	-0.750930673886464	0.452737423944042	0.764029623330013	-5.63994846307369
ENSMUSG00000044708	-0.0251762325144229	7.09163897728171	-0.896190535115432	0.370203562082956	0.709320290781525	-5.63995742868779
ENSMUSG00000039156	0.037432582626125	6.88124623725465	0.75425035012757	0.450742174423295	0.763061844802467	-5.6400053730326
ENSMUSG00000020111	-0.0367995585847138	6.50961365751247	-0.845277564228495	0.398005150488825	0.728816022464545	-5.64015079475048
ENSMUSG00000043670	0.0198963665793714	6.7244398931852	0.781167915953927	0.434748790274551	0.753846284504715	-5.64017747375255
ENSMUSG00000019738	-0.0258296589531941	6.75752711063258	-0.78084260453811	0.434940100135843	0.753877466524487	-5.64020718547267
ENSMUSG00000032123	0.0302468779598168	6.87339480566924	0.753684353060035	0.451082007209713	0.763061844802467	-5.64057863755134
ENSMUSG00000055067	0.0427119057057128	7.44337997884787	1.33837087037959	0.180849695423899	0.523148160908061	-5.64068485699108
ENSMUSG00000028960	0.0368712830059534	6.63563711163954	0.819480276820539	0.412560027040416	0.740893715849449	-5.6409943953834
ENSMUSG00000031578	-0.0520490188222587	6.68267296334733	-0.831002065857729	0.406020795063005	0.735717869824637	-5.64120338925094
ENSMUSG00000045598	0.0246782869459015	6.90713016374277	0.748360925163222	0.454285359457841	0.764599323272037	-5.64140982083173
ENSMUSG00000035086	0.0317092624454816	6.73556679901487	0.789883339767925	0.42964152742029	0.74974072636305	-5.64162485013434
ENSMUSG00000074922	0.0204580671323331	6.99018942644873	0.74969426759918	0.453481823807032	0.764534810753441	-5.6416939571755
ENSMUSG00000001065	0.0389815620064091	6.94368021441783	0.755427057195863	0.450036126897319	0.762724229021482	-5.64199851227963
ENSMUSG00000024570	-0.0295226912192064	6.9146770530652	-0.746681569589764	0.455298560605396	0.764671027402346	-5.64243788400675
ENSMUSG00000035234	0.0302392036418295	7.07191018663734	0.788746493420541	0.430305738377287	0.749758714139368	-5.642493610259
ENSMUSG00000029726	0.0217320723057508	6.70717910232072	0.803155581955454	0.421931317022718	0.746210442455371	-5.64253322371293
ENSMUSG00000059669	-0.0225218337262367	7.48282965973541	-1.47347753055655	0.140698995108285	0.476501215485811	-5.64254742386115
ENSMUSG00000057421	0.0389870618466714	7.32903993583436	1.10557777407078	0.268974107495378	0.622843885469229	-5.64291993104394
ENSMUSG00000038784	0.0368763900308426	6.82761596807509	0.7549173920405	0.45034185907787	0.762930766634732	-5.64296794391883
ENSMUSG00000022210	-0.0263638869878182	6.63199823799783	-0.806379549229273	0.420070749597656	0.745377506137678	-5.6430078117526
ENSMUSG00000028830	0.0199090767373349	7.09329112591473	0.797988425330938	0.424923367982269	0.746959219548411	-5.64302565723985
ENSMUSG00000018796	0.0311255529398862	7.37938509441594	1.21975084082986	0.22262941845181	0.573297180507054	-5.6430847325302
ENSMUSG00000096983	-0.0365434794273858	7.18616384532032	-0.933731422397614	0.350497372250812	0.69454010128274	-5.64319449513322
ENSMUSG00000016128	-0.0273961864658858	6.85163573916946	-0.745337580459777	0.456110341993229	0.765282668852121	-5.64327106552022
ENSMUSG00000062456	-0.0410306387514749	6.89564117368901	-0.748618782664931	0.454129899653951	0.764599323272037	-5.6437720248207
ENSMUSG00000102101	-0.0362559775005238	7.12236235621352	-0.86824006243369	0.385313683749311	0.719075419721013	-5.64430085337688
ENSMUSG00000044763	0.0251562946066723	7.00256417337222	0.754721121386587	0.450459627085815	0.763034935535917	-5.64435737270545
ENSMUSG00000007036	0.0321583785016637	7.21086204365689	0.999368280886179	0.317675226442685	0.665775213695143	-5.64465672579325
ENSMUSG00000019864	0.0333087437651978	7.07300569446575	0.815850603145078	0.414632925216553	0.742168045189154	-5.64490532764426
ENSMUSG00000024647	0.0262711789811805	7.05997094989424	0.778955099665078	0.436051067134581	0.754058551441967	-5.6451169522768
ENSMUSG00000028099	0.0222489857212675	7.09234057381481	0.80995820981415	0.418011144819556	0.743947899903326	-5.64524226529495
ENSMUSG00000029250	-0.0564977118759282	6.8512884399853	-0.749624963664845	0.453523569882017	0.764534810753441	-5.6454224100789
ENSMUSG00000023033	0.0276410454075728	7.02521805506768	0.799753229016979	0.423900063655206	0.746685340137364	-5.64553135440164
ENSMUSG00000033931	0.0321849949169879	7.09554400053331	0.787655473527682	0.430943735251894	0.75031914248686	-5.64597433141525
ENSMUSG00000029029	-0.0232342456241348	6.83964935714121	-0.741052468206729	0.458704017623071	0.767144737532413	-5.6461146051863
ENSMUSG00000026409	0.034111988762227	7.45026789139541	1.47220936366453	0.141041013320814	0.47710430603882	-5.64617170703439
ENSMUSG00000034845	0.0329953944320085	7.28329880074331	0.988528466707987	0.322952164232902	0.669539334761617	-5.64636506844988
ENSMUSG00000042203	-0.0216640082867379	7.08674542326257	-0.828224262997402	0.407591656159474	0.73750536156548	-5.64638971390797
ENSMUSG00000054690	-0.0341348457779898	6.79158715111742	-0.742169153802528	0.458027318909046	0.766753227530417	-5.64645951261199
ENSMUSG00000066150	0.0132589824472049	6.93373067569592	0.739380421158531	0.459718306443921	0.767555671952556	-5.64706362089398
ENSMUSG00000029484	0.0274573258214614	6.96149059423074	0.753256587012446	0.451338940318534	0.763189492746157	-5.64707100515632
ENSMUSG00000052957	-0.0411754103477895	7.16760532857392	-0.897690331070243	0.369403313481675	0.708898814463489	-5.64707205787735
ENSMUSG00000023391	0.0279679805018667	7.25179515029289	0.980281543891725	0.327004933220527	0.673379842740569	-5.64713371224734
ENSMUSG00000045498	-0.0351410108428762	6.93985422194232	-0.750445544637924	0.453029422094826	0.7641419388855	-5.6471904663514
ENSMUSG00000023909	0.0318119478649397	6.43840816568908	0.860068102110288	0.389801731145425	0.722182545896375	-5.64727516281803
ENSMUSG00000048701	0.044611428619195	6.85789696284226	0.739140840483545	0.459863742488556	0.767555671952556	-5.64735617124024
ENSMUSG00000054715	0.0336203388918399	6.91307722934958	0.74695052711666	0.455136205633363	0.764671027402346	-5.64736358713706
ENSMUSG00000017550	0.0287711864055602	7.48044909496138	1.40006008787902	0.161570900454327	0.504033550772422	-5.64737598594099
ENSMUSG00000037750	0.0303012354267622	6.92294352627117	0.743150147682807	0.457433310416781	0.766270436245078	-5.6474071421837
ENSMUSG00000026014	0.0285973646855107	7.37082604905049	1.30214885011681	0.192938566472857	0.538846551719685	-5.64795545576082
ENSMUSG00000032657	-0.0234560767735781	7.02412172148671	-0.835860565131488	0.403282000334105	0.733436341119266	-5.64795921688182
ENSMUSG00000034903	-0.0269430790552265	7.24020362558156	-1.12942135368099	0.258786124745299	0.611771557987088	-5.64820790804652
ENSMUSG00000040749	0.0482789493970168	6.97895817902567	0.747116845767733	0.455035824466759	0.764671027402346	-5.64824595148778
ENSMUSG00000084592	0.052528740938877	7.06047475330713	0.774692909802143	0.438565761906981	0.755248901299993	-5.64827638125499
ENSMUSG00000027217	0.0360834335557296	7.43531881506052	1.30497907109452	0.191973123127732	0.538096258707007	-5.64835063391789
ENSMUSG00000025905	0.0522902775238272	6.93468535746622	0.773564275717668	0.439233050395057	0.75582202021274	-5.64868188878602
ENSMUSG00000057134	-0.0246720063045931	6.64051162641298	-0.793205975329541	0.427703671812123	0.748466472117769	-5.6490189397351
ENSMUSG00000031285	0.021317456371893	7.61136965945592	1.78040477169903	0.0750836861949551	0.363158045856383	-5.64905065147925
ENSMUSG00000045665	0.0283067628684313	6.75120996935954	0.762638061151979	0.445723100487686	0.759280537305195	-5.6490854498043
ENSMUSG00000021192	0.0462295551543095	7.40224690799421	1.20974167833269	0.226447695513291	0.576623933535781	-5.64914235759106
ENSMUSG00000044646	0.0234429662096076	7.29933623983798	1.09613734030847	0.273082979809871	0.626809570238688	-5.64921690892419
ENSMUSG00000060992	-0.0227229590786102	6.47673876883054	-0.864222609467127	0.38751611137802	0.720780385785257	-5.6493101250588
ENSMUSG00000020571	0.0241618288531908	6.35404371690299	0.911490537103496	0.362090493191608	0.704192787668986	-5.64935797779214
ENSMUSG00000008892	0.0299701445505445	6.64798857470653	0.813949682443205	0.415720990221029	0.74247499273223	-5.64951390766461
ENSMUSG00000056941	-0.0312656656738364	6.94498911125068	-0.768000780910336	0.442530897865501	0.757580506151556	-5.64963543841439
ENSMUSG00000031060	-0.0261866287909429	7.14326250791182	-0.962187062315061	0.336012322251353	0.680929891070157	-5.64989232074925
ENSMUSG00000086774	0.0394676066890565	7.33435023685696	1.1918827891469	0.233376109906165	0.584323785430801	-5.64993221927488
ENSMUSG00000030374	0.021338120823656	7.1338475029358	0.904968900437184	0.365534973909841	0.706676625733584	-5.65027787695165
ENSMUSG00000043463	0.0301733950058001	7.30334298971422	1.03128683457835	0.302467088580936	0.6544603873253	-5.65063531815069
ENSMUSG00000068328	-0.0181269658513523	6.87511947471853	-0.733970230569962	0.463008801660833	0.768450646703093	-5.65087002804275
ENSMUSG00000060152	0.0207432098481561	6.40374607148401	0.885578801942523	0.375896412167582	0.712883418123945	-5.65091420899963
ENSMUSG00000018593	-0.0227532787614884	7.44665018297115	-1.42483898461269	0.154279773776387	0.496084272693964	-5.65108069408932
ENSMUSG00000002205	0.0208564707375833	6.77659003385832	0.744370343796986	0.456695065085352	0.765589241309579	-5.65116577478851
ENSMUSG00000041544	-0.0286891474773299	7.0829169739143	-0.864951843326206	0.387115765183221	0.720455119334812	-5.65153055376307
ENSMUSG00000038267	-0.00743586311649125	7.04854268945006	-0.779553021881133	0.435698958954321	0.754058551441967	-5.65167579366426
ENSMUSG00000015090	-0.0401403744210826	6.69076395199014	-0.751616898192119	0.452324568800494	0.763641233737875	-5.65176537082244
ENSMUSG00000077962	0.0654297498131724	7.20114349520477	0.910005370854334	0.362873107254689	0.704342675470162	-5.65199951197813
ENSMUSG00000029056	0.0375804530852966	6.96700773211076	0.758789280960072	0.448022185018971	0.761285687056067	-5.65215103653889
ENSMUSG00000060771	-0.031649217139341	7.15505343925688	-0.997102664414623	0.318773453057007	0.666039524818447	-5.65222324643941
ENSMUSG00000031928	0.0197406823183863	6.95089307525263	0.73714715896277	0.461074993890378	0.767555671952556	-5.65241871341135
ENSMUSG00000028403	0.0349038268934958	7.50308624524348	1.55409264055028	0.120239411811412	0.445898781547902	-5.65247049315238
ENSMUSG00000020696	0.0400742262104261	7.08375378425579	0.781180976625832	0.434741110540578	0.753846284504715	-5.65293675048596
ENSMUSG00000021033	0.0168465681938992	7.46692542884186	1.42870431944306	0.153165322198055	0.495139589499578	-5.65303477725213
ENSMUSG00000040584	0.0241851541676859	7.02151950150939	0.763355150098796	0.445295488829178	0.758647428693893	-5.65321236444979
ENSMUSG00000054793	0.0359722186779932	6.78538165468628	0.740878390859733	0.458809556994028	0.767144737532413	-5.65330477683819
ENSMUSG00000058331	-0.0495101422051896	7.19704151994417	-0.878293620416809	0.379835802514306	0.715053292208965	-5.65341151334746
ENSMUSG00000038520	0.0254427805612076	7.03244852373505	0.797142508638221	0.425414375992914	0.747232583248097	-5.65365937353007
ENSMUSG00000008604	0.0339324944640795	6.48285226295028	0.823176962852224	0.410455186927948	0.739135532523459	-5.65409986388316
ENSMUSG00000030124	0.043719037713144	7.14119640587093	0.80107458196177	0.423134834820104	0.746210442455371	-5.65417087015395
ENSMUSG00000031201	0.0299265407195834	7.411939166786	1.37522981708993	0.169135255051086	0.51072066547497	-5.65427364626492
ENSMUSG00000045404	0.0369980211114838	7.04300515081105	0.809210822958222	0.418440791609456	0.744517093522442	-5.65432568969875
ENSMUSG00000005716	-0.0269752072157239	6.60571769904501	-0.795708682423829	0.426247389549926	0.74771149016922	-5.65453631623649
ENSMUSG00000002778	-0.0235243134925556	6.85989930299301	-0.728358634315086	0.466435625803936	0.770647601102823	-5.65477793443577
ENSMUSG00000070101	-0.0153444572047734	7.41692654841908	-1.35935363742246	0.17410922609318	0.515183956213734	-5.6547817149055
ENSMUSG00000026127	-0.0379030278731287	6.80853347269514	-0.755781366790076	0.449823657008055	0.762534448146045	-5.65478994404468
ENSMUSG00000034227	-0.0637571175297378	6.75876115485319	-0.737248511454048	0.461013374680798	0.767555671952556	-5.65492698400395
ENSMUSG00000097684	0.0354637693532833	6.72169242841827	0.756768350769761	0.449232089408764	0.762119526078326	-5.65493135199506
ENSMUSG00000040795	0.0268784165460394	7.02576809220875	0.786764546660104	0.43146513039374	0.751001695370171	-5.65511769947655
ENSMUSG00000006378	-0.0301085534598426	7.21740228019158	-0.955564598064932	0.339348524832563	0.68382506908285	-5.65550503679762
ENSMUSG00000037058	0.011957094970553	6.87852938781942	0.727887888176711	0.466723734407544	0.77073638612641	-5.65564684234585
ENSMUSG00000061559	-0.0340525872522912	6.74464534040492	-0.752478952510784	0.451806230268449	0.763408383596664	-5.65575472722695
ENSMUSG00000069539	0.0212271401536377	7.33247431877075	1.18220488123105	0.237192892641016	0.587300383727668	-5.6558093880792
ENSMUSG00000039195	-0.042766770548992	6.77277717324715	-0.742968151268967	0.457543479641587	0.766270436245078	-5.65585175344111
ENSMUSG00000022055	0.0291069927891048	6.93474242474612	0.732586817042743	0.463852302097601	0.769343485861241	-5.65598800666304
ENSMUSG00000046442	0.0381359257276817	7.24231191916183	1.03035082903596	0.302906051415961	0.65467882115377	-5.65599806112005
ENSMUSG00000032515	0.033949618379217	6.78073111469266	0.737640590166869	0.460775046198867	0.767555671952556	-5.65619779821252
ENSMUSG00000031839	-0.0349846733161625	6.7938532544585	-0.753818818904112	0.451001258846368	0.763061844802467	-5.65658135825535
ENSMUSG00000031790	0.0393715606681688	7.05484419848545	0.77059891649064	0.440989052713414	0.757018178866608	-5.65666548430325
ENSMUSG00000021608	0.0367381425396047	7.13979731256482	0.873024218780455	0.382700943131913	0.717557652742703	-5.65672391597692
ENSMUSG00000018669	0.0279853520104574	7.39039545585476	1.28128627943659	0.200165506616858	0.546741024751058	-5.65691546670621
ENSMUSG00000027577	0.0253022105141856	7.13341276545747	0.852462167064423	0.394007362459949	0.725425736442992	-5.65694624807114
ENSMUSG00000016308	0.0197945551294181	6.64221696774971	0.808354304434895	0.418933494060882	0.744532209581135	-5.65709972768063
ENSMUSG00000048264	0.026422787363364	7.18394683714458	0.905487611633287	0.365260263635051	0.706346976802741	-5.65710372617909
ENSMUSG00000070461	0.0166531472094595	6.97536067693616	0.754415432634025	0.450643083832793	0.763061844802467	-5.65712941853595
ENSMUSG00000029101	-0.0456294752785631	7.01321914263306	-0.827762402908969	0.407853191230282	0.737567350591356	-5.6575511973294
ENSMUSG00000031851	0.01575098657755	6.77068216285316	0.743359982943777	0.457306307792836	0.766270436245078	-5.65763929745257
ENSMUSG00000030120	0.0276091944505312	6.62194579081272	0.802698462582035	0.422195513536084	0.746210442455371	-5.65771854008323
ENSMUSG00000037697	-0.0309723615453121	7.37421186865214	-1.30669035493	0.191391097658652	0.537353593302135	-5.65772581721085
ENSMUSG00000028106	0.0157278606636844	7.28529537738565	1.08521773199607	0.277888961532102	0.630774910505984	-5.65773626155988
ENSMUSG00000020396	0.0252580837690672	6.39249395567963	0.886240746301511	0.375539727146562	0.712745069856406	-5.65785037766708
ENSMUSG00000002396	-0.021182966456081	7.22135652910185	-1.0209834004666	0.307322470970424	0.657765278362127	-5.65859873833226
ENSMUSG00000022568	-0.0204217379690554	7.34491898526271	-1.26902713895015	0.204503336223085	0.551004815682152	-5.6590297841116
ENSMUSG00000001666	0.0366067451543541	6.62007995340401	0.812283896114763	0.416675852290797	0.743132229065854	-5.65949619874713
ENSMUSG00000020877	0.0467072156894908	7.11149130886837	0.796198873234679	0.425962495164177	0.74769543105074	-5.65968328285639
ENSMUSG00000037727	-0.0405220839492486	7.18138442654218	-0.830185827624987	0.40648200613918	0.736086955954988	-5.65976414634108
ENSMUSG00000078570	0.0367133684021788	7.27686799433893	1.10793337193163	0.267955506012373	0.622611953815895	-5.6597934047928
ENSMUSG00000030816	-0.0185721979175284	6.8896411361896	-0.720962132506081	0.470973870554572	0.773359853630925	-5.65981852873811
ENSMUSG00000022201	0.0429248555378825	7.39230682286649	1.28593386976333	0.198538674837592	0.544915896659015	-5.66001471807024
ENSMUSG00000027487	-0.0365619339171621	6.93835303425586	-0.739062185067104	0.459911495415024	0.767555671952556	-5.66015107882058
ENSMUSG00000056763	-0.0291294428587747	7.19743067694344	-1.01227107210474	0.311468125264656	0.660754943254295	-5.66039044076322
ENSMUSG00000021902	-0.0311998570994145	7.33003612531547	-1.12052382846456	0.262556156873156	0.615977915709681	-5.66039463744669
ENSMUSG00000056258	0.0302370129230614	6.79112508327365	0.730424081722819	0.465172687382133	0.770156876185518	-5.66114522810613
ENSMUSG00000050138	0.0376270429803505	7.10719385956354	0.881736506020064	0.377970941487387	0.71408013361058	-5.66127123852795
ENSMUSG00000001435	-0.0278014478193827	7.1919510188428	-0.935409861742974	0.349632141407313	0.693732862218512	-5.66137884954188
ENSMUSG00000104361	-0.0454971821112009	7.20617187359892	-0.858607121454412	0.390607440916663	0.722845374465659	-5.66139354706216
ENSMUSG00000102440	0.0152877686231037	7.36246973467396	1.20474477547635	0.228371299010179	0.578631671085779	-5.66174407478937
ENSMUSG00000025321	0.0333945357929641	7.439694511904	1.40387249836447	0.160432469338056	0.502557485373372	-5.66177798369419
ENSMUSG00000006412	-0.0154521224086253	6.91926856006598	-0.718509762607826	0.472483925163678	0.774224928374323	-5.66196691054992
ENSMUSG00000079555	0.0205200387378861	6.96919628599763	0.738234617428654	0.460414092847548	0.767555671952556	-5.66201727896681
ENSMUSG00000013701	-0.0369399651610127	6.53049848575785	-0.824940917404031	0.409453069991245	0.738572791525739	-5.66209946431902
ENSMUSG00000003809	-0.0427332580568045	7.10336232613076	-0.903733702346219	0.366189656058664	0.707069715788523	-5.66218242645353
ENSMUSG00000047617	0.025944699360025	7.18820167809718	0.959288188503681	0.33747008239118	0.681779075705501	-5.66219739001695
ENSMUSG00000020171	-0.0321989205334674	6.4935923967593	-0.850982806631541	0.394828541323423	0.726341531243831	-5.66222547568984
ENSMUSG00000080904	-0.0468315607772034	7.04352869689295	-0.870497400630888	0.384079542037135	0.717859171621102	-5.66225279748129
ENSMUSG00000020230	-0.026925840267066	7.03477622019564	-0.753995296684839	0.450895294228705	0.763061844802467	-5.66244582902592
ENSMUSG00000020549	0.0150823596243406	6.94842219894903	0.716691144532126	0.473605465244143	0.775199788315612	-5.66247207541497
ENSMUSG00000054808	-0.0187701348415148	7.27440031598752	-1.1343093315371	0.256731052400928	0.610091951317605	-5.66249010078161
ENSMUSG00000031963	0.0385851723468988	6.92059975765148	0.717835218047583	0.472899745377394	0.774531861298224	-5.66268228933773
ENSMUSG00000057561	0.0233784411437723	7.16942791674132	0.848352037285181	0.3962914115863	0.727435077469147	-5.66276117204649
ENSMUSG00000041548	-0.028593656954027	6.71900292572756	-0.749496960482797	0.453600679871712	0.764534810753441	-5.66299846071022
ENSMUSG00000034994	0.0389627876515961	6.96336120250979	0.738331539228062	0.460355214526612	0.767555671952556	-5.66350113686268
ENSMUSG00000030137	-0.0355920765224269	6.88533084676463	-0.715680479026102	0.474229374242546	0.775772424708065	-5.66360218363081
ENSMUSG00000068566	-0.025610960219919	6.7570724659154	-0.729738566372224	0.465591641595011	0.770507353629767	-5.66361984468556
ENSMUSG00000022783	0.0387080978604892	7.01038496316304	0.728491435150606	0.466354366179064	0.770607251268221	-5.66381775285629
ENSMUSG00000029596	-0.0371291055586775	7.15821915989551	-0.928907155988975	0.352991823243825	0.696125547569423	-5.66388189920719
ENSMUSG00000038150	-0.0229259739205725	6.54664380936914	-0.821292445437377	0.411527405578183	0.740181555429691	-5.66393917112975
ENSMUSG00000033365	0.0160623133239994	7.06449386621947	0.829917949487392	0.406633437405074	0.736262839788728	-5.66414221997944
ENSMUSG00000040957	0.0420029444973693	6.82993160710764	0.717641144673332	0.473019418424365	0.774634288561123	-5.66418329930789
ENSMUSG00000057522	-0.0196660308026946	6.61465061548277	-0.763828524843623	0.445013336097581	0.758357316592635	-5.66430083252996
ENSMUSG00000028576	-0.0274259742244185	7.28280733169043	-1.0142836619818	0.310507197682724	0.659575468554748	-5.66436499765886
ENSMUSG00000040181	-0.0369095006276829	7.23158609978633	-0.954429783946677	0.339922336730036	0.684375966833551	-5.66447354824529
ENSMUSG00000022607	0.0366228420514627	6.70050300158795	0.739567150289219	0.459604971484397	0.767555671952556	-5.66447468134131
ENSMUSG00000026201	0.030281855084457	6.90401613520035	0.713222059611136	0.475748902054868	0.777250530364711	-5.66499576729908
ENSMUSG00000038612	0.0167028105684635	6.82999942245406	0.722125820261791	0.470258259143825	0.772919922045469	-5.66509459986024
ENSMUSG00000091784	0.0229134540323965	7.43322028964025	1.37920815104349	0.167905723242336	0.509960975743636	-5.66510809961319
ENSMUSG00000027400	0.0365346405718805	7.00797976991288	0.727713569082347	0.466830447180269	0.77073638612641	-5.66512374682927
ENSMUSG00000059824	0.0210138474378034	6.61708810056377	0.801349113910864	0.422975948006913	0.746210442455371	-5.66559794325152
ENSMUSG00000083734	0.0204556647267022	7.40280673791287	1.38035571311324	0.167552311931231	0.509711424520837	-5.66564017204875
ENSMUSG00000020166	0.0328131827760192	6.86822393188977	0.715920740156202	0.474081014140489	0.775623312382859	-5.66568963568431
ENSMUSG00000071253	0.0400265055638656	7.21051084338236	0.893233276111307	0.371784624956261	0.71045185978252	-5.6659011597098
ENSMUSG00000089832	-0.0173564481252191	6.79252856720557	-0.71130874576668	0.47693335057715	0.778036622202503	-5.66626697727904
ENSMUSG00000028249	0.0165385661961199	6.80648233471544	0.722119225675147	0.470262312800787	0.772919922045469	-5.66633611622043
ENSMUSG00000010392	-0.0325018531869397	7.07955237549004	-0.766117819393332	0.443650253203424	0.758037374781307	-5.66640148648078
ENSMUSG00000009555	0.0240103148263744	7.04229926184403	0.785547722420831	0.432177840412708	0.75159917397582	-5.66641754868609
ENSMUSG00000035595	0.0253912890712495	7.00284657471267	0.771129917349996	0.44067431345949	0.756861203684287	-5.66652876136074
ENSMUSG00000007872	0.0220283482496129	6.93243598119778	0.713489540016356	0.475583445344064	0.777250530364711	-5.6666161812812
ENSMUSG00000026662	-0.0313694899673713	7.23387530964183	-0.971182523412182	0.331514617236983	0.678134456925018	-5.66681529753897
ENSMUSG00000022438	-0.0383669532637425	7.22058602797219	-1.00895271766334	0.313056780177086	0.662054100508132	-5.66682222743683
ENSMUSG00000026814	0.0382739558702472	6.86583027585098	0.709226070742684	0.478224476889853	0.778737383818475	-5.66742641976148
ENSMUSG00000023015	-0.0424566613883046	6.92621954131141	-0.73680887833172	0.461280691478789	0.767555671952556	-5.66758926153326
ENSMUSG00000032572	-0.0162434724889824	7.35926551928442	-1.30762009008669	0.19107543003866	0.536954376594554	-5.66761387220723
ENSMUSG00000020739	0.0390422440954321	6.5674191187225	0.801753156036323	0.422742170074545	0.746210442455371	-5.66765028955091
ENSMUSG00000056091	0.0488017960582399	6.80871363057741	0.727714775347655	0.466829708695331	0.77073638612641	-5.66767872075075
ENSMUSG00000025370	0.0539948775397079	7.06788823945591	0.782424194836419	0.434010451435908	0.753288460118949	-5.66769932592072
ENSMUSG00000026895	-0.0124916864729112	6.71615070783062	-0.744344232693583	0.456710855857197	0.765589241309579	-5.66775157467576
ENSMUSG00000043207	-0.0207549577474495	7.23661797992541	-1.01436988025897	0.310466075829724	0.659575468554748	-5.66814562220709
ENSMUSG00000030494	-0.0381612921949781	7.14252999214269	-0.976724406338348	0.328763165749974	0.675461585276276	-5.6683437418679
ENSMUSG00000072964	0.0300617886491983	6.95970595510571	0.710670372277255	0.477328898586331	0.778383677779325	-5.66843569644057
ENSMUSG00000035439	0.0156563562675611	7.15454219481933	0.801707651884038	0.422768494898633	0.746210442455371	-5.66844216777243
ENSMUSG00000034245	-0.0113387915294796	7.28829982969424	-1.07033415930682	0.284531854370798	0.638055388944637	-5.66848019511432
ENSMUSG00000072772	-0.0132042171157165	7.07389878831059	-0.801133744428508	0.423100591276063	0.746210442455371	-5.66860901110065
ENSMUSG00000038042	-0.0339474492970373	7.14451153898101	-0.903385044120568	0.366374584929945	0.707069715788523	-5.66872501729025
ENSMUSG00000025204	0.0206020888256653	6.74957730068389	0.731509810966641	0.46450957078118	0.769847683677068	-5.6688326769845
ENSMUSG00000063235	-0.0101602666306198	6.99473030066143	-0.72951943937115	0.465725605767513	0.770507353629767	-5.66896839812195
ENSMUSG00000086119	-0.0205758915636718	6.99935741304013	-0.747715668481164	0.454674509972921	0.764671027402346	-5.66908553827217
ENSMUSG00000026670	0.0196276096391399	6.55481497096078	0.823347885260187	0.410358020782141	0.739135532523459	-5.66909804785327
ENSMUSG00000020516	0.0233816978964949	7.54434010474571	1.64148308406362	0.100773782364285	0.413026282132702	-5.66912472648501
ENSMUSG00000050071	0.0215737784009411	6.70903271734686	0.773232371526999	0.439429394849554	0.755952004883473	-5.66918468081675
ENSMUSG00000021900	0.0368457820149573	7.34658891944967	1.22041727645699	0.222376834825987	0.573018191164039	-5.66928900106336
ENSMUSG00000024507	-0.0245389971951218	6.80055487162673	-0.712494906233393	0.476198860567532	0.777512112359657	-5.66968273398188
ENSMUSG00000030983	-0.0263001033363315	6.36636367206375	-0.875913214570419	0.381128467315569	0.715999318546969	-5.67000779233469
ENSMUSG00000083284	0.0421805304328151	6.97459777884742	0.7334288959319	0.463338764465946	0.768810056128907	-5.67003220340604
ENSMUSG00000019188	-0.0337035764304678	6.91237244714405	-0.710814839214575	0.477239368484373	0.77834853337076	-5.67008997047754
ENSMUSG00000003235	0.0316552435505466	6.73120391243572	0.712718981005763	0.476060179465329	0.777454096987585	-5.67010543248142
ENSMUSG00000044176	0.02041295002679	7.39665012898446	1.38364227466741	0.1665432521893	0.509093551934398	-5.67041456306099
ENSMUSG00000031021	0.01502591543212	6.77407332584426	0.73702566550474	0.461148864258418	0.767555671952556	-5.6704440710619
ENSMUSG00000022912	-0.033028962138812	7.07998511921617	-0.901251896483869	0.367507278236227	0.70733684727029	-5.67047575941636
ENSMUSG00000039004	-0.0357601851411182	6.80860652644149	-0.707864745143032	0.479069444096565	0.77909950002159	-5.67050662496586
ENSMUSG00000013736	0.0431133224284395	7.01886079961817	0.73585284964073	0.461862299049813	0.767962752030265	-5.67051264870919
ENSMUSG00000026443	0.0309576679948158	6.97208577002359	0.720916118021906	0.471002179575033	0.773359853630925	-5.67054109656197
ENSMUSG00000021365	0.030315853383585	6.98594888366824	0.727307950547215	0.4670788067393	0.771052534003583	-5.67076669634847
ENSMUSG00000052516	0.040650923753339	6.86860758630318	0.704193789235217	0.481352044475006	0.780404481108543	-5.6707792419063
ENSMUSG00000025400	-0.0454136804653622	7.32831043576564	-1.07883124959523	0.280726349910296	0.633714261086214	-5.67080799066696
ENSMUSG00000025147	0.0225356065817826	6.51598336978595	0.798841078477821	0.424428785163807	0.746959219548411	-5.67100253271051
ENSMUSG00000077493	-0.0132757270405586	7.04530193146402	-0.766115781605269	0.443651465473497	0.758037374781307	-5.67141266410094
ENSMUSG00000032393	0.0170838527370831	7.4811875281376	1.49674780361114	0.134535774805088	0.468282280292366	-5.67143903453785
ENSMUSG00000056598	0.0315337010593408	7.26581999830369	1.0032386902298	0.315804844257934	0.664227318085158	-5.67148721848881
ENSMUSG00000013629	-0.0200894833464549	7.22756490186337	-1.03892784450406	0.298899487114187	0.651918746681365	-5.67155885867863
ENSMUSG00000076437	-0.0224096795778301	7.0887748589051	-0.765358350652424	0.44410218849526	0.758231808570124	-5.67162435327914
ENSMUSG00000020886	-0.0185816846693028	6.81178858869609	-0.703185083177865	0.481980293476798	0.780801189391438	-5.67169776414459
ENSMUSG00000022802	0.0213224269308725	7.41691159866718	1.41717296223014	0.156508257669563	0.497990837241008	-5.67170169475438
ENSMUSG00000025656	0.028324723822438	7.13229389133542	0.822876607051736	0.410625966626051	0.739148546935209	-5.67174657792882
ENSMUSG00000091625	-0.0207200638170573	7.0499158870118	-0.742832039292757	0.457625883041481	0.766270436245078	-5.67183028271739
ENSMUSG00000025732	-0.0176008169354107	6.91759523498096	-0.702766090227708	0.482241384521779	0.780801189391438	-5.6722591072913
ENSMUSG00000022248	0.0261589749305573	6.42219070851833	0.83619509480886	0.403093830167835	0.733436341119266	-5.67262144710748
ENSMUSG00000065439	-0.0548426513116995	7.11185202909483	-0.881142836923799	0.378292102955009	0.714297836924957	-5.67263933510596
ENSMUSG00000027204	-0.0163796986572589	7.54846267891685	-1.60865045841619	0.107769695289242	0.426237318766494	-5.6726830295318
ENSMUSG00000020794	0.0225760926276592	7.21109454177898	0.960679224579486	0.336770063738609	0.681318558837467	-5.67283114870164
ENSMUSG00000097944	-0.0436640034533786	7.21576831522798	-1.15765745716319	0.247071206604685	0.598283875539617	-5.67327994815837
ENSMUSG00000033021	-0.0257436536296938	7.32785962531759	-1.20312730669016	0.228996445450267	0.579673974498641	-5.67334201122288
ENSMUSG00000042724	0.0175620684629818	7.35722695278883	1.26307505591765	0.206633946431599	0.552900060333954	-5.67349139678906
ENSMUSG00000021943	-0.0139812670195703	7.01009584911509	-0.737427737563368	0.460904421968195	0.767555671952556	-5.67352592615594
ENSMUSG00000027602	0.0256147607154578	6.87485382452444	0.699362293377189	0.484365272527725	0.781794221085653	-5.67359703778408
ENSMUSG00000006390	0.039363064481817	6.93444680286162	0.704400510279088	0.481223348177943	0.780404481108543	-5.67364611472442
ENSMUSG00000068732	0.0301122926215101	6.68586839114403	0.780597177363698	0.435084463663405	0.753946211445353	-5.67379718133304
ENSMUSG00000006215	-0.0260864705171819	6.58708363564013	-0.747156545587975	0.455011865592973	0.764671027402346	-5.67384060795767
ENSMUSG00000017765	0.0405668192881965	6.99917648464754	0.731182803732903	0.464709237305855	0.769953298227152	-5.67384182475543
ENSMUSG00000030376	0.0200054002810006	6.96978877877474	0.722833817665947	0.469823169263124	0.77266648821803	-5.67453473242952
ENSMUSG00000011256	-0.0195886726628727	7.09913140023496	-0.865192320394881	0.386983799675515	0.720422731544381	-5.67483695239521
ENSMUSG00000074575	-0.0352637943184257	6.97207293888883	-0.748341582996748	0.454297021873524	0.764599323272037	-5.67489989547339
ENSMUSG00000002342	0.0315499555143477	6.95952114085598	0.701403312487333	0.483091116815121	0.78124911508738	-5.67504714583852
ENSMUSG00000051586	0.0230313154020143	6.89678840512702	0.698769915725213	0.484735419594639	0.781927588033492	-5.67508952545738
ENSMUSG00000028136	0.0343423747098175	6.98450495475203	0.740708365736538	0.458912652730537	0.767144737532413	-5.67513376478437
ENSMUSG00000030127	-0.0359603514857083	6.77455802167898	-0.721751632500437	0.470488300878312	0.773195244314643	-5.67528596921719
ENSMUSG00000041852	0.0184299828914813	7.12781274901294	0.834454484163444	0.404073484603655	0.734078561470769	-5.67561939019141
ENSMUSG00000028849	0.0118198999408898	6.96897963650708	0.707788235793437	0.479116957211937	0.77909950002159	-5.67574753389076
ENSMUSG00000020078	0.0350095556972168	7.29198657161051	1.03829213414147	0.299195225408701	0.651936396876396	-5.67602392980161
ENSMUSG00000028800	-0.0256140973964545	7.39906719739081	-1.37453910784342	0.169349410134077	0.510912172362665	-5.67604509962651
ENSMUSG00000027739	-0.0229779617490928	7.27828844108675	-1.06451926194041	0.287156147221786	0.640444652744361	-5.67617959924558
ENSMUSG00000034275	0.0138099582662301	7.4437080130283	1.42068276524863	0.155484958737467	0.49683246989708	-5.67632207629964
ENSMUSG00000104415	0.0476623268915004	7.17174324937788	0.987950670823091	0.323235037455597	0.669539334761617	-5.67638187847109
ENSMUSG00000085881	-0.0465369520338115	7.36909327894429	-1.19333719565892	0.232806306360466	0.584204972944828	-5.67671878331312
ENSMUSG00000038028	-0.0665091861917739	6.62872781769061	-0.758412200351513	0.448247797593198	0.761285687056067	-5.67686362991455
ENSMUSG00000054252	0.0532468670822555	7.20960158117606	1.07229459357598	0.283650771008444	0.637074609328988	-5.67689224595098
ENSMUSG00000004631	-0.0249764794291663	6.73889656481821	-0.732820098562965	0.463710004774613	0.769237763946434	-5.67690607221613
ENSMUSG00000034255	0.0252309277232756	7.05102432354582	0.747118732516539	0.455034685796235	0.764671027402346	-5.67693259637933
ENSMUSG00000029404	0.0157423866107402	7.05657469997268	0.760275314896921	0.447133698820547	0.760632206851817	-5.67713729705091
ENSMUSG00000039367	-0.0101400245645182	7.24392543488883	-1.0263634122991	0.304780794236301	0.656008480205116	-5.67730396735252
ENSMUSG00000030410	0.0206616143849567	7.26324260041101	1.05470996526523	0.291620067064266	0.644547903495039	-5.6775381369614
ENSMUSG00000079593	0.0203828001892585	6.96026103956472	0.698146107496515	0.485125371732212	0.782051415637579	-5.6777091514937
ENSMUSG00000079334	-0.0278179921889192	7.10060427965386	-0.768945013148821	0.441970193441881	0.757425994902902	-5.67773624404188
ENSMUSG00000023571	0.0248429244977189	6.8227025942297	0.694133073534282	0.487638039548182	0.784084029909186	-5.67778102153801
ENSMUSG00000004980	0.023444580694715	6.8854839269957	0.694838435877316	0.487195884965971	0.783837879241561	-5.67795726260867
ENSMUSG00000029310	-0.0194972877877042	7.01826307883401	-0.713105725262925	0.475820873434659	0.777250530364711	-5.6780633682332
ENSMUSG00000102215	0.0241384920114971	7.0599567616075	0.775798941862292	0.437912402373783	0.754794857790967	-5.67818232254767
ENSMUSG00000001520	0.0472117373702501	7.41064196671516	1.27858676243816	0.201114898101272	0.54786332900483	-5.67826380071658
ENSMUSG00000085042	-0.0290722989894361	6.62853072306461	-0.755401966757105	0.450051175112248	0.762724229021482	-5.67854981471306
ENSMUSG00000021811	0.0328440907697471	6.57341505257133	0.806697288376516	0.419887642186849	0.745377506137678	-5.67858960890634
ENSMUSG00000039382	0.0336734939872132	6.72481930713283	0.705012654475639	0.480842361482769	0.780286396928526	-5.67862364084253
ENSMUSG00000098178	0.0171167332443103	6.51067154127937	0.815231731694505	0.414986975005161	0.742170347859118	-5.67868534756328
ENSMUSG00000066189	-0.038719156021183	6.69201538955769	-0.729184786531535	0.465930238459307	0.770526889436375	-5.67885300281361
ENSMUSG00000020785	-0.0355408178009293	6.88788334967459	-0.698040778572015	0.485191231232494	0.782051415637579	-5.67890130953903
ENSMUSG00000027994	0.0434247062959674	7.0480171664562	0.766438681061297	0.443459397792388	0.757996573245266	-5.67900039577944
ENSMUSG00000098376	-0.0616517605781519	7.16953113492869	-0.780759145552656	0.434989188716703	0.753877466524487	-5.67911458542143
ENSMUSG00000016757	-0.0313720617972706	6.85876371837374	-0.691881494429641	0.48905088458881	0.785322438078583	-5.67943061317739
ENSMUSG00000034686	0.0296766336768579	6.89482896004621	0.690935763210273	0.489644979372019	0.785322438078583	-5.67946828765602
ENSMUSG00000071649	-0.0193713089842831	6.69685070983333	-0.735568900107771	0.462035120837209	0.767962752030265	-5.67948776290545
ENSMUSG00000036438	0.0270309562569366	6.74692866348462	0.728114804204922	0.466584843700296	0.77073638612641	-5.67968553210603
ENSMUSG00000065126	0.0235610134006663	6.95910265730198	0.689920673990546	0.490283075998767	0.785953109444841	-5.6800459414868
ENSMUSG00000045967	0.0389163761015245	6.62116405718787	0.769563704280453	0.441603022683595	0.757300783097331	-5.68016289769487
ENSMUSG00000024797	-0.0279635095272113	7.01970201019071	-0.749604831332093	0.453535697246185	0.764534810753441	-5.68020492709277
ENSMUSG00000063760	0.0209412131473803	7.31611463380865	1.15929042353962	0.246405255285106	0.597686652339563	-5.68022216869449
ENSMUSG00000025227	0.01788857098009	6.89794547611859	0.696140621078439	0.48638018283383	0.783269095956892	-5.68032325830058
ENSMUSG00000029385	-0.0361316689449263	6.4135687326354	-0.828094585381395	0.407665077918162	0.737539782014204	-5.68041831136377
ENSMUSG00000027030	0.0333439523799077	6.49591699983833	0.834600146662849	0.403991447893381	0.734032296016643	-5.68057783042754
ENSMUSG00000039191	0.0188675710563206	7.26221933543241	1.06546946607974	0.28672620179173	0.640274219809711	-5.68057890835831
ENSMUSG00000040952	0.0193020698753292	6.98001386067474	0.71337233609178	0.475655940883627	0.777250530364711	-5.68091654579978
ENSMUSG00000029712	-0.0182587831987133	7.01538061981694	-0.746746071925829	0.455259621094493	0.764671027402346	-5.68112736729473
ENSMUSG00000020102	-0.0142572831485053	6.99207572581327	-0.719766175279076	0.471709952036846	0.773517601562113	-5.68120482961571
ENSMUSG00000022671	0.0203360441199134	6.91733119309769	0.688867894655932	0.490945337357159	0.785953109444841	-5.68127997589541
ENSMUSG00000026821	-0.0245391609328012	7.07219622517061	-0.853535356039894	0.39341229322983	0.725275981646722	-5.6815682534983
ENSMUSG00000055319	0.0357598282491933	6.95298311994965	0.687029494628697	0.492102953226084	0.786693898241938	-5.68166479472973
ENSMUSG00000028838	-0.0323802765085119	7.17915590324833	-0.983492432067747	0.325423101537712	0.672318753805254	-5.68171921931663
ENSMUSG00000036887	-0.0230082368764908	6.75418026582799	-0.710274154717683	0.477574492597226	0.778426901975619	-5.68175777250749
ENSMUSG00000041594	0.031228348284797	7.26886991887928	1.02470096106686	0.305564690988944	0.656552469164517	-5.68181277060553
ENSMUSG00000084433	-0.0228315399764307	7.43319085614758	-1.37756058488304	0.168414098028636	0.510357335213171	-5.68188254784351
ENSMUSG00000001964	0.0285808066543254	6.53006860865512	0.804293476237119	0.421274081385736	0.746210442455371	-5.68205519432464
ENSMUSG00000066705	0.0157744215446938	7.06759077316527	0.744127745712626	0.456841788860894	0.765661992441473	-5.68211017498313
ENSMUSG00000019916	-0.0239348885153028	6.42652738114395	-0.815028544355844	0.415103255290982	0.742191523963478	-5.68217487968396
ENSMUSG00000044339	-0.0257474678991239	6.67812626762515	-0.720663801008631	0.471157426684721	0.773359853630925	-5.68258726790994
ENSMUSG00000021270	0.0399240646824985	6.67253222469807	0.756285164800748	0.449521640921681	0.76220790490447	-5.68273290967363
ENSMUSG00000030291	0.0118892134673922	7.10460527912361	0.79365418444284	0.42744265379207	0.748426375384189	-5.68285013563969
ENSMUSG00000027333	0.0555967830444217	6.96081082765694	0.770828979073355	0.440852672283816	0.757018178866608	-5.68301447819482
ENSMUSG00000057072	0.0306870940060566	7.42954156476047	1.38905535321811	0.164891269524291	0.507743772929898	-5.68308686459537
ENSMUSG00000031997	-0.0437022875966022	7.10653233298742	-0.870538722438137	0.384056972976951	0.717859171621102	-5.68316741436082
ENSMUSG00000020115	-0.0431378038821588	6.94665214608097	-0.685948548332799	0.492784293868664	0.787203964135878	-5.68318191869719
ENSMUSG00000091387	-0.0274778888181171	6.98222150272299	-0.72015296635532	0.471471822506822	0.773407739812159	-5.68323043699344
ENSMUSG00000038838	-0.0225147118609623	7.15353134206206	-0.914726600477951	0.360388904381338	0.703043563395998	-5.68327355290266
ENSMUSG00000062901	0.0186744743607363	7.36750907679643	1.25807700104366	0.208435467657238	0.554872976732149	-5.68351361461335
ENSMUSG00000053465	-0.0142560456316181	6.94476086838965	-0.691785526526109	0.489111152535059	0.785322438078583	-5.68356496178044
ENSMUSG00000024308	0.0346814090917595	7.19867180328925	0.802789568038398	0.422142850528581	0.746210442455371	-5.68372280014852
ENSMUSG00000021182	0.0185081793318105	7.02113953197799	0.722383941392943	0.47009960863969	0.772919922045469	-5.68382658884686
ENSMUSG00000020482	0.0319351132862158	6.61578087551832	0.752126289099132	0.452018240130243	0.763486798401387	-5.68389820679315
ENSMUSG00000039278	0.0229850675658714	7.09624654181983	0.786534754208159	0.43159967063878	0.751075386281681	-5.6839346314573
ENSMUSG00000028251	-0.0366227814012872	6.7674078770445	-0.730763504017116	0.464965326333144	0.770095271735252	-5.68421994827588
ENSMUSG00000000355	0.0100052734568559	7.18864498423332	0.877803960733088	0.380101488690584	0.715156256406735	-5.68429035005826
ENSMUSG00000035456	-0.049656231554275	6.97790823490438	-0.724027635380541	0.469090029572637	0.772370171611608	-5.68443411325259
ENSMUSG00000097577	0.0340032590598938	7.3862050030246	1.26509435144711	0.205909319007835	0.552487343579701	-5.68456371913899
ENSMUSG00000051111	0.0180293593665981	7.36597361063081	1.2104122388992	0.226190439722765	0.576533753727559	-5.68479718573731
ENSMUSG00000045515	-0.0160694616770609	6.94115856815871	-0.687729524478217	0.491661981191464	0.786440013176983	-5.68502034909256
ENSMUSG00000020056	-0.0285733136877182	6.78465353199388	-0.707268781469554	0.479439611880709	0.77909950002159	-5.68528039099233
ENSMUSG00000074607	0.0369640636059927	7.47332692660581	1.38132707315318	0.16725360209686	0.509711424520837	-5.6854858501374
ENSMUSG00000036273	0.0272423679385136	6.6566369882465	0.720916951057224	0.471001667066886	0.773359853630925	-5.68556210138339
ENSMUSG00000036339	0.0429538238341767	7.04473984232008	0.737758631670572	0.460703307134782	0.767555671952556	-5.68597684140679
ENSMUSG00000038398	0.0218384216885026	7.26962779409783	1.00662897326942	0.314172439461424	0.662861069866883	-5.6860051193345
ENSMUSG00000026657	-0.0321215119205895	7.36363832315466	-1.21248361074312	0.225397090428191	0.575910763010624	-5.68625925810524
ENSMUSG00000038299	0.0289817446334437	7.00063435065504	0.686897232895578	0.492186293113931	0.786732110591685	-5.6862817374711
ENSMUSG00000029757	0.0324500396007581	6.83758977475777	0.699147995781424	0.484499158642892	0.781794221085653	-5.68664364315907
ENSMUSG00000040112	0.0169479328659801	6.79188274003948	0.69353459683552	0.488013362969027	0.784501443577669	-5.68670089477684
ENSMUSG00000051695	0.0233906043739518	6.57921978153474	0.795488229865814	0.426375550783701	0.74774281690925	-5.68703194520096
ENSMUSG00000020122	-0.0256441892177	7.52398047008916	-1.63273881762596	0.102600637745419	0.415241625836536	-5.6870485909253
ENSMUSG00000025171	0.0337958516498391	6.42991716911197	0.817749513704794	0.413547694393249	0.741513721799936	-5.68753264173363
ENSMUSG00000020585	-0.00633280463894526	7.11633521902105	-0.783638559044178	0.433297436193105	0.753016252148579	-5.68761941287795
ENSMUSG00000004846	-0.0289162198140067	7.0312979483926	-0.762483684965629	0.445815188093296	0.75934200002122	-5.6877780350669
ENSMUSG00000048911	0.0195594288697807	7.54716676215356	1.64864618204137	0.0992966664979831	0.409572316513433	-5.68842198931577
ENSMUSG00000031871	-0.0419680645321048	7.17086772599232	-1.06468310077728	0.287081982889855	0.640444652744361	-5.6888757784421
ENSMUSG00000019494	0.0148175326698237	6.95333860109989	0.676416685447857	0.49881423715861	0.791023127809592	-5.68897474857195
ENSMUSG00000024387	-0.0273946134096867	6.69076175851162	-0.73816961381447	0.460453583782221	0.767555671952556	-5.68918313024778
ENSMUSG00000047216	0.0254055475694948	7.27276691546688	1.11881455999152	0.263284725632018	0.61683330052167	-5.6900301421416
ENSMUSG00000044037	-0.0161097978303246	7.41249152065512	-1.35430969866825	0.175712138106647	0.517105528207058	-5.69006138323775
ENSMUSG00000008226	0.0313963367543728	6.95149535653187	0.674493282151306	0.500035739117573	0.79171838735911	-5.6901422553489
ENSMUSG00000033276	-0.0347163826793082	6.85333517067287	-0.682093143799295	0.495218540792436	0.789405069728138	-5.69014575126213
ENSMUSG00000005986	-0.0166721528435518	7.41852417344982	-1.34832489997899	0.177628297951135	0.520083236025273	-5.69062693960015
ENSMUSG00000024212	-0.0281727719722582	6.9498109087744	-0.748267691277609	0.454341576655485	0.764599323272037	-5.69076655570105
ENSMUSG00000086567	0.0145881364701639	7.01961652973486	0.725385549986627	0.468256885872021	0.771871824345573	-5.69077736608464
ENSMUSG00000028402	-0.0491747881691413	7.03323578419222	-0.748779099726133	0.454033261170793	0.764599323272037	-5.69143913251449
ENSMUSG00000017286	-0.0264733601213907	7.00984602793653	-0.679271495633016	0.497004152706298	0.790211384384904	-5.6914756619211
ENSMUSG00000039117	0.030705035224849	6.92194909375563	0.697333987755535	0.485633294839438	0.782438052457885	-5.69149442229834
ENSMUSG00000073436	-0.0358281155017428	7.37722586203249	-1.25538290353892	0.209411251334568	0.556151867825951	-5.69159247816429
ENSMUSG00000025875	0.0340876084385604	7.05230126638215	0.723776475449431	0.469244217699131	0.772370171611608	-5.69164628351047
ENSMUSG00000031028	-0.0173483812198985	7.3599294328258	-1.24853581846285	0.211906103461293	0.559923453204451	-5.69181995894639
ENSMUSG00000042642	0.0199458284976668	7.1398752860411	0.808413692217347	0.418899320907933	0.744532209581135	-5.69207420477486
ENSMUSG00000062352	0.021095259990374	6.51377496683597	0.789375668864455	0.429938064273358	0.749758714139368	-5.69234702275783
ENSMUSG00000092540	0.0259543954403663	6.97039806231163	0.753854837185895	0.450979630823048	0.763061844802467	-5.69239876382812
ENSMUSG00000066440	0.00880826800002055	7.5096599547289	1.56542888469846	0.117559462937139	0.441746798477718	-5.69253309905129
ENSMUSG00000025384	-0.0253917554047831	6.88240588493232	-0.68077689966629	0.496051067280822	0.789983155569255	-5.69272145348278
ENSMUSG00000026447	0.0244750504969939	6.7626866367683	0.676633322474535	0.498676756261509	0.791023127809592	-5.69273493345039
ENSMUSG00000039706	0.0355390878933299	7.23433589943433	0.943970133078402	0.345240467018219	0.689672866651064	-5.69293219061104
ENSMUSG00000024887	0.0172953859162872	6.96400623458766	0.678378863591045	0.497569747080173	0.790272208487492	-5.69300304419536
ENSMUSG00000056656	0.0463460875193498	7.13859554075721	0.788907522075294	0.430211619951484	0.749758714139368	-5.6932544503992
ENSMUSG00000007850	0.0180815228446312	6.88011664662826	0.667927962649639	0.504217128451415	0.793980932351253	-5.69352028778963
ENSMUSG00000026614	-0.0338608803028801	7.26456162246238	-0.946420827649206	0.343989694037633	0.689097557884489	-5.6936897536029
ENSMUSG00000065162	-0.0594208189896595	7.18314848791176	-0.720681198041266	0.471146721628872	0.773359853630925	-5.69369494122248
ENSMUSG00000051499	0.027162658161358	7.00946909738843	0.69457072408408	0.487363673912746	0.784014794839703	-5.69379130234365
ENSMUSG00000020538	0.0325874448805852	7.42916459349305	1.36575890860746	0.172089474656627	0.513520420143181	-5.69402124206946
ENSMUSG00000078640	0.035531350573768	6.64060424051648	0.719407614258053	0.47193076084566	0.773695376720866	-5.69440949247667
ENSMUSG00000020737	-0.021117655600686	6.82450657666372	-0.667485051211814	0.50449987739723	0.794241678791412	-5.6945111087146
ENSMUSG00000025981	0.021085461909756	6.77992983713609	0.684139329433787	0.493925809098847	0.788304428459348	-5.69479455381711
ENSMUSG00000063457	-0.0151656770723587	7.03364327335718	-0.724957941873516	0.468519154860754	0.771926443261891	-5.69542316914031
ENSMUSG00000019689	-0.0257949529580657	6.80018287319292	-0.675064252755035	0.499672965340456	0.791513735726825	-5.69550454178128
ENSMUSG00000028673	0.0322944934030032	7.28071245899405	1.03495684001063	0.30075003474564	0.653120156257936	-5.6955047740172
ENSMUSG00000004951	-0.0282122869745178	6.24386357787396	-0.879532123477716	0.379164308713482	0.714714713158638	-5.69561421545922
ENSMUSG00000003970	0.0101681000848304	6.83570484282348	0.67060642603052	0.502509015513746	0.793386302014259	-5.69566784473147
ENSMUSG00000049643	-0.0225181565300483	6.9316664594619	-0.677288574959987	0.498261046521002	0.790662835759802	-5.69578562804061
ENSMUSG00000022528	-0.0287424730057655	6.99674613481885	-0.776103171042376	0.437732785202075	0.75478761306939	-5.69581594249996
ENSMUSG00000035725	0.0285613365907329	7.43651440926413	1.36659501388643	0.171827127837354	0.513134845642916	-5.69622045860396
ENSMUSG00000046207	-0.0274885283129072	7.2245499119243	-0.977924702544876	0.328169195659066	0.674451695891876	-5.69629290317392
ENSMUSG00000027215	-0.0390275553851769	7.03601637277388	-0.734521557323514	0.462672883047124	0.768147877902654	-5.69636388511557
ENSMUSG00000032485	0.013755975717328	7.14655894009376	0.859203854336699	0.390278229123821	0.722496416979055	-5.69638766985898
ENSMUSG00000044716	0.0350850169604033	7.20213609093088	0.971193264138109	0.33150927028457	0.678134456925018	-5.69659662702877
ENSMUSG00000071711	-0.0217163749960587	7.03055501899787	-0.70966036980836	0.477955081430242	0.778623217253948	-5.69665263769961
ENSMUSG00000096433	0.0285073696382874	7.3457944061301	1.09946244012517	0.271630885455723	0.626108729175228	-5.69668434473964
ENSMUSG00000034793	0.0166508933173759	7.27827471030775	1.03889514048651	0.298914696559157	0.651918746681365	-5.69675173949259
ENSMUSG00000009828	-0.026388291530993	7.36966680879886	-1.28573199123217	0.19860913840901	0.544915896659015	-5.6967723877268
ENSMUSG00000083798	0.0389693950118541	7.01765384815197	0.703286713406521	0.48191697526114	0.780801189391438	-5.69706034215033
ENSMUSG00000064289	0.0263398242644932	6.78756248392118	0.679487987346651	0.496867029703447	0.790211384384904	-5.69712278233732
ENSMUSG00000052727	0.0177832417282238	7.33515027515051	1.14245708097373	0.253330708477791	0.605696580762168	-5.69713270043567
ENSMUSG00000042770	-0.0131096802249013	6.84919144898814	-0.671940790819762	0.50165920644493	0.792992365743309	-5.69729984808167
ENSMUSG00000025468	0.0148234463510653	6.93562286248437	0.662109278810767	0.507938358270385	0.796871060717315	-5.69730442446898
ENSMUSG00000022185	-0.0185633154237399	6.96337115782905	-0.7344665886811	0.462706368860632	0.768147877902654	-5.6973110952813
ENSMUSG00000001482	0.0206649980749756	7.04449126058293	0.724281739660088	0.468934062432698	0.77223466761357	-5.69762425938265
ENSMUSG00000030157	-0.0151383634632651	6.91724736433516	-0.662499297850513	0.507688478945066	0.796841098281448	-5.697891572841
ENSMUSG00000024833	-0.0315010427085989	7.31431917116486	-1.20887223201489	0.226781563216139	0.576944364946773	-5.69798073610488
ENSMUSG00000047215	0.0233443891945582	7.01162173169595	0.698251895694304	0.485059229935139	0.782051415637579	-5.69800898494707
ENSMUSG00000043251	0.0254428700150839	7.3591976928627	1.28969922422416	0.197227766996915	0.544605715874577	-5.69803068849405
ENSMUSG00000020173	-0.0293637922378061	6.46449010228599	-0.77891373869789	0.436075430107144	0.754058551441967	-5.69809109538888
ENSMUSG00000042216	0.0166006785091568	6.9232580955056	0.662314369745017	0.507806951549463	0.796841098281448	-5.69830212806033
ENSMUSG00000032492	-0.0426069200161212	7.34340835449956	-1.26606224278314	0.205562645124249	0.552103475157402	-5.6983345760103
ENSMUSG00000037151	0.032013693587289	7.09345176026727	0.790986530860804	0.428997549810933	0.749046848723327	-5.69835822984914
ENSMUSG00000070077	0.0328258734185178	7.49122460326942	1.5711444813733	0.116226164842261	0.44041205783437	-5.69838430407118
ENSMUSG00000036639	-0.0303934222312847	6.73893749090191	-0.694255017844828	0.487561583581769	0.784054080204202	-5.69850175665782
ENSMUSG00000012405	0.0121334279637413	7.00329744868827	0.678123221304973	0.497731791664185	0.790272208487492	-5.69852370078535
ENSMUSG00000006676	0.0197316405292813	6.89721455205412	0.67120840654918	0.502125541463778	0.793174658180811	-5.69855839781382
ENSMUSG00000020409	0.0264721490933626	6.93924246753805	0.659171328233042	0.509822731821949	0.79798146559287	-5.69894811652165
ENSMUSG00000048482	0.0295178229070947	7.16795326456203	0.864555441718063	0.387333356616303	0.720761137661795	-5.6991388472142
ENSMUSG00000034088	0.00949321963221461	7.21635451544498	0.926402805788642	0.35429114890865	0.696882194582734	-5.69916490674118
ENSMUSG00000018398	-0.0562842925654881	6.62518391376817	-0.735686078638347	0.461963797439101	0.767962752030265	-5.69916647927813
ENSMUSG00000060257	0.0300020800960539	6.43230489969232	0.779612380389301	0.435664012497458	0.754058551441967	-5.69939537831623
ENSMUSG00000013846	-0.0201156864846954	6.86841275072797	-0.660385689027368	0.509043408887673	0.797611166327211	-5.69946059173549
ENSMUSG00000021532	0.0388216117763305	6.97768303977484	0.663100071336079	0.507303698754789	0.796620749098613	-5.69949198805988
ENSMUSG00000020124	-0.0228326299009991	7.0247936872476	-0.706595082768831	0.479858250755704	0.77909950002159	-5.69959487039819
ENSMUSG00000059461	-0.0209353158687042	6.8642462577146	-0.65918714471478	0.509812577491819	0.79798146559287	-5.69959825700392
ENSMUSG00000104279	-0.0176844937985861	6.86726708908724	-0.658792132173776	0.510066210956518	0.798093212711883	-5.69978503561931
ENSMUSG00000064326	0.0273745802952732	6.61830491401351	0.730183852840623	0.465319479923469	0.770305434530207	-5.69983563656667
ENSMUSG00000035653	0.0265642348567798	6.97323471997183	0.668110020581638	0.504100929272988	0.793899810246463	-5.70003512698373
ENSMUSG00000025374	-0.0218898762759627	6.98903097857152	-0.66900902774878	0.503527341749342	0.793879596837665	-5.70013093425009
ENSMUSG00000039697	0.036206239829097	6.88971025001637	0.658372831102429	0.510335512069766	0.798373414214113	-5.70022222585081
ENSMUSG00000037287	-0.0252869850245538	7.32053167983383	-1.10991035399717	0.26710267365319	0.621662206885313	-5.700222917066
ENSMUSG00000029359	0.0224549169226398	6.56871116359237	0.755776277226338	0.449826708679161	0.762534448146045	-5.70027539796155
ENSMUSG00000021559	0.0205094157410048	6.68175152108067	0.707000058801689	0.479606573238213	0.77909950002159	-5.7003410824739
ENSMUSG00000020515	0.0227466722704763	6.41306260536594	0.82045580272464	0.412003955870188	0.740449315176036	-5.70034607457791
ENSMUSG00000005204	0.0233395814275843	6.94001859769741	0.663815106557192	0.506845936601695	0.796425779082628	-5.7004157749999
ENSMUSG00000019797	-0.0347702577110072	6.37591699190786	-0.86098885834798	0.389294467117664	0.722121208240314	-5.70045306323824
ENSMUSG00000010609	0.0330051386553327	7.0495375737699	0.70732842030053	0.479402561697951	0.77909950002159	-5.70091390763733
ENSMUSG00000063439	0.0228367168096932	6.70879545117048	0.721258521415668	0.470791548747465	0.773321034397641	-5.70092084462149
ENSMUSG00000050312	0.0343986576048012	7.21379839253531	0.826008105883126	0.408847498997001	0.738134805195241	-5.70104928464911
ENSMUSG00000037815	-0.0464922485029016	6.92893962350704	-0.67039703992248	0.502642435101888	0.793386302014259	-5.70106955066542
ENSMUSG00000056305	0.0363356028780535	6.8647086328489	0.67915538100433	0.497077706494275	0.790211384384904	-5.7011546786862
ENSMUSG00000038121	0.016535308470182	7.14567002000341	0.813805720044569	0.415803461283441	0.74247499273223	-5.70120090238199
ENSMUSG00000004221	0.0298625300141735	7.54206302202581	1.59553451132154	0.110669739985465	0.431203239605855	-5.70149204622165
ENSMUSG00000021259	0.0229933365481978	6.55718218433444	0.750826431601805	0.452800158158191	0.76404039132654	-5.70185055354184
ENSMUSG00000048899	-0.0211540911768271	7.09992277486773	-0.79258906855201	0.4280630840112	0.748466472117769	-5.70191795058607
ENSMUSG00000041797	0.027846434251467	6.89837706679695	0.673369711757617	0.500750022566873	0.792302195415037	-5.7019931817257
ENSMUSG00000061244	0.0347150274756443	7.4245430480039	1.27484205317449	0.202437307690037	0.548819239684366	-5.70202912982204
ENSMUSG00000020460	0.0164866171646274	6.87995834714731	0.653907758604663	0.513207864993989	0.800506525732537	-5.70204759401232
ENSMUSG00000019951	0.0291191930871717	7.2544967023628	0.990314018545944	0.322079027235637	0.669185902497585	-5.70229777684148
ENSMUSG00000040229	0.0183217136802938	7.45329598955263	1.44840089468457	0.147581342478083	0.487582966516288	-5.70264478170488
ENSMUSG00000035356	0.0303627084218565	6.94077035507151	0.653634390938486	0.513383993900413	0.800605036726685	-5.70272021821592
ENSMUSG00000038510	0.0237562781703904	6.88041859338354	0.657309423540054	0.511018831645317	0.798846226155565	-5.70280580575568
ENSMUSG00000095845	-0.0434222028528746	7.37671829179131	-1.38598282485389	0.165827433626873	0.50876032763657	-5.70288923135896
ENSMUSG00000020475	0.0429972985027236	7.06646696787026	0.678613228849369	0.497421214108405	0.790272208487492	-5.70302352951062
ENSMUSG00000046822	0.0151854292584233	6.7672468151539	0.660188620009269	0.509169836595517	0.797611166327211	-5.70322734610781
ENSMUSG00000061461	0.0400905956138375	7.16894674616118	0.777414059231854	0.436959320823265	0.754571127094481	-5.70353703135805
ENSMUSG00000035960	-0.0490167315687176	6.80825138727644	-0.695929585559061	0.486512327470221	0.783388852237679	-5.70355142768413
ENSMUSG00000030835	0.0197214610332583	7.16773641552359	0.854167119556252	0.393062243411299	0.725151435048359	-5.70400139662051
ENSMUSG00000017057	0.0273928887847896	7.37214948438658	1.12387772844099	0.26113062126498	0.614654333873369	-5.7040661065853
ENSMUSG00000023046	0.0403956075024494	6.92283744697206	0.655016722475058	0.512493690220721	0.799860648326526	-5.70451967554128
ENSMUSG00000073411	0.0438395884059997	6.91328579251213	0.660339594924211	0.509072978636147	0.797611166327211	-5.70457137009071
ENSMUSG00000041453	-0.00862851631870143	7.08040326549459	-0.72779738095207	0.466779138448767	0.77073638612641	-5.70483655559497
ENSMUSG00000079481	0.0217336755656943	7.23698955775791	0.98804204264341	0.323190293534319	0.669539334761617	-5.70489916646718
ENSMUSG00000005803	-0.0239532819472563	7.12740167564455	-0.846360134099834	0.397401207379444	0.72820186101507	-5.70492298750536
ENSMUSG00000020387	0.027753955536415	7.07485497740665	0.799784710071514	0.423881822770781	0.746685340137364	-5.7049959609628
ENSMUSG00000050213	0.024884095803003	6.87911237697884	0.65591162389967	0.511917750175761	0.79923777716294	-5.70507831750899
ENSMUSG00000027459	0.0239173420144132	6.91787643040748	0.650589093672359	0.515348184784957	0.801369078534979	-5.70515187282962
ENSMUSG00000004383	0.033893368705975	6.94889240107385	0.655506266411994	0.51217858800794	0.799552941417577	-5.7052581980604
ENSMUSG00000016559	0.0149433459018162	7.05428672118326	0.678901103303667	0.497238801104204	0.790211384384904	-5.70536044381682
ENSMUSG00000056770	-0.0192614020972801	6.62970726673287	-0.72942229623694	0.465785001465667	0.770511597104869	-5.70563945911094
ENSMUSG00000006731	-0.0272477385033785	6.57907679514484	-0.704587302484746	0.48110707490055	0.780404481108543	-5.70566889111744
ENSMUSG00000031357	0.0246132479784773	7.09649299788613	0.720545192948335	0.471230414312379	0.77338602557163	-5.70570164369956
ENSMUSG00000000194	0.0132732915150742	7.18348503930339	0.90187957576832	0.367173756536758	0.707257552611605	-5.70604524170355
ENSMUSG00000092536	-0.0352023939715114	7.3405457994104	-1.13556852393241	0.256203486087374	0.609570719297916	-5.70606480920467
ENSMUSG00000030881	-0.0385295347204737	7.18235570592301	-0.881678807444141	0.378002147729985	0.71408013361058	-5.7061226003271
ENSMUSG00000025939	0.0124161031316072	7.08689258002264	0.738869480580029	0.46002850103885	0.767555671952556	-5.70663502433911
ENSMUSG00000045410	0.0332352485945675	6.82338317515372	0.656371596736519	0.511621852673246	0.799084563737295	-5.70694941872526
ENSMUSG00000001323	0.0165146340028901	7.44513786426094	1.36670846978991	0.171791551581669	0.513134845642916	-5.70724337803628
ENSMUSG00000030079	0.0193745277059403	6.74860839225245	0.67404720656528	0.500319256428556	0.791982309242074	-5.70740437232026
ENSMUSG00000031691	-0.0169263135008553	7.11618706375935	-0.813224218500155	0.416136681682357	0.742561349072044	-5.70749053301171
ENSMUSG00000028957	0.0445289552480252	7.18893437097455	0.941217743332249	0.346648671440574	0.690327856586099	-5.70752977578184
ENSMUSG00000027253	-0.0396438159883186	7.19850005823184	-0.997454408942039	0.318602786832731	0.665969106170933	-5.70769504226918
ENSMUSG00000045106	-0.022962373844222	7.49212754441031	-1.55288580609557	0.120527509667935	0.446356726598708	-5.70788497455193
ENSMUSG00000018239	0.032120919172872	6.7355207200594	0.701374556194785	0.483109055973786	0.78124911508738	-5.70832036288162
ENSMUSG00000048429	0.0378722318340845	6.55952740851202	0.783390868431717	0.433442812951299	0.753022553869808	-5.70845192795163
ENSMUSG00000035934	-0.0197544855977432	6.93258487002528	-0.64803142998919	0.517000866695713	0.802736801495703	-5.7086773271903
ENSMUSG00000047502	0.0396662981291387	7.25792677846597	1.0506959020487	0.293460130222554	0.64717023638972	-5.70876786104604
ENSMUSG00000041617	-0.0385806061795639	7.28991401995444	-1.08543228719367	0.277793979226153	0.630770519234329	-5.70878882398923
ENSMUSG00000100556	0.0304215083050323	7.26487201204825	0.897356499491834	0.369581343399731	0.709039741589578	-5.70883043964817
ENSMUSG00000026917	-0.0310045866122541	6.98097742081949	-0.651125589560597	0.515001866473819	0.801369078534979	-5.708835567284
ENSMUSG00000055150	0.0423227226151752	6.83350523303066	0.646146961094828	0.518220305977351	0.803893696617955	-5.70883989608865
ENSMUSG00000001962	-0.0192687233868067	7.17144772553776	-0.886406448079189	0.37545047240577	0.712745069856406	-5.70902705034712
ENSMUSG00000063253	0.014916415617261	7.17755648788304	0.832446879386876	0.405205177680867	0.73521702348191	-5.70919259393273
ENSMUSG00000085655	-0.0443819470085041	7.27692726469275	-0.922006105800457	0.356579577417893	0.698931026547896	-5.70934666847824
ENSMUSG00000036180	0.0331187232449643	7.09119448281208	0.80680261734338	0.419826953336613	0.745377506137678	-5.70953513711094
ENSMUSG00000039652	0.0393514296718696	7.1126914668126	0.738480689347994	0.460264616633547	0.767555671952556	-5.70965026137655
ENSMUSG00000028932	0.0293167570503083	6.64488977586039	0.736324650310966	0.461575224227429	0.767772923634268	-5.70978434988094
ENSMUSG00000020246	0.030513367164156	7.22848580774537	0.989784986871694	0.322337563549988	0.669285387855579	-5.70992771422915
ENSMUSG00000087368	-0.0230326519142432	6.91012798972217	-0.66040971926644	0.50902799364751	0.797611166327211	-5.71006562550892
ENSMUSG00000019927	-0.0141466621173665	6.9083300797301	-0.641086800720902	0.52150207937445	0.806126025210479	-5.7105004223718
ENSMUSG00000032258	0.02396884244025	7.45105876525175	1.39258470329464	0.163820835660986	0.506673480761681	-5.71059372397369
ENSMUSG00000085828	0.025482903661624	7.48217657894528	1.51798689312564	0.129094711817872	0.459522931514222	-5.71065578470989
ENSMUSG00000019578	0.0209018151208777	6.91773423826778	0.642493941623848	0.520588403748237	0.806094444701308	-5.71078112820346
ENSMUSG00000024780	-0.0402632269245062	6.79605002033324	-0.640928044764479	0.521605213556359	0.806192827792648	-5.71098167617032
ENSMUSG00000023932	0.0326097259492064	6.70369285347248	0.699785664333534	0.484100823214492	0.781742378452599	-5.71106550975074
ENSMUSG00000055675	0.0329296997072541	6.89777586966019	0.668390868612037	0.503921704654295	0.793899810246463	-5.71107237280299
ENSMUSG00000029771	-0.0253196991226217	6.97305412830727	-0.663850927700639	0.506823009789222	0.796425779082628	-5.71109528411591
ENSMUSG00000041445	-0.0455109403192555	6.95669317014861	-0.654489995987736	0.512832838409399	0.80020573404933	-5.71119375473018
ENSMUSG00000047832	-0.0325720720316145	7.17591001127768	-0.903620192788224	0.366249855310478	0.707069715788523	-5.71120526206514
ENSMUSG00000031953	0.0315239171885882	7.10743468751792	0.700243261565927	0.483815083317703	0.78165837008718	-5.71133581589598
ENSMUSG00000032816	-0.0294786766488802	7.32720774585306	-1.17358492892714	0.240629409896229	0.591984826668043	-5.71137185998944
ENSMUSG00000067575	-0.0400121822998205	6.96282281299687	-0.642216258984273	0.520768641476527	0.806094444701308	-5.71157165608833
ENSMUSG00000059436	-0.0323260464404083	6.49906895480417	-0.780760217524538	0.434988558188178	0.753877466524487	-5.71175900912678
ENSMUSG00000025290	-0.0138245137425725	6.98249476630673	-0.652903876720129	0.513854813618377	0.800888375450423	-5.71186287334034
ENSMUSG00000021708	0.0189340674622356	6.86255319312831	0.639111251297722	0.522786221813371	0.807006216024785	-5.71192412691331
ENSMUSG00000038762	0.027908620440777	6.45703826724158	0.765674453694983	0.44391405386171	0.758199388039439	-5.71192415761283
ENSMUSG00000005354	0.0122367068454778	6.56276239310854	0.738982009922513	0.459960173849389	0.767555671952556	-5.71192801888759
ENSMUSG00000020847	-0.0233380664263674	7.24286633956374	-0.964131330225433	0.335036880816123	0.680310023978583	-5.71208983046569
ENSMUSG00000027455	0.0212193944529764	6.87937118177561	0.641698474531043	0.52110480990046	0.80609624563916	-5.71234289916931
ENSMUSG00000032182	-0.0286665526838572	7.25949953295544	-1.00444070098168	0.315225445558002	0.663534636062007	-5.71243322402263
ENSMUSG00000037742	0.0197197820953487	7.33031940144946	1.11737318548425	0.263900189461551	0.617848172806028	-5.71252161571592
ENSMUSG00000021974	0.0306572216246987	6.69484692527976	0.672606806843297	0.501235329654735	0.792470202681629	-5.7125266074347
ENSMUSG00000020709	-0.0306402012541174	7.02865103995619	-0.716353689263892	0.473813734561353	0.775355598728394	-5.71263701887647
ENSMUSG00000053730	0.0283208626625724	7.20929539427622	0.805040215568608	0.420843099436914	0.745952509107815	-5.71270520708502
ENSMUSG00000004267	0.032131661599526	6.67533666470479	0.703675096504326	0.481675044420184	0.780699372653779	-5.71292407598784
ENSMUSG00000038888	0.0248697958046415	7.02563143230542	0.66448175143799	0.50641934941062	0.79606185963005	-5.71296175787681
ENSMUSG00000031673	-0.0370173181517996	6.93496233778015	-0.679121067111916	0.497099444028535	0.790211384384904	-5.71296222139517
ENSMUSG00000074652	0.0374032875567698	7.35031797798654	1.07591329425965	0.282029267581505	0.635356711267133	-5.713015936611
ENSMUSG00000025781	0.0184041919750655	6.82709298318862	0.653541794672215	0.513443660175107	0.800605997085004	-5.71350760085429
ENSMUSG00000030741	0.0264474926485745	7.02589766478329	0.708688277895075	0.478558184506338	0.778989641150335	-5.71354961716112
ENSMUSG00000021681	-0.0306865202758937	6.39406153033793	-0.817265369552562	0.413824223761414	0.741656156742532	-5.71364880207629
ENSMUSG00000032846	-0.0320130679956101	6.85339082033682	-0.635575401495514	0.525088636453151	0.80844330377377	-5.71367166093291
ENSMUSG00000000202	0.0314924413098376	7.01664263792259	0.669286078735423	0.503350646278618	0.793815059002617	-5.71372919210098
ENSMUSG00000096883	0.0148199864633867	6.94711171891745	0.635960346550216	0.524837722849472	0.80833236923698	-5.71382069763448
ENSMUSG00000025314	0.0243667581976164	7.06442103365488	0.754576679285255	0.45054630762464	0.763061844802467	-5.71437868046952
ENSMUSG00000035184	-0.0315554390949266	6.8896183461526	-0.633664824542968	0.526334890635108	0.809520462820043	-5.71472919580054
ENSMUSG00000028821	-0.0131625552304362	6.8961996532663	-0.632964726819616	0.526791936982652	0.809600902966037	-5.71475272275729
ENSMUSG00000074649	0.0225305963884406	7.21349494869925	0.853881486336674	0.393220484711992	0.725178925214426	-5.71479552797752
ENSMUSG00000034801	0.0246499049355577	6.91512273988315	0.633473365459547	0.526459861157184	0.809543245726336	-5.71496850441549
ENSMUSG00000003546	0.0333022197831374	6.85005550415107	0.636633186858117	0.524399301851753	0.808085790288171	-5.71497956066856
ENSMUSG00000017837	0.0242070369954481	7.15202063137605	0.800543276138958	0.423442430132407	0.746353997809379	-5.71509496718887
ENSMUSG00000015143	0.0166688933586041	6.74031713031748	0.650980638330882	0.515095423327951	0.801369078534979	-5.71518056967819
ENSMUSG00000071454	0.0248776843693292	6.76129447829969	0.657680373151865	0.510780414242196	0.798657693033755	-5.71522396892868
ENSMUSG00000039660	0.0234764120244675	7.10921931253722	0.814112601853191	0.415627671001352	0.74247499273223	-5.71535290832725
ENSMUSG00000032553	0.0196923323298304	6.78738687118193	0.652919911667567	0.513844476610312	0.800888375450423	-5.7155212229673
ENSMUSG00000045107	0.0236779901201727	6.64840669740633	0.693819700340335	0.487834546220649	0.78430698181662	-5.71567674551794
ENSMUSG00000051184	-0.032545986955447	6.79985539404512	-0.663428870312129	0.507093176238333	0.796494938911052	-5.71611568578553
ENSMUSG00000050002	0.0249042137568303	6.88191636266103	0.63113517339695	0.527987284624291	0.809927311145687	-5.71627292557412
ENSMUSG00000059810	-0.0305349252809419	7.11147640268346	-0.779005016445663	0.43602166555137	0.754058551441967	-5.71631819829984
ENSMUSG00000087437	0.0398034106942315	7.28197082702948	0.969008855855508	0.332597861060828	0.678975893735287	-5.71646567755453
ENSMUSG00000016319	0.0196573845479247	6.637666897651	0.704522311138975	0.481147528582712	0.780404481108543	-5.71649284167228
ENSMUSG00000097039	0.0418119302891622	7.20089395040039	0.813245524322096	0.416124469930979	0.742561349072044	-5.71658730654419
ENSMUSG00000026280	-0.0140445964924494	7.24124686104819	-0.989757692438733	0.322350905937228	0.669285387855579	-5.71671577673176
ENSMUSG00000071637	-0.0254636477701604	6.73877248435376	-0.644257857618529	0.519444235737412	0.805239532143589	-5.71676708693397
ENSMUSG00000026353	-0.0395258124567075	6.81187501875331	-0.658329944028695	0.510363060996734	0.798373414214113	-5.71685618441886
ENSMUSG00000068617	0.0274046090950471	7.22160774490197	0.893093145699829	0.371859647794298	0.710458823843074	-5.71686432462271
ENSMUSG00000022125	-0.0210171201292555	6.67970389634972	-0.690417781460349	0.489970532706035	0.785691363977341	-5.71694915893466
ENSMUSG00000022982	0.012987023499571	6.75911437008289	0.668167522696055	0.504064231263474	0.793899810246463	-5.71702879048714
ENSMUSG00000021591	0.0270082389996134	6.95758424575043	0.641510579392033	0.521226827314657	0.80609624563916	-5.71708053308811
ENSMUSG00000064853	-0.0285178302601521	7.05485487003003	-0.709679480534864	0.477943228964554	0.778623217253948	-5.71720261945263
ENSMUSG00000052456	-0.0298851430230798	7.06979739758038	-0.721369863435048	0.470723067462576	0.773302235388053	-5.71746493150711
ENSMUSG00000038187	0.0340396058630672	6.98249278321443	0.647567436125928	0.517300978961285	0.803018854219956	-5.71779872515884
ENSMUSG00000026853	0.0226852261559758	7.00479987439422	0.694445290463534	0.487442300442779	0.784048251204555	-5.71821589225599
ENSMUSG00000044933	0.0329799622980476	7.2594742314323	1.00560881370351	0.314663056357885	0.663174524809608	-5.71824700445199
ENSMUSG00000043259	-0.0329710970078576	7.0596944908397	-0.756547303462637	0.449364539933181	0.762119526078326	-5.71830685635787
ENSMUSG00000020454	0.0302420787992057	7.0274362975372	0.650744183108681	0.515248059173356	0.801369078534979	-5.71835122506213
ENSMUSG00000048385	0.0220265371107242	6.47367428491209	0.741312319541816	0.458546500649887	0.767144737532413	-5.71846436496751
ENSMUSG00000032547	-0.0300845433486412	6.78681807857215	-0.648079530489911	0.516969760346113	0.802736801495703	-5.71847810659749
ENSMUSG00000028541	-0.0332534210114934	7.03245793812637	-0.714475777073769	0.474973656591622	0.776708821139695	-5.71862340158841
ENSMUSG00000027016	0.0312460825333618	6.48557759241726	0.791306256512759	0.428811017896626	0.748817591530455	-5.7192427001934
ENSMUSG00000028159	0.0370725185904197	7.11457431716903	0.789270156170863	0.42999971046363	0.749758714139368	-5.71939715457609
ENSMUSG00000032353	0.0249833538579178	6.7445646165948	0.661362181418612	0.508417192536638	0.797188201337062	-5.71955691391581
ENSMUSG00000024220	-0.0194327438477897	7.23827611873492	-1.09613543242414	0.273083814517948	0.626809570238688	-5.71973805935201
ENSMUSG00000044562	-0.0338012178598932	6.74725736709757	-0.641314091353335	0.521354440615708	0.80609624563916	-5.71984673840344
ENSMUSG00000043298	-0.023919893887026	6.91841606078795	-0.628334364588202	0.529819881680829	0.810865405942559	-5.72020808268925
ENSMUSG00000034892	-0.00908991390683944	7.08172904877182	-0.740699373044712	0.458918105863871	0.767144737532413	-5.7202655741379
ENSMUSG00000008373	0.038837995238258	7.23034074313862	0.829654786915435	0.406782235754176	0.73639514357031	-5.72037409944066
ENSMUSG00000024847	0.0266757138479008	6.87870052253207	0.622423908118412	0.533697736306581	0.812757954096973	-5.72077854706446
ENSMUSG00000006611	-0.024232502901846	7.03964743916038	-0.725120492434699	0.468419446582044	0.771871824345573	-5.72088031305545
ENSMUSG00000022200	0.0181855939510376	6.9589818123128	0.627086876931765	0.530637164978126	0.811222054006539	-5.72089427011145
ENSMUSG00000063531	0.0379442883352885	7.06112969439885	0.725951514212579	0.467909882690946	0.771766689723096	-5.72094066300028
ENSMUSG00000020150	0.0268125860724568	6.90832909053548	0.622046792516576	0.533945648114894	0.812757954096973	-5.72100322492525
ENSMUSG00000024442	-0.024453343641448	7.27730727703165	-1.01586318541125	0.309754413685902	0.659268130299719	-5.72107784912854
ENSMUSG00000032006	-0.0289779310124416	7.30641984445005	-1.21421126174685	0.224736910482627	0.575079814158913	-5.7211489289116
ENSMUSG00000039901	0.0267215172664272	7.14967457694352	0.745214927161418	0.456184466202863	0.765282668852121	-5.72117927107276
ENSMUSG00000016427	-0.0165168268319729	6.65002503909452	-0.698293977866376	0.485032920319892	0.782051415637579	-5.72118298216564
ENSMUSG00000060639	0.0300706927214902	6.84261195465777	0.632348137645698	0.527194634062215	0.809836762879182	-5.72137287151931
ENSMUSG00000058881	-0.0251922717118518	7.00400987674586	-0.689891123459453	0.490301658497481	0.785953109444841	-5.72160599123575
ENSMUSG00000000056	0.0411965189521961	6.38779700913547	0.765006409017432	0.444311706697395	0.758231808570124	-5.72179580760276
ENSMUSG00000033060	0.0234490523125723	6.93234899630326	0.627819474778186	0.530157130762947	0.811088961733699	-5.72181161223145
ENSMUSG00000044349	0.0225917454578726	7.48356899897343	1.49901953693366	0.133945462385631	0.46684642134303	-5.72195648029039
ENSMUSG00000030685	-0.0349011863072386	6.98474668331803	-0.636729506728543	0.524336555436808	0.808085790288171	-5.72199735682237
ENSMUSG00000104011	0.0273009626819984	7.46487434937921	1.42085962380868	0.155433529597705	0.49683246989708	-5.72204452125787
ENSMUSG00000036915	0.0584256909319611	7.20631229371126	1.02243681099168	0.306634456854131	0.657392467746411	-5.72205797157662
ENSMUSG00000003929	0.0381259551802406	7.39900796956274	1.18689212407859	0.235338858163879	0.58602916867061	-5.72207430241771
ENSMUSG00000038530	0.0264498336825669	6.84480781148015	0.623209931677458	0.533181199807836	0.812757954096973	-5.72218879807733
ENSMUSG00000047261	0.0208339295187603	7.15997103267021	0.702854663419027	0.482186184659576	0.780801189391438	-5.72219777867689
ENSMUSG00000075028	-0.0113424341291068	7.35673260330386	-1.20141269103837	0.229660468345821	0.580487813167906	-5.72261610252251
ENSMUSG00000020231	-0.0199176225464663	7.39397801747878	-1.33221865499887	0.182862303832911	0.525635851792525	-5.72266818992996
ENSMUSG00000004771	0.0256450180605521	7.31121558992214	1.02087853774128	0.307372150305267	0.657765278362127	-5.72270691063605
ENSMUSG00000062797	0.0155131548274667	6.69556528980449	0.664559687858312	0.50636949009711	0.79606185963005	-5.72276910877718
ENSMUSG00000062190	-0.0383695446238947	6.95749825376705	-0.626671348087195	0.530909538019141	0.811233124812749	-5.72280722083427
ENSMUSG00000038319	0.0104096143119694	7.09517171725883	0.712476265584082	0.476210398365142	0.777512112359657	-5.72298500115584
ENSMUSG00000001467	-0.0234396455609795	7.08599216093061	-0.691834563813211	0.489080356566215	0.785322438078583	-5.72299658229081
ENSMUSG00000026516	-0.0195973640875584	7.49425196804674	-1.58514478901034	0.113010470450006	0.434636873429957	-5.72310896441468
ENSMUSG00000022587	-0.0337600042286414	7.1851412063674	-0.893748802321636	0.371508704024093	0.710152393736172	-5.72357711718788
ENSMUSG00000085028	0.0426012116238796	7.11135172817196	0.788761423468315	0.430297011523211	0.749758714139368	-5.7235874719421
ENSMUSG00000031996	0.0292782879218381	6.86562882815281	0.625782123484937	0.531492649980088	0.811312995282093	-5.72360259503302
ENSMUSG00000029038	0.030583323933322	6.75661135138685	0.68314180134134	0.494555797997587	0.788938405606693	-5.72389348888389
ENSMUSG00000021904	-0.0402649200267504	7.1960474658535	-1.11317192722815	0.265699778401316	0.619707138407886	-5.72409568437868
ENSMUSG00000035969	0.0137756591532252	7.10076871166553	0.772608716383675	0.439798466642067	0.756315019118866	-5.72431732250885
ENSMUSG00000079235	0.0383520206566024	7.16040323516572	0.871090422192962	0.38375572451946	0.717649670763426	-5.72479435552948
ENSMUSG00000035181	-0.0307935214177899	7.39709505258657	-1.28744844796839	0.198010610424491	0.544915896659015	-5.72494819111959
ENSMUSG00000036368	-0.0390060021424103	7.00981421295746	-0.642291524288482	0.520719785237231	0.806094444701308	-5.72506934087326
ENSMUSG00000060029	0.0276627230897519	6.75145664483311	0.642846993680972	0.520359291815383	0.806094444701308	-5.72555428472238
ENSMUSG00000029722	-0.0206982116852785	6.6153284051849	-0.704152130729014	0.48137798167213	0.780404481108543	-5.7259025681339
ENSMUSG00000041781	0.0432018445337343	6.92624145566985	0.622577249517182	0.533596947933411	0.812757954096973	-5.72611951445677
ENSMUSG00000025050	0.0309294671714628	7.00632533067024	0.688941666925586	0.490898914513085	0.785953109444841	-5.72616078243047
ENSMUSG00000039599	-0.0321772788054142	7.20946408092573	-0.861677022223207	0.388915605626609	0.721921930597696	-5.72638016992774
ENSMUSG00000045318	0.0221342143576315	6.5317637664727	0.731380187879115	0.464588711302978	0.769847683677068	-5.72652687149386
ENSMUSG00000032293	0.024930046075907	7.530975062853	1.52833385332773	0.126506718432271	0.455437623076137	-5.72657306862559
ENSMUSG00000025956	-0.0295726734104331	7.02846822089727	-0.650581907973365	0.515352824111216	0.801369078534979	-5.72665842915429
ENSMUSG00000019823	-0.0147230592212768	7.39423382940297	-1.26398621438644	0.206306746783759	0.552900060333954	-5.72677044385331
ENSMUSG00000022841	0.0341628876622728	6.79562386732125	0.63979432296452	0.522342029343255	0.806543762670343	-5.72682344111041
ENSMUSG00000068742	0.0350478120749491	6.81703350427916	0.613567450009705	0.539535195785997	0.816258680506272	-5.72700970032717
ENSMUSG00000043410	0.0177907507707298	7.45608509571868	1.426565437754	0.153781244225543	0.495712341704688	-5.72701690975941
ENSMUSG00000026077	0.0350508145851762	7.24127706155703	1.08885949742986	0.276279771361484	0.629902389856276	-5.72710662572409
ENSMUSG00000009293	0.0277098240906737	6.36943732755791	0.789978501397377	0.429585955567261	0.74974072636305	-5.72713115859063
ENSMUSG00000022095	0.0271009160779219	6.5299134182611	0.697064688135302	0.485801786129394	0.782523537643141	-5.7271842850881
ENSMUSG00000030683	-0.0207835330378634	6.96432825057619	-0.640412000623286	0.521940528852078	0.806427360744344	-5.72729450201313
ENSMUSG00000058503	0.0324225634056008	6.89667291957926	0.61428925955125	0.539058242872551	0.816258680506272	-5.7273785582601
ENSMUSG00000022629	0.0286988238684494	6.94913753035034	0.611026473305897	0.541215887128656	0.816935191004968	-5.72752994027237
ENSMUSG00000025439	0.0240575044022115	6.40833402334931	0.804600879116128	0.421096631898215	0.746109270161526	-5.72769044532742
ENSMUSG00000020027	0.0307745075105625	6.90809262421676	0.616843853137276	0.537371933702672	0.815284585908938	-5.72770614041621
ENSMUSG00000087819	0.0447901303155147	7.31467850703571	0.950879144173986	0.341721712585257	0.686379700626802	-5.72788697709039
ENSMUSG00000068923	0.0226210549725518	6.90031497685593	0.622069320697004	0.53393083669339	0.812757954096973	-5.72794947265027
ENSMUSG00000045053	-0.0210376606746143	7.34476198514447	-1.20171840453509	0.229541973752777	0.580487813167906	-5.72801635367324
ENSMUSG00000006024	0.0197384883802467	6.68008798955031	0.676063569736351	0.499038372533014	0.79110720346471	-5.72809835383288
ENSMUSG00000028293	0.0115025571911609	6.85199289725624	0.616786861678139	0.537409525318497	0.815284585908938	-5.72822368147645
ENSMUSG00000038777	0.0239844977188106	7.22411694290401	0.914302116425417	0.360611820300418	0.703276044251017	-5.72840661321512
ENSMUSG00000002844	0.0199799835756753	6.82943070067995	0.616233531900824	0.537774570814771	0.815468122236527	-5.72860948376325
ENSMUSG00000048732	0.0225537851951163	7.45281955800806	1.36961775780238	0.170881171723556	0.513027513569504	-5.72868337371757
ENSMUSG00000020376	-0.0385188495226032	6.74740112749019	-0.659143288928217	0.509840733579768	0.79798146559287	-5.7287203434516
ENSMUSG00000071604	-0.0323088132915466	7.18614707438485	-0.875818813084118	0.381179787099366	0.715999318546969	-5.72877409595317
ENSMUSG00000051351	0.0310832507315268	7.44186710299868	1.34754802524808	0.177878167820072	0.520205392429797	-5.72893332829822
ENSMUSG00000094906	0.0494173290368876	7.25957276447742	1.14716558798354	0.251380049243149	0.60332991815164	-5.72904822159368
ENSMUSG00000019861	0.0446004303639072	6.82226845827111	0.64181861637001	0.521026798581614	0.80609624563916	-5.72929609435323
ENSMUSG00000075702	0.0154393684148078	6.74566199853956	0.645677041947565	0.518524622093932	0.804203193597514	-5.72942196650422
ENSMUSG00000022761	-0.0328155556673853	7.1514957136582	-0.897178432711812	0.369676326915027	0.709121624266262	-5.72943470897366
ENSMUSG00000027221	-0.026742852520754	6.71360924192368	-0.627416880579784	0.530420903008536	0.81112639329909	-5.72944315512214
ENSMUSG00000034566	-0.00847540546165426	6.71585837897063	-0.647326473140327	0.51745686994507	0.803076950860263	-5.72952952596364
ENSMUSG00000087263	0.0623747127608842	7.39764645930409	1.29559405636817	0.195188228380047	0.541862877396402	-5.72965568128412
ENSMUSG00000025104	0.0282541405182437	7.39010246657041	1.18517128555708	0.236018338520913	0.586454822295855	-5.72970210055987
ENSMUSG00000028955	0.0234765412771036	6.87149888795891	0.60658267817368	0.544161443476753	0.817367801987953	-5.72970750749383
ENSMUSG00000028899	0.0230048668735474	6.64400958579648	0.681757800298918	0.495430575181939	0.789405069728138	-5.72977153702348
ENSMUSG00000072919	0.0231432745764177	6.82359185053799	0.607431513302588	0.54359818012756	0.817347143436972	-5.72980498841761
ENSMUSG00000024913	-0.022079613632596	7.31180998650952	-1.12820214443576	0.259300493909247	0.612284875545909	-5.72992667444396
ENSMUSG00000025404	-0.0163553589148444	7.28921230367621	-1.09745303972192	0.272507770955681	0.626800804877236	-5.72995276310257
ENSMUSG00000024926	0.0269458719791871	6.9877180634436	0.614422402935804	0.538970288293889	0.816258680506272	-5.72999778152865
ENSMUSG00000023905	0.0294488106495638	6.85913935248511	0.613411583935497	0.539638215768385	0.816258680506272	-5.73004316655273
ENSMUSG00000033658	0.0242884160697203	7.41105259337431	1.27382725684077	0.202796762828524	0.549354347738087	-5.73009983525581
ENSMUSG00000052031	0.0299794276958441	7.41250221990131	1.28025151646254	0.200529034144464	0.547180624936374	-5.73035410593184
ENSMUSG00000062785	-0.0133635701747776	6.7995014795112	-0.60668556590782	0.544093154584478	0.817367801987953	-5.73047337345727
ENSMUSG00000053178	0.0356892551526204	7.00602344575462	0.649999705266032	0.515728785607082	0.801587856845216	-5.73053752950668
ENSMUSG00000034353	0.0101109701659583	6.83326144550442	0.607360921188693	0.543645012020816	0.817347143436972	-5.73057774438828
ENSMUSG00000024807	0.0175747657452616	6.5015689323832	0.741035293158336	0.458714429882067	0.767144737532413	-5.73061066727456
ENSMUSG00000080268	-0.0262562081742237	6.71530629148384	-0.643940834415667	0.51964977779528	0.805466066919904	-5.73069233874473
ENSMUSG00000030493	-0.0322128303768947	6.98809000025443	-0.650656885263365	0.515304417346797	0.801369078534979	-5.73071252856365
ENSMUSG00000026028	-0.0100421050515731	6.99838759365489	-0.642650312111973	0.520486921237051	0.806094444701308	-5.73084104316306
ENSMUSG00000031539	-0.0312998581231847	6.94036520254195	-0.608731229940921	0.542736287190766	0.816935191004968	-5.73094777154068
ENSMUSG00000046541	0.0142630832916648	7.45228189799631	1.39517313080031	0.163039114703189	0.505831651520787	-5.73123750939073
ENSMUSG00000084422	0.0422890309119799	7.3103814949342	0.835948130602137	0.403232740398707	0.733436341119266	-5.73152580641599
ENSMUSG00000045464	-0.0354861483854938	6.96509398226046	-0.628469390014921	0.529731459063549	0.810865405942559	-5.73154257800497
ENSMUSG00000022297	0.0421629511596064	7.40123033685645	1.2454219250182	0.21304778421398	0.561188382308705	-5.73169875479693
ENSMUSG00000078348	0.0165124676631985	6.55552412665482	0.742282550991543	0.457958632859115	0.766732914831302	-5.73188865898637
ENSMUSG00000020523	0.032348029567383	6.8030065261421	0.611454220909283	0.540932776803975	0.816741809273748	-5.73196777304634
ENSMUSG00000032295	-0.0202584133884569	7.28167306621166	-1.11846548053241	0.263433690801689	0.616969075814354	-5.73199178324598
ENSMUSG00000070730	0.0253060403869627	6.88799143781524	0.602546594126496	0.5468436416092	0.818324152676639	-5.73200146308511
ENSMUSG00000044352	0.0126074214896379	6.67839288877885	0.634232493435976	0.525964446932438	0.80924035082955	-5.73227721845361
ENSMUSG00000052889	0.0246623438644162	6.96791676648506	0.637530265807182	0.523815059647874	0.807766671827329	-5.73250546951026
ENSMUSG00000055538	-0.0517118534847301	6.99778436299757	-0.767028358938727	0.443108767120417	0.757918114441594	-5.73252216495785
ENSMUSG00000015755	-0.0359611693285569	7.09114273358321	-0.749520194104692	0.453586683229838	0.764534810753441	-5.73258451063698
ENSMUSG00000028128	-0.0167130319219559	6.81311099800612	-0.602284371390557	0.54701812920109	0.818324152676639	-5.73263814928661
ENSMUSG00000022971	0.0333603546724035	7.24167170637428	0.839179507242953	0.4014174529744	0.732140967559959	-5.73312253289288
ENSMUSG00000060260	0.0317663474144627	6.74320392166718	0.617085721546075	0.537212411798819	0.815284585908938	-5.73318173435958
ENSMUSG00000030342	-0.0324040518556084	7.19303317265438	-0.831943111018656	0.405489450644984	0.735369980182543	-5.73333271734265
ENSMUSG00000027316	-0.0225335576016672	7.17250084755149	-0.88089438781322	0.378426558151844	0.714297836924957	-5.73345164654964
ENSMUSG00000020331	0.0307743391899011	6.56166051090014	0.68762889520982	0.491725357845997	0.786440013176983	-5.73356356281089
ENSMUSG00000024082	0.0182457569566647	6.57711961836009	0.718685327907617	0.472375731703517	0.774141202760338	-5.73366816778895
ENSMUSG00000031807	0.0273887602315313	7.24890482076828	0.938291577745415	0.348149790870149	0.691707922716513	-5.73371941818621
ENSMUSG00000045252	-0.0213158623835579	6.91197945290701	-0.611423440074394	0.54095314702844	0.816741809273748	-5.73377047426332
ENSMUSG00000054226	-0.0245756456985298	6.91852082513647	-0.600119693855053	0.548459595724343	0.819463342797737	-5.7340872859475
ENSMUSG00000042284	0.0285989358425933	6.92945412765593	0.610371779717113	0.541649347938413	0.816935191004968	-5.73452868141023
ENSMUSG00000031156	-0.029715211382376	7.06884335830922	-0.729688786393473	0.465622072904615	0.770507353629767	-5.73497184842887
ENSMUSG00000026797	0.0439745810272445	6.80650203230717	0.622975771756662	0.533335051882409	0.812757954096973	-5.73510210751949
ENSMUSG00000043019	0.0230690524393644	7.18543345946668	0.822900349811193	0.410612465162554	0.739148546935209	-5.73521715950951
ENSMUSG00000021638	0.0349645596562294	6.79522647574292	0.613708231694185	0.5394421543291	0.816258680506272	-5.73531879853481
ENSMUSG00000024033	-0.0329654153312466	7.10029912079746	-0.687695546810962	0.491683379951059	0.786440013176983	-5.73551371991021
ENSMUSG00000042616	0.0311556060710316	7.02304317070922	0.598018953556316	0.549860278108399	0.819647274845993	-5.73555215649133
ENSMUSG00000031865	-0.0100832617815643	6.99827652931519	-0.633210543088573	0.526631437115826	0.809592641216142	-5.73569701338622
ENSMUSG00000097102	0.0235437954910855	6.49507553050557	0.749192555015202	0.45378408551971	0.764599323272037	-5.73571897529343
ENSMUSG00000023992	-0.0233412580447689	6.98734481939065	-0.636297485056874	0.524618020808119	0.808085790288171	-5.73573598556765
ENSMUSG00000046229	0.0315792636946233	7.09375537631742	0.691850600861689	0.489070285345802	0.785322438078583	-5.73581366134963
ENSMUSG00000058388	0.025749422005406	6.73306080274487	0.622927404815243	0.533366833620738	0.812757954096973	-5.73623871872334
ENSMUSG00000003752	0.0296499209551344	7.11666573606099	0.707164945921447	0.47950412267684	0.77909950002159	-5.7362428424829
ENSMUSG00000031433	0.0210053336483966	6.8884816656169	0.622201294477815	0.533844073124101	0.812757954096973	-5.73625622267352
ENSMUSG00000022416	-0.0103058574480688	6.93867474773802	-0.614777590388894	0.53873568651239	0.816109322651953	-5.73627911399117
ENSMUSG00000091264	0.0144512041673055	7.09179201877532	0.695322158488324	0.486892789925209	0.783642124102042	-5.7363624385017
ENSMUSG00000026482	0.0217994902135699	6.80379874511301	0.602390365992468	0.546947595220841	0.818324152676639	-5.73682189765576
ENSMUSG00000021891	0.0317198272234558	7.00322763738648	0.593637815393215	0.552787092155016	0.821795357176619	-5.73712582438085
ENSMUSG00000028207	0.0220185092390386	7.26765502173466	0.901845680370141	0.367191762268261	0.707257552611605	-5.73715138575681
ENSMUSG00000015656	0.030073270730254	6.41412132383629	0.784180999168785	0.432979161021681	0.752703098491083	-5.73717194066321
ENSMUSG00000019235	0.0143611101663161	7.18983653657199	0.859612351156262	0.390052962659092	0.722351873751123	-5.73724825800012
ENSMUSG00000020435	-0.0344646020093489	6.66726671664644	-0.640713092212497	0.521744872007764	0.806316764468399	-5.7373206994914
ENSMUSG00000045083	0.0234852624606994	6.94163176900401	0.592664940677851	0.553438055566383	0.822242756434608	-5.73746956883689
ENSMUSG00000045314	-0.0415022816620629	6.97504127276935	-0.610716940517852	0.541420801598818	0.816935191004968	-5.73752100141657
ENSMUSG00000090008	0.0303480901422652	7.00275307966267	0.60007649490965	0.548488381144075	0.819463342797737	-5.73756363650638
ENSMUSG00000024422	-0.0255371176011865	6.53609376014831	-0.695309348392647	0.486900815270365	0.783642124102042	-5.73778650040569
ENSMUSG00000032549	0.0212139549402668	7.26808824746565	0.99920300335138	0.317755258481319	0.665775213695143	-5.73780131584741
ENSMUSG00000004748	-0.0325152689627437	7.09803803305429	-0.709839696257116	0.477843869555156	0.778623217253948	-5.73784941065963
ENSMUSG00000019715	0.0327083719249819	7.02691188206825	0.62383640094663	0.532769695809575	0.812701567932743	-5.73813439480785
ENSMUSG00000030218	-0.0145470912529744	6.90244212097635	-0.59588030936659	0.551288042118059	0.820276917804725	-5.73814127817112
ENSMUSG00000025484	0.0318785498641088	6.59368850369828	0.683303699479489	0.494453522016735	0.788868069134254	-5.73814249186805
ENSMUSG00000019428	-0.0188236750196742	6.76482845863871	-0.610557762227854	0.541526194649408	0.816935191004968	-5.73817252804256
ENSMUSG00000049672	0.0470021154217024	6.67940177189406	0.764984903982882	0.444324510922676	0.758231808570124	-5.73838334401094
ENSMUSG00000064181	0.0265814186904674	6.76125977119685	0.631443455952496	0.527785769885637	0.809927311145687	-5.73840164855385
ENSMUSG00000030657	0.0153586047974876	7.57349875607238	1.65767514391892	0.097459466190952	0.406733104501065	-5.73847992287598
ENSMUSG00000020610	-0.0320854631585634	6.80552608671801	-0.593123409051174	0.553131241472668	0.822027115190884	-5.73849897835922
ENSMUSG00000063785	0.0350207576770662	6.97563229539209	0.61515799412621	0.538484486157153	0.816002309524834	-5.73851609053818
ENSMUSG00000033420	-0.0237068694134486	7.1516132842943	-0.8136795084625	0.415875771468683	0.74247499273223	-5.73857594025597
ENSMUSG00000072941	0.0458840349591814	7.14871000494731	0.794689754228384	0.426839936864923	0.748073405379347	-5.73861362740898
ENSMUSG00000042903	-0.0351782139129053	7.00257264015734	-0.661646465460471	0.508234959551798	0.797157362231534	-5.73873568062332
ENSMUSG00000091985	0.027057753151869	7.01162635847773	0.607259219359018	0.543712486108427	0.817347143436972	-5.73880863307101
ENSMUSG00000042541	-0.011637117683577	6.74039803851725	-0.637433914884324	0.523877794275366	0.807771538130947	-5.73887007464495
ENSMUSG00000039656	0.0174903133915256	6.50295912334814	0.723840086979089	0.46920516366525	0.772370171611608	-5.73907343618753
ENSMUSG00000030532	-0.0213525897580968	7.02213489956246	-0.636461760532472	0.524510984977978	0.808085790288171	-5.73921514392219
ENSMUSG00000018566	0.0348436256739859	7.38218923125336	1.14937870470319	0.250466821122604	0.602417803934765	-5.73927213338899
ENSMUSG00000031226	-0.0218324749501511	6.95544061589792	-0.590433095454017	0.5549328310556	0.82296281110846	-5.73938555593974
ENSMUSG00000028114	0.0249580297785998	6.83473671841848	0.599990586782995	0.548545627849262	0.819463342797737	-5.73955700856264
ENSMUSG00000024759	0.0240271964662302	7.42757019616347	1.27961355756936	0.200753398620773	0.547208399376848	-5.73966844727942
ENSMUSG00000039671	-0.0155551500425855	7.08343293098423	-0.730914056550751	0.464873366720922	0.770095271735252	-5.73969333886178
ENSMUSG00000085067	0.0307972844086581	6.61882255087371	0.67592778032456	0.49912457725602	0.79110720346471	-5.73969539850774
ENSMUSG00000026932	0.0291346077448154	6.80984273537387	0.590676394773655	0.554769785821863	0.82296281110846	-5.73975049543227
ENSMUSG00000041890	-0.0202650098496049	7.5352082876724	-1.61478957981078	0.106433126592403	0.42367009111562	-5.73975334553631
ENSMUSG00000027546	0.0197226527729644	7.0758176761993	0.668100420693255	0.504107056085839	0.793899810246463	-5.74036194309534
ENSMUSG00000066129	-0.0181138468968429	7.35923652789683	-1.16978450329984	0.242155617646229	0.593397333608113	-5.74038394514923
ENSMUSG00000059439	0.0265743744017986	6.76357947744189	0.611970764519017	0.540590994390162	0.816741809273748	-5.74049787413651
ENSMUSG00000072969	0.0451216260875889	7.26268756432556	0.860314585384813	0.389665898914527	0.722174022405303	-5.74061466708467
ENSMUSG00000096841	-0.0249601256764445	7.49591156234557	-1.44318319197425	0.14904517842001	0.489569687966763	-5.74067645113027
ENSMUSG00000004798	0.0342481383032007	7.13997312577537	0.826907101302518	0.408337782437438	0.737821793452362	-5.74068531791347
ENSMUSG00000026220	0.020535834145571	7.40251238090095	1.31739580408664	0.187779514088372	0.531896654138901	-5.7407574226564
ENSMUSG00000029199	0.0387985944695135	7.21380028917103	0.769856763505637	0.441429163660736	0.757293545312119	-5.74077565723357
ENSMUSG00000028854	0.0124667058324812	7.28080363905716	1.03174896572271	0.302250516978769	0.654409535164188	-5.74092764436069
ENSMUSG00000024099	0.0199917610461808	6.64358210936289	0.68176027714639	0.49542900891794	0.789405069728138	-5.74094349439078
ENSMUSG00000025758	-0.021951014039491	7.11414885688324	-0.755127017538253	0.45021609705299	0.762908366934689	-5.74109058114178
ENSMUSG00000051483	-0.0164111117524239	6.78711138826396	-0.619690557759828	0.535495928248218	0.813929797666966	-5.74118633272055
ENSMUSG00000024245	-0.0415382621932761	7.07818120647681	-0.758516087927369	0.44818563376978	0.761285687056067	-5.74133408221476
ENSMUSG00000059981	-0.0115516632485893	7.36738747720896	-1.30765421927638	0.191063849649421	0.536954376594554	-5.74166765093972
ENSMUSG00000020098	-0.0194722613435321	6.98456186735109	-0.608963161896164	0.54258255569641	0.816935191004968	-5.74177649685111
ENSMUSG00000031760	-0.00963970908987299	6.78564708005773	-0.596976980724566	0.55055567394381	0.81967540395528	-5.74195236141468
ENSMUSG00000035235	-0.0230913427006909	7.11150221120995	-0.677872932304917	0.497890470169373	0.790352300030016	-5.7420281639906
ENSMUSG00000025141	0.0338208459630884	7.15516975552055	0.767258496563864	0.442971967102635	0.757884330809279	-5.74207502092773
ENSMUSG00000057130	0.0285531336790381	6.43423293993366	0.771602656922769	0.440394215749983	0.756834022839594	-5.74208731261013
ENSMUSG00000029461	0.0178187917921839	7.36852170370102	1.21910306346996	0.222875127303231	0.573711975693413	-5.74209321830696
ENSMUSG00000015149	-0.0369415168723934	7.32436970726323	-1.0656891725769	0.286626851602763	0.640212002311411	-5.74254992070444
ENSMUSG00000026833	-0.0374537948889113	6.7025020459577	-0.621627558352274	0.534221316499564	0.812961625716	-5.74256859411807
ENSMUSG00000021830	0.0321512048405301	7.10276072337395	0.661324110553967	0.508441599488994	0.797188201337062	-5.74278030149217
ENSMUSG00000025268	-0.0178830229555	7.07339066566539	-0.620505949194853	0.534959186394405	0.813478762801182	-5.7428414598505
ENSMUSG00000049076	-0.017549401219231	6.93927343621736	-0.641508621013905	0.521228099145274	0.80609624563916	-5.74293613906358
ENSMUSG00000048106	-0.0200002028973127	6.87845585253065	-0.585971255193444	0.557927048007217	0.824095753010333	-5.74297349597272
ENSMUSG00000038274	0.00949520581097296	6.97024175181248	0.598237642145615	0.54971438386747	0.819647274845993	-5.74300835066628
ENSMUSG00000041571	-0.0136730023336122	6.84804413866505	-0.582788287909908	0.560067842424992	0.8257285567201	-5.74305053984667
ENSMUSG00000041120	-0.0356134987291101	7.01714917167729	-0.664820235582826	0.506202825150153	0.795906053970286	-5.7430616327363
ENSMUSG00000092341	-0.0217055810182103	6.94608794429746	-0.588026003742663	0.5565471871389	0.823535193977782	-5.74308905792373
ENSMUSG00000024286	0.0217207759188325	6.98260854639349	0.593720886063576	0.552731525878006	0.821795357176619	-5.74350325177157
ENSMUSG00000039194	0.03526677050115	6.93796247875034	0.590632478400835	0.554799214320263	0.82296281110846	-5.74354390013165
ENSMUSG00000042286	-0.0314053621376313	7.01111829131984	-0.711709209568871	0.476685307468787	0.777819159785992	-5.74359640129217
ENSMUSG00000018377	0.0259598417210309	7.28251733376092	1.01001291021727	0.312548636154171	0.661804530529166	-5.74359767326819
ENSMUSG00000086118	-0.0230479304073246	7.20538113901224	-0.873726899156725	0.382318109710215	0.717050675128979	-5.74376580667418
ENSMUSG00000032788	0.0206637844735296	7.13576877325422	0.764162263129375	0.44481447431459	0.758357316592635	-5.74392562045741
ENSMUSG00000075327	0.0329672404927415	6.8910430361489	0.588495113739176	0.556232391106417	0.823535193977782	-5.74401259191677
ENSMUSG00000045817	0.0278056332187271	7.30947007711766	0.896175038031527	0.37021183650671	0.709320290781525	-5.74418246231746
ENSMUSG00000020439	0.018874977662696	7.07301263340688	0.718232353639154	0.472654908389043	0.774411510324912	-5.74427929919357
ENSMUSG00000020680	-0.0187721199500759	6.99732661017132	-0.621928332860085	0.534023534247643	0.8127852578951	-5.74436678942444
ENSMUSG00000026856	0.0237530207891483	7.14009793437655	0.72036987305738	0.471338312022966	0.773407739812159	-5.74438931399322
ENSMUSG00000021518	0.0204466382585284	6.7701530423295	0.604607313523633	0.545473363231522	0.817908411711234	-5.74440509372887
ENSMUSG00000020669	-0.0302833739925035	7.00357080929334	-0.639933251975665	0.522251709395522	0.806543762670343	-5.74497700288976
ENSMUSG00000018740	-0.0279705287794911	7.24291526923614	-0.96305906561284	0.33557461128688	0.680929891070157	-5.74503441402491
ENSMUSG00000032594	0.0267772145710952	7.15389973986442	0.83111532179588	0.405956825103398	0.735717869824637	-5.74506143302957
ENSMUSG00000030729	0.0299121346785043	7.11131486258971	0.724422892707921	0.468847436241392	0.772185804246938	-5.74510671831705
ENSMUSG00000005698	0.0325985425643971	6.85734604829555	0.584681170699588	0.558794250688472	0.824618158721117	-5.74520346733293
ENSMUSG00000006021	-0.0301047977220854	7.14233950554378	-0.830930657616676	0.406061131427774	0.735717869824637	-5.7453735283406
ENSMUSG00000037885	-0.0146426999329288	7.34295094885896	-1.14399749561327	0.252691382026987	0.605440783018787	-5.74544822044629
ENSMUSG00000027456	0.0483072969356009	6.95969136836559	0.581740209188856	0.56077362806713	0.826094152250437	-5.74547130863541
ENSMUSG00000032187	0.0142729431649817	6.84287173822352	0.583148947567224	0.559825070624259	0.825550174844867	-5.74549116115608
ENSMUSG00000078552	-0.0220262721259612	7.09908940687936	-0.797516516315454	0.42519724429525	0.747029187269016	-5.74554093671305
ENSMUSG00000051504	0.0458395778665164	7.44779997474209	1.33625195753323	0.181541001279564	0.523576450829256	-5.74580560682504
ENSMUSG00000030216	0.0363303336603957	7.17194808693681	0.720207300420361	0.471438376827173	0.773407739812159	-5.7458807310715
ENSMUSG00000031642	-0.0550874714747831	7.1434101896525	-0.750614118831662	0.452927945628294	0.764065831383403	-5.74592675704852
ENSMUSG00000022789	0.0303544576910806	7.30678460007406	1.0083498720253	0.313345963065531	0.662220296212812	-5.74593965960994
ENSMUSG00000034109	-0.0325848391082317	7.37081945274809	-1.12847336424876	0.259186008434788	0.612284875545909	-5.74631239713879
ENSMUSG00000045312	-0.0344286961209201	7.10476770823419	-0.776621066617646	0.437427116754423	0.754725992486188	-5.74637020504197
ENSMUSG00000032607	0.0366619667571619	7.09740415434651	0.713275201542196	0.475716027267726	0.777250530364711	-5.7464134549513
ENSMUSG00000026991	-0.040701902855802	6.92529679816926	-0.582503147694096	0.560259815751696	0.825831983253044	-5.74648796434034
ENSMUSG00000021871	-0.0253448032512642	6.74564890429827	-0.603484773659708	0.54621958639097	0.818145493274059	-5.74661648281846
ENSMUSG00000027357	0.0174380175880948	7.37958949988341	1.19238622259186	0.233178764242626	0.584204972944828	-5.74697450453624
ENSMUSG00000031781	0.0213012232566117	7.05357054792128	0.688938083577553	0.490901169360136	0.785953109444841	-5.74706304566397
ENSMUSG00000083674	0.0333786655389492	7.04291651457628	0.661557193311278	0.50829218147895	0.797157362231534	-5.74719744597768
ENSMUSG00000021366	-0.0165755210810437	7.47278329655378	-1.45030027953934	0.147051204374605	0.486634772090358	-5.74725921092452
ENSMUSG00000001029	-0.0452208432381287	7.25111666329644	-1.1398922347212	0.25439770874994	0.606973250601509	-5.74742395548664
ENSMUSG00000026781	0.0137408572662823	7.10143740329701	0.673176610548769	0.500872836579559	0.792385062990411	-5.74749384354347
ENSMUSG00000031479	-0.0254070712834356	7.07979335269719	-0.685876285643306	0.492829860420809	0.787203964135878	-5.74754380578456
ENSMUSG00000042043	0.011726635431752	6.86412876087598	0.578938891255693	0.562662172540219	0.827175048235144	-5.74769907379663
ENSMUSG00000028089	0.0285212960996848	7.26482967309959	1.01919633881845	0.308169828986002	0.657978982896412	-5.74776852849758
ENSMUSG00000046753	0.0249367921257146	7.06024748545826	0.660277728557324	0.509112667837165	0.797611166327211	-5.74792599099802
ENSMUSG00000071862	0.0278283752842947	6.96531938461277	0.58169622268076	0.560803258394529	0.826094152250437	-5.74805934047583
ENSMUSG00000055200	0.0421282527452478	6.87695741001888	0.57770240270073	0.563496743040431	0.82790299546404	-5.74841915274693
ENSMUSG00000026361	0.0265048913476749	7.37624811325469	1.16620917368656	0.243597636595295	0.595295017476389	-5.74847335739538
ENSMUSG00000028837	-0.0264132541952558	7.22408810323732	-0.856531177965729	0.391754033278624	0.72392618410388	-5.74851413658924
ENSMUSG00000041765	-0.0260030190142917	7.00297145855176	-0.634475733662393	0.52580575646482	0.809179846328039	-5.74853070887574
ENSMUSG00000015337	0.0175414572804788	7.0305676987048	0.608588051127504	0.542831201264109	0.816935191004968	-5.74855529206234
ENSMUSG00000050334	0.027142198913177	7.38385079834346	1.190812274383	0.233796144888147	0.584799063950335	-5.74891890515683
ENSMUSG00000036896	-0.0302458290124115	6.64167747053762	-0.638245595538007	0.523349424983288	0.807232253006076	-5.74893517584258
ENSMUSG00000029203	0.0167364026316505	6.88424864768621	0.571966282621143	0.567376137227594	0.830035420158065	-5.74909075591985
ENSMUSG00000026803	-0.0206942302244748	7.19741444547537	-0.802115996800472	0.422532295699346	0.746210442455371	-5.74918176568985
ENSMUSG00000030649	-0.0237006861725861	7.12359846612193	-0.738580352965437	0.460204083767867	0.767555671952556	-5.74946141284777
ENSMUSG00000057193	-0.0283547963655009	7.25027235533926	-0.980770994093815	0.326763485305441	0.673379842740569	-5.7495277204469
ENSMUSG00000048022	0.0287519752373449	7.17686392904682	0.835477782495933	0.403497376949804	0.733621756294145	-5.74952965732402
ENSMUSG00000024949	0.0137157190380535	7.05521348887764	0.651214862388506	0.514944250901872	0.801369078534979	-5.74953759082302
ENSMUSG00000052539	0.0278090109601328	6.76504750499112	0.6066643337644	0.544107246484257	0.817367801987953	-5.74972083318139
ENSMUSG00000083391	-0.0488861080114598	6.77308294659632	-0.58870917436813	0.556088774700262	0.823535193977782	-5.74973068011363
ENSMUSG00000029911	0.0121270023501596	7.10207527832233	0.68268539360603	0.494844185553508	0.789290507244536	-5.74975695114145
ENSMUSG00000048481	-0.0247078674842198	6.52673616255227	-0.672551647807912	0.501270427658773	0.792470202681629	-5.74976333364551
ENSMUSG00000022300	-0.0122794799310082	6.8266927379311	-0.574758986272031	0.56548580633932	0.829059066056674	-5.74979256600798
ENSMUSG00000043843	-0.0200048381635849	7.23157903759327	-0.946555355395517	0.343921118346073	0.689097557884489	-5.74982278111229
ENSMUSG00000016763	0.0372127758241962	6.74671828531486	0.592544113446114	0.553518928896494	0.822242756434608	-5.74991981105104
ENSMUSG00000001158	0.0332068443697624	6.47744854747987	0.74740754054734	0.454860406383023	0.764671027402346	-5.74996171179593
ENSMUSG00000039704	0.0210569345769445	7.44775548344173	1.36731153079507	0.171602542891664	0.513027513569504	-5.7502828743766
ENSMUSG00000020091	0.0107266536236281	7.4709194872324	1.42680107539482	0.153713296765306	0.49570192989982	-5.7503092781578
ENSMUSG00000046865	-0.0202956876670903	6.67484541723657	-0.64138698709161	0.521307095064164	0.80609624563916	-5.750319485641
ENSMUSG00000024560	-0.0236360795148149	6.93718625746081	-0.603461719827548	0.546234917031773	0.818145493274059	-5.75033773026085
ENSMUSG00000035517	-0.0277542941978002	6.72617187390475	-0.578535108561756	0.562934640863964	0.827256434081251	-5.75043223481604
ENSMUSG00000032966	0.0313494788362636	6.52915857823087	0.734800386821041	0.462503046438929	0.768147877902654	-5.75061749821493
ENSMUSG00000052125	0.0201872988038492	6.73149559494966	0.6119935853745	0.540575896961999	0.816741809273748	-5.75062243644079
ENSMUSG00000040760	0.0182963059264267	7.30327484268842	1.03971752467439	0.298532392568439	0.651918746681365	-5.75078286343923
ENSMUSG00000080823	-0.0202006060142983	7.17092128395313	-0.792133081153725	0.428328856971794	0.748555173761516	-5.7507956837762
ENSMUSG00000064563	0.0229986190173515	7.0960389393792	0.611837464931562	0.540679184646495	0.816741809273748	-5.75083831085222
ENSMUSG00000060601	-0.030126505444465	6.80289153587232	-0.569283726603113	0.569194757220458	0.830604081196316	-5.75096925130626
ENSMUSG00000027447	0.0186536449478636	6.84231636651113	0.570966246097102	0.568053779406993	0.830190055104022	-5.75098835503544
ENSMUSG00000029993	0.0205439004621253	6.82910332938134	0.586839619318921	0.55734369733741	0.823856673523524	-5.75114549731306
ENSMUSG00000036934	0.0266120082582413	6.71030170362453	0.631358549963944	0.527841266381336	0.809927311145687	-5.75116772347103
ENSMUSG00000019737	0.023219900178459	7.13037762728568	0.742891097661589	0.457590127556736	0.766270436245078	-5.75118694392415
ENSMUSG00000031153	0.0284399231653412	6.69356982393549	0.628354158702355	0.529806918857455	0.810865405942559	-5.75118878996535
ENSMUSG00000057229	-0.00778601263668044	6.83795591302543	-0.572362930702936	0.567107468891851	0.830035420158065	-5.75123553022272
ENSMUSG00000025034	0.0402832786452167	7.18632262882354	0.877364633271669	0.380339962149608	0.715207934372313	-5.75131975052396
ENSMUSG00000001988	-0.0547425095896612	7.2312899528191	-1.02934709991609	0.303377245505483	0.655192301887407	-5.75139485681025
ENSMUSG00000016179	0.0338354497502555	7.05347768000619	0.660315652511254	0.509088338247337	0.797611166327211	-5.7514478084018
ENSMUSG00000006526	0.0374893335152109	7.37228445947787	1.25623474132495	0.209102364384279	0.555819981343237	-5.75169977446115
ENSMUSG00000027238	0.0206770320949277	6.93294716891243	0.565658483431306	0.571656880512901	0.832405110728591	-5.75197190013212
ENSMUSG00000050321	0.0290986618098623	6.68626106012785	0.603589714797588	0.54614980394728	0.818145493274059	-5.75201136013622
ENSMUSG00000023075	0.0211591185307309	6.58504282412591	0.690886803714606	0.489675745600622	0.785322438078583	-5.75226394221116
ENSMUSG00000052419	0.00846396971205454	6.87224614070303	0.565901082949439	0.571491958350265	0.832405110728591	-5.7524398523379
ENSMUSG00000002032	-0.0229652219145162	7.3169873389996	-1.09921320758	0.271739543315527	0.626152194592427	-5.75251042650762
ENSMUSG00000077426	-0.0423967079950227	7.08212228979898	-0.671305725694176	0.502063561700458	0.793174658180811	-5.7525853284109
ENSMUSG00000036748	0.0142479032869813	6.74011012983401	0.605408698584576	0.54494094170679	0.817562165282799	-5.75261676438126
ENSMUSG00000078784	0.0129198105246067	7.19529458951777	0.791392523366435	0.428760696827206	0.748817591530455	-5.75271670237866
ENSMUSG00000100455	0.0375477521528627	7.09785133654342	0.708960469419117	0.478389270140836	0.778818650884901	-5.75275799231151
ENSMUSG00000027777	0.0375983382647869	6.98478711262953	0.597526749676454	0.550188713065552	0.81967540395528	-5.75280410905294
ENSMUSG00000030409	0.0174844530839904	6.96719028970145	0.612851515917715	0.540008475094229	0.816395506838488	-5.75302631846467
ENSMUSG00000029924	0.0230111611155985	6.86975115062985	0.567587033257967	0.570346454257668	0.831568687689586	-5.75322029857675
ENSMUSG00000016554	0.0107382613959528	7.04454551054697	0.593225749996074	0.553062764726112	0.822017292711718	-5.75323643876767
ENSMUSG00000002980	0.0288150435528776	7.06644196574887	0.613175491569156	0.539794280235717	0.816344768704501	-5.75335711951874
ENSMUSG00000028138	0.00878517512298327	7.04362079899691	0.604485885449655	0.545554059728806	0.817938951874727	-5.75340291786825
ENSMUSG00000033411	0.0346475404334905	7.39962650068514	1.15501580526429	0.248151185069138	0.599934694573354	-5.75351040223974
ENSMUSG00000022122	-0.0313936444928382	7.27191693226555	-0.95711233798623	0.338566922036399	0.683078918001414	-5.75388006750557
ENSMUSG00000070283	0.0139924498365955	6.93114353698674	0.562358920098712	0.57390220955938	0.833972792840951	-5.75416212056388
ENSMUSG00000020755	0.0197124762402314	6.47171389243645	0.745813361694204	0.455822872824135	0.765236071043787	-5.75448201244448
ENSMUSG00000039375	0.0275905867466086	6.88486248572613	0.561250639500103	0.57465732308961	0.834017125253704	-5.75482948539797
ENSMUSG00000031906	0.0251171371193637	6.69458494755239	0.604104885333093	0.545807296424272	0.818047239102396	-5.75502653258672
ENSMUSG00000026970	0.0202200316181553	6.74036995513142	0.598767777144235	0.549360792873227	0.819647274845993	-5.75524593624526
ENSMUSG00000034738	-0.0283676475055339	6.87456362513974	-0.606499231907988	0.544216831761835	0.817367801987953	-5.75528650548608
ENSMUSG00000000326	0.015471129312437	6.67582213168991	0.632557508373443	0.527057875510212	0.809741406308916	-5.75531580685426
ENSMUSG00000021203	-0.0249414887566708	6.73311626296465	-0.562570765812412	0.573757924604491	0.833941889128183	-5.75531781232795
ENSMUSG00000074738	-0.018041147059046	7.44269344702065	-1.32569806563186	0.185013498917707	0.528532030831496	-5.7554063194408
ENSMUSG00000015289	-0.0223623874080117	7.41186292322213	-1.36166886871011	0.173377138215276	0.514365668738747	-5.75584674448676
ENSMUSG00000038425	-0.0320870118748386	7.1910818014489	-0.773059608181545	0.439531616351705	0.755952004883473	-5.7559915084181
ENSMUSG00000020491	0.0249210814122787	7.22324003692755	0.758200354783546	0.448374576058062	0.761405624022445	-5.75604161410176
ENSMUSG00000008305	0.0269869995658141	6.63794765027156	0.594008017319884	0.552539483836133	0.821688090583558	-5.75607421706822
ENSMUSG00000022702	0.0168078817584902	6.9164443743348	0.564790719732829	0.572246982298706	0.832812395197301	-5.75609567325607
ENSMUSG00000003531	0.0170405082955956	7.26750623298568	0.970078079503501	0.332064729675951	0.678487625046539	-5.75628563079112
ENSMUSG00000022553	0.0232802660110183	6.68567861747782	0.60510044486116	0.545145707727827	0.817709602041445	-5.75640644901977
ENSMUSG00000025597	0.0243360919681974	7.05710250389409	0.620073133769246	0.535244058891224	0.813729418081096	-5.7565368627336
ENSMUSG00000092300	0.0333877742158135	7.26756185685282	1.05761041050578	0.290295328960507	0.643213608440359	-5.7565523175548
ENSMUSG00000053286	0.0256797909586775	6.73697817689227	0.584989010789911	0.558587259210291	0.824618158721117	-5.7565799352934
ENSMUSG00000028893	-0.0263510665868658	7.00337782484099	-0.591693644472392	0.554088337368308	0.822818146554164	-5.75660420755985
ENSMUSG00000042570	-0.0189988718351488	6.72623323360714	-0.58179000358633	0.560740086326473	0.826094152250437	-5.75669038689886
ENSMUSG00000024660	0.0299395886193867	6.73215446588198	0.573289367096526	0.56648018776894	0.829589369817595	-5.75699202992707
ENSMUSG00000005161	0.0162943459550089	6.50633246340451	0.709826034136875	0.477852341817238	0.778623217253948	-5.75705661647872
ENSMUSG00000027864	0.024932082427612	6.98091842730128	0.580445373449083	0.561646176550028	0.826634792174523	-5.75717499207091
ENSMUSG00000064030	-0.0208359771686615	7.0504251749077	-0.621330143986158	0.534416925572024	0.813110164617384	-5.75724324485482
ENSMUSG00000032786	-0.0268727351188112	6.93665874411017	-0.561906153429366	0.574210639817295	0.834017125253704	-5.7572453749882
ENSMUSG00000036966	0.0286245840227828	6.84033562123536	0.573376064681762	0.566421502712712	0.829589369817595	-5.75732087496628
ENSMUSG00000033208	-0.014656947979435	6.79399885046475	-0.569932304481785	0.568754803269435	0.83026585347617	-5.75753801102701
ENSMUSG00000006362	-0.029514680930852	7.00170630559234	-0.745133549859637	0.456233649444623	0.765282668852121	-5.75788859786246
ENSMUSG00000078765	-0.0331057402962145	7.06760312066662	-0.603726432530345	0.546058897732758	0.818145493274059	-5.75801871148727
ENSMUSG00000020256	-0.0299207236484449	7.36489128296358	-1.14700241872001	0.25144747183486	0.603384924449033	-5.75806542429779
ENSMUSG00000030878	0.0213847221768857	6.6936998780545	0.629579841987761	0.52900455430446	0.810600141624629	-5.75817465646014
ENSMUSG00000037492	-0.0276794932572981	6.97943139617832	-0.571329665611568	0.567807475209401	0.830035420158065	-5.75817493676046
ENSMUSG00000021423	0.0232349157765119	6.83041508630375	0.577360503900511	0.563727613641906	0.827973024131401	-5.75827348930461
ENSMUSG00000027342	-0.0178850026444035	6.92786627095466	-0.556377398928942	0.577983213872175	0.83578246732924	-5.75829909053904
ENSMUSG00000078695	-0.0266155465008087	6.52964344995509	-0.700372499624333	0.483734399082149	0.78165837008718	-5.75834621517323
ENSMUSG00000021975	0.0228365696274544	6.81223166889831	0.553287690557229	0.580096560722337	0.83687477870541	-5.7583462959541
ENSMUSG00000004791	0.0226761175533916	7.41416738282601	1.15968045212212	0.246246381377543	0.597686652339563	-5.75835360573828
ENSMUSG00000028163	-0.0328544624825744	7.16612331378751	-0.848157805929144	0.396399545827929	0.727447894198033	-5.75848604069557
ENSMUSG00000012483	0.0135458521340688	6.988205701897	0.590355571791674	0.554984787884598	0.82296281110846	-5.75862207072735
ENSMUSG00000062252	0.0282967481349417	6.99314583129519	0.554861478748436	0.579019643786778	0.836272738637799	-5.75870288165246
ENSMUSG00000063576	-0.0236020008179336	6.88057871981572	-0.557365672534669	0.577308004762658	0.83578246732924	-5.75870962911852
ENSMUSG00000056458	0.0232307317024558	7.03531877090269	0.656676733496695	0.511425609486962	0.799076114097202	-5.75880389485274
ENSMUSG00000032062	0.036363182719449	6.99965732488284	0.588713836981182	0.556085646686389	0.823535193977782	-5.75906287753554
ENSMUSG00000093507	-0.0254544383474187	6.78074950315208	-0.556468499054033	0.577920956821159	0.83578246732924	-5.75951257035719
ENSMUSG00000020812	0.026163966808614	7.40625667270202	1.27044790929341	0.203997128287099	0.550659678791499	-5.75952869646101
ENSMUSG00000027236	-0.020475720794046	6.94541996548405	-0.556557849386102	0.577859898629988	0.83578246732924	-5.75973236201667
ENSMUSG00000057388	-0.0287385000771456	6.25548737570882	-0.792601269498203	0.428055973990065	0.748466472117769	-5.7602048717653
ENSMUSG00000025425	-0.0303117591481161	6.89399351991068	-0.560621720820893	0.575086038234219	0.83406667292818	-5.76020721732362
ENSMUSG00000066306	-0.0160180355254989	7.18160480548656	-0.860742813334913	0.389429979149371	0.722121208240314	-5.76028245211895
ENSMUSG00000022765	-0.0188492640275335	6.82996238205984	-0.550130448429355	0.582259836151985	0.837349115635978	-5.76031569646073
ENSMUSG00000000340	0.0330461080621038	7.18716196076525	0.678437382972751	0.497532657213181	0.790272208487492	-5.76053276131231
ENSMUSG00000024347	0.024217096086014	7.07595457294099	0.671295218621229	0.502070253157902	0.793174658180811	-5.7605393583824
ENSMUSG00000025428	0.0236917154424772	6.79815286593295	0.575913879642986	0.564704965487187	0.828510975227279	-5.76068538816648
ENSMUSG00000017009	0.0370362730936984	6.90448711766434	0.592605030396264	0.553478154610632	0.822242756434608	-5.76081393955506
ENSMUSG00000009927	0.0068356866172854	7.1094048436395	0.671706697704011	0.501808236883217	0.793135471632392	-5.76088991680974
ENSMUSG00000054716	0.027312782101875	7.05742781072009	0.643232212699691	0.520109364565658	0.805809937696399	-5.76095748606667
ENSMUSG00000072949	-0.0413933546799408	7.2332047713478	-0.824020094793735	0.409976015065185	0.738861466469995	-5.76128601550268
ENSMUSG00000021245	-0.0191406062711277	7.0666862234835	-0.686044149307786	0.492724014407502	0.787203964135878	-5.76131362845405
ENSMUSG00000033805	-0.0431111882869697	6.50125107247446	-0.677090728106783	0.498386546431365	0.790746191652532	-5.76144647281893
ENSMUSG00000036061	0.0298184994192363	6.80774397340241	0.556713744152509	0.577753374093331	0.83578246732924	-5.76152365700056
ENSMUSG00000016200	0.0189582858936692	7.23551089738122	0.866074319337502	0.386500024155334	0.720099948811052	-5.76156934723068
ENSMUSG00000035697	-0.0375257045964092	6.77878187154286	-0.561178734860241	0.574706330683023	0.834017125253704	-5.76158555645984
ENSMUSG00000042390	0.0178585075456068	7.51886878214788	1.51875197197348	0.128901951671416	0.459522931514222	-5.7616726189476
ENSMUSG00000042557	0.0161243315010218	7.11196882059529	0.608884546832309	0.542634661699069	0.816935191004968	-5.761829708334
ENSMUSG00000038233	-0.0332473761763286	7.34376814246703	-1.23947787025647	0.215239437728774	0.563849422303101	-5.76184906159222
ENSMUSG00000031590	-0.016100935015416	6.81828449512772	-0.570124597689145	0.568624395046603	0.83026585347617	-5.76204432745243
ENSMUSG00000021057	0.0286826744540702	6.74996237133742	0.570820432062199	0.568152617885555	0.830245008977404	-5.76208654169702
ENSMUSG00000000805	-0.0330774101017095	7.13404820649717	-0.791611602089537	0.428632919551668	0.748699449018489	-5.76212610744441
ENSMUSG00000053985	0.0220241023516685	7.35756022971309	1.11465321165644	0.265064314911186	0.619076999408418	-5.76223814386782
ENSMUSG00000064741	0.0322993029288927	7.26207743459123	1.08882844837714	0.276293464113496	0.629902389856276	-5.76224079138888
ENSMUSG00000029465	-0.0297679097483625	6.65624656879838	-0.641086099607793	0.521502534822327	0.806126025210479	-5.76226637645469
ENSMUSG00000024999	-0.0327177229863151	7.06448931878759	-0.71671235763508	0.473592374707151	0.775199788315612	-5.7623279610668
ENSMUSG00000029790	0.0357110310881117	7.22309053400331	0.874898092705163	0.381680543790691	0.716337875514147	-5.76250884086399
ENSMUSG00000041840	0.0290356946302435	7.24959671799778	0.853754057669242	0.393291092867803	0.725178925214426	-5.76268482247177
ENSMUSG00000071073	0.0184721724669945	7.02497079592522	0.572452463462245	0.567046832595057	0.830035420158065	-5.76287986891323
ENSMUSG00000024772	-0.0231893686479818	6.93969130246948	-0.569673381488863	0.568930420652369	0.830397097987385	-5.76301496746453
ENSMUSG00000023048	-0.0193459629238983	6.94078774614086	-0.549923603300109	0.582401693498102	0.837349115635978	-5.7632114328587
ENSMUSG00000027998	0.0178489146628094	6.67276112523203	0.622674750731811	0.533532867251452	0.812757954096973	-5.76322020908601
ENSMUSG00000027977	0.0309402131921628	7.31668837290951	1.06044878084464	0.289002870735324	0.642203507123148	-5.76330168045609
ENSMUSG00000022814	-0.0231193240530665	6.78300250909232	-0.558547295118596	0.576501183781027	0.835242899092024	-5.76331415361354
ENSMUSG00000032714	0.0278258274273444	7.01746526241149	0.56041052269485	0.575230039631558	0.83406667292818	-5.76338903634085
ENSMUSG00000023094	0.0176963157718548	6.75547109381549	0.58876191820508	0.556053390867977	0.823535193977782	-5.76351567241719
ENSMUSG00000015243	0.033270248097268	7.34994170559837	1.10607417677874	0.268759233489916	0.622837260112982	-5.76368954232931
ENSMUSG00000054517	0.0222958443979007	6.80254035886704	0.545470878608517	0.585459342048332	0.838987185233198	-5.7639069036941
ENSMUSG00000056698	0.0309308604264338	7.28897491664024	1.00421848456881	0.315332506649868	0.663546491452951	-5.76393514059733
ENSMUSG00000074218	-0.0144492554851352	6.92699464426061	-0.541907534659683	0.587911619405225	0.839996253994779	-5.76436229641032
ENSMUSG00000042745	0.0242849935782283	6.7353260969565	0.574505185197307	0.565657474606479	0.829100977374556	-5.76451383790844
ENSMUSG00000031347	0.0125651324031253	6.90459958784405	0.541782961883753	0.587997435724165	0.839996253994779	-5.76461803121161
ENSMUSG00000035984	0.0287186772416135	7.05624978721407	0.567389370820399	0.57048069759697	0.83167497828169	-5.76465717745559
ENSMUSG00000031072	-0.0239038106281511	6.64543301859397	-0.631527141486239	0.527731074018963	0.809927311145687	-5.76480658204892
ENSMUSG00000027347	0.0363395585845838	6.98135394215712	0.586090537790409	0.557846898604134	0.824067144396911	-5.76506510418569
ENSMUSG00000028607	0.0158570187591893	7.04028704258533	0.630147629116012	0.52863307564806	0.810403351383582	-5.76518005101397
ENSMUSG00000092558	0.0359961427260229	6.88950340448543	0.550620828015503	0.581923591335882	0.837348372534072	-5.76522952548294
ENSMUSG00000053192	0.0383836773714341	7.01874192887627	0.541288897785019	0.588337846119693	0.840123359510392	-5.76526961415593
ENSMUSG00000042369	-0.0241644913863723	7.33860953681739	-1.03340486897906	0.301475347655421	0.653879821390529	-5.76546631226502
ENSMUSG00000003873	-0.0134971659636411	6.66063199726441	-0.599779573483081	0.548686253571165	0.819463342797737	-5.76548797220664
ENSMUSG00000007721	-0.0180612092168264	6.75909449492283	-0.570041549719408	0.568680714253208	0.83026585347617	-5.76551977886758
ENSMUSG00000045917	0.0233611798229676	6.94435982932834	0.54895901537591	0.583063434741401	0.83780457448969	-5.76575849098593
ENSMUSG00000030064	-0.028740964376393	7.04025850484968	-0.61395012103699	0.539282310427173	0.816258680506272	-5.7657597055068
ENSMUSG00000040158	-0.0458401750476458	7.12547350427845	-0.852161776362587	0.394174022744912	0.725425736442992	-5.76595549890246
ENSMUSG00000068220	-0.0310444014014841	6.97432411196592	-0.605989232404691	0.544555409904014	0.817367801987953	-5.76607197670834
ENSMUSG00000034168	0.0212401196489829	6.629438718686	0.613878284297165	0.539329778683782	0.816258680506272	-5.76616250150346
ENSMUSG00000042699	0.0210830555336319	6.83317436705451	0.546721204609784	0.584600000938912	0.838674301512185	-5.76622088246249
ENSMUSG00000001052	0.0107956899295285	7.01524831355056	0.574518017372501	0.565648794462731	0.829100977374556	-5.76629728975774
ENSMUSG00000043872	0.0306752255395484	6.88141224918182	0.555319949250458	0.578706096842241	0.836272738637799	-5.76653952601323
ENSMUSG00000041607	-0.0269778374149476	6.89955572694428	-0.539275697806952	0.589725882764075	0.840814691532403	-5.76655004336617
ENSMUSG00000022051	-0.0103565986410672	7.05299899595696	-0.625770353196162	0.531500370563176	0.811312995282093	-5.76663123388394
ENSMUSG00000038102	0.018175826686825	6.901887436006	0.536913651470255	0.591356360093612	0.841205335400832	-5.76671753627703
ENSMUSG00000075600	-0.0177996093625259	7.06172000931524	-0.662537832983596	0.507663793570087	0.796841098281448	-5.76690614962284
ENSMUSG00000075020	-0.0339560005772661	7.11351354981945	-0.774053114028907	0.438943960273781	0.755612266809538	-5.76713734639393
ENSMUSG00000025417	-0.0371960241354303	6.81747677131923	-0.541900478009918	0.587916480470722	0.839996253994779	-5.76716733379286
ENSMUSG00000009549	0.0131935563592167	6.81370359486001	0.561083890955927	0.574770975871724	0.834017125253704	-5.76728812329696
ENSMUSG00000039531	-0.0371543306390016	7.1052835462159	-0.825083981974041	0.409371857720737	0.738572791525739	-5.7673518210933
ENSMUSG00000100213	0.013942779471547	7.47804576171207	1.38131447013175	0.167257475176979	0.509711424520837	-5.76752038824555
ENSMUSG00000015804	0.0149261956276767	6.53294691848721	0.678280478720929	0.497632107205533	0.790272208487492	-5.76764258801808
ENSMUSG00000031575	0.0263759796522276	7.11422857077897	0.611680815595314	0.540782832159634	0.816741809273748	-5.76770936359589
ENSMUSG00000026223	0.0165970577062966	6.97603343778347	0.537552299601922	0.590915308587394	0.84086289367805	-5.76777063912117
ENSMUSG00000030697	0.0169883597838441	6.61631368154717	0.638354490687713	0.523278559729169	0.807232253006076	-5.7679439887967
ENSMUSG00000065530	-0.0398267457417187	7.22087839877106	-0.92416276432913	0.355455901076463	0.698239197355039	-5.76798855695927
ENSMUSG00000067995	0.0223391957818917	7.01597233782102	0.556812308529122	0.577686028787067	0.83578246732924	-5.76816201177345
ENSMUSG00000024906	-0.0196212811073933	7.01932936916972	-0.55667043901173	0.577782964024941	0.83578246732924	-5.76829504173374
ENSMUSG00000079197	-0.0126083290321519	6.7904083615191	-0.572223977213214	0.567201581662878	0.830035420158065	-5.76829620055919
ENSMUSG00000031137	0.0180427883101828	7.20081914466558	0.821772293869759	0.411254232426999	0.739886529093053	-5.76850223624361
ENSMUSG00000048495	0.00979704815295435	7.0656248473907	0.601171871612353	0.547758712443667	0.818889913255181	-5.76859623543216
ENSMUSG00000073418	-0.031566904685576	7.19980414388216	-0.776383237641152	0.437567471129673	0.754737204213783	-5.76869973702166
ENSMUSG00000004849	0.0190540629416054	6.86998874004211	0.534049418982502	0.593336262919059	0.841994597180089	-5.76884211415412
ENSMUSG00000028879	0.027095867760714	7.31034663576146	0.957357529416876	0.33844320745286	0.683078918001414	-5.76884496007065
ENSMUSG00000063320	0.0340486661147494	7.26804440161267	0.817779100191931	0.413530798982408	0.741513721799936	-5.76896446691213
ENSMUSG00000034341	-0.0222706748317663	6.83181108091731	-0.536198369533098	0.591850514640457	0.841584900997777	-5.76906189877381
ENSMUSG00000089857	0.0329651783237024	7.02423323923993	0.617046041284768	0.53723858088798	0.815284585908938	-5.76917673636334
ENSMUSG00000020923	-0.0340049930628616	6.42906899094567	-0.701610421578783	0.482961925770435	0.78124911508738	-5.76918861186783
ENSMUSG00000026473	-0.0269525199061205	6.86549818426855	-0.561387361132422	0.574564144042582	0.834017125253704	-5.76923360410697
ENSMUSG00000029394	-0.0356929223430278	6.98083756084592	-0.556408570520087	0.577961911116558	0.83578246732924	-5.76929113330655
ENSMUSG00000098415	-0.0328997106614413	7.30883778152138	-1.19642586165233	0.231599513272045	0.582997809309764	-5.76929845143229
ENSMUSG00000079426	0.0153854344446032	6.91701052418233	0.531347109035317	0.595207016040891	0.842800702191373	-5.76935046240337
ENSMUSG00000022094	-0.0152609858780561	6.93028526671159	-0.55422572198609	0.579454568426066	0.836272738637799	-5.76945568622489
ENSMUSG00000048001	0.0198087581502762	7.25602318272069	0.887426738691357	0.374901184970748	0.71238377754424	-5.76948148745868
ENSMUSG00000029560	0.0256250908677602	7.14573530772837	0.630221183196141	0.528584962104732	0.810403351383582	-5.76953259176311
ENSMUSG00000025429	-0.0293818449529422	7.20050883127753	-0.812867073071601	0.416341416442719	0.742711241908954	-5.76954255346693
ENSMUSG00000027199	-0.0220281590490323	6.93743847849399	-0.550435913767985	0.582050373182666	0.837348372534072	-5.76962010514408
ENSMUSG00000031820	0.0179032835303552	6.79605075634701	0.566891569537236	0.570818848302542	0.831989028734236	-5.76976729338663
ENSMUSG00000029422	0.0164194658928167	7.14172938273264	0.701016693020718	0.48333233352963	0.781330604267882	-5.76977414890306
ENSMUSG00000051615	-0.0331573094364224	7.01144349085583	-0.579664935233166	0.562172405942506	0.827032712648492	-5.76977476976141
ENSMUSG00000070056	0.0217499196045914	6.84727877900213	0.530738545144113	0.595628683456675	0.842871235706692	-5.76993575773255
ENSMUSG00000026455	0.0219790109673861	6.84407804709283	0.539489106671251	0.589578672688995	0.840814691532403	-5.76998285074827
ENSMUSG00000037224	0.0173340025843576	7.01017842596568	0.590011520637616	0.555215401752421	0.82296281110846	-5.77003315585424
ENSMUSG00000004642	-0.0180209280062575	6.89889497035918	-0.535773897746971	0.592143851824038	0.841584900997777	-5.77009319403213
ENSMUSG00000016940	-0.0239417082219573	7.01816537069199	-0.596944795938139	0.550577160442935	0.81967540395528	-5.77014451709447
ENSMUSG00000019055	-0.0226575155444859	6.75013333926093	-0.541710682837082	0.588047230332291	0.839996253994779	-5.77023721761267
ENSMUSG00000023935	0.024099273980374	7.50849782621462	1.45233402805403	0.146485180230569	0.486115970130544	-5.7703663141033
ENSMUSG00000049728	0.0214406750686793	6.89863796496534	0.571361218712159	0.567786092801467	0.830035420158065	-5.7705071833969
ENSMUSG00000001786	0.0249470569408645	7.06275175168882	0.600168359971537	0.548427168174181	0.819463342797737	-5.7705635151496
ENSMUSG00000009207	0.0279157920480193	7.52371875860211	1.49051354694401	0.13616609124997	0.469845412249342	-5.77062512072446
ENSMUSG00000019261	0.0224181687888523	7.14709994760902	0.798533654269078	0.424607068249092	0.746959219548411	-5.77074654966494
ENSMUSG00000028937	-0.0157976879193136	6.91377033526197	-0.52882174024105	0.596957706916307	0.843439506050883	-5.77088183463731
ENSMUSG00000001663	-0.0267388632702907	7.22483571380924	-0.778500101178009	0.436319119412942	0.754058551441967	-5.77109507701803
ENSMUSG00000083889	0.0343066828727387	7.16057348164118	0.758779535571921	0.448028015007765	0.761285687056067	-5.77112543103591
ENSMUSG00000021606	0.00756448527702247	6.78634601578792	0.550953199933286	0.581695741270898	0.837348372534072	-5.77148136631439
ENSMUSG00000042472	0.0321219346739179	6.9685471310271	0.629281841294009	0.529199576478806	0.810630195220839	-5.77148341309302
ENSMUSG00000059423	0.0128183311894441	6.92973409038036	0.531404851835744	0.595167013752437	0.842800702191373	-5.77148778714206
ENSMUSG00000023921	-0.0268473494927894	7.14674719309674	-0.724567086362367	0.468758953164404	0.772133870368484	-5.77164601389283
ENSMUSG00000022160	-0.0244299098068055	6.88497822658337	-0.558614658620086	0.576455203498468	0.835242899092024	-5.77176203917703
ENSMUSG00000028530	-0.0273328148361651	7.01977467682613	-0.587207853383939	0.557096414357757	0.823788677035606	-5.77178131723762
ENSMUSG00000036777	-0.0264498969667093	6.75999787548426	-0.529670438301683	0.596369092603009	0.843213281625988	-5.77184838169694
ENSMUSG00000033285	0.0363927862973732	7.14989757551182	0.811226411911709	0.417282694417454	0.743579038104006	-5.7718821837848
ENSMUSG00000091183	-0.0196854747636568	7.34095432544347	-1.11861300279033	0.263370730478791	0.616928190019254	-5.77197286548356
ENSMUSG00000013155	0.0202060594113709	7.04121729262694	0.607886468872496	0.543296403799616	0.817347143436972	-5.77200588829548
ENSMUSG00000038026	-0.0261367445221605	6.95083764668515	-0.545116599422116	0.585702942536611	0.839158881423584	-5.7720240760842
ENSMUSG00000015312	0.0279386611791983	6.96069840551985	0.539632857468983	0.589479522511334	0.840814691532403	-5.77210088608067
ENSMUSG00000014769	0.0118358150255267	6.76647741254073	0.569101682409901	0.569318273625696	0.830694915391432	-5.77212186820153
ENSMUSG00000022377	-0.0325132331934022	6.65056153298082	-0.575936166763557	0.564689901933163	0.828510975227279	-5.77212573330318
ENSMUSG00000027560	-0.0303023034754446	7.03833020353604	-0.629445272568973	0.529092616752481	0.810600141624629	-5.77218100075395
ENSMUSG00000090553	0.00924464188812912	6.93227508960154	0.527123976693913	0.598135983196029	0.84430272359935	-5.77250349673076
ENSMUSG00000070000	-0.0159532626946266	6.87782841877919	-0.531697395164237	0.594964368347786	0.842800702191373	-5.77280977540183
ENSMUSG00000054196	0.0277488679331093	7.16854377625551	0.687548859188843	0.491775767935032	0.786440013176983	-5.7729265135086
ENSMUSG00000022052	0.0255649552754562	6.52115865743496	0.678243400747489	0.49765560973506	0.790272208487492	-5.77295044952989
ENSMUSG00000038372	-0.02999941239504	6.46895240466561	-0.692311102704849	0.488781139193898	0.785296433848179	-5.77300728732486
ENSMUSG00000032281	0.0326682884243166	7.01260358150496	0.591090645495823	0.554492232693455	0.82296281110846	-5.77316684715858
ENSMUSG00000002658	-0.0183700452308857	6.9754145821387	-0.535725830837026	0.592177073343372	0.841584900997777	-5.77324598444064
ENSMUSG00000035692	0.0297352506809396	6.93307470191453	0.539912178305799	0.589286886720624	0.840739935826395	-5.77326599352121
ENSMUSG00000045302	-0.0235735564973334	7.21706824233718	-0.85970346688171	0.390002727481071	0.722351873751123	-5.77329513266168
ENSMUSG00000074971	0.0289203640443096	7.09813726737765	0.568028909223896	0.570046406673821	0.831488884527559	-5.77337975866801
ENSMUSG00000039405	0.0396181775443649	7.25409714627831	0.989228411174176	0.322609706724022	0.669539334761617	-5.77353487370807
ENSMUSG00000099320	0.0459030089657322	7.29810723010296	0.903092206250629	0.366529951611881	0.707069715788523	-5.773769699519
ENSMUSG00000046523	0.0258909071969136	7.12587638997875	0.656684682817014	0.511420497550958	0.799076114097202	-5.77382011821721
ENSMUSG00000026466	-0.0413574974407407	7.22159712494122	-0.852310724924657	0.394091379001838	0.725425736442992	-5.77383773680898
ENSMUSG00000009013	-0.0326589561467019	6.37303504619601	-0.747574684442097	0.454759561622938	0.764671027402346	-5.77393946154555
ENSMUSG00000100147	-0.0357048432274913	7.14432464007813	-0.650440448319847	0.515444159584905	0.801369078534979	-5.77398222262437
ENSMUSG00000057098	0.0416163261136679	7.20112232786008	0.7669269800048	0.443169037159294	0.757918114441594	-5.77398946013186
ENSMUSG00000055717	-0.0183219206321885	6.92627765785384	-0.522081325464907	0.601641879037658	0.846592134970962	-5.77419025566494
ENSMUSG00000022265	0.0388569584402267	6.47684661816781	0.680107384668193	0.496474823021922	0.790211384384904	-5.77423935442403
ENSMUSG00000040213	-0.024972359549297	7.40154654919252	-1.11471091269049	0.265039582675772	0.619076999408418	-5.77426179575799
ENSMUSG00000037669	0.0255652001869944	6.89680301479469	0.530239236534867	0.595974750806839	0.843007373128756	-5.77430445122308
ENSMUSG00000090266	0.0191963679189513	6.59230934544858	0.597321391483666	0.550325771861804	0.81967540395528	-5.7743601470722
ENSMUSG00000097796	-0.0422816862222186	7.35617129289301	-1.19810154030261	0.230946660476743	0.582210650973682	-5.77438166213004
ENSMUSG00000024301	0.0424075664857746	7.2372058445702	0.909046366812867	0.363379020544957	0.704820137417529	-5.77455487872177
ENSMUSG00000022016	0.031555448873454	7.32245542986275	1.06363338534788	0.287557377835107	0.640704864998699	-5.77456758831014
ENSMUSG00000020658	0.0315255273231578	7.41078873989081	1.29274997019592	0.196170306927241	0.543234685727028	-5.77487502014614
ENSMUSG00000057605	0.0235763048390254	6.77322282601177	0.535236107514743	0.592515595134825	0.841584900997777	-5.77490492713515
ENSMUSG00000028483	0.0276769614431229	7.36561881165649	1.15453024290563	0.248350054995135	0.600308441009813	-5.77492189957654
ENSMUSG00000004667	-0.0163406220317341	6.96013967652434	-0.530557475328516	0.595754171100253	0.842871235706692	-5.77522301385817
ENSMUSG00000021253	-0.0381497571314018	7.09954421829283	-0.697902087883273	0.485277958383165	0.782051415637579	-5.77528293446819
ENSMUSG00000044952	0.0241278833939225	6.72025673565714	0.554914103237742	0.578983649962677	0.836272738637799	-5.77528461056752
ENSMUSG00000038578	0.023645108248223	6.78136503516879	0.564635809595676	0.572352355647464	0.832812395197301	-5.77546896767845
ENSMUSG00000030590	-0.0262393506912861	6.94480691785512	-0.552718732562981	0.580486120182887	0.836954427144167	-5.77552995697217
ENSMUSG00000035944	0.0294808838293115	7.43575692907633	1.19061230391027	0.233874666140168	0.584799063950335	-5.77566133714314
ENSMUSG00000058013	0.0276066911071986	7.36868888458343	1.1904099760291	0.233954132089292	0.584799063950335	-5.77590653740493
ENSMUSG00000030104	0.0218250729836011	7.03315348748723	0.630589687193211	0.528343948109078	0.810234956279027	-5.7760357290469
ENSMUSG00000056459	0.0337337617031066	7.46183627264404	1.36136255840781	0.173473862775059	0.514448098420911	-5.77619236687927
ENSMUSG00000103034	0.0226761101303818	6.7802841819882	0.548970110574789	0.58305582105094	0.83780457448969	-5.77652265947419
ENSMUSG00000074064	0.0206905827537041	7.19436649523099	0.744829515659146	0.456417429622154	0.765286607818101	-5.77665079883575
ENSMUSG00000103515	0.0518885968758047	7.46868407818615	1.34849269880467	0.177574362377494	0.520083236025273	-5.77671073601481
ENSMUSG00000045294	0.0338650106276859	7.31788514597991	0.884665776317376	0.376388734134403	0.713517681402997	-5.77673503114929
ENSMUSG00000036158	0.024419872473862	6.74076980721605	0.543227054006808	0.58700297820463	0.839550134507622	-5.77685677080309
ENSMUSG00000048029	0.0348851473667491	7.10972884914806	0.719240217141658	0.472033866734694	0.773695376720866	-5.77699697770365
ENSMUSG00000078235	0.0289541046146935	6.81009749481171	0.528275293830449	0.597336834558864	0.843789623145351	-5.77708590981026
ENSMUSG00000056073	0.0340749209459377	7.13130696425897	0.643552908441538	0.519901346778371	0.805671786446583	-5.7771263109624
ENSMUSG00000050017	0.0160215639201695	6.51620947513811	0.668648305627541	0.503757449450064	0.793879596837665	-5.7771728785849
ENSMUSG00000027273	0.0309551661114789	6.83514802809176	0.5221997370059	0.601559447352846	0.846587402526387	-5.77727322347407
ENSMUSG00000045216	0.014043129506339	7.09421159081501	0.683549898278216	0.494298012430467	0.788712775395112	-5.77729332506224
ENSMUSG00000036980	-0.0239377293578755	7.01570054729146	-0.581082481016901	0.561216768034676	0.826254418613762	-5.77731175900324
ENSMUSG00000078812	0.0168695523728273	6.77225243139151	0.551354980987797	0.581420365049003	0.83727002754481	-5.77743413110885
ENSMUSG00000019464	-0.0173082306674504	7.08811541503971	-0.675790406825981	0.499211795675323	0.791152954502165	-5.77750673428467
ENSMUSG00000067713	-0.0106898431180342	6.67386007779849	-0.588218672907811	0.556417886076293	0.823535193977782	-5.77751284871558
ENSMUSG00000028445	-0.0129075885866214	6.80444721858203	-0.519991489562991	0.603097547341274	0.847643510257902	-5.77755389977999
ENSMUSG00000015461	0.0236294658278	6.60947185550656	0.601423905690876	0.547590891701401	0.818889913255181	-5.77825700886217
ENSMUSG00000029227	0.0323181685334379	6.93624414469508	0.514282163936771	0.60708241536763	0.8502061783763	-5.77826901197948
ENSMUSG00000020190	-0.0230254507846848	6.63749533137252	-0.564614920255097	0.572366565750734	0.832812395197301	-5.77827535103818
ENSMUSG00000028465	-0.0264712041227133	7.44370830750025	-1.41854684574491	0.156107088822251	0.49776573618346	-5.77864951940005
ENSMUSG00000025019	0.020824634203545	7.53618755936711	1.52358134310051	0.127690359329911	0.458057607059091	-5.77876088241453
ENSMUSG00000037410	0.0188636745512953	7.03224335421842	0.571358891638019	0.567787669763227	0.830035420158065	-5.77880789484279
ENSMUSG00000026312	0.0193071675593712	6.92175577317888	0.513607116980417	0.607554346237228	0.850518738336403	-5.77899686476056
ENSMUSG00000021774	0.0353315359576882	6.56221216709146	0.67906150662671	0.497137176249281	0.790211384384904	-5.77910119697171
ENSMUSG00000068101	0.0411930684588011	7.37614642186573	1.06541871073164	0.286749156415737	0.640274219809711	-5.77910329253982
ENSMUSG00000027387	0.0277998489169473	6.95149020102647	0.526868901843121	0.598313100637221	0.844342806401936	-5.77922734115323
ENSMUSG00000018339	-0.0249574202160696	7.20744897884125	-0.775900346697057	0.437852528159813	0.75478761306939	-5.77935111657426
ENSMUSG00000054051	0.0259493152922579	7.40922920996676	1.37699834896222	0.168587846383295	0.510357335213171	-5.77948979380146
ENSMUSG00000032777	0.0117179551394013	7.08055259670778	0.626160691668093	0.531244362949317	0.811312995282093	-5.77973781578107
ENSMUSG00000045128	-0.0133484413304314	6.97180428349671	-0.550438246150088	0.582048773962606	0.837348372534072	-5.77981886403945
ENSMUSG00000060739	-0.0187201541237494	7.0736342817386	-0.569353030711139	0.56914773796834	0.830604081196316	-5.77984261381354
ENSMUSG00000049866	-0.0149069764604777	6.94299684276887	-0.514654219645204	0.606822378192083	0.850190947972333	-5.7798488007441
ENSMUSG00000024330	0.0247206407631309	6.87806061118054	0.514494637977119	0.606933906914292	0.8502061783763	-5.77987316593612
ENSMUSG00000023827	-0.0293242721979023	7.02594397933043	-0.631757338143448	0.527580635143884	0.809927311145687	-5.78001066691281
ENSMUSG00000103104	0.031722911537897	7.16604087859107	0.647410686088028	0.517402385620502	0.803076950860263	-5.78019023281751
ENSMUSG00000003948	0.0382690475450751	7.08745799294726	0.645645382778223	0.518545127655952	0.804203193597514	-5.78037585488014
ENSMUSG00000032294	0.0335842442017915	6.60877917768905	0.631898403732547	0.527488456308947	0.809927311145687	-5.78051161812063
ENSMUSG00000032194	-0.0359249215176121	7.01504652056816	-0.609531171910493	0.542206153249281	0.816935191004968	-5.780569864192
ENSMUSG00000028029	-0.0173843420396498	6.63604771085681	-0.626819633906962	0.530812330704166	0.811222054006539	-5.78058620954789
ENSMUSG00000031447	-0.0259599661547059	7.04288511364864	-0.555859329217807	0.578337318307346	0.836116161400192	-5.7806187262287
ENSMUSG00000023011	0.0111053341741698	7.10066205932722	0.611831181711942	0.540683341766758	0.816741809273748	-5.78063953515291
ENSMUSG00000032059	-0.0276179985146934	6.98147706523171	-0.560130206886993	0.575421193924761	0.834213061081256	-5.78074430908193
ENSMUSG00000030750	-0.0145310930356883	6.91397419386267	-0.508253341923959	0.611302998185332	0.853294146957349	-5.78112446175798
ENSMUSG00000034108	0.0176639710650832	7.10473058908647	0.602328445681884	0.546988799469954	0.818324152676639	-5.78118001429946
ENSMUSG00000018974	-0.0101019763354575	6.75939102818626	-0.53524553061404	0.592509080569254	0.841584900997777	-5.78118251341565
ENSMUSG00000025318	0.0129917906781989	6.66576568725519	0.544433328972583	0.586172888547884	0.839296911954378	-5.78119192405294
ENSMUSG00000030880	-0.0187085130965077	7.17608310408202	-0.765745721142304	0.443871643998397	0.758199388039439	-5.78127398892832
ENSMUSG00000029538	0.0169811609509551	6.93918119296947	0.526144398191605	0.598816307235587	0.844342806401936	-5.78131609788066
ENSMUSG00000001436	0.0302860153872819	7.40935280596235	1.2632411046769	0.206574289774297	0.552900060333954	-5.78187630008553
ENSMUSG00000029416	0.0283161586918403	6.71059740082674	0.527204303036365	0.598080211572581	0.84430272359935	-5.78202161742673
ENSMUSG00000034210	0.0201010370438386	6.92670468117411	0.529290880182745	0.596632302348344	0.843393991693776	-5.78209851784558
ENSMUSG00000024273	-0.0179626284474868	6.70688400475772	-0.554985907644457	0.578934539254379	0.836272738637799	-5.78212912394795
ENSMUSG00000031425	-0.0262043774235545	7.00434466784183	-0.542832224456833	0.587274795647552	0.83972491872912	-5.78216196233774
ENSMUSG00000031823	-0.021682003156525	7.02511168489383	-0.566143368248844	0.571327272397358	0.832372142613731	-5.78226633747217
ENSMUSG00000022722	0.0204764649920639	6.82831561766983	0.546397786818153	0.584822227655789	0.838771876492003	-5.78247388895239
ENSMUSG00000039585	0.0203986638693747	7.30364755820695	1.01938602765768	0.308079812329959	0.657978982896412	-5.78260606750343
ENSMUSG00000069089	0.022410539258451	7.40344532373477	1.21365292757254	0.224950113022503	0.575447855162094	-5.78270590993737
ENSMUSG00000039680	-0.0158364389591661	6.28650671703603	-0.746501976929774	0.455406989045935	0.764671027402346	-5.7827703265066
ENSMUSG00000025228	0.0297955299192454	6.48931430165379	0.687795252482375	0.491620587839739	0.786440013176983	-5.78303141525988
ENSMUSG00000042510	0.022046664947899	7.25488508722481	0.799247717359257	0.42419303223415	0.746910276757221	-5.78330651200312
ENSMUSG00000032299	0.0166157008194237	6.78959564906714	0.51868654958174	0.604007302119407	0.848463690787678	-5.78336688447751
ENSMUSG00000003233	-0.0122740269598269	7.50335542740311	-1.50510788558279	0.132373281050373	0.464150877950402	-5.78338713351508
ENSMUSG00000020648	0.0157003348329612	7.26131120957063	0.887458136275466	0.374884289535131	0.71238377754424	-5.78355322779114
ENSMUSG00000035686	-0.0377809751415006	7.1753444130507	-0.703004988577917	0.482092508105732	0.780801189391438	-5.78365772418785
ENSMUSG00000053580	0.0240680741686017	7.40025118931108	1.23416218635934	0.217213126646142	0.565797161733152	-5.78382890491014
ENSMUSG00000038371	-0.0196926050735868	7.50717641875057	-1.50675536523964	0.131950323538767	0.463874421719414	-5.78384224464646
ENSMUSG00000102543	0.0196532337057844	7.31991725653798	1.04990428458818	0.293823928897073	0.64744278822078	-5.78394929151496
ENSMUSG00000059325	-0.0332130604574399	6.9968560335641	-0.538529279511721	0.590240897598142	0.84086289367805	-5.78413672628902
ENSMUSG00000024319	-0.0111742807256201	6.75809861153654	-0.521294706723829	0.602189609647331	0.846938457219763	-5.78414002338739
ENSMUSG00000047842	0.0389236627231808	7.03354340558794	0.613597631749387	0.539515248245608	0.816258680506272	-5.7841513995743
ENSMUSG00000034889	0.0229889264524124	6.74679244067788	0.550252434918468	0.582176183641822	0.837349115635978	-5.78423842369921
ENSMUSG00000081225	-0.023901993908864	7.2727388717573	-0.915511725386283	0.359976827584405	0.702996823184021	-5.78448070906215
ENSMUSG00000028656	-0.019264677228632	6.66743701380943	-0.568392045419984	0.569799882230797	0.831218722109442	-5.78455678019051
ENSMUSG00000052962	-0.0332047397081245	6.44061077562426	-0.711850289240712	0.476597941027664	0.777819159785992	-5.78456978885487
ENSMUSG00000022404	0.0333247246571844	7.35544743997868	1.03208862269602	0.302091407086727	0.654409535164188	-5.78465735325682
ENSMUSG00000027716	0.0147917711202279	6.73628188988715	0.54130970499314	0.588323508106335	0.840123359510392	-5.78480944801892
ENSMUSG00000042737	0.010116407135067	6.71361441871594	0.552021890030431	0.580963407770534	0.83723446880877	-5.78483890226937
ENSMUSG00000029017	0.0220529682027539	6.76157125657303	0.566318356441507	0.571208343625601	0.832293085350756	-5.78506447674838
ENSMUSG00000020912	-0.0255499914340378	6.54981688117527	-0.668939552850643	0.503571656058913	0.793879596837665	-5.78549082424053
ENSMUSG00000037703	0.0194072936832219	6.48858672562616	0.628463760347656	0.529735145551972	0.810865405942559	-5.78590949797244
ENSMUSG00000024993	0.0159564160425552	7.42033888900412	1.22956032951137	0.218932263629185	0.568092560819997	-5.78603065061435
ENSMUSG00000028214	0.0117659549245346	6.90402271002359	0.498622807290861	0.618071851490908	0.856303990349269	-5.78607396834184
ENSMUSG00000021024	0.0146527016953106	6.75666376816232	0.536831480481863	0.591413118508175	0.841205335400832	-5.78629772164954
ENSMUSG00000030029	-0.0322317366727507	7.04966649228021	-0.608920886774821	0.542610575303614	0.816935191004968	-5.78637076747882
ENSMUSG00000025287	-0.0236028964209183	6.75016168562398	-0.55811891733858	0.576793621941535	0.835494410811629	-5.78665199522949
ENSMUSG00000050379	-0.0275447063443091	7.14552220440097	-0.711518030890727	0.476803712733464	0.777918740943478	-5.78668248992829
ENSMUSG00000047496	0.024146152635538	6.83178732500421	0.512090803112939	0.608615010234157	0.85135265021063	-5.78690403310094
ENSMUSG00000054893	0.0239280565561142	6.9271457464072	0.494416503931759	0.62103851871736	0.858049550266989	-5.78692499083029
ENSMUSG00000078651	0.0240655557134239	6.68354581542436	0.543791529962185	0.586614470236168	0.839311839115868	-5.78695373202412
ENSMUSG00000047787	0.0101619440028138	7.28053150583908	0.997374589473902	0.318641509937369	0.665969106170933	-5.78700280947661
ENSMUSG00000029819	0.0227687575997466	6.71277684949309	0.537298749683491	0.59109039248348	0.841012020284502	-5.78700933672471
ENSMUSG00000039542	0.026029478871715	7.48103651545247	1.36391290141259	0.172669762391095	0.513732090190699	-5.78701611560231
ENSMUSG00000028480	0.0238016873316589	6.76934674787925	0.511825205233044	0.608800881243766	0.85135265021063	-5.78706898451512
ENSMUSG00000037824	-0.0335339188227755	7.01712337297787	-0.571531173831753	0.567670926926027	0.830035420158065	-5.78711311857125
ENSMUSG00000017734	0.0181166910974939	6.86804640475719	0.495189259015734	0.620493037284223	0.857882507703309	-5.7875191699185
ENSMUSG00000036181	0.0262630072200949	7.14996514368862	0.607672517132046	0.543438309617146	0.817347143436972	-5.78762240010341
ENSMUSG00000032257	0.0234004892596325	6.95555215661275	0.502582583785521	0.615284737613866	0.854758119519809	-5.78793129542409
ENSMUSG00000033938	-0.0107444784104036	6.84986511876716	-0.497232802747692	0.619051523148795	0.856859707071323	-5.78801286137882
ENSMUSG00000031813	0.0282782145616238	7.2224090915094	0.83526507942786	0.403617086313516	0.733642640600436	-5.78824875548133
ENSMUSG00000028351	0.0317103357417965	6.958316643544	0.50744649704624	0.611868829508583	0.853468887909194	-5.78833313530485
ENSMUSG00000003541	0.0239504888833233	6.8049376018372	0.520040268511115	0.603063552464478	0.847643510257902	-5.78838569856562
ENSMUSG00000003355	-0.0173351252662224	7.21463441498303	-0.7769218877543	0.437249624793702	0.754668032891553	-5.78845175165997
ENSMUSG00000026197	0.0179637255236473	6.96941136248341	0.500916589331319	0.61645668493643	0.855117631918163	-5.78853123744252
ENSMUSG00000103543	0.0281984690199808	7.05400615856468	0.504593802970649	0.613871248483023	0.854758119519809	-5.78862648538614
ENSMUSG00000011114	0.011898803966262	6.72887019669977	0.541153255472097	0.588431319671871	0.840136889335383	-5.7886577626864
ENSMUSG00000044628	0.0153586914813726	6.96129471838923	0.518429586954422	0.604186519379269	0.848602592949769	-5.78870367095232
ENSMUSG00000042558	-0.0169710443841522	6.90832316730926	-0.502661195371408	0.615229462346225	0.854758119519809	-5.78886641260806
ENSMUSG00000050272	0.0161689165334975	7.37274085635143	1.03600049603851	0.300262937216389	0.652604895558172	-5.78888999453371
ENSMUSG00000039637	0.0117838803241703	6.88436951141334	0.490313337851842	0.623938396365261	0.859865498873776	-5.78905051310988
ENSMUSG00000027281	-0.0262376905414223	6.64719783378983	-0.53920682217923	0.589773396996102	0.840814691532403	-5.78913924054983
ENSMUSG00000030905	-0.0284507636204596	6.71401042734032	-0.522906222683752	0.601067736359981	0.846326344331564	-5.78917855520202
ENSMUSG00000024661	-0.0146428553651656	6.80078270473285	-0.50273561566922	0.615177136170739	0.854758119519809	-5.78919872245967
ENSMUSG00000038039	0.0184026397497972	6.95452014023613	0.497114296969851	0.619135077079875	0.856859707071323	-5.78927296426155
ENSMUSG00000067872	0.0269373310257723	7.49920293958729	1.4180008234748	0.156266431736333	0.497923472928402	-5.7894250491608
ENSMUSG00000031376	0.0166755067716302	7.48770387423771	1.41296806902404	0.15774093115016	0.499723510481117	-5.7895166073996
ENSMUSG00000030701	-0.0280521148881876	6.88201300085143	-0.490113994447575	0.624079429696808	0.859922024261973	-5.78971025073249
ENSMUSG00000022244	0.0195652285886556	6.90008942980922	0.50342310286501	0.614693844866239	0.854758119519809	-5.78972955169419
ENSMUSG00000003038	0.0164044523234139	7.04916481768268	0.498730052219325	0.617996293730809	0.856303990349269	-5.78997919527906
ENSMUSG00000026558	-0.0238826070024345	6.84271922008244	-0.495125598629708	0.620537966738926	0.857882507703309	-5.79000567375289
ENSMUSG00000024486	0.0186534837644938	6.81732237905986	0.487473955036266	0.625948527709252	0.860808258262859	-5.79006430141413
ENSMUSG00000025856	-0.0230502219782949	7.18999580931918	-0.71284711552521	0.475980886264174	0.777418245508935	-5.79008558007817
ENSMUSG00000085998	-0.0239846788183398	7.1878627729027	-0.877442285200524	0.380297804841836	0.715207934372313	-5.79015280412127
ENSMUSG00000025647	-0.0221008258067261	7.0400281242972	-0.533038403598666	0.594035852504995	0.842374028685568	-5.79018727047038
ENSMUSG00000001924	0.014482982275001	7.1073662854306	0.611441763450349	0.540941020888774	0.816741809273748	-5.79032450658029
ENSMUSG00000031107	0.0304487949337471	7.05675822725894	0.507609997218621	0.611754149926996	0.853396724427431	-5.79044890221877
ENSMUSG00000037990	0.0182595905891505	6.79326770400317	0.490787283420478	0.623603140294714	0.859529566069732	-5.79060589382647
ENSMUSG00000084890	0.0250798960860328	6.50942914791737	0.633203483864151	0.526636045919546	0.809592641216142	-5.79095359043932
ENSMUSG00000035478	0.0184237520136863	6.7316436108029	0.515609280534546	0.606155095075136	0.849958711245081	-5.79098796178832
ENSMUSG00000022498	-0.022145538322861	7.16940693064542	-0.798024157365482	0.424902634799095	0.746959219548411	-5.7909930876339
ENSMUSG00000049288	-0.0314121925986113	7.14581933025195	-0.683802318182935	0.494138600502387	0.788551217703786	-5.791069678539
ENSMUSG00000066637	-0.0148163682083631	6.72656398396702	-0.542508561837987	0.587497662216683	0.839955004147821	-5.79108084571475
ENSMUSG00000020895	-0.0300510165624734	6.8436537581781	-0.485745177836016	0.627173774302242	0.861466448905004	-5.79147129696877
ENSMUSG00000020792	0.011456188917264	7.17585877426923	0.74664406455629	0.455321202937052	0.764671027402346	-5.79169239426111
ENSMUSG00000035212	0.0284392697846663	6.74408248065095	0.563266447135123	0.573284227425191	0.833521453665495	-5.79173873745293
ENSMUSG00000037172	0.0124130638110191	7.02223919368837	0.602560396333136	0.546834458143394	0.818324152676639	-5.79182348160823
ENSMUSG00000097885	-0.0285549366440572	7.30763889213633	-1.03369727686703	0.30133860196558	0.653687802471893	-5.79185076816114
ENSMUSG00000055494	-0.0318444746161166	6.8913195342137	-0.486445849167083	0.62667705909266	0.8613238869394	-5.79185140481045
ENSMUSG00000030967	0.0175891481681711	7.14904350237585	0.640145352730516	0.522113834829168	0.806427360744344	-5.79185550475599
ENSMUSG00000039323	-0.026006045903463	6.68725039581792	-0.5340254419731	0.593352849855103	0.841994597180089	-5.79186871775164
ENSMUSG00000029624	0.0148008899051559	6.67472252355351	0.541258202384135	0.58835899827048	0.840123359510392	-5.79188528185205
ENSMUSG00000066043	-0.035448212443451	7.1998339523746	-1.03492487593957	0.30076496139787	0.653120156257936	-5.79189479699321
ENSMUSG00000056019	0.0267057723533641	7.26105677938465	0.885708367982157	0.375826579766166	0.712883418123945	-5.79208995463943
ENSMUSG00000055567	0.0302922738363245	7.48930936512964	1.47542624198333	0.140174681297119	0.476074230718021	-5.79212627045622
ENSMUSG00000038375	-0.0240177500510024	6.54162110441019	-0.626782528411462	0.530836654000254	0.811222054006539	-5.7921497462501
ENSMUSG00000041958	-0.0204364122898468	6.81128777527534	-0.488366376037922	0.625316440657595	0.860278062144665	-5.79216441405622
ENSMUSG00000048000	0.0135074415451752	7.16147576780533	0.682282877986945	0.495098595218705	0.789405069728138	-5.79218347876581
ENSMUSG00000027018	0.0102808724133414	6.82116863310968	0.503013611172612	0.614981690130191	0.854758119519809	-5.7922600994326
ENSMUSG00000026209	0.0166450975665358	6.89445792943448	0.492044653399163	0.622714089381863	0.859138864744001	-5.79233678327474
ENSMUSG00000054675	0.0224297861168443	6.97681367561328	0.531650074540829	0.594997145310487	0.842800702191373	-5.7923925377747
ENSMUSG00000047030	-0.0127931909273471	7.00992453794604	-0.5458694175186	0.585185365078762	0.838771876492003	-5.79253987409114
ENSMUSG00000040009	-0.0298035503971068	6.89322432232119	-0.487428960885933	0.62598040361016	0.860808258262859	-5.79254709094167
ENSMUSG00000031974	0.0328011617138628	7.26262367921171	0.904750277595971	0.365650795554884	0.706799755650572	-5.79258577174553
ENSMUSG00000065499	0.0222976851661905	7.33345899760117	1.03046534155514	0.302852325213696	0.65467882115377	-5.79267928686066
ENSMUSG00000032118	-0.0177108616004436	6.68751988994094	-0.576734462862296	0.564150472287908	0.828036818739126	-5.79279659047153
ENSMUSG00000020048	0.0222871926746819	6.49515926815698	0.670607911835179	0.502508068834756	0.793386302014259	-5.79284181233995
ENSMUSG00000041552	0.0253805191903806	7.39808944088109	1.1737052122359	0.240581216403348	0.591984826668043	-5.79335192179428
ENSMUSG00000015053	0.0435808238839783	7.21968397753883	0.990259710336859	0.322105561270043	0.669185902497585	-5.79341222974525
ENSMUSG00000063524	-0.0273398417148583	6.73898939423485	-0.508875495136619	0.610866847495075	0.853015955940033	-5.79380131480411
ENSMUSG00000050549	0.0186913644016649	6.80748507736253	0.484646995159993	0.627952630760179	0.861687243047461	-5.79380452322626
ENSMUSG00000034271	0.0172009019760839	6.94318625820241	0.483331118575706	0.628886426874028	0.86186618574326	-5.79380589570599
ENSMUSG00000021032	0.0188134742634336	7.34606992095522	1.03929608219954	0.298728268867787	0.651918746681365	-5.79384308945031
ENSMUSG00000044117	0.0327903008093244	6.87875157347585	0.500000613002197	0.617101447511124	0.855687022484415	-5.79386650598772
ENSMUSG00000034928	-0.00983342219024141	7.02810874466026	-0.590272724356477	0.555040315367381	0.82296281110846	-5.79400186791401
ENSMUSG00000032352	0.0190503472238843	6.89268270328397	0.480580300373669	0.630840430163396	0.862473638066425	-5.7946140785355
ENSMUSG00000022807	-0.038732293011531	7.11690881994845	-0.61582286108053	0.538045581130915	0.815649214008538	-5.79467652604104
ENSMUSG00000025473	-0.019532030709021	6.89462450497642	-0.520505399491319	0.602739438122218	0.847599120698175	-5.79518955008001
ENSMUSG00000021668	-0.0221063418095069	7.19840844982656	-0.781407102776845	0.434608159767662	0.753846284504715	-5.79526998631051
ENSMUSG00000025221	0.0174588867609256	6.57173775658232	0.579473784448759	0.562301330311115	0.827054444365776	-5.79550966480322
ENSMUSG00000015341	0.0177925824642786	6.95244671645772	0.480518045772063	0.630884681764913	0.862473638066425	-5.79553411168322
ENSMUSG00000030500	0.0114371645269005	7.09134279175067	0.589664339811112	0.555448160873006	0.823034553564614	-5.79559713844254
ENSMUSG00000031709	0.0146108790806316	6.71651775844155	0.542161961934717	0.587736366269742	0.839996253994779	-5.79569506134774
ENSMUSG00000023915	-0.0162676421059516	6.99534737062352	-0.479328091044741	0.631730775659154	0.862731922676251	-5.79581352568005
ENSMUSG00000029817	0.0236993483073098	6.60531819640263	0.561204144416374	0.574689012225583	0.834017125253704	-5.79601857979424
ENSMUSG00000042766	0.0109595143297998	6.99542884166095	0.549789482325921	0.582493684205006	0.837392574536261	-5.79607896244723
ENSMUSG00000039804	0.0233996021394605	6.80751007776523	0.475373222744632	0.634546270755115	0.864040975110824	-5.79612229447988
ENSMUSG00000051515	-0.0188561568993446	6.88222874287376	-0.474977385025139	0.634828362367341	0.864040975110824	-5.79613794226373
ENSMUSG00000004947	0.0214014917919894	7.00194430660855	0.504210611808459	0.614140445598033	0.854758119519809	-5.79619576221953
ENSMUSG00000041216	0.0130418799262086	7.01421402252682	0.512569831836002	0.608279839738648	0.851089583815953	-5.79656642823388
ENSMUSG00000035486	-0.017462301500883	6.51439529004922	-0.598388173167315	0.549613970839044	0.819647274845993	-5.79658790047472
ENSMUSG00000024952	-0.0201798914598701	6.90115534256301	-0.498871011311129	0.617896989324701	0.856303990349269	-5.79660547523951
ENSMUSG00000028559	0.0218611719797668	7.15807282130599	0.677492094134451	0.498131966043446	0.790550532086743	-5.79666958885341
ENSMUSG00000024451	0.0273157767280932	7.0192688982346	0.555331733279092	0.578698038823707	0.836272738637799	-5.7968361266685
ENSMUSG00000029249	0.0258405076239079	7.18097658236529	0.579371710136491	0.562370181635056	0.827054444365776	-5.7968525132193
ENSMUSG00000026890	-0.0302469579829046	6.88904453288616	-0.473294678407016	0.636028125848792	0.864382867555635	-5.79695606049179
ENSMUSG00000033419	0.0263421094959524	7.04371121356035	0.535721690508477	0.592179934977894	0.841584900997777	-5.797095586775
ENSMUSG00000046157	0.0145212696689709	6.62909875898258	0.597209172220345	0.550400675600127	0.81967540395528	-5.79710885179508
ENSMUSG00000021068	0.0143012643801042	7.06027195230071	0.648756027052469	0.516532376207123	0.802285021951675	-5.79712560007291
ENSMUSG00000029075	0.0175180391108629	7.03673186008185	0.606675164448873	0.544100058071917	0.817367801987953	-5.79726239355935
ENSMUSG00000030751	0.0218647394591622	6.55518466784782	0.63632414623747	0.524600648607189	0.808085790288171	-5.79749004279992
ENSMUSG00000060063	-0.0281262221330154	6.64849285918731	-0.594651769528053	0.552109042012552	0.821408360760033	-5.79753275564733
ENSMUSG00000025366	-0.0160696769852455	6.93066146244255	-0.471271539722003	0.637471881651923	0.864716735511433	-5.79757883482531
ENSMUSG00000037458	0.0195300819254234	7.32049467572579	1.0807538212158	0.279870126323224	0.632727143330762	-5.79760217715544
ENSMUSG00000061518	-0.013470332474232	6.78520569438938	-0.498521084655562	0.618143522339045	0.856303990349269	-5.79764852799135
ENSMUSG00000095087	0.0210860915482778	7.16965360921623	0.68702725749519	0.492104362810877	0.786693898241938	-5.79770134970677
ENSMUSG00000003380	0.0198549774166716	6.76631680498518	0.493278755256753	0.621842025495254	0.858726616461983	-5.79777625914608
ENSMUSG00000029580	0.0103963790511736	7.00135446898174	0.484235146886454	0.62824483001372	0.861715794867578	-5.79779970370982
ENSMUSG00000000290	0.0236224829733267	7.04926243291648	0.491325688164066	0.623222382197948	0.859529566069732	-5.79796219674583
ENSMUSG00000065273	0.051205504842506	7.25113281989652	1.02752217614424	0.304235191924801	0.656008480205116	-5.79813693754074
ENSMUSG00000022332	0.0313117371235565	6.60734177073067	0.584324669462334	0.559034008456525	0.824832200092889	-5.79814613145386
ENSMUSG00000030306	0.027681811741874	6.670518974251	0.531052798088577	0.595410923931516	0.842871235706692	-5.79816805700861
ENSMUSG00000025226	0.0213185675578682	6.81792567172316	0.470029939585968	0.638358596897879	0.865313522969551	-5.79817274127687
ENSMUSG00000031918	-0.015853405134413	6.86502284976326	-0.470268252663524	0.638188360343116	0.865231614305645	-5.79827693462613
ENSMUSG00000026709	0.0358917318377436	6.8810691627681	0.482816214338444	0.62925198433544	0.862105740058598	-5.7983339743642
ENSMUSG00000024074	0.0249658526675507	6.93641217543926	0.469449445816191	0.638773346595546	0.865702622265335	-5.7985569258695
ENSMUSG00000057363	0.0251186722292429	6.57450928425165	0.609438204018074	0.542267751242921	0.816935191004968	-5.79856361981487
ENSMUSG00000020290	-0.0155170245170151	7.4566761142804	-1.32233051829916	0.186131787521731	0.530274170039846	-5.79857457870223
ENSMUSG00000034880	0.0151421096440956	6.56661194886285	0.598361496043759	0.549631765387084	0.819647274845993	-5.79863718453094
ENSMUSG00000029141	-0.0328327949435439	6.60546029860387	-0.602495491380216	0.546877644107014	0.818324152676639	-5.79876129983106
ENSMUSG00000008540	-0.0271528815332953	7.20540620036221	-0.741454933223288	0.458460063824911	0.767144737532413	-5.79900081653924
ENSMUSG00000019820	0.0255267081501689	7.14459966099998	0.666553135497975	0.50509507337558	0.794809540950106	-5.79903099842196
ENSMUSG00000025582	-0.0372869646854603	6.57068926212692	-0.580427775244124	0.561658039940383	0.826634792174523	-5.79924143016299
ENSMUSG00000024610	0.0310777573798307	6.81958087557624	0.549306704249496	0.582824867516039	0.837691037186733	-5.79927005762204
ENSMUSG00000045624	0.0262420168788706	6.76568813848881	0.499655659714898	0.61734433930139	0.855823573849514	-5.79936161939247
ENSMUSG00000083992	-0.0249016006672393	7.10833714014466	-0.619100186013947	0.535884717361659	0.814246889834066	-5.79943748115573
ENSMUSG00000021537	0.0267770501952223	7.33456910119523	1.00004068621806	0.317349765114053	0.665775213695143	-5.79945566411696
ENSMUSG00000068917	-0.019539051562159	7.31881515876242	-1.06364953530637	0.287550059822454	0.640704864998699	-5.79955751652099
ENSMUSG00000038704	0.017530127383286	6.93621857690712	0.466689985695437	0.640746462865331	0.867422919972857	-5.79973081277275
ENSMUSG00000101493	0.0234522750965152	7.22357903365251	0.82454812075458	0.409676094875905	0.738572791525739	-5.79981369026246
ENSMUSG00000025785	0.0133349065114787	6.71287000765593	0.51519136510972	0.606447044332971	0.850090918717089	-5.79981939069772
ENSMUSG00000068854	-0.0190754686986523	7.17498159789969	-0.802435631859243	0.422347462972245	0.746210442455371	-5.79982952877508
ENSMUSG00000032812	-0.0411551081169002	7.12632929945568	-0.758455435608213	0.448221926061718	0.761285687056067	-5.80013706478317
ENSMUSG00000030059	0.0236957583194997	7.08901675212131	0.548489235378473	0.583385847310305	0.837953046928962	-5.8004385776936
ENSMUSG00000041229	-0.0206191564888014	7.17290907294108	-0.701163981122481	0.483240430931315	0.781291023819574	-5.80062691861561
ENSMUSG00000035936	0.0238032623032982	7.24495356285211	0.795877672826475	0.426149161328001	0.74771149016922	-5.80063114697811
ENSMUSG00000055943	0.0303734423311743	7.21402915906165	0.682559335277667	0.494923853098445	0.789290507244536	-5.80074211579664
ENSMUSG00000097592	0.0343483273048113	7.4997682268381	1.39598545206421	0.162794369747816	0.505620153655827	-5.80079772245866
ENSMUSG00000018286	-0.0105956716777991	6.75792637322586	-0.510639900101156	0.60963069076344	0.852170989748811	-5.80087948808688
ENSMUSG00000026322	0.0177666523097058	6.55981194355926	0.608903270081023	0.542622251718185	0.816935191004968	-5.80096166771876
ENSMUSG00000035275	-0.0180453730021588	6.85412996680058	-0.477659508844516	0.632918001173471	0.863289965785706	-5.8010213187356
ENSMUSG00000037979	0.018048454590426	6.42172146660539	0.685455886178622	0.493094995734129	0.787534686319157	-5.80110176648019
ENSMUSG00000031487	0.0161824781217055	7.10899660720346	0.560790668671847	0.574970856653824	0.834017125253704	-5.80120187453984
ENSMUSG00000037966	-0.020422036932664	7.28710948572196	-0.96270620017235	0.335751691441483	0.680929891070157	-5.80136447361545
ENSMUSG00000042599	0.0190222993861164	6.6633416655196	0.503746294442028	0.614466704709278	0.854758119519809	-5.80150899180165
ENSMUSG00000035559	0.0152107274050675	6.98338332353547	0.514279776512836	0.6070840841467	0.8502061783763	-5.80178903044054
ENSMUSG00000051965	0.0276472990215968	7.23459477388535	0.858190449372474	0.390837414939917	0.722845374465659	-5.80185075701962
ENSMUSG00000026626	-0.0165720589290617	6.6393759978532	-0.538733479023606	0.590099983120565	0.84086289367805	-5.80186743868311
ENSMUSG00000062270	0.0196821649881356	6.80091302970745	0.511698660575606	0.608889448759516	0.85135265021063	-5.80189061445178
ENSMUSG00000027765	0.0193161323131967	6.93490075161498	0.464266976369755	0.642481101656278	0.869011795857652	-5.8021254458136
ENSMUSG00000059734	0.010582038953995	6.8215505369779	0.467498644116022	0.640167978164273	0.866864554479409	-5.80214202511427
ENSMUSG00000001774	0.0197256656887976	6.38749640478497	0.674573522448355	0.499984748934666	0.79171838735911	-5.802228488108
ENSMUSG00000024644	-0.0177940126504108	6.83694262557067	-0.474378854552173	0.635255002620445	0.864302909435245	-5.80239261498084
ENSMUSG00000041459	0.0187830704591798	7.4422957141401	1.29902823470115	0.194007200467949	0.540001975763591	-5.80241704984998
ENSMUSG00000022295	0.0352358655546272	6.60964493118957	0.587983559546651	0.556575673581533	0.823535193977782	-5.80243479265243
ENSMUSG00000023805	0.0148531183638703	7.23735467655409	0.855086991033394	0.392552895388561	0.724803507514382	-5.80304635476636
ENSMUSG00000014782	0.0191471837322572	6.87141914761889	0.459889097973743	0.645620182559252	0.871182120207158	-5.80306790396852
ENSMUSG00000009863	0.0127980826763299	6.81512857755667	0.481904929444588	0.629899175936144	0.862161390347216	-5.80308401752411
ENSMUSG00000015850	-0.0258554961974546	6.76981133761178	-0.473251164564245	0.636059163747578	0.864382867555635	-5.80332311637815
ENSMUSG00000029014	0.0186140560924732	6.70923837852695	0.531184056886584	0.595319979764443	0.842871235706692	-5.80333570469139
ENSMUSG00000036501	0.0163242097042984	7.34996167220222	1.07601152060732	0.281985341190853	0.635356711267133	-5.80358087191401
ENSMUSG00000018634	0.0207463118217834	6.70147359461324	0.491740850270247	0.622928849673644	0.859347715087023	-5.80372250530818
ENSMUSG00000014313	-0.00834151961942631	6.77734596986422	-0.479250439027534	0.631786005389644	0.862731922676251	-5.80374129479014
ENSMUSG00000028059	-0.0143014597888396	6.76082454356811	-0.462323650174818	0.643873745583149	0.870258382375295	-5.80385488285207
ENSMUSG00000078670	-0.0287726386806186	6.25572097751803	-0.729128714672487	0.465964530026946	0.770526889436375	-5.80387633287023
ENSMUSG00000010911	0.0209340380614931	6.60908165197782	0.556397160067609	0.577969709009934	0.83578246732924	-5.80399251920415
ENSMUSG00000029623	-0.0207421810815811	6.98046154538166	-0.457696570149666	0.647194677185277	0.872073347521339	-5.80416719711918
ENSMUSG00000002957	0.0336339252280506	7.18783145803696	0.79491832661148	0.426706971150744	0.748017132734877	-5.80429838595408
ENSMUSG00000092229	-0.0436040101445281	7.28824479236079	-1.1430674131738	0.253077264407289	0.605696580762168	-5.80432179434239
ENSMUSG00000003949	-0.0234049369791958	6.46209345155973	-0.620094146603889	0.535230226798141	0.813729418081096	-5.80432595299591
ENSMUSG00000021892	-0.0312146414139169	6.78037518475486	-0.457324480988755	0.647462038364788	0.872073347521339	-5.80436146161956
ENSMUSG00000030254	0.0445792052527967	7.42965571521907	1.25126547202393	0.210908944263396	0.558605873475898	-5.8046336539016
ENSMUSG00000025371	0.0176485241703643	7.10884983371733	0.610609744583825	0.541491775644113	0.816935191004968	-5.80464554153996
ENSMUSG00000020432	-0.0190810539779154	6.67388259371221	-0.487269914335124	0.626093085018684	0.860822436536185	-5.80482254800708
ENSMUSG00000024218	0.0122242516616557	6.98973782856198	0.455475924062654	0.648790975695715	0.872644052423023	-5.80482899476445
ENSMUSG00000020580	0.0181657959492307	6.83358971207114	0.454580789831737	0.649434894984997	0.872876250748616	-5.80484255795021
ENSMUSG00000097745	0.0445905716134725	7.34315918459394	1.04361177000856	0.296726500611673	0.650237254775023	-5.80503271579826
ENSMUSG00000061758	-0.0143671318196699	6.92365792669339	-0.45376177765464	0.650024285137351	0.873093446726635	-5.805297821496
ENSMUSG00000021488	0.0181585730287583	7.53320064011779	1.54257120109434	0.123011933228927	0.449419507064888	-5.80534542130234
ENSMUSG00000079669	0.0278567436461241	7.06616481870728	0.510567681733484	0.609681265714963	0.852170989748811	-5.80543399876542
ENSMUSG00000028345	0.0178860952742985	6.97954894811788	0.519676648864306	0.603316985912512	0.847787445738027	-5.80568133890724
ENSMUSG00000028295	0.0087874815297706	6.98664514653909	0.480809188858151	0.63067774382423	0.862473638066425	-5.80593450778257
ENSMUSG00000030035	0.0273703049986036	6.79432994631562	0.458315374811597	0.646750141747425	0.871894046118285	-5.80593496102708
ENSMUSG00000023027	0.0151427188780229	7.1318177437357	0.655051738538356	0.512471148255795	0.799860648326526	-5.80599763378398
ENSMUSG00000072582	0.0318574957636892	7.20186189151606	0.719276788097375	0.472011340311152	0.773695376720866	-5.80610711783554
ENSMUSG00000023249	-0.0256210523553575	7.12373780309973	-0.582071007203427	0.560550819185262	0.826018382664747	-5.80620750132317
ENSMUSG00000061132	-0.0286036468347515	6.89898015362553	-0.461784725891547	0.644260176284386	0.870267955570759	-5.806264727333
ENSMUSG00000027207	0.0251029683946564	6.7357751231694	0.569965411940305	0.568732349638338	0.83026585347617	-5.80654905324977
ENSMUSG00000046062	0.0197142901002954	6.63234742161653	0.545659224626079	0.585329855492297	0.838890293949742	-5.80691937282737
ENSMUSG00000025576	0.0240938960689814	6.64013269404467	0.551385584543757	0.581399392215481	0.83727002754481	-5.80694499321002
ENSMUSG00000042625	0.0141462413636777	7.09029217261078	0.610028076141454	0.541876977241587	0.816935191004968	-5.80701173878872
ENSMUSG00000042589	0.0120210742110363	7.49651969098448	1.48246590130618	0.138293134604982	0.473120948517372	-5.80720572684237
ENSMUSG00000045087	-0.0262506282966868	7.21141834153671	-0.768027593070953	0.442514970643327	0.757580506151556	-5.80733741862145
ENSMUSG00000043445	0.0201861000934063	6.91452903557996	0.449999796067416	0.652734350233248	0.874483430875729	-5.80738231724847
ENSMUSG00000061808	0.0292117626282442	6.65211488284814	0.554947053490373	0.578961113355687	0.836272738637799	-5.80742570867658
ENSMUSG00000032011	0.0246955319432782	6.81241897571585	0.47911914265213	0.63187939416213	0.862731922676251	-5.80746214518082
ENSMUSG00000029642	-0.0159952107214334	6.57376686365673	-0.606259872150777	0.544375724725244	0.817367801987953	-5.80773429604035
ENSMUSG00000071103	-0.0230322157914999	7.42151511677238	-1.23360251438612	0.217421685545783	0.565797161733152	-5.80783437052053
ENSMUSG00000060477	0.0172000518293656	6.84210329180476	0.450400188825255	0.652445695437444	0.874269493846695	-5.80790279837716
ENSMUSG00000038046	0.0200870352735674	6.85245287973451	0.494589747125312	0.620916209637926	0.857967995339483	-5.80793803218638
ENSMUSG00000030603	0.0109690732523493	6.65171947689752	0.553318367238936	0.580075560209597	0.83687477870541	-5.80800414319813
ENSMUSG00000055013	0.0142658366334771	7.19063948294903	0.7638674808255	0.444990121115193	0.758357316592635	-5.80803236583723
ENSMUSG00000008393	0.0207462131668672	6.96015250431055	0.470615765983704	0.637940151892692	0.865139841824263	-5.80808053779164
ENSMUSG00000025231	0.0100421237470449	7.17442294074946	0.749039840510542	0.453876112447449	0.764599323272037	-5.80821550159858
ENSMUSG00000029430	0.0125546159227108	6.67421818701073	0.55259533169192	0.580570627615867	0.836954427144167	-5.8082398936444
ENSMUSG00000030469	0.0345467547742659	7.40745435940254	1.24828506352527	0.211997876415914	0.559923453204451	-5.80826127642512
ENSMUSG00000032718	-0.0294723995659218	7.17178145631537	-0.710874865743174	0.477202171110922	0.77834853337076	-5.80828709429348
ENSMUSG00000028341	-0.0262299011118472	6.74339035210673	-0.450013743232763	0.652724294440964	0.874483430875729	-5.80836928627056
ENSMUSG00000048174	0.0281736079942894	7.1289661584887	0.541064616895538	0.588492405813404	0.840136889335383	-5.808376650371
ENSMUSG00000038552	-0.0267393366844146	7.20688972301359	-0.80197335739452	0.422614793907179	0.746210442455371	-5.80840946692422
ENSMUSG00000028804	0.0098018278937948	7.27086857226172	0.941441420313089	0.346534095263382	0.690327856586099	-5.80851307301791
ENSMUSG00000028696	-0.0251761590522932	7.13112683882594	-0.682516122314227	0.494951164817307	0.789290507244536	-5.80859524734749
ENSMUSG00000021541	0.0146570841079052	6.97057220176101	0.450946075949706	0.65205223339842	0.874087816928591	-5.80873313512958
ENSMUSG00000003824	0.0279079085882969	7.26637804694944	0.739544168074832	0.459618919659551	0.767555671952556	-5.80875949270723
ENSMUSG00000103520	-0.0321772514333611	7.36354822837288	-1.0005735376757	0.317092006799713	0.665603565287274	-5.80876725509432
ENSMUSG00000027304	0.0320220794918606	6.94366498814793	0.444329016764158	0.656828148862722	0.876676121508248	-5.80886547648185
ENSMUSG00000015747	0.0133683713684905	6.86139915774476	0.444622906389633	0.656615731955498	0.87666464997813	-5.80888002797983
ENSMUSG00000022024	0.021092165629641	6.99976882758703	0.498694368997747	0.618021433345497	0.856303990349269	-5.80910332635582
ENSMUSG00000038781	-0.0239220093092358	6.99938966246695	-0.48626406872265	0.626805909406764	0.8613238869394	-5.80918978519125
ENSMUSG00000030406	0.022660165151188	7.45363617289398	1.27533280157156	0.202263644403257	0.548458098163871	-5.80933845453855
ENSMUSG00000017119	0.0201067867191558	6.77399163246563	0.477342944427757	0.633143349240787	0.863441380761155	-5.8094711375198
ENSMUSG00000087260	0.0197071451599102	6.44032668771816	0.693283380164548	0.488170955225545	0.784661744036507	-5.80956846634576
ENSMUSG00000027411	-0.0229712247362146	7.25614164111813	-0.869667924413848	0.384532755370816	0.718310153942893	-5.80964853157163
ENSMUSG00000036632	-0.0238885284919768	7.23113543615857	-0.859758783914586	0.389972231251544	0.722351873751123	-5.8097998258907
ENSMUSG00000047259	0.0182833290811875	7.00359342335728	0.474084417599361	0.63546492555886	0.864382867555635	-5.80990400087691
ENSMUSG00000021219	-0.0209515996923075	6.67057554513722	-0.546739234005543	0.584587613743222	0.838674301512185	-5.8099690226764
ENSMUSG00000065226	0.035984527422217	7.41580589134377	1.30280605553696	0.192714063429493	0.538846551719685	-5.81021981516578
ENSMUSG00000036898	0.0263708920799068	7.53866078223632	1.52294036846781	0.127850655161217	0.458077799355349	-5.81035528932105
ENSMUSG00000042293	-0.0121107979171224	6.99261425601885	-0.47256540245504	0.636548393978931	0.864382867555635	-5.81045775768653
ENSMUSG00000022214	0.0293550229785611	6.97294327645931	0.503028229295754	0.614971413546597	0.854758119519809	-5.81053053511638
ENSMUSG00000031343	0.0342083834907401	7.35432194442626	1.09644672506642	0.272947645662019	0.626809570238688	-5.81054855505162
ENSMUSG00000020037	-0.0244019764702399	7.19509062041406	-0.793616731551724	0.427464461216315	0.748426375384189	-5.81063801930088
ENSMUSG00000021614	-0.0248320384169469	7.33743079146873	-1.07314310853687	0.283269994320512	0.6368056015582	-5.81071307283411
ENSMUSG00000032606	-0.0252016318762447	7.0947802608626	-0.507858479450462	0.611579881864706	0.853396724427431	-5.81096602462703
ENSMUSG00000075296	-0.0188879432470186	7.23067368748516	-0.809557954986306	0.418241205107985	0.744259648097397	-5.8109860961087
ENSMUSG00000003273	0.0253211065796082	6.51584349591454	0.577064240367418	0.563927705435911	0.828020119916514	-5.81111445270211
ENSMUSG00000021810	-0.0322629285319342	6.72898354605542	-0.514388793658958	0.607007884633176	0.8502061783763	-5.81113106164904
ENSMUSG00000024639	0.0245766485577779	7.15151527748716	0.638910344318872	0.522916905888494	0.807079901028692	-5.81113672610658
ENSMUSG00000041012	0.0340552374744254	7.24551998647931	0.801010982108449	0.423171648556897	0.746210442455371	-5.81113906541532
ENSMUSG00000036199	-0.00670595177958866	6.82177521218738	-0.454318722352018	0.649623464160729	0.872903362447092	-5.81147050861661
ENSMUSG00000006930	0.0136908986764137	7.40441932329582	1.16979044684724	0.242153225478627	0.593397333608113	-5.81158920864426
ENSMUSG00000018008	0.0460077751385191	7.23608667956436	0.820296314931513	0.412094836992381	0.740509805260885	-5.81164039060532
ENSMUSG00000031176	0.0143302345438672	7.15220886769424	0.636298180191229	0.52461756786068	0.808085790288171	-5.81171716425894
ENSMUSG00000028086	0.0290207524094335	7.00020901304526	0.499885175868922	0.617182725540279	0.855687022484415	-5.81171907475801
ENSMUSG00000097908	0.0235544109881536	7.30677755443106	0.966271440594752	0.333965297101451	0.679763023285013	-5.81180284031657
ENSMUSG00000020412	-0.00934905341772385	7.11030509242215	-0.701148286822758	0.483250223170892	0.781291023819574	-5.81193638047633
ENSMUSG00000031826	-0.0105941165547412	6.93837528253933	-0.464724583453785	0.642153349714367	0.868813762554107	-5.81199649669589
ENSMUSG00000060240	-0.0252742761889744	6.84555066780548	-0.447211667378331	0.654745833789018	0.875825214426071	-5.81210732727683
ENSMUSG00000043487	0.0371834646326086	7.18518810992045	0.586162933384641	0.557798256657617	0.824067144396911	-5.81247908318496
ENSMUSG00000028982	0.0145493769300522	6.62891167501514	0.543339664010971	0.586925463376235	0.839550134507622	-5.81276412069744
ENSMUSG00000053317	0.0120323674176097	6.71385405886966	0.488924085793141	0.624921563897518	0.860088411981091	-5.81285525604468
ENSMUSG00000019577	-0.0253452657328364	6.92919674837511	-0.466371643646854	0.640974253068326	0.867644660852672	-5.81297457437549
ENSMUSG00000015837	0.0150367815295978	7.0185055086795	0.458199619403336	0.646833288262925	0.871919439477902	-5.81303365960482
ENSMUSG00000022537	-0.0178643083148335	6.69813261844017	-0.49089940641119	0.623523838977597	0.859529566069732	-5.81315901992206
ENSMUSG00000034059	-0.0237437260221522	7.15383497227757	-0.737416347570224	0.460911345590307	0.767555671952556	-5.81326210320194
ENSMUSG00000060038	0.020388406739384	6.80399158249249	0.446550161621723	0.655223443188737	0.876154761507338	-5.81332742709078
ENSMUSG00000032224	0.0322859091391363	7.32404300756492	1.04689218258231	0.295210947049063	0.648908887822827	-5.81338112269627
ENSMUSG00000039047	0.0389713968295879	7.35268946168684	0.957001424361971	0.338622894512756	0.683090195477451	-5.81342101355528
ENSMUSG00000020024	0.0123516206927716	6.84986472126444	0.439484060384508	0.66033396393981	0.878415216159335	-5.81342431385224
ENSMUSG00000097635	-0.0298613073483134	7.13991569515832	-0.627578374025375	0.530315087494293	0.81112639329909	-5.81346329849812
ENSMUSG00000059363	-0.011794190663486	6.98852358783985	-0.441171165781007	0.659112321281041	0.877651232756664	-5.81355679095137
ENSMUSG00000029512	0.0204648598777499	7.23794630283715	0.935711785983004	0.349476644337331	0.693531080785354	-5.81372336838101
ENSMUSG00000050222	-0.0185621713519186	6.88276383372839	-0.435244377886033	0.663407936505452	0.880252193882836	-5.81381782025448
ENSMUSG00000055239	0.0185912921158211	6.69330431705517	0.533701737939716	0.593576804247769	0.841999283728157	-5.81395134627118
ENSMUSG00000027800	-0.0349892002215739	7.19983068318206	-0.887555173840152	0.374832075374907	0.71238377754424	-5.81395492678088
ENSMUSG00000031585	0.0185923732272881	6.52453726572507	0.615055288727875	0.538552302076516	0.816013870312182	-5.81424317115451
ENSMUSG00000038068	0.0321790558846233	6.93391084562966	0.466808529622974	0.640661647200592	0.867394708682408	-5.81447798525847
ENSMUSG00000028152	0.0394378784420715	6.65827187171008	0.503151524626719	0.614884739573318	0.854758119519809	-5.81448870152229
ENSMUSG00000021288	-0.021130127369247	6.71010564549332	-0.497688355432792	0.618730376077386	0.856625255622238	-5.81471637690946
ENSMUSG00000040675	-0.0274803654326297	7.1372026627406	-0.698763004928372	0.48473973870936	0.781927588033492	-5.81478417832159
ENSMUSG00000030689	-0.0226462268540697	6.68839447081196	-0.475900268664403	0.634170756731214	0.863999830369137	-5.81487805082393
ENSMUSG00000001521	0.027310209639114	7.40844781377347	1.36106746692715	0.173567082877706	0.514590533491348	-5.81492740467612
ENSMUSG00000041417	0.0185308927294559	6.83133186512327	0.431464915831694	0.666153016164681	0.881621013156079	-5.81493408590104
ENSMUSG00000103983	0.0218278808960664	7.32963481534869	1.02553467730881	0.305171401151842	0.656180300588425	-5.81541498073967
ENSMUSG00000026260	-0.0223384380193172	6.72135154502054	-0.500055522291169	0.617062788125023	0.855687022484415	-5.8154722900198
ENSMUSG00000039148	0.00983691987977764	6.85595678281093	0.435272037612955	0.663387863428677	0.880252193882836	-5.81562542199628
ENSMUSG00000004446	0.025024833566313	7.11613062745597	0.535450385446454	0.592367464350823	0.841584900997777	-5.81578826617518
ENSMUSG00000025209	-0.0202861305568058	6.60976478587548	-0.493993868625283	0.62133694170032	0.858286933833209	-5.81604747495827
ENSMUSG00000024799	-0.0244112553895848	7.09409960731487	-0.65053042597135	0.51538606323836	0.801369078534979	-5.81607495213834
ENSMUSG00000038495	-0.0104198382692413	6.84979851603311	-0.426682122274689	0.669633249579749	0.883744969610965	-5.81616146547567
ENSMUSG00000039106	0.0234104136534432	7.26589204690111	0.908390730511846	0.363725149083793	0.705188841881606	-5.81616928431923
ENSMUSG00000047246	-0.0223997695851885	6.71851318279462	-0.49115218204731	0.623345074167772	0.859529566069732	-5.81621254970092
ENSMUSG00000029050	-0.0073622086304086	6.84288207357093	-0.426318666768689	0.669898012077531	0.883744969610965	-5.81636600151364
ENSMUSG00000058173	0.0195794448726234	6.98995250459006	0.428600741608102	0.668236294936266	0.883081777574295	-5.81645165749977
ENSMUSG00000026309	-0.0119789036359021	6.84622039819026	-0.429953751767438	0.66725185295616	0.882135867160622	-5.81651903014735
ENSMUSG00000068134	0.0179884242150781	7.1434226390437	0.62451303196311	0.532325423101693	0.812298040113984	-5.81670788773216
ENSMUSG00000004415	-0.0263637327420625	7.23696228109269	-0.803433240611015	0.421770888893181	0.746210442455371	-5.81679961322347
ENSMUSG00000050229	0.0247601927754424	7.4028472541355	1.13237618825364	0.257542452693718	0.610806450144095	-5.81695475691821
ENSMUSG00000091898	-0.0212183482072836	7.0772850722401	-0.561608063855272	0.574413744976239	0.834017125253704	-5.81712064486145
ENSMUSG00000056201	-0.017664882220803	6.6309508413559	-0.543186896344018	0.587030621783508	0.839550134507622	-5.81719882589382
ENSMUSG00000042292	0.0211128857695391	6.66606321442211	0.475647123787383	0.634351107730213	0.864032789313877	-5.81744242056213
ENSMUSG00000002289	0.0279988214640623	7.24329791202695	0.959796200284504	0.337214324501651	0.681475269614011	-5.81747346107764
ENSMUSG00000005893	0.0132971741978052	7.55887917016676	1.55725155706746	0.119487862565443	0.444937226218698	-5.81760405217342
ENSMUSG00000048572	-0.0200320014154514	6.51309923670874	-0.574993589079199	0.565327145844187	0.829059066056674	-5.81763477925125
ENSMUSG00000027353	0.0358320108852697	7.2748887563659	0.756562138174582	0.449355650348835	0.762119526078326	-5.81791513835086
ENSMUSG00000020994	-0.0237748485988112	7.31910492069899	-0.995699402640186	0.319454910621924	0.666665653212603	-5.81794864753851
ENSMUSG00000048200	0.0337051873126537	6.95199427438796	0.426268846228717	0.669934307505581	0.883744969610965	-5.81798416945267
ENSMUSG00000066621	0.00877070741761177	6.93837583944364	0.441883584043823	0.658596727983878	0.877568003735177	-5.81801918863176
ENSMUSG00000028698	0.0121903391966498	6.93970377938128	0.443731915325374	0.657259805982735	0.876993253568933	-5.81809227300935
ENSMUSG00000081249	-0.0212097811206293	7.34732607148177	-0.982250904972076	0.326034143713316	0.672913825615031	-5.81809927736953
ENSMUSG00000024841	-0.0147244523395447	6.89018059081221	-0.421602665181472	0.673337136991208	0.885220758153551	-5.81821720540229
ENSMUSG00000043311	0.0226268714731956	6.93922894416642	0.423618874911105	0.671865982826866	0.884470239359807	-5.81823948305463
ENSMUSG00000050666	-0.0288147973085513	7.24475826544996	-1.03779790600375	0.299425279786791	0.651936396876396	-5.81834642753803
ENSMUSG00000034327	0.0137035435971606	6.69558617170468	0.472010068944801	0.636944691242183	0.864458605389585	-5.81841320678476
ENSMUSG00000038324	0.0209322891210038	6.97076030448849	0.434054947239227	0.664271352593999	0.88047413863257	-5.81842705879577
ENSMUSG00000064043	0.0135926192631137	7.02516602249061	0.515340829959685	0.606342623274019	0.850060391595068	-5.81851618751489
ENSMUSG00000029165	-0.0331426422630594	7.31611965217049	-1.04725733912938	0.295042565792781	0.648713944458864	-5.81858361486577
ENSMUSG00000059208	0.0175464556467588	6.59833571540614	0.537967673911906	0.590628531627199	0.84086289367805	-5.81859780097464
ENSMUSG00000046240	-0.0307744193771855	7.41006923055386	-1.36732287067833	0.171598990288151	0.513027513569504	-5.81871867773211
ENSMUSG00000025739	-0.0205964799613456	6.96896985133032	-0.440051590155047	0.659922911091466	0.878123381308018	-5.81880469672845
ENSMUSG00000048707	0.0190336538971225	6.82881473704036	0.424724278567872	0.671059943251583	0.884219778762911	-5.81892894936821
ENSMUSG00000063428	-0.0351210244789817	7.35487830272676	-1.09289543103033	0.274503848869315	0.628377789902899	-5.81898500896837
ENSMUSG00000034154	-0.0140060095861578	7.50428706829213	-1.43664351301497	0.150895522736155	0.492380625091886	-5.81905201704248
ENSMUSG00000016831	0.0201668714869871	6.71162434339228	0.509886219680771	0.610158589447008	0.852574477555657	-5.81905682244183
ENSMUSG00000001948	-0.0266611340670098	7.23163034735844	-0.756684057447241	0.449282594964412	0.762119526078326	-5.81909399212733
ENSMUSG00000070167	0.0235405046929671	6.97179505846576	0.55248582931999	0.58064562189984	0.836954427144167	-5.81917413094452
ENSMUSG00000091705	0.0214402808860132	7.17457137182308	0.677021880633806	0.498430222294036	0.790746191652532	-5.8192450076359
ENSMUSG00000057069	0.0119861354291402	6.96504395064819	0.478033738782397	0.632651647554769	0.863013486019474	-5.81925677477814
ENSMUSG00000065746	0.0278104946535036	7.42759004522157	1.2707923470604	0.203874545635726	0.550623723053622	-5.81931530789898
ENSMUSG00000030134	0.0225581242183681	7.02449075642724	0.506183971419722	0.612754689614288	0.854177265246814	-5.81935463221811
ENSMUSG00000030031	0.0265219194181201	7.37195509715553	1.03307723757554	0.301628614853775	0.654003000189907	-5.81936804205729
ENSMUSG00000028195	-0.0159901703500163	6.77476123798555	-0.438257839141426	0.66122244665717	0.878937937149096	-5.81944682795901
ENSMUSG00000025532	0.0315861565073483	6.78325897009585	0.458872305533038	0.646350162961907	0.871614830857125	-5.81948644776801
ENSMUSG00000041438	0.0241572126577179	6.7961355161062	0.440415161205074	0.659659636267046	0.877961702008408	-5.81955621980437
ENSMUSG00000034120	0.0126522573668284	7.31200331548002	0.999462454766475	0.317629630708213	0.665775213695143	-5.81991437672949
ENSMUSG00000099966	-0.028604536717312	7.40874074426711	-1.30087361432576	0.193374738550839	0.539219436857713	-5.81993121504265
ENSMUSG00000026960	0.0170618153926947	6.98761290843158	0.433310720378718	0.66481181899817	0.88074248993328	-5.82007330604855
ENSMUSG00000022443	-0.0138638178421138	7.21769243933024	-0.902641164512138	0.366769334587819	0.707069715788523	-5.82007794661846
ENSMUSG00000004070	0.0229416174371542	6.49093040853373	0.628252049241547	0.529873790308719	0.810865405942559	-5.82009981391613
ENSMUSG00000031976	0.0171278887411539	6.95677520078214	0.453227489396454	0.650408895997862	0.873093446726635	-5.82012645541538
ENSMUSG00000033633	0.0325493149573628	7.33231153297678	1.04332576411727	0.296858881886003	0.650422223757341	-5.82017155751776
ENSMUSG00000038555	0.00725477186338086	6.91998080275322	0.416998305888493	0.676701452614656	0.886630774314088	-5.82019368577583
ENSMUSG00000096199	0.0236113799568969	7.00027258518071	0.423980335229417	0.671602371165603	0.884466726397596	-5.82019871103207
ENSMUSG00000026342	-0.0265891072512838	7.4218485066723	-1.22710654517074	0.219852921008918	0.569827165558958	-5.82024076881829
ENSMUSG00000010064	-0.0313039906626447	7.1716359130528	-0.699242302133215	0.484440236652665	0.781794221085653	-5.82024940306508
ENSMUSG00000057497	-0.0207137270081068	6.4864167568657	-0.623114795592878	0.533243705166876	0.812757954096973	-5.82036709621663
ENSMUSG00000053617	0.015045044496774	7.10112980087239	0.681835218845413	0.495381619892829	0.789405069728138	-5.82043803241278
ENSMUSG00000024921	-0.0268915450013401	6.85065254213264	-0.422664495379285	0.672562202224609	0.884785400520206	-5.82050971380287
ENSMUSG00000024776	0.0243077696877467	7.08379767751221	0.541939169879507	0.587889827298743	0.839996253994779	-5.82051956885197
ENSMUSG00000045613	0.021897010067355	6.71588137527528	0.447582376927152	0.654478242006668	0.875825214426071	-5.82067650433107
ENSMUSG00000020472	0.0210323814268989	7.38961251167982	1.11031730961641	0.266927352770647	0.621662206885313	-5.82076339323889
ENSMUSG00000053907	-0.0246260628923132	7.25150978125945	-0.923904740468357	0.355590220540357	0.698239197355039	-5.82079148129772
ENSMUSG00000074736	-0.0199420078536106	6.77658670956671	-0.422020128088413	0.673032426760757	0.885071467419926	-5.82094363345836
ENSMUSG00000102059	-0.0309444405892698	7.39885147835818	-1.14194731285174	0.253542528196235	0.605791500730134	-5.82095169153463
ENSMUSG00000031255	-0.0370115282544798	7.27003741145817	-0.809074705723574	0.418519068673149	0.744532209581135	-5.82101146954636
ENSMUSG00000074527	-0.0153372241702883	7.03204853909259	-0.532546868395154	0.59437611509152	0.842592154789924	-5.82109612234358
ENSMUSG00000088793	-0.0281818509466545	7.18372600609694	-0.614820815280478	0.538707139910695	0.816109322651953	-5.82113657210388
ENSMUSG00000021114	0.0276220752502345	6.55591524979182	0.577536744031098	0.56360860002837	0.827973024131401	-5.82136494040001
ENSMUSG00000004100	0.0242492110631174	7.37747750095467	1.12729091971004	0.259685390529435	0.612528622964175	-5.82136593090709
ENSMUSG00000028645	-0.0192929845408001	6.94058198186677	-0.454449511018728	0.649529353106091	0.872876250748616	-5.82148587536988
ENSMUSG00000037035	0.0164593068653014	6.85929572034171	0.428552974454041	0.668271060474426	0.883081777574295	-5.82151272877929
ENSMUSG00000015947	-0.0238866778247262	6.72749759664092	-0.467445295028511	0.640206135418374	0.866864554479409	-5.82175675441705
ENSMUSG00000032330	0.0187377505454069	6.58505544438711	0.537813361798144	0.590735062173041	0.84086289367805	-5.82190520993975
ENSMUSG00000073988	-0.0239460671227434	7.52158453219325	-1.46167160483192	0.143907768090272	0.481753461671087	-5.82194789851152
ENSMUSG00000026202	-0.0227453816346701	6.78281410458863	-0.438350503351195	0.661155288282636	0.878937937149096	-5.82202081950436
ENSMUSG00000049176	0.0212942796522153	7.01709811344588	0.473983318137364	0.635537012593142	0.864382867555635	-5.82224021175889
ENSMUSG00000020388	-0.0299390603919827	7.15429814105568	-0.701549125156764	0.483000159455289	0.78124911508738	-5.8222693134371
ENSMUSG00000030092	0.0255206636669056	6.82524964718792	0.485555583145952	0.62730820957494	0.861466448905004	-5.82227676736485
ENSMUSG00000029701	-0.0213958569908783	6.69329566913599	-0.431324255808425	0.666255266322259	0.881621013156079	-5.82230392259579
ENSMUSG00000046364	-0.00753941217869336	6.72291909431355	-0.475154250547867	0.634702313549589	0.864040975110824	-5.82245418640828
ENSMUSG00000076313	0.0247239734336935	7.21432261075478	0.588326438196573	0.556345570742286	0.823535193977782	-5.82253071865747
ENSMUSG00000019659	0.0124019473973993	6.64215646031281	0.525356948846478	0.599363450604999	0.844628382008375	-5.8225639738604
ENSMUSG00000062647	0.00682796042874223	6.99276461636347	0.44253380387472	0.658126290780619	0.877286033861334	-5.82267627482355
ENSMUSG00000051703	0.0178751776316304	6.83158299845124	0.410779867259732	0.681255398536099	0.888901194287128	-5.82274898014663
ENSMUSG00000022996	0.0228276246522849	7.07368840000192	0.502861190841103	0.615088846573974	0.854758119519809	-5.8228208551141
ENSMUSG00000021967	-0.0193889385665047	6.92094483080124	-0.414004347041288	0.678892553458024	0.888162585505434	-5.82313904028757
ENSMUSG00000034445	0.0274702910034286	7.12002781632724	0.6281380844599	0.529948430872321	0.810865405942559	-5.8232365073595
ENSMUSG00000074467	0.0373746452700736	7.3574868935698	0.994876907759251	0.319854776766536	0.666962636634988	-5.82333699116168
ENSMUSG00000041949	0.0168002755102696	7.11389489025121	0.639754895271768	0.52236766337279	0.806543762670343	-5.82335223438858
ENSMUSG00000017376	0.0293479661469247	6.474467970556	0.616353930406703	0.53769513030731	0.815468122236527	-5.82342803797374
ENSMUSG00000032402	-0.0262200837905553	6.650862987218	-0.451536921751764	0.651626475409708	0.873862685816501	-5.82348302051258
ENSMUSG00000041763	0.0192740053053093	7.16498994862866	0.652802589991714	0.513920111109211	0.800888375450423	-5.82348579936327
ENSMUSG00000027804	-0.00795032024662756	6.95684993985732	-0.413561554741614	0.679216837988999	0.888196555695877	-5.82348957147072
ENSMUSG00000028041	-0.0206661829070409	7.39959438730803	-1.26726449691909	0.205132619585959	0.551545947682872	-5.82351288843319
ENSMUSG00000020834	0.0172800077310882	6.64489673101999	0.510465531596759	0.609752805246926	0.852183128908136	-5.8235171873102
ENSMUSG00000032517	-0.0172049720081882	6.97548859505753	-0.426698226667336	0.669621519137042	0.883744969610965	-5.82353004441048
ENSMUSG00000041020	0.0272149024222559	6.97875465541637	0.41395481355614	0.678928826978782	0.888162585505434	-5.82358602504208
ENSMUSG00000025854	0.016208694776199	6.69665493412122	0.504612747197499	0.613857941250602	0.854758119519809	-5.82390644546201
ENSMUSG00000004113	0.011119194924329	7.34160128514664	1.06654493976538	0.286240099641964	0.639961550954082	-5.82397299422404
ENSMUSG00000022195	0.0315007024928624	6.78584618104121	0.456333640887248	0.648174219098754	0.872512516137897	-5.8240030389816
ENSMUSG00000020133	0.0154166219655023	6.89820737876555	0.412152388982465	0.68024925339576	0.888901194287128	-5.82401629246493
ENSMUSG00000002068	-0.0199881830045765	6.77822380103133	-0.441632147767196	0.65877867961136	0.877651232756664	-5.82417398774761
ENSMUSG00000097675	0.0228308054749347	7.09597027125467	0.534133377767339	0.59327818316333	0.841994597180089	-5.82421726240177
ENSMUSG00000090122	-0.0141749135917637	6.98146788343971	-0.410530102510403	0.681438552960511	0.888901194287128	-5.82422444528005
ENSMUSG00000025190	0.0251576727223615	6.53111186790567	0.590794012204355	0.554690973775428	0.82296281110846	-5.82423771554444
ENSMUSG00000057396	0.0177151092796688	7.20280683486593	0.785723878193895	0.432074621444312	0.751516063828348	-5.8244267245975
ENSMUSG00000026848	0.0265358052941247	7.06569894336291	0.576231912308414	0.564490029954648	0.828374913532321	-5.82476117394185
ENSMUSG00000008398	-0.0334088473467018	7.22113062742271	-0.869711690175552	0.384508834242601	0.718310153942893	-5.82498661390425
ENSMUSG00000021647	-0.0327197764470784	6.75813257261873	-0.444465485870066	0.656729508566368	0.87666464997813	-5.82519835253694
ENSMUSG00000040785	0.0197474687337449	7.32655252388183	0.976970915774339	0.328641122978612	0.675313177530165	-5.82527908933858
ENSMUSG00000028820	0.031397642380135	7.1239872066158	0.65908667942669	0.509877078951987	0.79798146559287	-5.82528305216346
ENSMUSG00000050965	-0.0174906737745353	7.00524293352437	-0.459766745218372	0.645708004570124	0.871182120207158	-5.82530928151098
ENSMUSG00000061524	-0.0279588470124406	7.05671031748297	-0.517093950616033	0.605118436517845	0.84920771786657	-5.82537658827557
ENSMUSG00000005936	-0.0180375750160291	6.61929947174994	-0.481639803113596	0.630087521216788	0.862161390347216	-5.82544919243032
ENSMUSG00000058661	0.0256489593119502	7.25029081389148	0.698012891102312	0.485208669369631	0.782051415637579	-5.82550812131192
ENSMUSG00000036450	0.0195061690954592	7.15934776930459	0.701577458929213	0.482982486041106	0.78124911508738	-5.82557394554121
ENSMUSG00000019897	0.0132836648021719	7.20895342103476	0.681009172106927	0.495904100336072	0.789973891711487	-5.82561018346635
ENSMUSG00000020802	0.0134467393066453	7.34238375563021	1.05171895983016	0.292990417989886	0.646361545084871	-5.82567226905173
ENSMUSG00000030545	0.0197291260349655	7.04406854937923	0.416659023624023	0.676949616100597	0.886771294211777	-5.82577694353298
ENSMUSG00000047085	0.0118860866842612	7.08293594470698	0.518661109979387	0.604025043773615	0.848463690787678	-5.82579868307641
ENSMUSG00000011751	0.00814263048733377	6.82391885869628	0.400058668054473	0.689134122759574	0.893370015674958	-5.82602208690108
ENSMUSG00000021306	-0.0339796658047176	7.31318701203991	-1.04200409106219	0.297471147327749	0.651027250277582	-5.82618294914236
ENSMUSG00000030739	-0.0299248709769859	7.0776799528427	-0.554378208658376	0.579350237489336	0.836272738637799	-5.82625703395535
ENSMUSG00000016344	-0.0117736390906273	6.82196316878551	-0.422093917333697	0.672978572856342	0.885071467419926	-5.82629512821343
ENSMUSG00000020180	0.0171453454567327	6.94506565428128	0.399474181281551	0.689564627086476	0.893370015674958	-5.82630097647333
ENSMUSG00000090206	0.0182679665437382	6.99233769927608	0.433547160455523	0.66464009449169	0.880601035973647	-5.82635308289552
ENSMUSG00000043313	0.0198811621517816	7.01712460503044	0.456952343614348	0.64772947970478	0.872333121332605	-5.82649554601244
ENSMUSG00000064068	0.0134833564278063	6.86336437724894	0.40631238953088	0.684534263878053	0.890041061634443	-5.82654871500379
ENSMUSG00000035173	-0.0131903924115679	7.12327264233569	-0.64134294993874	0.521335696790999	0.80609624563916	-5.8265648689031
ENSMUSG00000028847	0.0146096426886553	7.00851843743355	0.407733664926944	0.683490482637303	0.889699432118222	-5.82659508507405
ENSMUSG00000038354	0.0131364871573494	7.22943136741887	0.783203805335131	0.43355262437379	0.753024145690474	-5.82672893829503
ENSMUSG00000020740	0.0109030096187137	6.95778121363386	0.445345405156898	0.65609364390144	0.876478940728915	-5.82683150015266
ENSMUSG00000020456	0.0125584366286526	7.20653746772922	0.760061273064883	0.447261610657201	0.760658920884386	-5.82698688123115
ENSMUSG00000024958	0.0283299712642755	7.22100502124087	0.871462404198112	0.383552690294232	0.717649670763426	-5.82719641396461
ENSMUSG00000025393	0.0142714759137554	6.73981456146346	0.45282580756136	0.650698110621023	0.873145404183441	-5.82730208544221
ENSMUSG00000000409	0.0214430219206871	7.21031666479845	0.52609673405327	0.598849419262503	0.844342806401936	-5.8273791846191
ENSMUSG00000044350	0.0187764020176893	7.28997425968004	0.711806298543104	0.476625182215766	0.777819159785992	-5.82739011986357
ENSMUSG00000024299	-0.0169183613842065	7.38999635951746	-1.22469790980396	0.2207593383606	0.570758030032992	-5.82742881053454
ENSMUSG00000039908	0.0227965598747462	7.32469375712359	1.05611592942727	0.290977405670385	0.644038595512938	-5.8275003724318
ENSMUSG00000021018	-0.015695988325235	6.83093011709723	-0.411573023276648	0.680673895740362	0.888901194287128	-5.82750979428085
ENSMUSG00000015291	0.0185513716903962	6.71831489265522	0.475526621628152	0.634436966140168	0.864040975110824	-5.82757427389931
ENSMUSG00000001229	0.0119437834230354	6.63661427267892	0.476571846903767	0.633692401619366	0.863824812100882	-5.82765372828737
ENSMUSG00000040782	0.0120388336940618	6.9175126848492	0.398053533459288	0.690611425648079	0.894128123466067	-5.82776722483252
ENSMUSG00000020163	-0.00791116302879313	6.84719450410191	-0.39947438100501	0.689564479962778	0.893370015674958	-5.8279121703107
ENSMUSG00000019894	0.0306290217966971	7.2797184361591	0.835038401484361	0.403744684155824	0.733776196753977	-5.82799468735803
ENSMUSG00000004730	0.0260988344320996	7.05972968125666	0.465744329625382	0.641423227692746	0.868165730364206	-5.82808371966272
ENSMUSG00000027574	0.0232529642061374	7.22830859010423	0.798564207975533	0.424589347421586	0.746959219548411	-5.82809666867879
ENSMUSG00000026307	0.0197871002340193	6.88070979506425	0.397860690293822	0.690753567041761	0.894154148810161	-5.82811776460916
ENSMUSG00000020277	0.0187243152237153	6.89516635204524	0.39467455933679	0.693103585214235	0.894961562546506	-5.82830229375681
ENSMUSG00000070871	0.0218232754794832	6.73840657786152	0.434960797261553	0.663613749138316	0.880258414790302	-5.82833681606376
ENSMUSG00000027593	0.0170169485235361	6.56906009400952	0.547682992864505	0.583939369598752	0.838080626430569	-5.82855587870888
ENSMUSG00000097842	-0.0376596992379294	7.23477433435818	-0.889551460643825	0.373758907542994	0.711716751189313	-5.82856941360974
ENSMUSG00000087881	0.0202512751985111	7.14882705691356	0.621569746333508	0.53425933656362	0.812961625716	-5.82870212279497
ENSMUSG00000003363	-0.0244930782576995	7.04556532809377	-0.502661184034257	0.615229470317718	0.854758119519809	-5.82876826648343
ENSMUSG00000050132	0.0127354934428254	7.44202817054937	1.31372282431204	0.189012914438104	0.533993976651765	-5.8287952048078
ENSMUSG00000006169	0.0306337411817248	6.4881154781042	0.579672965665633	0.562166990015658	0.827032712648492	-5.82889600439426
ENSMUSG00000030075	0.0215881273016585	6.93232170047256	0.397757843465678	0.690829378137368	0.894154148810161	-5.82893194579233
ENSMUSG00000039579	-0.0208096727145675	7.43257513629255	-1.23869162903209	0.215530548090333	0.564015281028514	-5.82898176368056
ENSMUSG00000035575	0.018302087859805	6.9070414824891	0.392026685660492	0.695058848160456	0.896035030181874	-5.82900829338834
ENSMUSG00000025722	0.0322977480276734	7.34196897889117	0.957198832387324	0.338523276825942	0.683078918001414	-5.82900854336582
ENSMUSG00000026213	0.0213924454641408	7.29891779749396	0.995107558072642	0.319742610213471	0.666962636634988	-5.82912692515595
ENSMUSG00000002885	0.0270906962189166	7.04753209679802	0.554380216049563	0.579348864096957	0.836272738637799	-5.8291566425475
ENSMUSG00000031990	-0.0370026653573934	7.14824496249399	-0.820935143231499	0.411730884274368	0.740351104640834	-5.82918718437433
ENSMUSG00000060424	0.0177732311472809	6.72897830947758	0.472794119294172	0.636385207234295	0.864382867555635	-5.82923409593977
ENSMUSG00000037622	-0.019656385705904	6.91884948043233	-0.455213205217209	0.648979936611694	0.872644052423023	-5.82931274338393
ENSMUSG00000006315	-0.0115336635546983	6.66728878645805	-0.4731674814413	0.636118855705897	0.864382867555635	-5.82937263188315
ENSMUSG00000044080	-0.00646856681345565	6.9829451035477	-0.420629252979212	0.674047848315092	0.885220758153551	-5.82942235630135
ENSMUSG00000019579	0.014413902489796	6.69342598240807	0.504338554255113	0.614050558464897	0.854758119519809	-5.82948716049214
ENSMUSG00000024789	0.0176412691503067	6.71240903946709	0.426252500274127	0.669946216083604	0.883744969610965	-5.82951549201661
ENSMUSG00000100215	-0.00702081949231026	6.98061848662937	-0.414470015486776	0.678551579434259	0.888120688483392	-5.82952128091957
ENSMUSG00000027968	0.0223923097085326	6.84792925875158	0.435337221705522	0.66334055931559	0.880252193882836	-5.82956197585258
ENSMUSG00000030888	0.0189817600404689	6.93844021254365	0.425086511064585	0.67079589240178	0.884057522927234	-5.82961142730943
ENSMUSG00000074578	-0.0103299212466261	7.08051705759289	-0.505177420137234	0.613461349341936	0.854758119519809	-5.82963618030183
ENSMUSG00000085501	-0.0333244524656049	7.40046721768939	-1.1366270824358	0.255760562948285	0.608885287524644	-5.829701997723
ENSMUSG00000078716	0.0235677220167556	7.35980508893618	1.12807008600503	0.259356250203581	0.612284875545909	-5.82970287356259
ENSMUSG00000037432	-0.0153997408309836	6.64604028538778	-0.438225983499206	0.661245534660037	0.878937937149096	-5.829705685572
ENSMUSG00000025025	0.0214377011466675	6.55611969234493	0.523541903926168	0.600625460198569	0.84579144052474	-5.82982165036103
ENSMUSG00000040390	0.0156071907331192	6.81847840181392	0.389644256360222	0.69681983588175	0.896439079166157	-5.82984472955459
ENSMUSG00000042229	0.0197816118587131	6.58882131289581	0.492981286172721	0.622052180087588	0.858749970229866	-5.82987705541964
ENSMUSG00000027566	0.00752857922114636	6.90038598359732	0.390954217346439	0.695851366926165	0.896035030181874	-5.82988653529914
ENSMUSG00000055148	0.025701557119949	6.66907945049583	0.471716727999456	0.637154067241342	0.864458605389585	-5.8299277994467
ENSMUSG00000048118	0.0241547003898965	6.94144679898505	0.389479315777901	0.696941813402242	0.896439079166157	-5.82995321950988
ENSMUSG00000038550	0.0236299174925421	7.12064762466641	0.564304620086716	0.5725776690984	0.832940776570397	-5.83016041924049
ENSMUSG00000067924	0.00921476499294815	6.80636785140764	0.418247631124409	0.675787953232168	0.886329508523264	-5.83019791581541
ENSMUSG00000007659	-0.0170531431950582	6.75739595583271	-0.401079583490793	0.688382408025649	0.892606033666005	-5.83027372308361
ENSMUSG00000029458	0.0192210950139549	7.14479817140589	0.685113537540797	0.493310962823182	0.787739589196535	-5.83032743081208
ENSMUSG00000062488	0.0174871539093688	6.8797735810476	0.402613405279742	0.687253611775258	0.891678613981952	-5.83032754749308
ENSMUSG00000039615	-0.00920495864138893	6.93815849215974	-0.393930923716928	0.693652500481344	0.895329455590828	-5.83049692343858
ENSMUSG00000079083	0.0213394990579197	7.30177720154319	0.945031398383504	0.344698468179001	0.68921775197538	-5.83059258500121
ENSMUSG00000028414	0.0221963244782755	7.13053209812524	0.622391312682625	0.533719161904104	0.812757954096973	-5.83063886278683
ENSMUSG00000074166	0.0275412481703343	7.35437801205296	1.12705978543424	0.259783083341564	0.612545920686074	-5.83067578429698
ENSMUSG00000028261	0.0159991011814755	6.63351648178308	0.490950573088692	0.623487651731372	0.859529566069732	-5.83069190824078
ENSMUSG00000029326	0.0160495142573485	6.41594174680358	0.635594605866886	0.525076117268272	0.80844330377377	-5.83078762893264
ENSMUSG00000022403	0.016870001459333	6.49532315830284	0.594428866319285	0.552258066529843	0.821532814484555	-5.83096513661817
ENSMUSG00000054823	0.00921530648142355	7.22802349001425	0.805568409007528	0.420538408048283	0.745570659866627	-5.83111805217639
ENSMUSG00000002346	0.0136038678844326	6.49593742447668	0.54309971895173	0.587090634700307	0.839550134507622	-5.83115942475108
ENSMUSG00000033712	-0.00787086435969631	7.29588338686014	-0.943898629390028	0.345277004204487	0.689672866651064	-5.83134695758468
ENSMUSG00000024816	-0.0180057104988638	6.94413076501127	-0.410226859071066	0.681660948969874	0.888901194287128	-5.83139301415068
ENSMUSG00000030276	0.0172647689480714	6.72862211167033	0.428369380243251	0.668404689285526	0.883172281194149	-5.83141981868664
ENSMUSG00000059409	0.0173901419608171	6.43385729138278	0.62813385742975	0.529951199443651	0.810865405942559	-5.83147293135016
ENSMUSG00000031144	0.0182766851517551	6.93805012064858	0.391343663975928	0.695563540211533	0.896035030181874	-5.83150211758498
ENSMUSG00000024370	-0.01522443867806	7.47533174384693	-1.33642323312028	0.181485048996829	0.523526445595533	-5.83153607744502
ENSMUSG00000004085	0.0204698971483346	7.4587795859613	1.42082176667083	0.155444537082054	0.49683246989708	-5.83166632014385
ENSMUSG00000052139	-0.0131190623415041	6.86309390226261	-0.392809263287298	0.694480759298756	0.895874439297003	-5.83170450534701
ENSMUSG00000027452	0.040931052538383	7.33753433976854	0.88043068086357	0.378677584884658	0.714622745997278	-5.83199066669962
ENSMUSG00000002820	-0.0181935697883624	6.59194984887716	-0.489957660999296	0.624190043586263	0.859950067162134	-5.83208339038246
ENSMUSG00000055407	-0.0109905192986144	6.60495648459337	-0.530119156803278	0.596057990913175	0.843037162612228	-5.8321960414553
ENSMUSG00000044475	0.0181743159857746	7.03741826454488	0.407882861429799	0.683380948130693	0.889694535697708	-5.83223481055061
ENSMUSG00000035431	0.0197561609896573	7.35983471747448	1.08905261662859	0.276194615443224	0.629902389856276	-5.8322837719438
ENSMUSG00000018906	0.0224232806669864	6.4685543176858	0.534009276323027	0.593364033129629	0.841994597180089	-5.83229400761351
ENSMUSG00000102869	0.021529989028771	7.37183469792761	1.07201253349176	0.283777424087434	0.637074609328988	-5.83232282076512
ENSMUSG00000036678	-0.0371481902683728	7.24735666331441	-0.73238720165104	0.463974083029183	0.769343485861241	-5.8324578722457
ENSMUSG00000008036	-0.0100928581871642	6.85787994935902	-0.390054732847762	0.696516312706537	0.896295384175705	-5.83248038385853
ENSMUSG00000026344	-0.0297836077439042	7.02838044215861	-0.4298944501507	0.667294988464327	0.882135867160622	-5.83254186199435
ENSMUSG00000004561	-0.0223919587989343	7.25258645024636	-0.861801134561521	0.388847300770142	0.721921930597696	-5.8326397635801
ENSMUSG00000000782	-0.00912808684023059	6.85417533326265	-0.383967493349452	0.701022428084095	0.898704320385911	-5.8326965516861
ENSMUSG00000046032	-0.0238102599064582	7.11649857980242	-0.564169149685587	0.57266984388984	0.83298548905251	-5.83273788281082
ENSMUSG00000029049	-0.0163915562276884	7.50689663822263	-1.50971618543051	0.131192826020617	0.463197217945358	-5.83297892963207
ENSMUSG00000074785	0.0153802707914288	7.16000416243612	0.582301001961047	0.560395931584386	0.825942824265802	-5.83302487720949
ENSMUSG00000028974	-0.0147838788011869	6.74857418715125	-0.388618922633624	0.697578221803071	0.896635165007306	-5.83303842698542
ENSMUSG00000036513	0.0140159928514798	6.81181737764628	0.410816053257982	0.681228864621899	0.888901194287128	-5.83308629314476
ENSMUSG00000098424	0.0194421515174215	7.02987428542634	0.405485658951578	0.685141690364043	0.890447760540231	-5.83310275573416
ENSMUSG00000029651	0.0154165907942261	7.13262792552034	0.5624004403207	0.573873929400886	0.833972792840951	-5.83311694445783
ENSMUSG00000053819	0.0318883447156173	7.52815699045531	1.40539229443223	0.159980334735836	0.501621965390487	-5.8331409970408
ENSMUSG00000027425	0.0203785192738755	6.81813226196743	0.383483790515449	0.701380946194173	0.898704320385911	-5.83323347715284
ENSMUSG00000022635	0.00943855303955665	7.05528489707467	0.502037038233182	0.615668394878012	0.854865637071217	-5.83324435451452
ENSMUSG00000079484	-0.030459212797596	7.29061660104856	-1.04170698457152	0.29760889815284	0.651060083230725	-5.83352904155583
ENSMUSG00000051853	0.0299839227019438	7.12838477014523	0.686691567902799	0.49231590042078	0.786753769201431	-5.83361686365382
ENSMUSG00000037447	-0.0188207988923637	6.88800000015958	-0.39224144329426	0.69490018935844	0.896035030181874	-5.83372172474842
ENSMUSG00000054381	-0.0294867250990078	7.15159184373659	-0.69720248361839	0.485715568394866	0.78247762313422	-5.8337359132275
ENSMUSG00000054720	-0.0134204137728293	6.74359926686727	-0.392052376074959	0.69503986787356	0.896035030181874	-5.83375678366307
ENSMUSG00000026491	0.0123700366539765	6.80555029284823	0.38183246878948	0.702605398329968	0.898761181217268	-5.83383879877231
ENSMUSG00000025269	0.0139732922713565	7.1624300964541	0.615714723645305	0.538116954704195	0.815649214008538	-5.83389671361909
ENSMUSG00000036057	0.00789146738402824	7.37716362993989	1.16871216778872	0.242587485005993	0.59346826447334	-5.83389757060077
ENSMUSG00000089979	-0.0203994536198495	7.37263442500482	-1.1382255850564	0.25509272509805	0.608042750857833	-5.83395588373906
ENSMUSG00000025453	0.0172315121502464	6.87722847282106	0.378233714823757	0.70527654020574	0.900363883400742	-5.8340145828029
ENSMUSG00000020000	0.0263065983662445	6.86114129595046	0.379889361555048	0.704047197940111	0.899837095557317	-5.83402055769893
ENSMUSG00000044501	0.0180982235819425	7.29580118795294	0.932382282339568	0.351193834077255	0.694680716154346	-5.83411553886274
ENSMUSG00000026643	0.022737608455234	7.38514796016984	1.20523008512169	0.228183965769738	0.578631671085779	-5.8341561953203
ENSMUSG00000033809	-0.0273086449986097	7.04038779194928	-0.507612599272607	0.611752324914353	0.853396724427431	-5.83430133683033
ENSMUSG00000039634	0.0228710078313332	6.97850336232459	0.535685902082292	0.592204670814717	0.841584900997777	-5.83438473382689
ENSMUSG00000047867	-0.0171997624673415	6.72839277771381	-0.411260890927486	0.680902713117439	0.888901194287128	-5.83440854871165
ENSMUSG00000000552	-0.00886586713563542	6.82588194179795	-0.384629820947148	0.700531622233874	0.898647718255924	-5.83441403877055
ENSMUSG00000064767	0.0342700859512091	7.28955062283418	0.975261969703378	0.329487798429522	0.676006152333192	-5.83441730313862
ENSMUSG00000055835	0.0287338557653083	7.14070931287982	0.553415962221967	0.58000875142118	0.83687477870541	-5.83450226969477
ENSMUSG00000028223	-0.0229797683084705	7.23032469316261	-0.72611261398468	0.467811135490131	0.771697697405425	-5.83454292933483
ENSMUSG00000032458	0.0312538516035223	6.75261182383412	0.443006992522624	0.657784021592779	0.877261043159049	-5.83478053255055
ENSMUSG00000024829	0.0178546402770525	6.67758831385936	0.485205390025194	0.627556552385196	0.861611315163391	-5.83481822201447
ENSMUSG00000028958	0.0110998377431022	6.68199880359683	0.500010932504113	0.617094181890595	0.855687022484415	-5.83482930920849
ENSMUSG00000002221	-0.0299487699793328	7.45093896183816	-1.38259560311902	0.166864110328246	0.509422113900104	-5.83490325983121
ENSMUSG00000031925	0.0450113625300128	7.37085485658401	1.09671797457891	0.272829030772298	0.626809570238688	-5.83499428429486
ENSMUSG00000029151	-0.0250423843619707	7.04219469409847	-0.502578134577904	0.615287866112973	0.854758119519809	-5.83505833754794
ENSMUSG00000069678	0.0162774515659727	6.71396161770277	0.405854209968987	0.68487087847506	0.890181130319707	-5.83506418523717
ENSMUSG00000068762	-0.0188789647398897	7.10250484654624	-0.486250505191517	0.626815524017856	0.8613238869394	-5.83516639840838
ENSMUSG00000020328	-0.00671569623837076	7.12915421316827	-0.585206800327191	0.558440840181191	0.824618158721117	-5.83523538634126
ENSMUSG00000014773	-0.014438551492943	6.85346100189679	-0.37489079118414	0.707761055273177	0.901196201945901	-5.83534832213668
ENSMUSG00000026600	0.0306152244727214	6.98900500677291	0.545303077929615	0.585574715037356	0.83906383285526	-5.83537443925759
ENSMUSG00000053289	-0.0435793564010938	6.65676397525319	-0.543900972037885	0.586539159094092	0.839296911954378	-5.83549720016594
ENSMUSG00000016256	0.0088685609337702	6.85840569269124	0.379275332782352	0.704503033373773	0.900080298386884	-5.8356681371185
ENSMUSG00000037712	-0.0271139503351394	7.16354267532155	-0.767804747401244	0.442647357575713	0.757580506151556	-5.83566923110722
ENSMUSG00000026946	0.0130061764416878	6.8956698693981	0.382895978108686	0.701816719329545	0.898704320385911	-5.83578687887776
ENSMUSG00000073591	0.010807584865268	7.13249331366632	0.67759920074619	0.498064041643575	0.790535270030858	-5.83583114374452
ENSMUSG00000061950	-0.0372383516944312	7.25225077053113	-1.00966446241042	0.312715585130734	0.661909793771909	-5.83592867626106
ENSMUSG00000020402	0.0267741720830807	6.53957405265136	0.576811821197965	0.564098212423193	0.828036818739126	-5.8361769877822
ENSMUSG00000055707	0.0208383072201963	7.08157899526596	0.571303024875002	0.567825528984073	0.830035420158065	-5.83618168776332
ENSMUSG00000032312	-0.0247668402210008	6.88998966395737	-0.404142265737115	0.68612916037251	0.891127723037398	-5.83618267521106
ENSMUSG00000056515	-0.0283117235273584	7.01142756669106	-0.532700837578697	0.594269521170824	0.842592154789924	-5.83619658431588
ENSMUSG00000025184	0.0235251354782298	6.85432485059399	0.42960068151043	0.667508689574438	0.882332340182336	-5.8362863459212
ENSMUSG00000037984	-0.027734163529253	7.09330075709122	-0.585392581141059	0.558315955238133	0.824580361777626	-5.83637490320508
ENSMUSG00000038546	0.0138294443403817	6.74315737147483	0.399668053416662	0.689421819217534	0.893370015674958	-5.83639184157062
ENSMUSG00000028793	0.036366121456215	6.6512701044699	0.540151709318904	0.589121715431924	0.840739935826395	-5.83639231114283
ENSMUSG00000022770	0.0168781629297774	6.68976730640931	0.45544651690578	0.648812125712744	0.872644052423023	-5.83656449635686
ENSMUSG00000028098	0.0159006393243724	6.80802065795067	0.413587376078609	0.679197925775365	0.888196555695877	-5.83675029293544
ENSMUSG00000047810	0.0290658987572847	7.36150373166205	1.17096165173224	0.241682161718426	0.593180077584798	-5.83678148176677
ENSMUSG00000028861	-0.0113141349440076	7.30284865984033	-0.945026538665347	0.344700948847572	0.68921775197538	-5.83693376964808
ENSMUSG00000039886	-0.0185604339831942	6.68853394481042	-0.420697718152889	0.673997850744576	0.885220758153551	-5.83736726025538
ENSMUSG00000021413	-0.022782519933302	7.36454028724263	-1.14823419058924	0.250938807645281	0.603013288993211	-5.83740921581184
ENSMUSG00000051730	0.0187168346143727	7.07791949438094	0.426720347140394	0.669605406711632	0.883744969610965	-5.83764704474382
ENSMUSG00000042709	0.0314270054035237	7.29329756984575	0.810056163287211	0.417954854035644	0.743947899903326	-5.8376678123015
ENSMUSG00000059291	-0.00578699260061022	7.02351332313718	-0.435161815979821	0.663467854350841	0.880252193882836	-5.83787975648655
ENSMUSG00000030357	0.0156302618344037	6.4623630527782	0.610747992517066	0.541400243048977	0.816935191004968	-5.83800771506214
ENSMUSG00000061086	-0.0289581108943127	6.82259404730772	-0.406046824904626	0.684729360823446	0.890082519083824	-5.83805975522906
ENSMUSG00000031422	0.0128918986804685	7.11701301425879	0.51184501927837	0.608787014083574	0.85135265021063	-5.83814089901881
ENSMUSG00000047658	0.0251094935837219	6.94927509807927	0.398138294105603	0.690548953479835	0.894128123466067	-5.83815279987818
ENSMUSG00000027175	-0.0116610462510005	7.26204938225138	-0.874155121586595	0.38208492134707	0.716819828471697	-5.83824432102796
ENSMUSG00000055676	0.0342035020726676	7.22926596366043	0.662350734641697	0.507783653543906	0.796841098281448	-5.83838203769615
ENSMUSG00000035929	-0.0233146066058696	6.95624276218548	-0.366324480535771	0.714141843641926	0.904421861914324	-5.83850382951642
ENSMUSG00000002379	0.0058445141800556	6.87345727839588	0.366016181088068	0.714371863050634	0.904421861914324	-5.83857571063363
ENSMUSG00000022075	0.0176460132134171	6.33700823199584	0.649571307523731	0.516005517359707	0.801834132305204	-5.83866037317808
ENSMUSG00000000530	-0.0223515273720301	6.98305164781043	-0.480378852998608	0.63098362708223	0.862473638066425	-5.83875105755569
ENSMUSG00000054423	0.015948916953854	6.93460027567575	0.368002372287977	0.712890439876654	0.903858764519701	-5.83890651906621
ENSMUSG00000037465	0.0231496729664515	6.80096952425738	0.380704758773237	0.703442037369213	0.899402785991304	-5.83907396445337
ENSMUSG00000027489	-0.0230578695140622	6.73669853388516	-0.382396255189003	0.702187264725948	0.898704320385911	-5.83919347239467
ENSMUSG00000058317	0.0166871747113824	6.9101453854902	0.367137013311354	0.713535744864599	0.904073959499492	-5.8392679067926
ENSMUSG00000005338	0.0158588345529296	6.87147479030116	0.365604130944922	0.714679330443379	0.904604414502451	-5.83932902045833
ENSMUSG00000051439	-0.0138111063054138	6.64773088769275	-0.449736423218851	0.652924251754763	0.87456500743836	-5.83933230159954
ENSMUSG00000038264	-0.0196417678628702	6.69016841789458	-0.383144738534668	0.701632289479642	0.898704320385911	-5.83933777004739
ENSMUSG00000035770	-0.0171122117788149	6.77684474787461	-0.387389620525577	0.698487870948763	0.896959514522005	-5.83961328175748
ENSMUSG00000034041	0.0268117538724342	7.29333088335603	0.940595353698463	0.346967610929451	0.690370834896022	-5.83966499005708
ENSMUSG00000061079	0.0192009709860246	6.92633517989093	0.36323525794508	0.716447855497639	0.90552810896215	-5.83971206776774
ENSMUSG00000068749	0.0226133483078144	6.45972333826512	0.608624043031479	0.542807341241925	0.816935191004968	-5.83980187210808
ENSMUSG00000041740	-0.0212223592784344	6.9789653553689	-0.435193510711117	0.663444852204681	0.880252193882836	-5.8398248950036
ENSMUSG00000020527	-0.0115090163888096	7.35586082349232	-1.07682611965289	0.281621234960218	0.63499429628981	-5.84002308015342
ENSMUSG00000059456	0.0187633539181924	6.83451050150689	0.360780614526052	0.718282020318826	0.906409868901958	-5.84008220634414
ENSMUSG00000080406	0.0198497453747324	7.43494817797668	1.27559792814572	0.202169868102332	0.548458098163871	-5.84011769326561
ENSMUSG00000009394	0.0212257692877786	7.09369585536943	0.52354728317575	0.60062171820562	0.84579144052474	-5.84028595809835
ENSMUSG00000013593	0.025053251691622	6.46538071702572	0.588439153024186	0.556269938952306	0.823535193977782	-5.84052673324705
ENSMUSG00000000275	0.0262113560290569	7.28197411139374	0.839389986631913	0.40129938264542	0.732140967559959	-5.84062720966383
ENSMUSG00000028053	0.0185322911233632	7.44755155144217	1.30163227686989	0.193115164095438	0.538846551719685	-5.84064568555757
ENSMUSG00000047675	0.0042111197618997	6.93986727192011	0.36331823957741	0.716385878270261	0.90552810896215	-5.84065875586294
ENSMUSG00000038683	-0.0192247136778247	6.7039063282065	-0.433068339777376	0.664987876325959	0.880803597814317	-5.84069688993896
ENSMUSG00000038497	-0.021198353393129	7.02280136152609	-0.471726385453133	0.637147173643993	0.864458605389585	-5.84074791704469
ENSMUSG00000040433	0.0231418169286002	6.86007877227152	0.360659294246864	0.718372715793832	0.906418481308127	-5.84081558586569
ENSMUSG00000078519	0.0458841862379353	7.20159877019246	0.606997494318489	0.543886146772311	0.817367801987953	-5.84083755849085
ENSMUSG00000020427	0.0170714264359981	7.10546177842867	0.549969824785605	0.582369992742215	0.837349115635978	-5.84111364017506
ENSMUSG00000024516	-0.00932381277385819	6.77399906313384	-0.412002587223159	0.680359039910245	0.888901194287128	-5.84113169920225
ENSMUSG00000022948	0.0365886454215065	7.18336017316161	0.854915854391358	0.392647626251262	0.724876655163624	-5.84119993737568
ENSMUSG00000031574	0.0193894353703685	6.90159302051013	0.359875297539872	0.718958904343858	0.906588990429132	-5.84129068692929
ENSMUSG00000059173	0.0290318634358178	7.05294433440617	0.456034106801662	0.648389577018297	0.872629132937668	-5.84130115292315
ENSMUSG00000009030	0.0118234165328941	6.85646096513112	0.360573039858347	0.718437199453879	0.906418481308127	-5.84132374853266
ENSMUSG00000061322	0.0355532687782851	7.19605168120187	0.652535523366078	0.514092304226271	0.801064643224891	-5.84132998950956
ENSMUSG00000051335	-0.0153107986523473	6.82811951734503	-0.368533348767791	0.712494588253639	0.903817517547047	-5.84139718398571
ENSMUSG00000089847	-0.00993256164201828	7.14642658631262	-0.616147650954722	0.537831239787507	0.815468122236527	-5.84146121874509
ENSMUSG00000097103	-0.032992654472185	7.42718812248613	-1.36458532925419	0.172458217126225	0.513717267174355	-5.84155738135029
ENSMUSG00000018481	0.0199971685891231	7.15242718622564	0.527149818800763	0.598118040427694	0.84430272359935	-5.84172575033514
ENSMUSG00000024096	0.0276877378088116	6.66207068620687	0.496251671713433	0.619743429740596	0.857396063308469	-5.84173371742982
ENSMUSG00000030443	-0.0261907587606451	7.3212702976546	-0.929221607751442	0.352828890360497	0.695905454685427	-5.84173921719247
ENSMUSG00000025730	0.0232144341712957	6.89634955058907	0.443948817186683	0.657102989852449	0.876873780720219	-5.84196539078867
ENSMUSG00000044224	-0.0151335521867733	6.80227779463753	-0.37666960175423	0.706438624962387	0.900736570296579	-5.84196751252337
ENSMUSG00000021497	0.015873301166458	6.46998715850877	0.607742259376367	0.543392050288039	0.817347143436972	-5.84197201661611
ENSMUSG00000034334	0.0133489276990613	6.96869443280891	0.415684468523748	0.677662636506326	0.887526646042447	-5.84197300028803
ENSMUSG00000026820	0.0156528390521649	6.80015728349655	0.38776169461054	0.698212500753154	0.89686073758515	-5.84201438413383
ENSMUSG00000001376	0.0299062919065864	7.29249831940367	0.878952591905042	0.379478429178654	0.714714713158638	-5.84205666175528
ENSMUSG00000036814	-0.0178206585986027	6.95242314879531	-0.440753476622399	0.659414687820279	0.877881415697893	-5.84215002335301
ENSMUSG00000030714	0.0150872726293514	6.80066367753032	0.374367982018297	0.708149897923313	0.901342125051097	-5.84219841102486
ENSMUSG00000087893	-0.0303456964863837	7.04569204498861	-0.455598336896127	0.648702937808003	0.872644052423023	-5.84229390191745
ENSMUSG00000017721	0.00908343504004794	7.12212796103031	0.584630806095262	0.558828119363448	0.824618158721117	-5.84234635909388
ENSMUSG00000049550	0.0212709972683935	6.75507249661509	0.402195895651682	0.687560803623229	0.89188187672443	-5.84239750009848
ENSMUSG00000072623	0.0302338052292104	7.30384851589419	0.854277513457965	0.393001095341007	0.725137295949016	-5.84240898879013
ENSMUSG00000039449	0.0158368982456256	6.67704601228475	0.435672843343239	0.663097019861382	0.880252193882836	-5.84242559794668
ENSMUSG00000052374	0.0120524224188419	6.78883375552182	0.370499282697172	0.711029627622717	0.90311259732581	-5.84245488168632
ENSMUSG00000032044	0.0125077526837227	6.65653209131708	0.488843702369637	0.624978471352914	0.860088411981091	-5.84260347707287
ENSMUSG00000048930	0.0148624194104805	6.78703839376787	0.37820703542676	0.70529635636757	0.900363883400742	-5.84272242595554
ENSMUSG00000018415	0.0165331525623245	6.69760201806799	0.366227460511876	0.714214226596957	0.904421861914324	-5.84285251875238
ENSMUSG00000044968	0.0221714978864389	6.81504532461939	0.38182791754967	0.702608774134963	0.898761181217268	-5.84288832015716
ENSMUSG00000039830	-0.0300341014453638	7.03319722063306	-0.474526401244594	0.635149818173521	0.864302909435245	-5.84301851105366
ENSMUSG00000074220	0.0137390949852527	7.33778656557144	0.973255404550454	0.330483728115626	0.677047202446609	-5.84303703980863
ENSMUSG00000028851	-0.0111196623034298	6.53577938913367	-0.536742706934813	0.591474440358174	0.841205335400832	-5.84308399285971
ENSMUSG00000026825	0.0179502843786645	7.12667444504079	0.594124461649094	0.552461611692947	0.821662410194491	-5.84310524329813
ENSMUSG00000001415	0.00444454245296022	7.06773131827571	0.484380712943361	0.628141546742315	0.861715794867578	-5.84311106199834
ENSMUSG00000025102	-0.0099669048070572	7.04376521480809	-0.434326054951878	0.664074514318974	0.88047413863257	-5.84315393736364
ENSMUSG00000053024	0.0152512892069829	6.90320702207497	0.355046182357402	0.722573234326233	0.907453476096988	-5.84315905775511
ENSMUSG00000013523	-0.0157310643344637	6.9556951862509	-0.359066951830911	0.719563471693079	0.906749625482283	-5.84320406495961
ENSMUSG00000037032	-0.0224467787180354	6.95519771600235	-0.405191975996008	0.685357518062396	0.890557526345597	-5.84333112126161
ENSMUSG00000003360	0.0140640368443572	6.7314505419311	0.376716660387027	0.706403651933583	0.900736570296579	-5.84342389001757
ENSMUSG00000063600	-0.0166621395054865	6.97514669075634	-0.357479399114902	0.720751323943051	0.906949060175152	-5.84346654260768
ENSMUSG00000045211	0.0185862214639902	7.07684549666273	0.434344876928112	0.664060849447417	0.88047413863257	-5.84346990591261
ENSMUSG00000030638	0.018732389384029	6.86063386214271	0.396724187185841	0.691591485446442	0.894379895453339	-5.84349423323588
ENSMUSG00000091041	-0.0242687919245244	7.36483103005227	-0.998195083551315	0.318243607736772	0.665879731516663	-5.84356466179689
ENSMUSG00000051978	0.0217502749645417	7.12838172312523	0.532189049170892	0.594623869554589	0.842764164078391	-5.84357987310714
ENSMUSG00000068206	-0.0186122210715967	7.00923224455058	-0.410534480402576	0.681435342456514	0.888901194287128	-5.84365926990745
ENSMUSG00000018293	-0.0103495630629737	6.73209710276712	-0.435605399019193	0.663145957094841	0.880252193882836	-5.84366129008154
ENSMUSG00000025816	0.0133973358550747	7.50843916919576	1.49434409018131	0.135162571028897	0.468439196832767	-5.84376320866238
ENSMUSG00000021906	0.0181706260792431	6.93558253937261	0.35319542748681	0.723960072032057	0.908145582786658	-5.84379565026487
ENSMUSG00000037971	-0.0127746322992088	7.01196643587863	-0.374130200755282	0.708326774445217	0.901350047651492	-5.84390232554138
ENSMUSG00000019487	-0.0215078918203488	7.00251027799653	-0.391554771449575	0.695407536215901	0.896035030181874	-5.84393378994821
ENSMUSG00000036986	0.0136588411844496	6.78388199174603	0.373575799180562	0.70873923400059	0.901415247146341	-5.84416454284474
ENSMUSG00000058351	0.0205738742029213	7.06114400459119	0.505494209011382	0.613238905648904	0.854676509332631	-5.84427791663916
ENSMUSG00000042079	-0.0165844433421087	6.74462003979545	-0.406588307883873	0.684331582873486	0.890041061634443	-5.84428456104135
ENSMUSG00000012848	0.00815902697979265	6.83270559191585	0.350890962748836	0.725688158338891	0.908906141012624	-5.84428592033004
ENSMUSG00000015120	-0.0150598068929346	7.47324281396115	-1.36394590929746	0.172659373608153	0.513732090190699	-5.8443357737626
ENSMUSG00000030089	0.0220172881933296	7.11364081200657	0.597872412186536	0.549958051281457	0.819647274845993	-5.84440915056663
ENSMUSG00000001089	-0.0162300849626984	6.60585698069879	-0.447178936098699	0.654769462562521	0.875825214426071	-5.84441631172054
ENSMUSG00000039001	0.0125750058419971	6.9288300608469	0.355603836754993	0.72215554212339	0.907412571689285	-5.84449553837624
ENSMUSG00000015790	-0.00779206777317576	6.86588833245151	-0.348137132823574	0.727755050490821	0.909811247077413	-5.84459547329571
ENSMUSG00000067071	-0.0247034568244731	7.31262409525506	-1.01841162365222	0.308542399740081	0.658438824435111	-5.84460706516623
ENSMUSG00000038025	-0.0108957788527482	7.33134594109509	-1.09800690613317	0.272265875076488	0.626400939128971	-5.84465237265642
ENSMUSG00000041736	-0.0278027528948384	7.18128161290698	-0.680723724237348	0.496084716515462	0.789983155569255	-5.84469612991855
ENSMUSG00000031297	-0.0245386483509487	7.18264671405176	-0.689413991960194	0.490601749386283	0.785953109444841	-5.84469675141933
ENSMUSG00000095115	-0.0305878070575183	7.28358792273065	-1.04833086820584	0.294547912106839	0.648187078776908	-5.84481453056147
ENSMUSG00000023025	0.0291160205202967	7.28686134173584	0.88264243652857	0.377481177654564	0.71408013361058	-5.8449348564261
ENSMUSG00000037936	-0.0123181142680586	6.83343451158655	-0.346958370357025	0.728640379695441	0.910376308109312	-5.84511983242991
ENSMUSG00000040918	0.015857691428371	7.28778078487212	0.80113570551852	0.423099456214738	0.746210442455371	-5.84512181510823
ENSMUSG00000015932	-0.014647356842457	7.08697857799716	-0.459896907536422	0.645614577201475	0.871182120207158	-5.84513810074337
ENSMUSG00000046691	0.0191101689745876	6.5893473738325	0.455875186977105	0.648503848559827	0.872644052423023	-5.84524541640365
ENSMUSG00000029335	-0.0187753169296725	6.92803044234696	-0.387824133048296	0.698166294265826	0.89686073758515	-5.8452994767629
ENSMUSG00000063317	-0.0172607731067771	6.67273864378521	-0.364020884778817	0.715861162367528	0.904955304370998	-5.84532830789572
ENSMUSG00000004207	0.011817609381275	6.95368992808424	0.357383142111409	0.720823367893317	0.906949060175152	-5.84557704892203
ENSMUSG00000085573	0.0246777683042776	7.43594752419215	1.2479207788164	0.212131250930025	0.559967649240356	-5.84569794868994
ENSMUSG00000030062	-0.0156122470373976	6.41500078103362	-0.631315616147225	0.527869330038443	0.809927311145687	-5.84575459698498
ENSMUSG00000022175	0.0196450428839121	7.00930238980321	0.375730929060315	0.707136357065691	0.901162908143394	-5.84579392500729
ENSMUSG00000058192	-0.0144091205358086	7.03818518218788	-0.420601136951996	0.674068380821453	0.885220758153551	-5.84594803908814
ENSMUSG00000050074	-0.0281687073614831	7.2571262366065	-0.880881566136347	0.378433497760139	0.714297836924957	-5.84598707561025
ENSMUSG00000019849	0.0122761198288943	6.92725003684483	0.344189955197204	0.730721066524729	0.91105134399748	-5.84607851230979
ENSMUSG00000047414	0.0149092748196509	7.01917435535965	0.447307345547687	0.65467676551884	0.875825214426071	-5.84618037970168
ENSMUSG00000031441	-0.0179025516760873	7.40820417054336	-1.25840225440181	0.208317886533006	0.554872976732149	-5.84622671711939
ENSMUSG00000030330	0.0241742295925365	6.92530512376512	0.367422797862641	0.713322610377117	0.904073959499492	-5.8462489044371
ENSMUSG00000059851	-0.0179316617435257	6.76700860335465	-0.344643815677923	0.730379817500163	0.911042695421132	-5.84639314051714
ENSMUSG00000037894	0.0200640003760411	6.49483537743882	0.589917628802603	0.555278344595087	0.82296281110846	-5.84642649650981
ENSMUSG00000028062	-0.00822664355846658	6.80358504119197	-0.371685261361146	0.710146384123236	0.902358451353592	-5.84647104713503
ENSMUSG00000018449	0.0160444725102975	6.69171928265759	0.374696894655084	0.70790525816557	0.901196201945901	-5.84666656558338
ENSMUSG00000062284	0.016473947536551	6.79297966670287	0.364364881141096	0.715604324374365	0.904916983257229	-5.84671034663268
ENSMUSG00000033355	-0.0226826376965681	6.93478655283503	-0.346001741577718	0.729359138014401	0.910557200110428	-5.84675743137948
ENSMUSG00000073888	0.0182125737265553	6.89523790936784	0.344590394933924	0.730419980766168	0.911042695421132	-5.84676205237635
ENSMUSG00000083012	0.0232389598131642	6.58776882115454	0.488514363833701	0.62521164996448	0.860221184312808	-5.84698492966671
ENSMUSG00000054405	-0.0113546758249372	6.80948758181135	-0.364150874352421	0.715764104473412	0.904916983257229	-5.84719975024442
ENSMUSG00000049751	0.00550472590027429	6.78800433194682	0.36857961958888	0.712460096270331	0.903817517547047	-5.84728061491256
ENSMUSG00000029910	0.0265952047238214	7.28370802032096	0.74693352474118	0.455146468073263	0.764671027402346	-5.84734652619052
ENSMUSG00000004500	0.0112331323271633	7.21586073140521	0.737386473307376	0.460929505500634	0.767555671952556	-5.84743506027262
ENSMUSG00000022091	-0.0240086075914281	7.15910124413227	-0.676004910937637	0.499075610588496	0.79110720346471	-5.84745209443182
ENSMUSG00000024053	0.018885912931097	6.8301001961707	0.340361923441152	0.733601405912937	0.91239195335209	-5.84745346171454
ENSMUSG00000092371	0.0182236054779263	7.27486818484945	0.837028002019614	0.402625555452618	0.73331505653232	-5.84768793514832
ENSMUSG00000057615	-0.0178399743783562	6.88507011071865	-0.356647293043653	0.72137419902264	0.907103634794004	-5.84780551392778
ENSMUSG00000021819	-0.00684865975150917	7.45923529125155	-1.36491683506108	0.172353997057271	0.513717267174355	-5.84797038663765
ENSMUSG00000037935	0.0170994932242436	6.78543058160192	0.417207420649032	0.676548515902496	0.886630774314088	-5.84802911800709
ENSMUSG00000084808	0.0223259400346736	7.38371183500404	1.07230404152994	0.28364652926869	0.637074609328988	-5.84808453918072
ENSMUSG00000045348	-0.0138426713923954	7.05436558685344	-0.496912724585136	0.619277209434939	0.856925944633486	-5.84819945923269
ENSMUSG00000044447	0.0141328234948395	6.89610233852539	0.349259663547	0.726912292790954	0.909434100359869	-5.84824992620643
ENSMUSG00000020778	-0.0227053736342979	6.53337906405799	-0.49807594851945	0.618457195232208	0.856403089874199	-5.8483127516163
ENSMUSG00000029676	0.0174645827423658	7.06958808707771	0.494000789277568	0.621332054522561	0.858286933833209	-5.8483267200637
ENSMUSG00000040048	-0.00984854027498461	6.65096308977262	-0.450588499111666	0.65230995506759	0.874249701192662	-5.84837345649292
ENSMUSG00000024664	-0.0227344997551002	7.2090584148399	-0.714599618984964	0.474897115693587	0.776677333482949	-5.84845674190516
ENSMUSG00000002102	0.0161162183027033	6.62012461442597	0.480745774286446	0.63072281500441	0.862473638066425	-5.84847173064167
ENSMUSG00000015806	0.0148397003860721	6.96004778312456	0.356810740633463	0.721251835314997	0.907103634794004	-5.84850296417957
ENSMUSG00000051652	0.0176276100931059	6.76629489013629	0.408275212798967	0.683092930216284	0.889575828246314	-5.84857249469441
ENSMUSG00000028792	-0.0150608749305441	6.96331786642249	-0.344296967569565	0.730640601159931	0.91105134399748	-5.84862053170845
ENSMUSG00000051864	0.0212258248796378	6.64579451485421	0.41444225852849	0.678571901925803	0.888120688483392	-5.84866592028716
ENSMUSG00000003269	-0.0211372500098825	6.56173582470788	-0.524849915360412	0.599715872499682	0.844949371230457	-5.84868174548186
ENSMUSG00000054931	0.0355655540465873	7.37433445613916	0.889585861980915	0.373740430690598	0.711716751189313	-5.84870234723184
ENSMUSG00000037405	0.0274323925590769	6.87462247358374	0.376768346839729	0.706365240316759	0.900736570296579	-5.84877119333835
ENSMUSG00000027394	0.019459339647633	6.48133678101474	0.548320601813399	0.583501601715321	0.837953046928962	-5.84877396741207
ENSMUSG00000041205	0.0163062509593628	6.83690816422529	0.378143310279949	0.705343689124543	0.900363883400742	-5.848862933499
ENSMUSG00000050705	-0.0153005853529127	7.29296615830892	-0.912558003937368	0.361528641399392	0.703764687512225	-5.84891320948263
ENSMUSG00000033623	0.0179348219805755	6.88650710512726	0.339249227326358	0.734439341985746	0.912697396759189	-5.84894932819232
ENSMUSG00000031753	0.020230424970336	6.47045068618949	0.565455988935089	0.571794556117544	0.832516171804303	-5.84904424581977
ENSMUSG00000060090	0.0192579235778236	7.28069444105852	0.896267054517294	0.370162707438766	0.709320290781525	-5.84904650323167
ENSMUSG00000039018	-0.0196801649095999	7.11594114375135	-0.486217425966095	0.626838972741633	0.8613238869394	-5.84928796023277
ENSMUSG00000024587	0.0295712622986564	6.46294470219986	0.60726254275695	0.543710281133908	0.817347143436972	-5.84930901029859
ENSMUSG00000001943	0.0158902583957437	7.09348955002235	0.538309240298743	0.590392760123245	0.84086289367805	-5.84943008217289
ENSMUSG00000026162	0.0168771951140307	7.10345362212256	0.569896239850765	0.568779262950779	0.83026585347617	-5.84946998035358
ENSMUSG00000103967	0.0286607436227158	7.29922851357782	0.917315285017069	0.359031341573206	0.702315240087943	-5.8496273973615
ENSMUSG00000080465	0.0171877475208744	7.43250496685363	1.18816233299818	0.234838200116296	0.585497667741217	-5.849691617248
ENSMUSG00000017692	-0.0165943423403574	6.96926843765136	-0.372384081590989	0.709626128297866	0.901975430446645	-5.84982683489577
ENSMUSG00000001056	-0.00964943070662905	6.77484268211985	-0.35857659882831	0.719930295658047	0.906816648067426	-5.84992857449762
ENSMUSG00000036860	0.00960391120240445	6.71908861249084	0.388535293661213	0.697640091138964	0.896635165007306	-5.85001348384862
ENSMUSG00000071669	0.0143432692509862	7.51200684305836	1.49165564226356	0.135866286557989	0.469797274458867	-5.85014312260393
ENSMUSG00000022723	0.00997429965662366	7.09631154501838	0.60587151500993	0.544633574922696	0.817367801987953	-5.85041460012197
ENSMUSG00000034263	0.0179501806109714	6.86836717077159	0.402935208621507	0.687016873163026	0.891517492950259	-5.85045253428186
ENSMUSG00000029998	0.0224406383172493	7.33547980889728	0.918202329220706	0.358566896846392	0.701811749306103	-5.85058924220808
ENSMUSG00000023973	-0.0144046024416715	7.18878964057574	-0.609624275142459	0.542144469081969	0.816935191004968	-5.85068174046218
ENSMUSG00000058833	-0.0102603421943739	6.68639383406711	-0.394079806990089	0.693542589279403	0.895272819713429	-5.85069796560428
ENSMUSG00000040441	0.0202780833156444	7.01774750472153	0.45415361699275	0.649742276321554	0.872934526352367	-5.85074736898249
ENSMUSG00000027011	0.00768685812011327	6.79160058599344	0.362180825354367	0.717235551509517	0.905606732736213	-5.8507902175665
ENSMUSG00000037868	0.0187449769787857	6.6474822370567	0.462020660113509	0.644090989976166	0.870258382375295	-5.85085475918396
ENSMUSG00000029343	0.0340003937676183	7.20072899302725	0.774748924992826	0.438532658929107	0.755248901299993	-5.85085871313722
ENSMUSG00000035674	0.00684632679079389	6.87659947287514	0.328339086455958	0.742672041440787	0.916126607028859	-5.85086510096077
ENSMUSG00000065818	-0.0237768596682804	7.25397757542216	-0.985390210245918	0.324490513421473	0.670996701766832	-5.851063545583
ENSMUSG00000015714	-0.0301450474007066	7.29952681553842	-0.944908158220049	0.344761380284484	0.68921775197538	-5.85123726012317
ENSMUSG00000002108	0.02336982116414	7.07331341092337	0.42341889890872	0.672011841928885	0.884473056756272	-5.85124205951919
ENSMUSG00000021696	-0.0124392979300714	7.01647731841685	-0.379634924128026	0.70423607130021	0.89990882702057	-5.85128818725692
ENSMUSG00000020657	0.0302514153350737	7.475940521333	1.37238764705907	0.170017776416416	0.51201710632025	-5.85141290937515
ENSMUSG00000024891	-0.0174654446928848	7.2949045365549	-0.987824749518124	0.323296706553681	0.669539334761617	-5.85154010896126
ENSMUSG00000009292	-0.0105524042245593	7.06682295242073	-0.502518594162658	0.615329733148106	0.854758119519809	-5.85158696471865
ENSMUSG00000097815	-0.0114424077159692	6.99155883083773	-0.351091665709151	0.725537598257744	0.908882819659844	-5.8516743096718
ENSMUSG00000027438	0.0317183035605453	7.19330310239433	0.689324930909661	0.490657775090098	0.785953109444841	-5.85171066957645
ENSMUSG00000030231	0.0230729535267198	7.40133973237379	1.18329288723015	0.236761615444011	0.587049171220719	-5.85175901805477
ENSMUSG00000029304	-0.0173386885673459	6.59676438719135	-0.434703673447159	0.663800382318728	0.880348780541653	-5.8517863462453
ENSMUSG00000029725	-0.00896481003627159	6.9218987272396	-0.341125570987908	0.733026510803116	0.912195817665777	-5.85182526684112
ENSMUSG00000023262	0.0186571875983041	6.57868255661066	0.463298857797592	0.643174726751285	0.869581466423406	-5.85198852712751
ENSMUSG00000032265	0.030953370710427	7.29761827610822	0.769718265631626	0.441511323410422	0.757293545312119	-5.85210392868638
ENSMUSG00000087714	0.0367587022523201	7.26813672432635	1.01119514726388	0.311982638266021	0.661225669784386	-5.85212937202253
ENSMUSG00000024683	-0.0072887374633348	6.91452275108689	-0.322151996133742	0.747353954021019	0.917963991585129	-5.85226006750087
ENSMUSG00000031168	-0.0208638426117442	6.52877098921235	-0.507736552146657	0.611665390402008	0.853396724427431	-5.85231366610917
ENSMUSG00000060376	-0.0143449144575456	6.98653143114789	-0.391322595409101	0.69557911014815	0.896035030181874	-5.85232862422843
ENSMUSG00000073433	-0.0145085356232313	6.96353249127683	-0.347197585117211	0.728460684129734	0.910376308109312	-5.85233097121663
ENSMUSG00000023259	0.0229101796648781	7.19604043156612	0.773736894328489	0.43913095438519	0.755742254322722	-5.85235976619714
ENSMUSG00000056076	-0.0140430629565715	6.65308348893167	-0.460851346846321	0.64492967468045	0.870912004912106	-5.85255797702243
ENSMUSG00000033849	0.0243352701864668	7.39290163269674	1.16883269206259	0.242538918618264	0.593456534673601	-5.85272680489082
ENSMUSG00000024998	0.0263042248349779	7.40798715012698	1.17126499868282	0.241560259499295	0.59309561722047	-5.8527638830523
ENSMUSG00000033880	-0.0187669519477955	7.06219109839223	-0.364425133712157	0.715559341311988	0.904916983257229	-5.85283236451824
ENSMUSG00000031955	-0.0169318555075604	6.67315597342617	-0.382627014096619	0.702016147796008	0.898704320385911	-5.85286908282111
ENSMUSG00000020803	-0.0149117955485103	6.42922021295208	-0.593223900239695	0.553064002368808	0.822017292711718	-5.8529365425146
ENSMUSG00000062995	0.0262927068427032	7.1104393689478	0.476967029189002	0.633410990744494	0.863614864492544	-5.85294364794686
ENSMUSG00000015023	0.0233721729545024	6.98460613783869	0.505694937765407	0.61309797581093	0.854567940376744	-5.85302362159416
ENSMUSG00000075316	0.0399679821526098	7.27103836168752	0.680737303543696	0.496076123459727	0.789983155569255	-5.85311199947045
ENSMUSG00000020783	0.0284683395565457	6.99020062719294	0.439591512075677	0.660256130503332	0.878397862561493	-5.85315718918056
ENSMUSG00000000959	0.0242602510528434	7.28037741794067	0.74725137179152	0.454954640778386	0.764671027402346	-5.85320915918948
ENSMUSG00000029535	-0.0148626157882603	6.61130549011676	-0.501979039873332	0.615709188657703	0.854865637071217	-5.85323037697048
ENSMUSG00000061838	-0.0259030626313388	7.36562859189731	-1.14167069842186	0.253657519113656	0.605900043013204	-5.85328800507857
ENSMUSG00000053070	0.0158209757021481	7.23571956880611	0.847043952046616	0.397020004674808	0.727799233699925	-5.85331536111677
ENSMUSG00000027763	0.0301219706788567	7.24965204560535	0.836123931209599	0.403133854694435	0.733436341119266	-5.85335260106245
ENSMUSG00000026816	-0.0221606937736718	7.00328926495517	-0.476242743218055	0.633926798120784	0.863970600012223	-5.85349161210837
ENSMUSG00000048285	-0.0215985236519636	6.7479893838481	-0.347028660748398	0.728587576758159	0.910376308109312	-5.85351404978932
ENSMUSG00000004568	0.00811191978833925	6.85159810280973	0.32295784847547	0.746743614500389	0.917963991585129	-5.85356511345949
ENSMUSG00000033191	0.026282670039901	6.95803477771554	0.435030899757296	0.663562868901279	0.880258414790302	-5.85362655167068
ENSMUSG00000037306	-0.0377109779955846	7.10758932249554	-0.609949329399349	0.541929136653973	0.816935191004968	-5.85376509456611
ENSMUSG00000029777	0.0239781205914769	6.58741315094057	0.515876618850812	0.605968369651535	0.849944349677802	-5.85381344536015
ENSMUSG00000044550	0.0163548265030649	6.84603006392122	0.358029778692146	0.720339437722244	0.906886867523178	-5.85387465016618
ENSMUSG00000032540	0.0145253070369584	6.90822796083848	0.316489687856148	0.751646944144837	0.919209884581292	-5.85392217132509
ENSMUSG00000028788	0.0225424740635942	7.31375043807385	0.872561455647186	0.382953193460533	0.717637906739161	-5.85392868577758
ENSMUSG00000022791	0.0151979178475505	6.94351237561618	0.404572176286841	0.685813093367734	0.890978719804498	-5.85394949960476
ENSMUSG00000030401	0.0118738553465993	6.78893795779858	0.32760882677055	0.743224154074624	0.916276120549045	-5.853990316077
ENSMUSG00000014786	0.0289870940909083	7.3749102140477	1.1420184751853	0.253512951295786	0.605791500730134	-5.85400479126848
ENSMUSG00000037348	-0.0217855487453971	6.93208286187606	-0.3867632378753	0.698951543322917	0.89713007899007	-5.85400517964411
ENSMUSG00000025372	0.0182126810508159	6.47661316629052	0.519100074357349	0.603718941556221	0.848209472499404	-5.85403923389898
ENSMUSG00000030446	0.023733890189706	7.31751278872246	0.879911276643134	0.378958884931433	0.714714713158638	-5.85413944531598
ENSMUSG00000001930	-0.0124918235188076	6.9337724334292	-0.316247409225545	0.751830805149127	0.919209884581292	-5.8543048817099
ENSMUSG00000031697	-0.0122388139368441	7.08204610005327	-0.417847401847698	0.676080546658706	0.886403641001715	-5.85431152378658
ENSMUSG00000092083	0.0193356663384776	7.1700581345173	0.590109345042141	0.5551498263186	0.82296281110846	-5.85443175579667
ENSMUSG00000003746	0.0233119039144816	7.14195997420833	0.590924937741432	0.554603250792741	0.82296281110846	-5.85462421684751
ENSMUSG00000057234	-0.0139744201234597	7.02887605177255	-0.494924675130291	0.620679781377666	0.857882706400172	-5.85470518623938
ENSMUSG00000033966	0.0176911174307381	7.0623097937267	0.455215689997541	0.648978149323886	0.872644052423023	-5.85484144504699
ENSMUSG00000043458	0.010728360077298	6.89143762706756	0.324910589453033	0.745265299661962	0.917106727550975	-5.85502969285602
ENSMUSG00000042763	0.0133341925849377	6.83790458051945	0.317122023620794	0.751167142073275	0.918996942088925	-5.855080834692
ENSMUSG00000026858	0.0229414516637929	7.42786097923076	1.31579538198119	0.188316209314038	0.533247946090168	-5.85520537068716
ENSMUSG00000071866	-0.00999468312480456	6.80647177915253	-0.356833299422591	0.72123494742162	0.907103634794004	-5.85521043250473
ENSMUSG00000055866	-0.0180174474730572	6.49685110700673	-0.508808131933861	0.61091406474115	0.853015955940033	-5.85525835541526
ENSMUSG00000032766	-0.0177332498521423	6.70093277948072	-0.399627896493157	0.689451398241403	0.893370015674958	-5.85528312257861
ENSMUSG00000046546	-0.0123488704894381	6.80068108688223	-0.317852650916635	0.750612878446421	0.918733357946789	-5.85533517696256
ENSMUSG00000002845	0.0259353929074519	7.11823880310912	0.473826210973344	0.635649041702437	0.864382867555635	-5.85539893430748
ENSMUSG00000047423	0.0215489359289638	7.16313622921512	0.650854606051157	0.515176776372325	0.801369078534979	-5.85539900038331
ENSMUSG00000072694	-0.00977271993778306	6.80285808902098	-0.357347681098514	0.720849909459171	0.906949060175152	-5.85548487087968
ENSMUSG00000026544	-0.0277185854471709	7.2182194331707	-0.725569746192548	0.46814393611135	0.771871824345573	-5.85555478357348
ENSMUSG00000032018	-0.0243980385670302	7.49023739537809	-1.31113611859814	0.189885118738162	0.534952418815374	-5.85568754295346
ENSMUSG00000004040	-0.0175818591019725	6.88512907885347	-0.323353954686373	0.746443668278585	0.917963991585129	-5.85583559813769
ENSMUSG00000027163	-0.00762591524945577	6.89856015281161	-0.310292624757007	0.756354191927809	0.92126943977695	-5.85598819354713
ENSMUSG00000031148	0.0204180508173026	7.192095581393	0.577111785806872	0.56389559167843	0.828020119916514	-5.85608060083798
ENSMUSG00000024410	0.0222033576231118	7.4406020548928	1.29824665640243	0.194275526097622	0.540363801909239	-5.85610455721048
ENSMUSG00000032575	-0.0139896160176205	6.3852185415303	-0.605079174315971	0.545159838682152	0.817709602041445	-5.85615652446837
ENSMUSG00000040667	-0.011370293241213	6.81978930767	-0.337548237186284	0.735720914887182	0.913427598544211	-5.85621949844444
ENSMUSG00000028670	-0.0104640154279112	7.03893445439422	-0.422267731258912	0.672851724164343	0.885071467419926	-5.85631834921456
ENSMUSG00000029544	-0.0216513901925071	6.53378393534065	-0.473784356523254	0.635678888449887	0.864382867555635	-5.85636211084999
ENSMUSG00000028461	-0.0118614488914126	6.92794965553437	-0.309799137833333	0.756729433017497	0.921560913756509	-5.8563728856854
ENSMUSG00000044328	0.0199639399816638	7.23009830877882	0.749261472545671	0.453742558737157	0.764599323272037	-5.85641741782232
ENSMUSG00000052798	0.0331388185693324	7.18511305617144	0.496622874741168	0.619481612790989	0.857121308931548	-5.85643077466611
ENSMUSG00000006095	-0.0117523168142206	6.65732936315525	-0.426690554850798	0.669627107279631	0.883744969610965	-5.85648879638581
ENSMUSG00000037060	-0.00832904170483229	6.94520108820035	-0.321466088681279	0.747873574109004	0.917963991585129	-5.85651066862961
ENSMUSG00000026494	0.0158001272294337	7.09696624113083	0.484889456573395	0.627780635840052	0.861687243047461	-5.85657387540549
ENSMUSG00000001761	-0.0259312870631367	7.28483910301179	-0.9816846235228	0.326313097963829	0.673079717357917	-5.85671480233165
ENSMUSG00000068856	0.00845618807508508	6.97004678129247	0.324874043586224	0.745292957969955	0.917106727550975	-5.85678459115899
ENSMUSG00000080365	-0.0296001316696106	7.30270965617122	-0.965298670298527	0.33445210262476	0.680039233261323	-5.85680012480251
ENSMUSG00000003123	-0.0212402020606239	7.06923984628012	-0.552534665848198	0.580612174936146	0.836954427144167	-5.85680186901323
ENSMUSG00000020589	-0.0272974439360345	6.7059312530921	-0.408746678820311	0.682746896732985	0.889443051764949	-5.85681618316858
ENSMUSG00000035877	0.013056530896189	6.87148259162246	0.317318793808526	0.751017856929198	0.918897220850652	-5.85687079829486
ENSMUSG00000036667	0.0201175147490087	6.80272207913045	0.354170957960855	0.723228958379234	0.907712312934526	-5.85692616695496
ENSMUSG00000048787	0.0131376731174244	6.91654397394432	0.309405358199169	0.757028899139017	0.921594488150021	-5.85698220876615
ENSMUSG00000035310	-0.0252906420356451	7.22575073990426	-0.779738171015162	0.435589960444522	0.754058551441967	-5.85705325941581
ENSMUSG00000035228	-0.00984892456563635	6.92259075693291	-0.320974519702765	0.74824604051381	0.917963991585129	-5.85708589178214
ENSMUSG00000089682	-0.0189023231712548	7.24815012423641	-0.868753692383596	0.385032656912468	0.718847805345531	-5.85710268233744
ENSMUSG00000028100	-0.0172755170937817	7.16373383498254	-0.552566784432751	0.580590178182056	0.836954427144167	-5.85717112976593
ENSMUSG00000059013	0.0147719772626358	7.33612997198122	0.915606592316157	0.359927056244101	0.702996823184021	-5.85725365468452
ENSMUSG00000036537	0.00814304174690861	6.84325249024817	0.329194220588747	0.742025685823814	0.915594168730863	-5.85747848594576
ENSMUSG00000031840	0.0141526339342972	6.87488571800908	0.30951279021203	0.75694719436885	0.921594488150021	-5.85766663406012
ENSMUSG00000021583	0.0191247662579634	7.14549557582256	0.441295928664557	0.65902201583039	0.877651232756664	-5.85767219530474
ENSMUSG00000018287	0.0104782701237243	6.70689706736292	0.410160223090082	0.68170982290786	0.888901194287128	-5.85785457615435
ENSMUSG00000050423	0.0127847501552081	6.79299461828795	0.302239236987726	0.762485007814336	0.92395992492392	-5.85787590932807
ENSMUSG00000040998	0.0224219957103298	7.14794174677477	0.563299301195488	0.573261861317351	0.833521453665495	-5.85787944563861
ENSMUSG00000035722	-0.00990390495719318	6.81434039689481	-0.303142827807017	0.761796378750204	0.923754892802563	-5.8579048321128
ENSMUSG00000029120	-0.0125143366063698	6.99096368439423	-0.391084688309206	0.695754935404994	0.896035030181874	-5.85798560596837
ENSMUSG00000053861	-0.042867422949862	7.29785833000265	-0.906609717423485	0.364666436020857	0.706004218130913	-5.85801125289785
ENSMUSG00000036214	-0.0236707532474876	6.66201217625789	-0.42549261963363	0.670499906262245	0.884009997570552	-5.8580707782176
ENSMUSG00000038365	0.0157583601966031	6.52797371501353	0.544831866399799	0.58589875756051	0.839262055468082	-5.85818163541588
ENSMUSG00000029386	0.0167757666539359	7.20995245116913	0.633894169812678	0.526185210735137	0.809488152405195	-5.85839882775324
ENSMUSG00000025591	0.029602499779747	7.30833765401944	0.995800478057632	0.319405794131969	0.666665653212603	-5.85842167136904
ENSMUSG00000030509	-0.0263294454756977	7.04113320053445	-0.493094878773139	0.621971926069971	0.858726616461983	-5.85853392203717
ENSMUSG00000037353	-0.025135950104632	7.26596008142657	-1.01703749063332	0.309195534558327	0.659030877096266	-5.85857499114692
ENSMUSG00000050552	-0.00915056816977344	6.70962990296847	-0.383594575774486	0.701298826841054	0.898704320385911	-5.85860541361893
ENSMUSG00000024357	0.00605193569075713	7.09147126187641	0.497070239234165	0.619166141774432	0.856859707071323	-5.85885816278506
ENSMUSG00000042708	0.0462856748194103	7.36092702168304	0.97590080109155	0.32917113229451	0.675796926419538	-5.85893120617454
ENSMUSG00000091474	0.0120285512568161	6.90757146048791	0.330871987113784	0.740758070257504	0.914975437062896	-5.85901770063541
ENSMUSG00000044709	0.00624107279978947	6.84994197144749	0.302518820147946	0.762271916590584	0.92382968133862	-5.85910245990882
ENSMUSG00000090733	-0.00668883939861775	6.99448928317413	-0.322694800186909	0.746942825569678	0.917963991585129	-5.8591296281244
ENSMUSG00000032329	-0.0203744864176167	6.79735399364356	-0.372896668276539	0.709244605194138	0.901719650902299	-5.85915060426055
ENSMUSG00000036151	0.0167044453190455	6.83509373902261	0.301933926207698	0.762717728553161	0.92395992492392	-5.85915548201016
ENSMUSG00000063087	0.0229568834153131	7.08040043916145	0.489863594713163	0.624256604365967	0.859954383458015	-5.85917033231952
ENSMUSG00000033773	-0.0274875060325961	7.28495552385216	-0.740956626428954	0.458762122757919	0.767144737532413	-5.85930186317701
ENSMUSG00000010663	-0.0320071099913477	7.24157781194599	-0.930816889388607	0.352003030074098	0.69549277261832	-5.85949163993682
ENSMUSG00000029554	-0.0209718857099661	7.21307151277434	-0.804484471486144	0.421163823485092	0.746130813904466	-5.85952313163181
ENSMUSG00000051391	0.0118387879233923	6.89693165564776	0.300606208211131	0.76373002045788	0.924040338159216	-5.85960092463841
ENSMUSG00000018442	0.0098603187422901	7.01469125100636	0.404214412969767	0.686076114432302	0.891127723037398	-5.85964112868743
ENSMUSG00000019054	0.00790700723771387	6.78992363412933	0.330309405358866	0.741183043627604	0.915098266878692	-5.85974292229854
ENSMUSG00000087478	0.0258025134213762	7.40707218444274	1.08932026010381	0.276076627648006	0.629856126986327	-5.85979254789415
ENSMUSG00000034390	0.0133935872480411	7.14345019401222	0.499233224820083	0.617641845216754	0.856071042021065	-5.85980806767256
ENSMUSG00000032058	0.026616389354122	7.00759344041432	0.372974099553175	0.709186978703428	0.901719650902299	-5.85995960980931
ENSMUSG00000036819	0.0214297815320537	7.45547479370613	1.22612580407309	0.220221670399309	0.570244030613634	-5.86058830553937
ENSMUSG00000028140	0.0164383271261128	6.41970662108262	0.550529258051507	0.581986372386852	0.837348372534072	-5.86062572902638
ENSMUSG00000029761	-0.022953658029973	7.14252333326317	-0.723167588115306	0.469618132522772	0.77266648821803	-5.86075448241056
ENSMUSG00000028676	0.0135403608055071	7.27750851030559	0.848266719663726	0.396338908191812	0.727435077469147	-5.86076507251481
ENSMUSG00000038648	-0.0134665125351638	6.91573278465665	-0.322149868809329	0.747355565432019	0.917963991585129	-5.86083506993674
ENSMUSG00000038390	-0.01939609795369	6.99522004778117	-0.481595098902997	0.630119281380038	0.862161390347216	-5.86088305902198
ENSMUSG00000091971	0.011868204330467	6.63002986152043	0.398638912103227	0.69018001993681	0.893825648132895	-5.86096425124248
ENSMUSG00000040929	0.0194764155157499	7.21216118143115	0.67258421593012	0.501249704222222	0.792470202681629	-5.8609749212441
ENSMUSG00000033392	0.0366879693298854	7.16571755280114	0.657734422120877	0.510745680645977	0.798657693033755	-5.86101307228299
ENSMUSG00000058444	0.0160489550727023	6.91157071279272	0.293452813582231	0.769190896798615	0.926665292081322	-5.86116909296197
ENSMUSG00000027080	0.0195711611805969	6.69093401971119	0.471724880462814	0.637148247920678	0.864458605389585	-5.86122571741308
ENSMUSG00000000751	-0.0295404786962985	7.19155821058436	-0.699890667680416	0.484035247318295	0.781742378452599	-5.86134824866018
ENSMUSG00000050022	0.0144605737763293	7.08038731638121	0.476764784387094	0.633555003446033	0.863724357639147	-5.86137631235681
ENSMUSG00000030898	0.0107954196420819	6.93528451913132	0.31527244552747	0.752570830349641	0.919369226176543	-5.86151090269853
ENSMUSG00000024339	-0.0170656535820095	7.03778977798037	-0.33472134269524	0.73785240202056	0.91383966991822	-5.8615154248873
ENSMUSG00000021226	-0.0404330239551909	7.27090743209492	-0.788624171134774	0.430377241599557	0.749758714139368	-5.86163604855087
ENSMUSG00000029436	-0.0127129133486932	6.75515217075094	-0.306267558133564	0.759416470475488	0.92276111370377	-5.86174581861646
ENSMUSG00000049721	-0.0286945939490764	7.19762088031986	-0.696320711383268	0.486267430592232	0.783180544543774	-5.86190956334232
ENSMUSG00000003623	0.0114448902137561	7.07883282759177	0.480540528231045	0.630868700708101	0.862473638066425	-5.86194746282913
ENSMUSG00000043602	0.0135324702333319	6.78217996373184	0.359411307306353	0.719305904368474	0.906743779317614	-5.86197835963149
ENSMUSG00000024392	0.00869830542536487	6.98401625520469	0.382991697737001	0.701745751151566	0.898704320385911	-5.86204914746145
ENSMUSG00000021418	0.0196267667168524	7.30179794489949	0.813707816553228	0.415859552316715	0.74247499273223	-5.86217775793927
ENSMUSG00000034105	-0.0121221932370208	6.67167842217939	-0.354813381313304	0.722747630572811	0.907484013271547	-5.86220811757421
ENSMUSG00000003464	0.0181546637710284	7.0811286415789	0.498446387509212	0.618196154118502	0.856303990349269	-5.86227051603285
ENSMUSG00000060126	-0.00486640037880282	6.7242640773581	-0.364360784791698	0.715607382642221	0.904916983257229	-5.86237342351247
ENSMUSG00000029471	-0.0176726167767569	6.42893832912872	-0.535494592695413	0.592336905901787	0.841584900997777	-5.86243859133018
ENSMUSG00000045165	-0.0184731677932275	7.14538469592683	-0.566996807895335	0.570747353133432	0.83197426231406	-5.86247676290739
ENSMUSG00000024826	-0.0162732589350023	6.60576958673773	-0.376666590007142	0.706440863253321	0.900736570296579	-5.86248813678311
ENSMUSG00000032249	0.0219913138796883	6.60875243118838	0.487570835530045	0.62587989553848	0.860808258262859	-5.86249045481461
ENSMUSG00000029480	-0.0218964098810339	7.31943073577886	-1.08079127756769	0.279853462664594	0.632727143330762	-5.86257483774056
ENSMUSG00000068117	-0.0315328451622321	7.09452434610124	-0.632266362985971	0.527248053247864	0.809836762879182	-5.8625994395387
ENSMUSG00000073147	-0.0276439980200358	7.31638283397408	-1.06943176791616	0.284938040575124	0.638631974841674	-5.86268100170911
ENSMUSG00000031385	-0.0247230481913592	7.31077677896961	-0.991362840568951	0.321566871168188	0.66857899697873	-5.86270405234285
ENSMUSG00000021814	-0.0226251803459778	7.11521619515268	-0.463675929656941	0.64290453014139	0.869476271287479	-5.862747438809
ENSMUSG00000031931	-0.0276331713659479	7.29708717921663	-0.90757213185121	0.364157599426344	0.705522825524774	-5.86275487608368
ENSMUSG00000032306	-0.0148615667079914	6.88229201232864	-0.289114432916715	0.772508409164497	0.927530022268176	-5.86278955605525
ENSMUSG00000030530	0.0242322475161991	7.32327143489321	1.03812351563403	0.299273701050493	0.651936396876396	-5.8628032833455
ENSMUSG00000032554	0.0171391270951062	6.86124850656792	0.283775241641695	0.77659694100005	0.928737878281616	-5.86287128160502
ENSMUSG00000035168	0.0214104573025935	6.71558651246694	0.343667763514789	0.731113758440691	0.911238925639971	-5.86295956688699
ENSMUSG00000005362	0.0425727931551991	7.38763441464023	1.14808745225259	0.25099936599476	0.603013288993211	-5.86301155778398
ENSMUSG00000000149	0.0220502760056069	7.02451927284551	0.406504270330605	0.684393311827645	0.890041061634443	-5.86317686377663
ENSMUSG00000099093	-0.0187867140802087	6.97508035432809	-0.286613728102001	0.774422566673456	0.92826639191572	-5.86326942565529
ENSMUSG00000027282	0.00600497062882699	6.96827920508625	0.297484760228401	0.766111495016548	0.925160048750379	-5.86330234509527
ENSMUSG00000071415	0.0046842649639709	7.02625894751081	0.374091497873876	0.708355565549981	0.901350047651492	-5.86334744623655
ENSMUSG00000028978	-0.022188663069703	6.96463767297794	-0.400143591530171	0.689071580660618	0.893370015674958	-5.86339889191756
ENSMUSG00000051527	0.0233920141384214	7.40924034509102	1.12196118751146	0.261944567421523	0.615647972359096	-5.86355065810703
ENSMUSG00000022110	0.0179731422085361	6.53269743183448	0.526589393607011	0.598507211333814	0.844342806401936	-5.8636174074126
ENSMUSG00000038235	0.0156353673477208	6.93509137325881	0.291248915664252	0.770875669487733	0.927122327581009	-5.86364702216106
ENSMUSG00000099689	-0.0263036386888462	7.11947305662411	-0.617765196963218	0.536764397967503	0.814972087636304	-5.86365185068608
ENSMUSG00000052214	-0.0152472538026487	6.57967524955569	-0.415513042901856	0.67778808770641	0.887526646042447	-5.86373763920715
ENSMUSG00000039197	0.00793867253366809	6.80283414019417	0.301194152002893	0.763281704568974	0.92395992492392	-5.86377256238811
ENSMUSG00000022500	0.0125058155082369	6.90316460434467	0.280993087316231	0.778729863868154	0.929484945358256	-5.86381340830292
ENSMUSG00000073468	0.0161000202816668	6.95370329523659	0.339819413617158	0.734009913228176	0.912462544077999	-5.86389125973279
ENSMUSG00000027177	0.0208181098180473	7.14340402609591	0.598016340425679	0.549862021527873	0.819647274845993	-5.8640610503469
ENSMUSG00000045248	-0.0115236207656686	7.02173976492589	-0.38380399275502	0.701143606456121	0.898704320385911	-5.86428489651597
ENSMUSG00000028801	0.0127875161754734	6.94318919275671	0.282928488203702	0.777245922195236	0.929077899542344	-5.86434270304614
ENSMUSG00000087939	0.0428533907410795	7.12032441375553	0.352547453094337	0.724445837318006	0.908438463037138	-5.86443622392516
ENSMUSG00000036381	0.0284693822930304	7.18020039273295	0.739520996973923	0.459632982712177	0.767555671952556	-5.8645161558176
ENSMUSG00000028145	0.010755957623755	6.8725600545321	0.29278580142224	0.76970068050115	0.926747402679164	-5.86458148227931
ENSMUSG00000036766	0.0220050476633071	7.18746313786411	0.623451982135697	0.533022186947864	0.812757954096973	-5.86499785849618
ENSMUSG00000029449	-0.010571459116635	6.9316843473064	-0.290025736268896	0.771811197991217	0.927457894915527	-5.86504677942772
ENSMUSG00000021711	0.0159203758495874	6.57623715180925	0.446137926196716	0.655521149953749	0.876238261317774	-5.86505749443715
ENSMUSG00000022965	0.0180336098452392	6.80144612324303	0.312616676485169	0.754587786950368	0.920316261200351	-5.86523138519339
ENSMUSG00000033429	-0.0059306485028241	6.88676475418531	-0.27492405152422	0.783388424583126	0.932173096410218	-5.86527272988852
ENSMUSG00000085438	0.0106196944830002	6.93585090600891	0.291466607697589	0.770709206241658	0.927122327581009	-5.86536248953573
ENSMUSG00000062070	0.0165294000318044	6.74498779178049	0.364601067295104	0.715427999354153	0.904916983257229	-5.8654492644454
ENSMUSG00000032977	0.0243213990813524	6.58820854682441	0.480282296704854	0.631052268104296	0.862474988764995	-5.86553479802983
ENSMUSG00000028060	-0.0171858288647506	6.91708483114679	-0.307383984270514	0.758566710731502	0.922356212819453	-5.86556350810399
ENSMUSG00000052302	0.0211556338599301	6.72648027129391	0.343118534124721	0.731526858969916	0.911417124969135	-5.86562173839973
ENSMUSG00000036968	-0.0124605937353559	6.6125809482817	-0.410142842255455	0.681722571042746	0.888901194287128	-5.86566991162354
ENSMUSG00000023994	0.0120169549408917	6.69958453571448	0.341014774443383	0.733109912241292	0.912215876483796	-5.86567078123507
ENSMUSG00000001098	0.00667911986818925	6.99549198567353	0.304252515358985	0.760950940939253	0.923053847835233	-5.86568685920052
ENSMUSG00000029174	-0.0391118028759925	7.39948065093236	-1.1258833486992	0.260280718702098	0.613399267193297	-5.86570704299632
ENSMUSG00000061613	-0.00473651407254483	6.81795249651488	-0.296012454566661	0.767235543840895	0.925543153607514	-5.8659526603714
ENSMUSG00000089762	-0.0177210736221092	6.70039070434905	-0.374830227861305	0.707806095729041	0.901196201945901	-5.86596923184184
ENSMUSG00000019960	0.0154734852532643	6.80519293354985	0.290680075921051	0.771310695764081	0.927457894915527	-5.86601893014025
ENSMUSG00000022466	0.0198378209775187	7.22703672061294	0.567787718543385	0.570210173347356	0.831568687689586	-5.86603199790818
ENSMUSG00000021928	-0.0134823407500066	6.67264506327076	-0.40235978592791	0.687440211610582	0.891810773037629	-5.86603521610577
ENSMUSG00000074794	0.01030445802163	6.92680212899723	0.300860845218307	0.763535846212955	0.92395992492392	-5.86605027939351
ENSMUSG00000053470	-0.0138891415698987	7.0987548212843	-0.521917828140242	0.601755705374193	0.846592134970962	-5.86608058542609
ENSMUSG00000025495	0.0253168954402829	7.12825322927977	0.527223128561687	0.598067141107374	0.84430272359935	-5.8661149968857
ENSMUSG00000041444	0.0135801965612545	6.81723427832513	0.279831623492284	0.779620788068871	0.930138916282801	-5.86623405184337
ENSMUSG00000012296	-0.0152058116250524	6.86125397538162	-0.327944064090918	0.742970681569342	0.916209393890139	-5.86650902808127
ENSMUSG00000025283	-0.00718823931933787	6.80763442684425	-0.283115995819939	0.777102196434309	0.929014335530938	-5.86662824655498
ENSMUSG00000037681	0.0166182638786561	7.25864457389931	0.801354775726754	0.422972671568963	0.746210442455371	-5.8667036470505
ENSMUSG00000029632	0.00487506406322868	6.90931303002708	0.268709931866388	0.788166411995884	0.933890865272311	-5.86673338574636
ENSMUSG00000071252	0.0367891375374496	7.46004292632843	1.20717512294457	0.22743426522139	0.577831096959537	-5.86684136586452
ENSMUSG00000058587	-0.00939799221760662	7.01200523659619	-0.385624537880368	0.699794740273552	0.897957324307101	-5.86694459922994
ENSMUSG00000078676	-0.00613679136235756	6.92611810833846	-0.275405936701515	0.783018245521713	0.932142974694375	-5.86696829697393
ENSMUSG00000063802	-0.0199943227761308	7.06599459184034	-0.450510133170577	0.652366442466895	0.874249701192662	-5.86697999978459
ENSMUSG00000024097	0.00513481301654117	7.01569026639381	0.362168437806111	0.71724480720766	0.905606732736213	-5.86703903550219
ENSMUSG00000026235	0.0179237833393122	6.72933770607319	0.33403387865633	0.73837105768136	0.914231488588481	-5.86712737284287
ENSMUSG00000096054	0.0115430984672376	6.99229959121122	0.362876460555641	0.716715855185999	0.90558172222169	-5.8671885775651
ENSMUSG00000025144	-0.0113830545918674	6.997267713307	-0.348299083069552	0.727633443421046	0.909811247077413	-5.86723555742441
ENSMUSG00000026750	0.00862686983722583	6.82014737122703	0.300588580995971	0.763743462696178	0.924040338159216	-5.86724179212479
ENSMUSG00000044876	-0.0122508506857315	6.92392967520218	-0.295147979147282	0.767895766128099	0.926092403234723	-5.86743135786453
ENSMUSG00000022428	-0.0112883346072419	6.98266986059446	-0.270718259957583	0.786621342666413	0.933586694342386	-5.86752062367779
ENSMUSG00000038302	0.0186340186589087	6.7377660176641	0.389264383353742	0.697100772850717	0.896536926419088	-5.86765323187301
ENSMUSG00000029670	0.0124875896639471	6.99866777061083	0.317694772583754	0.750732636164881	0.918783908977109	-5.86773520202508
ENSMUSG00000060860	0.0103429384088933	6.78125982778214	0.328542818074688	0.742518033815707	0.916103330828406	-5.86776641551051
ENSMUSG00000040490	0.0191125178688329	6.80070721587359	0.295163575917762	0.767883852976097	0.926092403234723	-5.86786372980421
ENSMUSG00000033885	0.0140543875822479	7.11077511019084	0.436577248817823	0.662440927209189	0.880042145801475	-5.86798450598342
ENSMUSG00000038170	0.00520579938347332	7.0829130335291	0.484574875086073	0.62800379449828	0.861687243047461	-5.86808631345219
ENSMUSG00000073609	0.0138498355157965	7.04702052433059	0.382328103034906	0.702237805154675	0.898704320385911	-5.86827484677942
ENSMUSG00000006301	-0.0284298018633491	7.27448404671038	-0.932931069365172	0.350910429898659	0.694668669213731	-5.86835589108635
ENSMUSG00000030811	0.011629483048087	6.9801592877718	0.375027715092113	0.707659229835077	0.901196201945901	-5.86862584228336
ENSMUSG00000047797	-0.0180542081974808	7.02697574822535	-0.337172392077307	0.736004186383174	0.913450805673179	-5.86874747847625
ENSMUSG00000032872	-0.0161516276907268	6.61079204353551	-0.395661781318479	0.692375115427386	0.894702803561237	-5.8687697349057
ENSMUSG00000058402	0.0214722363947617	7.28037327485414	0.90574960455986	0.365121560797168	0.7061794752194	-5.86891878022064
ENSMUSG00000037754	0.00862624601425921	6.73510696865924	0.284337106297179	0.776166394497033	0.928737878281616	-5.8689434993584
ENSMUSG00000001248	0.0263603599035349	7.1680863081891	0.646384358540587	0.518066604299748	0.803839210471044	-5.86900319918357
ENSMUSG00000026664	0.00646019690733368	6.87688461213924	0.273411965704653	0.784550310912266	0.932529889472296	-5.86924443195595
ENSMUSG00000003814	0.0156311183035855	6.66162320954857	0.409234286069304	0.682389086517538	0.889257135236907	-5.86946360700126
ENSMUSG00000038742	0.00470417449835381	6.98749084089009	0.325567575856752	0.744768141296796	0.917106727550975	-5.86950412874888
ENSMUSG00000058706	0.0126189678530588	7.046594582675	0.403611665600689	0.686519329335125	0.891127723037398	-5.86953633895723
ENSMUSG00000074896	-0.0231357580844618	6.79329173701412	-0.382656334828735	0.701994406386029	0.898704320385911	-5.86958614924169
ENSMUSG00000078451	-0.0287403121827401	7.27620288111631	-1.08161002715857	0.279489384184092	0.632727143330762	-5.86970667952128
ENSMUSG00000094870	-0.0107753661987537	7.13306991788033	-0.558112461580678	0.576798029591152	0.835494410811629	-5.8697477653086
ENSMUSG00000032412	0.00452706185545626	6.85201840964514	0.266611783371946	0.789781473886728	0.935102368610274	-5.86980332814811
ENSMUSG00000018841	0.0138141780992154	6.73392164055348	0.316040357419972	0.75198794430078	0.919209884581292	-5.8698045509918
ENSMUSG00000024975	0.0141923711646834	7.12456626050103	0.495312998871038	0.620405709723714	0.857874616260491	-5.86983673190212
ENSMUSG00000029718	-0.0134636517003797	6.80312481857303	-0.259010850422009	0.795639856035861	0.937685446069051	-5.86990693773853
ENSMUSG00000103632	-0.0174818722649697	7.09803693334775	-0.492587011633005	0.622330772857842	0.85895964760324	-5.86993875744573
ENSMUSG00000013997	-0.0172199569483444	7.03561555278095	-0.339848189280423	0.733988243397823	0.912462544077999	-5.86999435872779
ENSMUSG00000025225	0.0163382171504782	6.95274972941771	0.353127046980633	0.724011329424767	0.908145582786658	-5.86999553287304
ENSMUSG00000060679	0.0104003627482836	6.98294809089374	0.281697126485382	0.778189957937173	0.929085897297657	-5.87001398000465
ENSMUSG00000018167	0.0196829908403924	6.5235981756313	0.453813069715826	0.64998736711959	0.873093446726635	-5.870031759606
ENSMUSG00000042129	0.0168909183121881	6.63581949412894	0.408065451800203	0.683246906164636	0.889690890681918	-5.87005824110909
ENSMUSG00000036257	0.0366413777673547	7.49780911264179	1.38390422014854	0.166463025199211	0.509080254430248	-5.8700890670514
ENSMUSG00000026577	-0.0217132852871886	7.12723624194576	-0.374880905428973	0.7077684071599	0.901196201945901	-5.87009160971467
ENSMUSG00000060019	-0.0129099137117237	7.07660945689859	-0.420767668954463	0.673946769762827	0.885220758153551	-5.87009266625036
ENSMUSG00000025035	-0.0125333843051827	6.58354577933469	-0.490076068631584	0.624106263367592	0.859922024261973	-5.87014056425871
ENSMUSG00000031634	-0.0115030130903389	6.88284098156528	-0.281149114598142	0.778610202132354	0.929484945358256	-5.8701729237957
ENSMUSG00000014850	0.0186240302421208	7.10465692853733	0.503348247594232	0.614746458682209	0.854758119519809	-5.87037844359266
ENSMUSG00000005804	-0.0101867463881797	7.02279853262352	-0.274824779911074	0.783464690075685	0.932182033176493	-5.87055670911014
ENSMUSG00000038503	0.00788208969691961	7.05980021789505	0.328399877762864	0.742626086155747	0.916126607028859	-5.87060904206976
ENSMUSG00000036955	0.015538197195065	6.78286016800167	0.323102943105798	0.746633739041795	0.917963991585129	-5.87070485937882
ENSMUSG00000030512	0.00493525813072626	6.87262124176513	0.26221220484054	0.793171001863126	0.936335432586876	-5.87074250324648
ENSMUSG00000003234	0.0130979276330825	7.02317123423885	0.354286493593115	0.72314238664137	0.907712312934526	-5.8707679880761
ENSMUSG00000000740	0.0063094822347729	6.91779952199432	0.269443730353186	0.787601780949761	0.933827419392052	-5.87085311922303
ENSMUSG00000041841	-0.00568097218435248	7.03257477033104	-0.364290988693776	0.715659491975652	0.904916983257229	-5.87091157607144
ENSMUSG00000023206	-0.0189365973344495	7.15798714868517	-0.64017697903763	0.522093277980073	0.806427360744344	-5.87094320404685
ENSMUSG00000016933	0.013907392239866	7.06980831666502	0.455665155236267	0.648654884905799	0.872644052423023	-5.87096481663409
ENSMUSG00000027076	-0.0106231417091172	6.72305469485824	-0.361759207092811	0.717550598558072	0.905739783563015	-5.87128096270979
ENSMUSG00000052407	-0.0199057078817733	7.4096916115446	-1.18137095239011	0.237523831343668	0.587440369455938	-5.8713172838273
ENSMUSG00000054843	-0.0220140274441771	6.68651292281755	-0.330069862363561	0.741364018014078	0.915160396461544	-5.87135179229157
ENSMUSG00000019139	0.0101748101359584	6.81045623375686	0.279193116671293	0.780110691042713	0.930479316735959	-5.87150626342561
ENSMUSG00000043015	0.028370453070969	7.48544479293455	1.29078264473137	0.196851751109804	0.544121517134907	-5.87167588693836
ENSMUSG00000038987	-0.0358172022715593	7.22171889851893	-0.817957318585604	0.413429035731663	0.741513721799936	-5.87177375918455
ENSMUSG00000066090	0.022586042340297	7.08559875221268	0.578294290908974	0.563097172399068	0.827405599153199	-5.87177800214064
ENSMUSG00000046550	0.0153273818462933	7.07375208793894	0.354935190872031	0.722656378626581	0.907453476096988	-5.8718295726441
ENSMUSG00000027639	0.0142987254916074	7.04565955722429	0.290009133060503	0.771823898967033	0.927457894915527	-5.87186670038869
ENSMUSG00000040549	0.0113582930174445	7.03053482750111	0.30756907758821	0.75842585643751	0.922356212819453	-5.87186975298791
ENSMUSG00000099083	-0.0159578848433197	7.51304379702304	-1.47364799183934	0.140653071241117	0.476501215485811	-5.87191300768811
ENSMUSG00000104113	-0.0242520298833782	7.20904633511167	-0.582957182126584	0.559954147852955	0.825650716323041	-5.8719362567623
ENSMUSG00000020694	-0.014561678818505	6.8392132762919	-0.336883081421064	0.736222262004345	0.913450805673179	-5.87197334724242
ENSMUSG00000025764	-0.0154887710197862	6.78645192203953	-0.304353715463922	0.760873853790272	0.923042923200475	-5.87209161952829
ENSMUSG00000036620	0.0118385877376328	6.69902187540471	0.310868570760365	0.755916322696778	0.921120672259162	-5.87218860485484
ENSMUSG00000026374	0.0200341356093769	7.26477275358793	0.708345254823117	0.478771101342803	0.779023963877766	-5.87221729780664
ENSMUSG00000017176	0.0168418405784383	7.06842831248756	0.332667470692012	0.73940229455248	0.914838250495933	-5.87238441991769
ENSMUSG00000021071	-0.0123329086061164	6.634279309963	-0.313962495796987	0.753565477632049	0.920139452175358	-5.87239782317502
ENSMUSG00000028488	-0.0172075731766252	6.97626708973395	-0.320597716255571	0.748531587809154	0.917963991585129	-5.872613547248
ENSMUSG00000009731	0.0107243521410032	7.0154876793041	0.305408898194517	0.760070231126727	0.922935619160995	-5.87274225432674
ENSMUSG00000026193	-0.0209161562016726	7.0990270996821	-0.481447814464377	0.630223924634859	0.862217555015077	-5.872794825048
ENSMUSG00000026207	-0.00575904828108253	6.89430269299888	-0.282063350421338	0.777909154418402	0.929077899542344	-5.87283037517956
ENSMUSG00000015484	0.0181515336827287	6.95406120224281	0.342750789350469	0.731803500157329	0.91167801664367	-5.87285500525851
ENSMUSG00000079003	-0.0202911927296281	7.00926187292161	-0.367725817879393	0.713096646347863	0.90390466821095	-5.87285557535201
ENSMUSG00000063415	0.029379477875783	7.18714507253823	0.731412504098923	0.464568980145729	0.769847683677068	-5.87289554625151
ENSMUSG00000066148	0.0238681420344715	7.26975477117466	0.733736110810672	0.463151489934836	0.768593378278642	-5.87293858224634
ENSMUSG00000037148	0.0122267540157592	6.69960887461899	0.329342669749068	0.741913498619501	0.915594168730863	-5.87308730404227
ENSMUSG00000037349	-0.0182757579792057	6.97747164859581	-0.419471270271281	0.674893698042039	0.885775654042614	-5.87309909425533
ENSMUSG00000042148	-0.0104454653740991	6.8111091204091	-0.246891306065434	0.805004691169096	0.94178552469224	-5.87313019130341
ENSMUSG00000009185	0.0140775976481686	6.88955434115167	0.24429975844714	0.807010880376006	0.942326515620588	-5.87320675653824
ENSMUSG00000013150	-0.0100696654779062	6.74391958458951	-0.315680607520183	0.752260996050745	0.919339695732469	-5.87323458588428
ENSMUSG00000002603	0.0222287623388953	6.98638907940227	0.291167433874478	0.770937979137652	0.927122327581009	-5.87324085506647
ENSMUSG00000077704	0.0255520972196503	7.3628319155141	1.10600130574262	0.268790769226227	0.622837260112982	-5.87330641902351
ENSMUSG00000067928	-0.0189560946591349	7.30652358459841	-0.989918015295557	0.322272540183419	0.669285387855579	-5.87332241953336
ENSMUSG00000001983	0.0143062030579548	6.71189962554916	0.338642875916139	0.734896099218347	0.912930301741099	-5.87340009413304
ENSMUSG00000042115	0.0190505565901473	6.80031355019898	0.299939850144375	0.764238224211548	0.9241475065876	-5.87344775395273
ENSMUSG00000026921	0.0194471525898718	7.13472037312073	0.521639527489498	0.601949479776239	0.846688561760167	-5.87347094816515
ENSMUSG00000039164	0.0217242373572715	6.78815016562049	0.366035059294064	0.714357777446742	0.904421861914324	-5.87357219215742
ENSMUSG00000058690	0.0338246853689652	7.33664006801843	0.971898774566563	0.331158174964393	0.677853694824535	-5.87362147465306
ENSMUSG00000026933	0.00453458894156178	7.00152946362379	0.334762581681178	0.737821293155198	0.91383966991822	-5.87365722329882
ENSMUSG00000026688	-0.0113672761305423	6.91644117468294	-0.245214033948268	0.80630296850296	0.942238893894426	-5.87366627452689
ENSMUSG00000034189	-0.00939966738549369	7.00498435644406	-0.266371723238672	0.78996631930853	0.935157893755788	-5.87373112337131
ENSMUSG00000039461	0.0219017633706438	7.30224399927385	0.875117519548094	0.381561166409522	0.716212971643402	-5.87382504430543
ENSMUSG00000030986	0.00725177014350553	6.91737300560523	0.23958045967939	0.810667476385549	0.943152847751889	-5.87385201999614
ENSMUSG00000057594	-0.0152687924359238	7.01261689131693	-0.344668692061833	0.730361114965032	0.911042695421132	-5.87394202688822
ENSMUSG00000039163	0.00681538052718356	6.98875663746032	0.283950494157788	0.776462640860595	0.928737878281616	-5.87397815664891
ENSMUSG00000035805	-0.02826755613013	7.09549592392249	-0.515803448141846	0.606019473988443	0.849944349677802	-5.87405113465252
ENSMUSG00000021258	0.0230513979373557	7.0830233829667	0.445825090064512	0.655747109432141	0.876368510362503	-5.87422507111608
ENSMUSG00000030283	-0.0105257956400893	6.97156602876438	-0.297158221972296	0.766360752024679	0.925160048750379	-5.87436651795577
ENSMUSG00000029062	0.0107269011639852	6.9816971942975	0.28226808505967	0.777752186039411	0.929077899542344	-5.87440632620007
ENSMUSG00000014504	0.0122600021676114	6.76658035260529	0.285281674931793	0.775442744108451	0.928737878281616	-5.87452881036466
ENSMUSG00000043460	0.0111007413305888	7.43449134272864	1.26011276442779	0.207700318070906	0.554173200514965	-5.8745397253487
ENSMUSG00000039497	0.0132247786098922	6.85220921535166	0.269055810729643	0.787900256992336	0.933827419392052	-5.87455906061728
ENSMUSG00000037493	0.00849542322883501	6.94982862565713	0.236521759173207	0.813039626245654	0.943813600171721	-5.87466727970819
ENSMUSG00000050967	0.0151136372181702	6.90739492852149	0.241150527807577	0.809450496800039	0.943025396117742	-5.87467648071699
ENSMUSG00000055805	0.0132818320450649	6.64880687296038	0.332467338936572	0.739553374689173	0.914838250495933	-5.87471047539255
ENSMUSG00000023232	-0.02276541063826	7.06081992116948	-0.468217326657475	0.639654042460402	0.866463133947261	-5.87474937145139
ENSMUSG00000004266	0.0101922461962216	6.94430422301482	0.235155013463651	0.814100150887623	0.944363912912582	-5.87475208993467
ENSMUSG00000034681	-0.0282477627608912	7.26455752527644	-0.695598601500897	0.486719619677002	0.78353652381629	-5.87476232114087
ENSMUSG00000010607	-0.00778487685115969	6.74425752260886	-0.338176246221072	0.735247669650905	0.913116048834567	-5.87480848626416
ENSMUSG00000040464	0.0087915317457119	7.11601909447664	0.383432291885633	0.701419120639337	0.898704320385911	-5.87487878619764
ENSMUSG00000028234	0.0027872794802386	6.88012746183558	0.233619317360496	0.815292179100258	0.944706101663167	-5.8749283824247
ENSMUSG00000028527	-0.00969742663559181	6.79330464300516	-0.245486081828838	0.806092355911631	0.942194851153662	-5.8749359420045
ENSMUSG00000073633	0.0256727736471207	7.23709066352806	0.697463603820327	0.4855522099112	0.782400387684341	-5.87500487439812
ENSMUSG00000029111	-0.00939420530441204	7.16519436238145	-0.544397554514118	0.586197498651969	0.839296911954378	-5.87500896807805
ENSMUSG00000059895	0.010728486325057	6.83483467968699	0.238628124706672	0.811405866538073	0.943152847751889	-5.87507848197388
ENSMUSG00000030744	0.004632181073287	6.82965827946082	0.244945083686491	0.806511196810713	0.942319786828649	-5.87514986541722
ENSMUSG00000032440	-0.0230512383752748	7.14049034292612	-0.66238061087395	0.507764513070069	0.796841098281448	-5.87537060637477
ENSMUSG00000057637	-0.00629043404891938	7.0910817622957	-0.461913964499694	0.644167498156928	0.870258382375295	-5.87550419176941
ENSMUSG00000031432	0.0157777045059655	7.2626830744445	0.741306662412316	0.458549929571894	0.767144737532413	-5.87570313882348
ENSMUSG00000096232	0.0084368551535734	6.8572567105211	0.249450466936595	0.803024832937239	0.940927361233759	-5.87585305336601
ENSMUSG00000050428	0.0109854801745426	6.72155263962463	0.294336487292886	0.768515676839355	0.926294630142221	-5.87593051297784
ENSMUSG00000026963	0.0124032367958993	7.07293419718977	0.426813333259681	0.669537677820706	0.883744969610965	-5.87601950722217
ENSMUSG00000022820	0.00570168260402415	6.93798102479879	0.230999367213297	0.81732680618465	0.945446014927096	-5.87603889794638
ENSMUSG00000029648	0.0155478056104235	6.90762532934675	0.285230863523089	0.775481666650727	0.928737878281616	-5.87607906893283
ENSMUSG00000022678	-0.0161125955573684	6.7650596683523	-0.263251243635067	0.792370149244812	0.936081110865367	-5.87617571444631
ENSMUSG00000028597	0.0132089227036429	7.10587166479297	0.334838917732608	0.737763709750887	0.91383966991822	-5.87622922414955
ENSMUSG00000020521	0.0222477859150541	7.28619495227847	0.984091222678087	0.325128661404708	0.671863190264445	-5.87633595259362
ENSMUSG00000030652	0.00743217399872353	6.95272494399638	0.234183835929142	0.814853942235009	0.944497712988138	-5.876378068726
ENSMUSG00000024165	0.0161292632898649	6.90884258868307	0.249951963825776	0.802637004747507	0.940927361233759	-5.87638465690981
ENSMUSG00000072214	0.0243121488543627	6.46943941587472	0.502756312720952	0.615162584070097	0.854758119519809	-5.87640089223659
ENSMUSG00000034993	0.0118944954328661	7.10495992492364	0.369877649093643	0.7114927370121	0.903222708652627	-5.87643224888476
ENSMUSG00000074346	-0.0270255011314129	7.2488726780855	-0.797032325851057	0.425478355411957	0.747232583248097	-5.87650778937217
ENSMUSG00000029287	0.00970779420626044	7.00226277918372	0.319590949118382	0.74929470018012	0.918114554454774	-5.87673594089915
ENSMUSG00000038351	-0.0182194632892951	7.45396810471562	-1.35256179419271	0.176270165369443	0.51762419364932	-5.87678872952916
ENSMUSG00000026547	0.0126756725385198	6.83457838894274	0.240214326772848	0.810176102733545	0.943152847751889	-5.87682520981336
ENSMUSG00000059890	0.0174664059974265	7.07948857401676	0.403108163812672	0.686889649218621	0.891437720312632	-5.87691331751213
ENSMUSG00000036751	-0.00528215239907848	6.97236336713373	-0.272358230211274	0.785360285255494	0.932762728818134	-5.87707321280602
ENSMUSG00000015363	0.0217064271585974	7.07546582165645	0.482506551696947	0.629471873828577	0.862161390347216	-5.8770795051921
ENSMUSG00000021514	-0.0278649797912882	7.2064547330031	-0.817023134505795	0.413962622610159	0.741741415517345	-5.87711169361624
ENSMUSG00000058835	0.0157639990767473	7.06960149273312	0.336159845533723	0.736767513307046	0.913609489585257	-5.8772176590045
ENSMUSG00000057359	-0.0156568710149916	7.1170233449076	-0.479996264639712	0.631255624473562	0.862584535034525	-5.87726476420934
ENSMUSG00000073678	0.0292843981625399	7.36718790355053	1.03037500575013	0.302894707822286	0.65467882115377	-5.87731008517141
ENSMUSG00000058152	0.0118491971778001	6.96714398170031	0.223429288804695	0.823212529269217	0.947086939555354	-5.87742516157016
ENSMUSG00000092203	-0.0116692869920252	7.28151993973157	-0.960281848616383	0.336969942026731	0.681318558837467	-5.87746279690977
ENSMUSG00000097574	0.0209004501489449	7.50931819370215	1.40204628151619	0.160977040346688	0.503466369785558	-5.87753480147806
ENSMUSG00000039167	0.011798027797127	6.8577617746785	0.242374291963258	0.808502261191928	0.942490358235624	-5.8775965069361
ENSMUSG00000020891	-0.00588090888710902	6.89568274841831	-0.232295742438616	0.816319899338375	0.945233479044624	-5.87761197762918
ENSMUSG00000031934	0.0199310317211401	6.65545331374792	0.453275477410209	0.650374347706212	0.873093446726635	-5.87761749846684
ENSMUSG00000084930	-0.0145329446120481	7.10253213042922	-0.284187606169857	0.776280946970163	0.928737878281616	-5.87765792160335
ENSMUSG00000031949	-0.0158181547911447	7.0170967186638	-0.394667452071039	0.693108830686363	0.894961562546506	-5.87766073623458
ENSMUSG00000026227	-0.0221353113619802	7.27451288157931	-0.789793017512035	0.429694277072668	0.74974072636305	-5.87767416852861
ENSMUSG00000035033	-0.0168013307858921	6.76231072897639	-0.242606847506674	0.808322096922215	0.942461615459681	-5.8776753356146
ENSMUSG00000038175	0.0268764778769501	7.11719407324835	0.418383232987928	0.67568883062787	0.886318611228006	-5.87776977579927
ENSMUSG00000031791	0.010121828357164	6.73786487439406	0.251685453230562	0.801296801116115	0.94068402244898	-5.8779253700333
ENSMUSG00000004285	0.00493359122734116	6.83925976882895	0.236642872938664	0.812945664678914	0.943813600171721	-5.87799982051062
ENSMUSG00000021241	0.0159615260845944	6.62039280378903	0.447642035489822	0.654435182409921	0.875825214426071	-5.87804414169506
ENSMUSG00000002395	0.00450719214125961	7.10395676840782	0.455594584278396	0.648705636574121	0.872644052423023	-5.87816698458778
ENSMUSG00000027222	-0.0244880446636992	7.09275177027952	-0.599159946251232	0.549099294995287	0.819647274845993	-5.87820873196689
ENSMUSG00000038146	0.0285091282130407	7.3436841948365	1.02204599186045	0.306819362024244	0.65755052175327	-5.87840510588128
ENSMUSG00000004394	0.00754784110526696	6.80655946404531	0.218002913606439	0.827437677516025	0.948759397693324	-5.87842141053348
ENSMUSG00000041777	0.0115222559105455	6.8779675553538	0.217655860186369	0.827708075798318	0.948759397693324	-5.87843321319027
ENSMUSG00000022956	-0.00497360541954617	6.89289045002288	-0.219241109753528	0.82647313386659	0.948759397693324	-5.87843523112528
ENSMUSG00000090877	0.0137596095026282	6.59442255565132	0.398842730490081	0.690029835798375	0.893716518318147	-5.87844500519286
ENSMUSG00000073565	0.0103986442939501	7.03843424063578	0.279986710925283	0.779501808350608	0.930138916282801	-5.87855521458089
ENSMUSG00000063065	-0.0240766038104985	7.13136881408505	-0.550496046864717	0.582009143006734	0.837348372534072	-5.87873456071198
ENSMUSG00000033589	-0.0225339623403089	7.03982521784445	-0.423816521863088	0.671721834637799	0.884470239359807	-5.87878677381715
ENSMUSG00000056413	-0.0116067660015844	6.95610958941772	-0.307933338536364	0.758148680669436	0.922295182818861	-5.87879892378707
ENSMUSG00000037625	-0.0129259374444723	6.96693315394967	-0.262561763379279	0.792901550684874	0.936261907697746	-5.87886499641452
ENSMUSG00000035112	0.014437722896214	6.69983540989487	0.298393396604267	0.765418031576764	0.924666993862405	-5.87896457707479
ENSMUSG00000085505	0.0134912430324281	7.05748008275919	0.311315533496024	0.755576568430016	0.921066994674893	-5.87901971645973
ENSMUSG00000044786	-0.0100015143573744	6.66602183842989	-0.30174348088291	0.762862904871637	0.92395992492392	-5.87908350861294
ENSMUSG00000056692	-0.0167945890667216	6.96482952018955	-0.388185080221338	0.697899203484151	0.8967485680838	-5.87910967486756
ENSMUSG00000028962	0.00613122328161708	6.84779028884865	0.21400922441892	0.830550493134765	0.949488163241147	-5.87912185911388
ENSMUSG00000024955	0.0219860768908298	6.53488468698069	0.443500696945486	0.65742698932158	0.877057719245386	-5.87913094540433
ENSMUSG00000022337	-0.00919395774266896	6.78177613035645	-0.273832625067249	0.784227028019324	0.932508324040924	-5.87913503256657
ENSMUSG00000028692	0.00580376725336684	6.85466648606155	0.227835463042555	0.819785503573344	0.946422543075948	-5.87917463506949
ENSMUSG00000026656	0.00872490942016402	6.84015788384817	0.217734888100373	0.827646501312014	0.948759397693324	-5.87918023987967
ENSMUSG00000041078	0.0227861155068645	7.31465893394434	0.863097517785761	0.388134276874735	0.721218830689991	-5.87920439196879
ENSMUSG00000034744	-0.0143999663136949	7.21519553465852	-0.72612194039155	0.467805419159342	0.771697697405425	-5.87924360815082
ENSMUSG00000000295	0.00948207097824927	7.08061747831599	0.357949993018321	0.720399141704132	0.906886867523178	-5.87925616595442
ENSMUSG00000079139	-0.0048530107075857	6.92819286059906	-0.256395622314529	0.797658216442237	0.938477670461979	-5.879261606383
ENSMUSG00000030307	-0.0343339687573305	7.35536782129781	-1.04141485303289	0.297744383959251	0.651060083230725	-5.87926188693695
ENSMUSG00000007950	0.00942011965781475	6.87095068261144	0.218920324511737	0.826722997605189	0.948759397693324	-5.87932903582601
ENSMUSG00000086605	0.0114504302031531	7.25345310016898	0.796688135085756	0.425678251544898	0.747390020000741	-5.87933027481033
ENSMUSG00000005667	0.00785651696157696	6.77971661198758	0.258005529895802	0.796415573448801	0.937797667606291	-5.87934213003654
ENSMUSG00000077440	0.0303367325354635	7.19362740715057	0.618650143224989	0.536181188375074	0.814423543803411	-5.87934674554149
ENSMUSG00000027384	0.0225479505376303	6.2567498877129	0.662559999343269	0.507649594218684	0.796841098281448	-5.87948247599965
ENSMUSG00000022571	-0.00980688308603828	6.74297002567451	-0.289868154770002	0.771931745759896	0.927457894915527	-5.87950031487606
ENSMUSG00000027598	0.0070741843064317	6.82186629986783	0.213807393208647	0.830707878234889	0.949488163241147	-5.8795299086953
ENSMUSG00000060802	-0.0158846067320022	6.81284729206875	-0.313356686235674	0.754025608455349	0.9202182251354	-5.87956284534053
ENSMUSG00000060419	0.00836873039580688	6.91545494037195	0.210599360851741	0.833210364170556	0.95066826427097	-5.87962314125131
ENSMUSG00000063870	0.00494917017312169	7.1060127600028	0.460138612729993	0.645441101888946	0.871182120207158	-5.87963191014366
ENSMUSG00000030403	-0.016727196266781	7.06063896923443	-0.448416935812685	0.653875989270147	0.875407392369374	-5.87963769614767
ENSMUSG00000022551	0.00750711598020626	6.91700971585507	0.214791411202731	0.829940619324972	0.949445170012688	-5.87970302978442
ENSMUSG00000027164	-0.00621575912252581	6.75158008160235	-0.247380404887662	0.804626209736736	0.941509342515697	-5.87972883696177
ENSMUSG00000015672	-0.0106293280853595	6.83943488656808	-0.243493041397417	0.807635642482516	0.942326515620588	-5.87974469118905
ENSMUSG00000065581	-0.0198578629765196	7.171599560102	-0.288837176094208	0.772720566621243	0.927594259379529	-5.87981258659982
ENSMUSG00000028599	-0.00957346282583593	6.9807192512991	-0.219389428908145	0.826357612115527	0.948759397693324	-5.87991390570535
ENSMUSG00000024793	0.0125451859778423	6.75842585748186	0.222598262531701	0.823859263634913	0.947563954560752	-5.87991897430861
ENSMUSG00000034278	0.00542535913801512	6.95838624529487	0.226652036498076	0.820705611578691	0.946666133778097	-5.87993188159089
ENSMUSG00000032497	-0.00915688712907503	6.85041828449601	-0.235829266225991	0.813576922559374	0.944147557652999	-5.87996889590463
ENSMUSG00000032897	-0.0109566197243387	6.78372631501689	-0.209466364335353	0.834094584897145	0.95066826427097	-5.88006138690379
ENSMUSG00000027259	-0.00806563245663039	6.92182570780527	-0.239021900775477	0.811100533017545	0.943152847751889	-5.88011947747775
ENSMUSG00000036977	0.0164952737928079	7.12797860080331	0.489448858579076	0.624550105916248	0.859982509377997	-5.8801847154285
ENSMUSG00000025492	-0.0201600904939419	6.7423423359238	-0.36416974791186	0.715750012741072	0.904916983257229	-5.88018633097933
ENSMUSG00000020377	0.0115431857488995	6.94122297406085	0.208471615728175	0.834871086363397	0.95066826427097	-5.88023174911282
ENSMUSG00000040351	0.0236741870312303	7.11888148428959	0.584783124703591	0.558725692754097	0.824618158721117	-5.88030499873512
ENSMUSG00000055762	-0.00555463685930757	6.8765518084897	-0.209381611620692	0.834160736630385	0.95066826427097	-5.88035638788312
ENSMUSG00000042675	0.0117379071519252	6.58837614713984	0.43609301583978	0.662792177387948	0.88021709677988	-5.88036284011219
ENSMUSG00000075010	-0.0132041378518259	6.98139820325212	-0.227279388250347	0.820217818015887	0.946426653332714	-5.88039775357134
ENSMUSG00000025223	0.0124215109686654	7.04801450723309	0.370346637665311	0.711143336419253	0.903114894443223	-5.88040313147954
ENSMUSG00000077360	-0.0243690799267631	7.17351568085886	-0.581472478183853	0.560953989591003	0.826120156954483	-5.8804473095768
ENSMUSG00000042246	0.0128105615609861	6.63852445166582	0.331134756955773	0.740559601432696	0.914975437062896	-5.88060055493342
ENSMUSG00000030417	0.0115097191099292	6.72380640575295	0.368787401495618	0.712305215197663	0.903817517547047	-5.88064475292396
ENSMUSG00000051537	-0.0123643864293275	6.82631078225167	-0.263142501113252	0.792453953702741	0.936081110865367	-5.8808955062648
ENSMUSG00000101458	-0.0223616399041147	7.31853545264282	-1.03269041672786	0.301809637886699	0.654129693731559	-5.88098388474247
ENSMUSG00000003344	0.0101962341163189	7.07602435036125	0.478895600605533	0.632038409155177	0.862731922676251	-5.88114089227251
ENSMUSG00000020219	0.0107919025212704	6.59661725457013	0.387859633768276	0.698140023070257	0.89686073758515	-5.88134635431337
ENSMUSG00000001524	-0.00999430192019535	6.92235213586734	-0.264747703120557	0.791217118879043	0.935785744618837	-5.88144939911591
ENSMUSG00000062031	-0.0334356642844433	7.23634731291552	-0.838213813573374	0.401959434988742	0.732396992282941	-5.88145893842891
ENSMUSG00000097347	0.0246280832018728	7.2926042234352	0.878098179821699	0.379941833618146	0.715153599915983	-5.88153558738234
ENSMUSG00000025162	-0.00746648032635644	6.6935201265585	-0.313169695232693	0.754167651474765	0.9202182251354	-5.88156003259288
ENSMUSG00000054733	0.0258750717694971	7.15075636732853	0.559958033656804	0.57553861799856	0.834263273301685	-5.8816648503223
ENSMUSG00000031516	0.00570766101066678	6.93876611981555	0.208432876666597	0.834901329365741	0.95066826427097	-5.88172309909943
ENSMUSG00000008682	0.00565410169313463	6.95108380716623	0.202493032147463	0.839541340410852	0.952234166547783	-5.88180060670667
ENSMUSG00000031969	0.0105736752952392	6.78822723462973	0.235561176291627	0.813784953650173	0.944191592920716	-5.88185737251823
ENSMUSG00000044629	-0.0277207283760852	7.21679754336985	-0.649016849479939	0.51636379454569	0.802115069483326	-5.88190426745023
ENSMUSG00000009112	-0.0153166426852405	7.39942095746881	-1.13459363040209	0.256611873253094	0.610091951317605	-5.88197384837274
ENSMUSG00000037752	0.00798461676336171	6.91309493480362	0.197738504995931	0.843259452911288	0.954203794222336	-5.88205753584782
ENSMUSG00000000958	-0.0167640260393567	6.97267368846527	-0.369386026246427	0.711859065424894	0.903518555423209	-5.88207202567846
ENSMUSG00000004609	-0.0289216785541413	7.47139669454783	-1.28176891591239	0.199996113997942	0.546649734191421	-5.88219110772232
ENSMUSG00000017754	-0.0276436837991945	7.10484244360337	-0.588241058061176	0.556402864258783	0.823535193977782	-5.88220700957775
ENSMUSG00000032050	-0.0197860160065195	7.18800906664639	-0.630875373201935	0.528157138400439	0.810040099822754	-5.88221995857568
ENSMUSG00000035863	0.0166469208980828	6.98784392918385	0.393635522464501	0.693870595822848	0.895525705679788	-5.88232172107082
ENSMUSG00000023089	-0.00221738697802909	6.85900949873691	-0.206262687507078	0.836595952224814	0.951318285688503	-5.88232176144669
ENSMUSG00000048489	0.0124244118718968	6.92960581920657	0.261666800980464	0.79359146636523	0.936465368414493	-5.88241540697354
ENSMUSG00000039384	-0.0226521343213486	7.16206747631693	-0.517924637331873	0.604538763453662	0.84892144535523	-5.88250496118102
ENSMUSG00000038544	0.0135502312745528	6.72810225538681	0.243710242160769	0.807467419235168	0.942326515620588	-5.88255560791034
ENSMUSG00000058420	-0.021864760372039	7.16829509905451	-0.641430057334388	0.521279122118105	0.80609624563916	-5.8827014110768
ENSMUSG00000057531	0.00711246897292916	6.78975171696368	0.241388699919135	0.809265926778135	0.942938074532309	-5.88272900582478
ENSMUSG00000070003	-0.00646480089449764	7.03747739577762	-0.336943796322837	0.736176494765056	0.913450805673179	-5.88274899063182
ENSMUSG00000051355	-0.0142969895523395	6.68557448516235	-0.318697525788345	0.749972105598611	0.918422899560861	-5.88283600105642
ENSMUSG00000034659	-0.00866527512250581	6.82086937131958	-0.200344764370223	0.841220880103948	0.953410239265246	-5.88284357355474
ENSMUSG00000037996	-0.0202848960024706	6.63355646174105	-0.359174626454268	0.719482930955812	0.906743779317614	-5.88290026757687
ENSMUSG00000083718	-0.0150326218289951	7.03226416409146	-0.377816398475082	0.70558652544064	0.9004463584266	-5.88293941507875
ENSMUSG00000022220	-0.0152695556390707	6.9844480471677	-0.284864638188123	0.775762219171293	0.928737878281616	-5.8830278575578
ENSMUSG00000023286	0.00771529905444712	6.88916811883934	0.213798769077402	0.830714603360856	0.949488163241147	-5.88304171457796
ENSMUSG00000047604	-0.0148455478237128	6.63494126173134	-0.392830033998183	0.694465418426991	0.895874439297003	-5.88307573729676
ENSMUSG00000044916	0.0143043618576453	7.04634795216567	0.302040270039963	0.762636666367617	0.92395992492392	-5.88310166287078
ENSMUSG00000040472	0.0120150072583947	6.68237265688624	0.293236066044091	0.769356541557489	0.926747402679164	-5.88311107965459
ENSMUSG00000022494	0.0104182650583438	6.82471209653158	0.204519098469454	0.837958008516111	0.951713116980368	-5.88311904658681
ENSMUSG00000028639	0.00403992423272381	6.84866875762383	0.206096830222029	0.83672549554162	0.951385799107118	-5.88313509715458
ENSMUSG00000022237	0.0131374076009356	6.81794793445318	0.196141057084526	0.844509470560172	0.954309224517297	-5.8831680118534
ENSMUSG00000090213	0.00887495589781473	6.76268635696462	0.24805559707607	0.804103798153755	0.941372877589898	-5.88317893763335
ENSMUSG00000017978	0.0307323843942822	7.30790720306862	0.905830943154771	0.365078505665624	0.7061794752194	-5.88320967518166
ENSMUSG00000026834	-0.0130950204960811	6.90092826538647	-0.232624848896757	0.816064327453525	0.945233479044624	-5.88324645805461
ENSMUSG00000029247	0.00531870619571073	6.9899508757354	0.22308729521436	0.823478666393696	0.94720656307506	-5.88334630651346
ENSMUSG00000022540	-0.00413272094563499	6.8878337282549	-0.194111047835647	0.846098536349794	0.955102570808516	-5.88337856661713
ENSMUSG00000050188	-0.00770069010172492	6.83450135058226	-0.196241036854975	0.844431223946602	0.954309224517297	-5.88340546612936
ENSMUSG00000030726	-0.0201606287889051	6.95500561200121	-0.320293159001171	0.748762411074435	0.917963991585129	-5.88340551365589
ENSMUSG00000032959	-0.0095895266555539	6.81837236382306	-0.224652439810879	0.822260848007809	0.946890836429572	-5.88340581606788
ENSMUSG00000018428	0.00467023315684312	6.87113934853338	0.189620247318	0.849616095387991	0.956011933178401	-5.88354828099028
ENSMUSG00000000416	0.00841835609663555	6.90194155761876	0.240681242401036	0.809814197677486	0.943152847751889	-5.88355288625449
ENSMUSG00000025413	0.0225058063966008	7.04739138333127	0.389542897111075	0.696894792551424	0.896439079166157	-5.88356319468788
ENSMUSG00000028693	-0.0119891157914562	6.84237249625621	-0.210238563151824	0.833491917480564	0.95066826427097	-5.88358659259703
ENSMUSG00000031730	0.00886007621815299	7.06473896707687	0.320359666897102	0.748712002965325	0.917963991585129	-5.88360127836876
ENSMUSG00000030087	0.0178432547424503	6.9060419445607	0.291368125842468	0.770784511360853	0.927122327581009	-5.88365253458817
ENSMUSG00000033106	0.007688905925197	6.83076479107424	0.210431556203011	0.83334131011267	0.95066826427097	-5.88381136998939
ENSMUSG00000003068	-0.00815578170342146	6.81746002300796	-0.211879213459281	0.832211786890526	0.950406109538427	-5.88384174605221
ENSMUSG00000018509	0.00414026107926002	6.76890848901876	0.242142519020823	0.808681829275369	0.94250049353696	-5.88386827459932
ENSMUSG00000097195	0.00465176279346124	6.82236687064751	0.21558921036556	0.829318678057184	0.949445170012688	-5.88390393485173
ENSMUSG00000023988	-0.0199124939969337	6.63407665106533	-0.423483993887172	0.671964361400079	0.884473056756272	-5.88391576441548
ENSMUSG00000028633	0.023034036874833	7.22012024706465	0.543896650070718	0.586542133114599	0.839296911954378	-5.88401478736388
ENSMUSG00000093157	0.0196938013527292	6.98255346658364	0.343606777328299	0.731159625092354	0.911238925639971	-5.88402788726704
ENSMUSG00000031059	0.00575229375920472	6.76819016169099	0.287874351475687	0.773457453766385	0.927847828540492	-5.88404947547329
ENSMUSG00000056895	-0.0102296228448227	6.7937660107504	-0.233036317093382	0.815744824025487	0.9450455715746	-5.88412241817418
ENSMUSG00000077222	0.0137957210931274	7.07274270586769	0.421259801731266	0.673587436478162	0.885220758153551	-5.88418211469054
ENSMUSG00000037735	0.0166635381453917	6.59894369444765	0.358810798756983	0.719755086992206	0.906749625482283	-5.88420833923282
ENSMUSG00000070348	-0.0183704246653438	7.2253363224805	-0.76720645440159	0.443002900255461	0.757884330809279	-5.88436363385817
ENSMUSG00000022673	-0.0131247197776974	7.10572498989859	-0.382304599441653	0.702255235308041	0.898704320385911	-5.88456110944647
ENSMUSG00000048163	0.0195723340648479	7.04581254028205	0.403731965672767	0.686430861126171	0.891127723037398	-5.88456927207287
ENSMUSG00000015748	0.00980222230739791	6.81432057117657	0.218617043913782	0.826959242893838	0.948759397693324	-5.88458544649806
ENSMUSG00000032667	0.00476837995818613	6.83929983563476	0.192112928401382	0.847663250977635	0.955682375435391	-5.88459604769709
ENSMUSG00000024862	0.0127026917685935	6.60815469287779	0.368600354475342	0.712444639909112	0.903817517547047	-5.88475460650073
ENSMUSG00000045509	-0.0267132436304234	7.30646421287634	-0.965394187131312	0.334404282682491	0.680039233261323	-5.88484491726498
ENSMUSG00000027637	0.00688414448895713	6.94626832091932	0.185729141529574	0.85266635103616	0.957095134493614	-5.88497302848827
ENSMUSG00000022935	-0.0115454059275608	7.03117743208617	-0.244200413230026	0.807087811649169	0.942326515620588	-5.88498016564527
ENSMUSG00000022892	0.0117234512823794	6.88647291938796	0.18948523182956	0.849721897218974	0.956011933178401	-5.88499724036118
ENSMUSG00000053453	0.00910496580528442	6.82335854604858	0.264607740040538	0.791324941883388	0.935785744618837	-5.8850315088131
ENSMUSG00000030934	0.00492584334288892	6.82300587243098	0.20225437070619	0.83972789264602	0.952234166547783	-5.88503504495287
ENSMUSG00000033985	-0.0217422251312351	7.20434506114078	-0.616855062175517	0.537364540366874	0.815284585908938	-5.88503984056719
ENSMUSG00000036940	0.0123615028143842	7.00412524150382	0.26911010529213	0.78785847938411	0.933827419392052	-5.88504257122172
ENSMUSG00000060275	0.00346696575515093	6.91367882882519	0.181870321421033	0.855693476245107	0.958226742697816	-5.88516721534765
ENSMUSG00000038708	0.00859614363736938	6.98575033353432	0.227029213078016	0.820412331880082	0.946489992820809	-5.88518631429339
ENSMUSG00000058966	-0.010685549522873	7.1233108937149	-0.642042588521582	0.520881383517605	0.80609624563916	-5.88525418521995
ENSMUSG00000078771	-0.0114308377855474	7.07093697944225	-0.304945035558751	0.760423475076355	0.922964610928475	-5.88526814899681
ENSMUSG00000050822	-0.00830531411758351	6.81861042608727	-0.25276351363215	0.800463620552538	0.940114844720315	-5.8853041528704
ENSMUSG00000022003	0.00972741846815151	6.96835938774664	0.179251985439316	0.857748693145675	0.958226742697816	-5.88531883737467
ENSMUSG00000026918	0.0088274905637924	7.18374161551673	0.608986704384177	0.542566952239238	0.816935191004968	-5.88533679739512
ENSMUSG00000024067	0.00507026863892523	6.90560466962782	0.181556836286014	0.855939489597941	0.958226742697816	-5.88541436759684
ENSMUSG00000050555	0.0159137290936862	7.01523748954639	0.301200828569531	0.763276614043257	0.92395992492392	-5.88548230439667
ENSMUSG00000063895	0.0143544406666418	6.70050811988254	0.313115796679532	0.754208595702019	0.9202182251354	-5.88548951695074
ENSMUSG00000066839	0.00560343992768164	6.89592777093617	0.17860526707925	0.858256472525287	0.958346339523788	-5.88555860019204
ENSMUSG00000001768	0.00970495515326952	6.78085603966946	0.180683747378882	0.856624736280543	0.958226742697816	-5.88560474160303
ENSMUSG00000024969	-0.00346942168576714	6.8763023856863	-0.19040374270294	0.849002180504201	0.956011933178401	-5.88565315922352
ENSMUSG00000001750	-0.0103219267780936	6.76349631573932	-0.189749177830447	0.849515064439565	0.956011933178401	-5.88570236007419
ENSMUSG00000041236	0.00813770569594929	6.90683496130785	0.177100217053516	0.85943840902936	0.95850175601806	-5.88571163604228
ENSMUSG00000056069	-0.0168624713552212	6.71409500599444	-0.253645142213395	0.79978242133783	0.939396176773654	-5.88589846766739
ENSMUSG00000018697	-0.00648056578434453	6.83092182846268	-0.189573954116474	0.849652371702239	0.956011933178401	-5.88593490622043
ENSMUSG00000037280	0.0112746675982924	7.08750537659649	0.37688454460738	0.70627888881269	0.900736570296579	-5.88595952675989
ENSMUSG00000022889	-0.0075228181789786	6.95646456019504	-0.179558413909251	0.85750811736878	0.958226742697816	-5.88596240940009
ENSMUSG00000064731	-0.0185270543115843	7.27036049267729	-0.812791016867271	0.416385023583859	0.742711241908954	-5.8860007757549
ENSMUSG00000049775	0.00652085452261719	6.72383421215839	0.282199984678496	0.777804397040021	0.929077899542344	-5.88607478155522
ENSMUSG00000052544	-0.0231293817019731	7.30505488067361	-1.02657776146997	0.304679819291783	0.656008480205116	-5.88613515017446
ENSMUSG00000047459	0.00427188744380391	6.87303761895184	0.177239623618912	0.859328917850932	0.95850175601806	-5.88613648379846
ENSMUSG00000040836	0.00728971803596057	6.85343317458878	0.178362021349316	0.858447475286326	0.958402362931889	-5.88614114887425
ENSMUSG00000015016	0.0179502826547235	7.47432068765637	1.23870532978193	0.215525472880688	0.564015281028514	-5.88625307545295
ENSMUSG00000036256	-0.0119515493289288	6.84294453039188	-0.220364548910785	0.825598211424917	0.948759397693324	-5.88631839980323
ENSMUSG00000030204	0.00867447418386202	7.06857373809157	0.351593449531238	0.725161224674087	0.908579546617002	-5.88633438473591
ENSMUSG00000029001	-0.0211507947467116	7.17509914951877	-0.694938161120168	0.487133389932555	0.783830346630143	-5.88638029404001
ENSMUSG00000020849	0.00766247388867569	6.76060946125012	0.2821391265442	0.77785105642523	0.929077899542344	-5.88655775429504
ENSMUSG00000042298	0.030651841198801	7.20654478491664	0.657793319970701	0.510707832409935	0.798657693033755	-5.88655802736682
ENSMUSG00000005656	0.00327765072143826	6.87208724900154	0.176275033662466	0.860086570836832	0.958652887816982	-5.88679032290199
ENSMUSG00000031962	0.0251663127170714	7.28713498470996	0.782351009240905	0.434053444097673	0.753288460118949	-5.88681099907029
ENSMUSG00000041130	0.00888510637726903	6.94215109045577	0.239364523705576	0.810834886966857	0.943152847751889	-5.88700001717167
ENSMUSG00000062691	-0.00630051992316449	6.89587262636683	-0.176647624879161	0.859793897648427	0.95850175601806	-5.88700167513709
ENSMUSG00000038848	0.0107221532007191	6.6332873383356	0.37213337647884	0.709812757010118	0.90210361450536	-5.88700666390904
ENSMUSG00000029028	-0.00956345447718476	6.89874731059342	-0.196392569503371	0.844312633717522	0.954309224517297	-5.88701707831013
ENSMUSG00000032475	0.00366899725930381	6.89816187506038	0.177794811696009	0.858892894976692	0.95850175601806	-5.8871620693931
ENSMUSG00000027942	0.0121986718914346	6.70690899561917	0.264044898745024	0.791758576817378	0.935931522318127	-5.88719715753099
ENSMUSG00000025485	-0.0175495692842986	7.14453585328797	-0.538490566848254	0.590267614271533	0.84086289367805	-5.88721659992758
ENSMUSG00000030681	0.0172403902242166	7.14769247601009	0.430489278975721	0.666862364706613	0.88200646823251	-5.88723662139561
ENSMUSG00000023944	0.0176423884036012	6.50844161214211	0.478069025628108	0.632626535028464	0.863013486019474	-5.8872670845494
ENSMUSG00000064419	-0.033887627054062	7.33352491183022	-1.1754076477372	0.239899836908532	0.591159939804777	-5.88729777030574
ENSMUSG00000002781	0.0137715500304516	7.08096704831328	0.344146649301785	0.730753630187842	0.91105134399748	-5.88742665512118
ENSMUSG00000027350	-0.0163590973710024	6.74190333173621	-0.276404727641582	0.782251141512782	0.932142974694375	-5.88746931827574
ENSMUSG00000033379	0.00591393222315162	6.8463250783602	0.169400332154782	0.86549010947084	0.960524749610127	-5.88762665455976
ENSMUSG00000053799	0.0136339328799995	6.97714710880281	0.216278184897054	0.82878165941866	0.949359727813297	-5.88767206047218
ENSMUSG00000022555	0.0267350670031181	7.25262264039127	0.899878714251978	0.368237586111478	0.707517484394189	-5.88774405390728
ENSMUSG00000033377	0.0129869237594837	6.96467612808487	0.230758581798314	0.817513859748494	0.945544356299607	-5.88778429301091
ENSMUSG00000052748	-0.00620632400236065	6.88739867518046	-0.197075096389642	0.84377852846523	0.954203794222336	-5.8878728068321
ENSMUSG00000034867	0.0299384856981408	7.29975555845826	0.975818293572714	0.329212019839027	0.675796926419538	-5.88788326647256
ENSMUSG00000000600	0.0118755572579294	7.16782146898204	0.610587707374739	0.541506366977399	0.816935191004968	-5.88797821006878
ENSMUSG00000050840	0.0166003573870412	7.08340792102909	0.368709598458264	0.712363208356332	0.903817517547047	-5.88814098280645
ENSMUSG00000028975	0.0107076454149686	7.11857568098527	0.45326286865668	0.650383425127151	0.873093446726635	-5.8881804334155
ENSMUSG00000035711	-0.00706716037608146	6.74688817345066	-0.169210616043236	0.865639317415365	0.960577661279875	-5.88820118803742
ENSMUSG00000049957	-0.0078537605147444	6.73340903139304	-0.163460330257076	0.870164051867504	0.962096099916783	-5.88822697747127
ENSMUSG00000022890	0.00358276374859479	6.86647737590987	0.176804792004685	0.859670447470855	0.95850175601806	-5.88825709666326
ENSMUSG00000051579	0.00679067316992032	7.01595344443295	0.225239144553683	0.821804450974677	0.946890836429572	-5.88827618233156
ENSMUSG00000039568	-0.00970422910964697	6.77667003046189	-0.251720629425807	0.801269611567897	0.94068402244898	-5.88832591112328
ENSMUSG00000060727	-0.024773222070686	7.34063583776457	-0.988548491999626	0.322942363288287	0.669539334761617	-5.8884439101885
ENSMUSG00000071369	-0.0113749862714112	6.6979727602185	-0.26777361432838	0.78888703570885	0.934288122828493	-5.88848932693697
ENSMUSG00000061479	0.00926768675990886	6.79344750551081	0.255754747452814	0.798153032932039	0.938620766804805	-5.88849407972187
ENSMUSG00000020827	0.00677694231809589	7.07284313152059	0.450694458360139	0.652233581151947	0.874244477830756	-5.88855873912651
ENSMUSG00000016257	-0.0244135477591838	6.53452963514164	-0.483932912771207	0.628459296996652	0.8617177477342	-5.88863032784178
ENSMUSG00000055540	-0.00510336092304708	6.90756870181674	-0.177352873163272	0.859239972625518	0.95850175601806	-5.88864758600728
ENSMUSG00000038916	-0.00696804189026068	6.97715549892631	-0.225484035962421	0.82161396802808	0.946890836429572	-5.8886907099174
ENSMUSG00000031782	-0.00572865210562501	6.95421495835902	-0.170392568527408	0.864709813580528	0.960320761039318	-5.88869709989748
ENSMUSG00000033960	-0.00482686490470918	6.84493318926029	-0.173270026560383	0.862447725887623	0.959470441255796	-5.88883025972278
ENSMUSG00000025793	0.00333310354541894	6.91800127634957	0.162847531247195	0.87064649928191	0.962274821656814	-5.88886371221771
ENSMUSG00000039623	0.0175135426948492	7.30259690466997	0.950599686177263	0.341863593303188	0.686562968153552	-5.88889546151423
ENSMUSG00000057863	-0.0038638232931234	6.79411054204397	-0.211045215779104	0.832862464878386	0.95066826427097	-5.88892675036702
ENSMUSG00000027597	0.0127220070872225	7.03327306524675	0.300069304858763	0.76413948649327	0.924128494701584	-5.88903918361457
ENSMUSG00000020910	0.0123305602394135	6.96268793106702	0.22454493537217	0.822344482130697	0.946890836429572	-5.88909400004012
ENSMUSG00000036634	-0.0180617624888155	7.09028895029335	-0.387244761507729	0.69859509113295	0.897012240323945	-5.88911301989923
ENSMUSG00000036169	0.00444766185395995	6.85863370328201	0.179347800622563	0.857673467603807	0.958226742697816	-5.88914967763811
ENSMUSG00000044477	0.00938774076095683	6.75262250586033	0.190234935064604	0.849134443524334	0.956011933178401	-5.88917557017751
ENSMUSG00000017802	-0.00835038073916028	6.73996388398347	-0.184967395020721	0.853263747180679	0.957344412800037	-5.88919574586822
ENSMUSG00000032359	0.0118866488022933	6.96085034958352	0.257675009070388	0.796670651294902	0.937935106830174	-5.88936113597563
ENSMUSG00000020305	0.00401785577599068	6.97251318401654	0.211985421823751	0.832128932262013	0.950406109538427	-5.88947594364062
ENSMUSG00000026255	-0.0159677899540371	7.00298841891482	-0.305223127175353	0.760211694780267	0.922935619160995	-5.889537538136
ENSMUSG00000022564	0.00583271418697695	6.82916623155542	0.189317299032286	0.849853497731658	0.956011933178401	-5.88960455990393
ENSMUSG00000046727	0.00804743358032578	6.60633299137654	0.367953202809005	0.712927100440602	0.903858764519701	-5.8896285261298
ENSMUSG00000034259	-0.00305465686416539	6.85158102704729	-0.154094700641879	0.877542641861161	0.964478537331763	-5.88964475064878
ENSMUSG00000022018	0.0145693346194982	6.55755221572757	0.362823015530111	0.716755778336209	0.90558172222169	-5.88966254797141
ENSMUSG00000010358	-0.00963909938603624	6.92739660728921	-0.248699822865612	0.80360542755685	0.940974234426661	-5.88981825912406
ENSMUSG00000028224	-0.0140445640235223	6.95894004079608	-0.16120197071983	0.871942262060852	0.962843556688469	-5.88992576175111
ENSMUSG00000029534	0.011907178392045	6.67219445371724	0.247433615447391	0.804585036342812	0.941509342515697	-5.88999690130575
ENSMUSG00000032014	0.00534853817842329	6.83458894881112	0.148105008314091	0.882267171443507	0.965360205829317	-5.89006702571896
ENSMUSG00000079562	0.00655358498349567	6.85575743548624	0.194363526901066	0.84590086466314	0.955102570808516	-5.89011761129426
ENSMUSG00000018651	0.012551008824885	7.05437512255693	0.362356582668584	0.717104234063255	0.905597914067586	-5.89013609490714
ENSMUSG00000024827	0.0368802563795674	7.20029509667343	0.699597561898227	0.484218307574169	0.781742378452599	-5.89025376362388
ENSMUSG00000006288	0.0311527098912272	7.34803597642832	0.942084660610977	0.346204736646774	0.690230307227263	-5.89025753427444
ENSMUSG00000024873	0.0119456759878815	7.00397588217396	0.268765683469265	0.788123509267585	0.933890865272311	-5.89038536609274
ENSMUSG00000001763	0.0130605277957301	7.13604050268597	0.443945218259206	0.65710559168885	0.876873780720219	-5.8904451187736
ENSMUSG00000080848	-0.00645582504201769	6.94097183663306	-0.154438095928422	0.877271910230861	0.964478537331763	-5.89053867374788
ENSMUSG00000042520	-0.0154638022209435	7.40521076864263	-1.15264255295362	0.249124248523542	0.601308280932274	-5.89059113790738
ENSMUSG00000003421	-0.00974413340313518	6.71450290194603	-0.319002188981517	0.749741084220532	0.918341319714832	-5.89060363423649
ENSMUSG00000060675	-0.0308673955911791	7.3315455462849	-1.0146038794584	0.310354487912449	0.659575468554748	-5.89060840523371
ENSMUSG00000035355	0.0154885062803922	6.54585979220582	0.378427387208152	0.705132695750508	0.900363883400742	-5.89085180702014
ENSMUSG00000003346	0.00703738426217004	6.87327075645403	0.157657619926479	0.874734351607269	0.963877560036409	-5.89085463561202
ENSMUSG00000057880	0.0164517330291627	7.22529724521016	0.5997980106469	0.548673965771045	0.819463342797737	-5.89097060101853
ENSMUSG00000039714	0.00499852628814956	6.93980766277239	0.144495049212586	0.885116659151794	0.966450162259807	-5.8912377136782
ENSMUSG00000021643	-0.0043017480606693	6.91760929480143	-0.143985651393635	0.885518868156877	0.96655104516283	-5.89142790376041
ENSMUSG00000037470	-0.00290530370172792	6.90763233536948	-0.143908585616071	0.885579720125458	0.96655104516283	-5.89144792985968
ENSMUSG00000038644	-0.0102047217906298	6.69933757941855	-0.218388680873407	0.827137140290226	0.948759397693324	-5.89148204017324
ENSMUSG00000021701	0.00870162586524081	6.84636721967255	0.140093683400096	0.888592844653839	0.96797220481498	-5.89154541081998
ENSMUSG00000001175	0.00790618667456044	6.88746758415428	0.135649507606519	0.892105017121705	0.969041273395506	-5.89168171374945
ENSMUSG00000051146	0.0142666068426962	7.255461829718	0.702959820859591	0.482120653758985	0.780801189391438	-5.89172248096853
ENSMUSG00000021144	0.00394024523237757	6.81899732430622	0.170241751550478	0.864828407749672	0.960320761039318	-5.89176676066133
ENSMUSG00000003410	-0.00600312901155142	6.80615759406487	-0.138437147793542	0.889901730532992	0.968181881200168	-5.89198250103802
ENSMUSG00000037022	0.011700143418671	6.6975026809119	0.256399382651578	0.797655313343335	0.938477670461979	-5.8920541890272
ENSMUSG00000042111	-0.00367097118551829	6.92108613295885	-0.152169589943757	0.87906065679156	0.964478537331763	-5.8920979420662
ENSMUSG00000022132	-0.00573615172634501	6.8887185425236	-0.132384773962878	0.894686445865456	0.969077484595221	-5.8923312599301
ENSMUSG00000006782	-0.0256248927602662	7.20461227558101	-0.617737333545201	0.536782766085868	0.814972087636304	-5.89242666879085
ENSMUSG00000022558	0.00700991277837115	7.12618209641327	0.516097800413014	0.605813902395002	0.84983185604464	-5.89244105449067
ENSMUSG00000041632	-0.00711801319744421	6.77285494662914	-0.246780821528787	0.805090194223369	0.941795759558278	-5.89244386661735
ENSMUSG00000050668	0.00568762871031137	6.94081534935273	0.13856650805363	0.889799507678667	0.968181881200168	-5.89255030055365
ENSMUSG00000035104	0.00511798410979125	6.79278991190798	0.136175963718644	0.891688853985657	0.969041273395506	-5.89259118741096
ENSMUSG00000047866	0.004785059874167	6.88498905827332	0.133666146694684	0.893673128363726	0.969041273395506	-5.89261305661146
ENSMUSG00000036333	0.0133731987854278	7.36648637782365	1.01537015773809	0.309989255838672	0.659268130299719	-5.89265751623643
ENSMUSG00000028538	-0.0118905186562044	6.61572861028944	-0.333388564405433	0.738858021944056	0.91458386392016	-5.89278838306508
ENSMUSG00000020183	0.00432395867871715	6.88157531080049	0.133803520184956	0.893564502829279	0.969041273395506	-5.89278977026654
ENSMUSG00000004945	-0.00615853551947154	6.79611430178692	-0.18909046566015	0.850031262314916	0.956011933178401	-5.89288426876546
ENSMUSG00000039395	-0.00857720467052747	6.9764584059089	-0.143067729395507	0.886243713047477	0.966921351522364	-5.8928893213767
ENSMUSG00000037196	-0.00814406491488207	6.97588012660179	-0.154280477639524	0.877396174151631	0.964478537331763	-5.89291678570758
ENSMUSG00000004843	0.00555242075968199	6.85957428410607	0.151846851351662	0.879315190783535	0.964478537331763	-5.89294212235055
ENSMUSG00000039157	0.0146154539291707	7.22096231372652	0.687808777933534	0.491612070184234	0.786440013176983	-5.8929460232531
ENSMUSG00000059119	-0.00579824829755982	6.74989111670856	-0.210983002069575	0.832911008089361	0.95066826427097	-5.89294882861119
ENSMUSG00000021360	-0.0116758146071554	6.56439033671456	-0.359220336385867	0.719448740818419	0.906743779317614	-5.89306450685819
ENSMUSG00000002768	-0.00647697579153483	6.85019944676256	-0.170901168998691	0.864309900653762	0.960320761039318	-5.89308780314445
ENSMUSG00000087380	0.0102202294294749	6.59664884410592	0.277869834967741	0.781126274713	0.931197576062504	-5.89311197615098
ENSMUSG00000059631	-0.00804519813447158	7.00788244281821	-0.13153952613921	0.895354967309481	0.969240339098042	-5.8931734490863
ENSMUSG00000088248	-0.0291184072259982	7.24111568043381	-0.48938659917751	0.624594170957747	0.859982509377997	-5.89319321713254
ENSMUSG00000038822	0.0290019478780446	7.44164805609188	1.23706721446727	0.216132895389449	0.564824193232158	-5.89322309439137
ENSMUSG00000021391	0.016896012005537	7.12544193980804	0.335918947370431	0.73694915714048	0.913609489585257	-5.89326365557572
ENSMUSG00000029723	0.0196734586214689	7.13542458191273	0.550506928223734	0.582001682363586	0.837348372534072	-5.89326558342404
ENSMUSG00000028619	-0.00551530135647926	6.71622221212144	-0.14690230431696	0.883216347244975	0.965931050733836	-5.89336533428092
ENSMUSG00000027883	-0.00468589633105143	6.97255739933011	-0.167084921805096	0.867311459982568	0.961128544323514	-5.89337340821433
ENSMUSG00000026504	-0.00452179725212254	6.90871014739681	-0.132797681668726	0.894359897035746	0.969077484595221	-5.8933913174264
ENSMUSG00000029918	0.00708897347436555	6.75941076645485	0.254646800502535	0.799008664858216	0.938975424993299	-5.89342427496832
ENSMUSG00000024500	0.0127059318809817	6.84871405510905	0.227526708084605	0.820025535081014	0.946425784493675	-5.89346490297399
ENSMUSG00000001542	0.00795654281801284	6.76736926346387	0.120697539012544	0.903936515609497	0.972741588906545	-5.89351385489052
ENSMUSG00000034617	-0.0130190809750923	6.94326966608727	-0.275404499654866	0.783019349372639	0.932142974694375	-5.89354727105328
ENSMUSG00000002660	0.00160236095575339	6.93436539439862	0.127237986357568	0.898758273218316	0.970868031893389	-5.89355339728281
ENSMUSG00000005583	-0.00942106013293653	6.96220297576934	-0.15252158641226	0.878783062268731	0.964478537331763	-5.89357776208981
ENSMUSG00000027479	0.0193199336962477	7.50570244250955	1.35778134791485	0.174607707245456	0.51598328135002	-5.89360615279975
ENSMUSG00000000001	-0.0189984438557689	7.33854312338067	-0.997837448095711	0.31841700456964	0.665969106170933	-5.89364024583378
ENSMUSG00000027223	-0.00608555807980338	6.86646962452657	-0.134490231735006	0.893021528417555	0.969041273395506	-5.89379502184499
ENSMUSG00000014813	0.00476999302574654	6.87458429744288	0.13391934465625	0.893472918332803	0.969041273395506	-5.89381359175428
ENSMUSG00000063687	0.00554352608629571	6.88409982801345	0.119123484730687	0.905183354266561	0.97329241020487	-5.89382794650078
ENSMUSG00000032375	0.00732552618858939	6.74660457647494	0.182987511476844	0.854816854595295	0.957977096594727	-5.89383925079989
ENSMUSG00000085779	0.0282999741799976	7.35281010011395	0.736563594526991	0.46142987275699	0.767709683990584	-5.8938620394582
ENSMUSG00000057219	-0.00987632378742109	6.99100990709727	-0.228302403776136	0.819422527766062	0.946394976697527	-5.89388020497894
ENSMUSG00000061689	-0.00583953213170929	6.94538211794486	-0.216553828826287	0.828566832183766	0.949193841212294	-5.89388509547252
ENSMUSG00000023800	-0.00877246258780051	6.68768552266015	-0.204945076243966	0.837625198336485	0.951658325314184	-5.89388978835616
ENSMUSG00000035069	0.00701380051572276	6.95227688736774	0.124883797550562	0.900621660841898	0.97171959873424	-5.89392364336292
ENSMUSG00000024563	0.00714053170808171	6.87713778248277	0.117326007696513	0.906607456222658	0.973790101035815	-5.89400690269414
ENSMUSG00000051726	-0.0173169532614361	6.57508682685682	-0.362552550560082	0.716957826104707	0.90558172222169	-5.89402920190487
ENSMUSG00000025810	-0.00992592111009571	6.8998884393198	-0.158361483403502	0.874179752444461	0.963736922190294	-5.8940644009874
ENSMUSG00000033237	0.00336078258951211	6.91587783204615	0.145801539747393	0.884085219360035	0.966125168729818	-5.89406680979976
ENSMUSG00000072437	0.00489936749499353	6.98875371801478	0.143976939404418	0.885525747203608	0.96655104516283	-5.89410441026588
ENSMUSG00000073987	-0.00785783699622389	7.01703593004773	-0.202413876294191	0.839603212420307	0.952234166547783	-5.89415363454444
ENSMUSG00000019158	0.0055484524371856	6.86709419321414	0.116914257305362	0.906933719558343	0.973879880387456	-5.8941695677415
ENSMUSG00000079018	-0.0194690447851888	6.61243004877007	-0.398930250180781	0.689965350420848	0.893716518318147	-5.89420070549761
ENSMUSG00000022263	0.0125393873803228	7.28131249485281	0.896815939229575	0.369869733317369	0.709291915744962	-5.89423761796803
ENSMUSG00000020108	0.0202128734387381	7.05681352842843	0.442570072694481	0.658100054098113	0.877286033861334	-5.89430942808475
ENSMUSG00000031458	0.00454044593890401	6.98750016120563	0.163351146529426	0.870250007035191	0.962096099916783	-5.894336453311
ENSMUSG00000020149	-0.00551790042341249	7.02490549031762	-0.188744115901195	0.850302704107961	0.956237895014576	-5.89434967061313
ENSMUSG00000021712	0.0376061490600996	7.51621756676417	1.38733172760955	0.165415947080269	0.508708430420355	-5.89459336850007
ENSMUSG00000090946	0.0277516308613022	7.18930522100787	0.495611006288806	0.62019541739799	0.857671304475923	-5.89465102793165
ENSMUSG00000097166	0.0261807053455465	7.30016246136752	0.778444001182795	0.436352176059639	0.754058551441967	-5.89467188822825
ENSMUSG00000041697	-0.00440070281452698	6.76248306567507	-0.19650361116985	0.844225734179903	0.954309224517297	-5.89470377303383
ENSMUSG00000089911	0.00948941907237089	7.12289385273357	0.370588598905224	0.710963096906859	0.90311259732581	-5.89474999824115
ENSMUSG00000018425	-0.00444794890318523	6.86140601469378	-0.146126051748843	0.883829056099734	0.966125168729818	-5.89478389368479
ENSMUSG00000053693	-0.0117702547042846	7.46641064117286	-1.32937482781625	0.183798213850518	0.526909081637982	-5.89481478795718
ENSMUSG00000033883	0.0330334222521742	7.40832032093242	1.03175922219369	0.302245711591366	0.654409535164188	-5.89482792949348
ENSMUSG00000035828	-0.00636930496044119	6.78409407839953	-0.148229894881855	0.882168620444689	0.965330278933744	-5.89483999138027
ENSMUSG00000029066	0.00287762143780323	6.95653327399504	0.12165731073143	0.903176378055194	0.972603949084303	-5.8948761096332
ENSMUSG00000093436	-0.00486630393471987	6.93291672997634	-0.108742163082996	0.913412313867233	0.976207673113984	-5.8949145507685
ENSMUSG00000040269	0.00427935203296226	6.96891549378604	0.224234398212415	0.822586078870338	0.947017543859642	-5.89496863700342
ENSMUSG00000068739	0.00330194936961536	6.97765052535496	0.145433453734923	0.884375793743058	0.966227401079089	-5.89504070271227
ENSMUSG00000020738	-0.00824874340685167	6.91018567125159	-0.118062680839169	0.906023769524554	0.973699930839626	-5.89514364455674
ENSMUSG00000056966	0.0188341879064726	7.08126648366463	0.372358233412594	0.709645369270863	0.901975430446645	-5.89515923426643
ENSMUSG00000028347	0.00431188724550502	6.97692705031917	0.112991172604178	0.910043078902157	0.97528526184132	-5.89517142608234
ENSMUSG00000048109	0.00615396341037311	6.82086768164354	0.170834921674936	0.864361989006217	0.960320761039318	-5.89517537853543
ENSMUSG00000006423	0.0273322374771325	7.35808853428705	0.964222607184645	0.33499113195377	0.680310023978583	-5.89524648077543
ENSMUSG00000087006	0.0139413137370683	6.52428042867119	0.483200470739684	0.628979171998374	0.861906166763085	-5.89525466470762
ENSMUSG00000049649	0.00604167689142887	6.78140112956967	0.103848448608294	0.917294691133879	0.977307287131546	-5.8952740358107
ENSMUSG00000036242	-0.00803397422901586	6.97295803669669	-0.168790742435767	0.865969556675904	0.960609695104557	-5.89527811833928
ENSMUSG00000027329	-0.0158602166078721	6.65032652566847	-0.336592756678103	0.736441123392431	0.913543342678668	-5.89530669172476
ENSMUSG00000025466	0.00942112320434774	6.68283024809051	0.243248049711978	0.807825400639243	0.942326515620588	-5.89535827638101
ENSMUSG00000035775	-0.00574592467756663	6.79510298276133	-0.142338275537769	0.886819800402455	0.967219278727092	-5.89539850874479
ENSMUSG00000025658	0.00531348031139611	6.84653947054595	0.10595492032843	0.91562329644125	0.977097257233409	-5.89540227531957
ENSMUSG00000043067	0.0350259176051901	7.22610506825302	0.771983188944408	0.44016882513356	0.756663995329125	-5.89540495927237
ENSMUSG00000070394	-0.0037497208012347	6.97600416178386	-0.155713418931741	0.876266576033935	0.964476557709701	-5.89541277974223
ENSMUSG00000042622	-0.0111750488512561	6.9961123392452	-0.263999737336931	0.791793373726871	0.935931522318127	-5.89541893279216
ENSMUSG00000021832	0.00589567988529716	6.74423855996911	0.214526202878755	0.830147391731082	0.949488163241147	-5.89542119121548
ENSMUSG00000005575	-0.00281207636120229	6.89543670089544	-0.102483353039569	0.918378031517389	0.977728256875757	-5.89545064686638
ENSMUSG00000028747	0.00431997149965291	6.86864580831041	0.104120401925469	0.917078887158619	0.977307287131546	-5.8954534696679
ENSMUSG00000090777	0.00794697225635499	7.08527046214443	0.285232751075117	0.775480220738515	0.928737878281616	-5.89548643553003
ENSMUSG00000073102	-0.00790463791071883	7.02461233642296	-0.206309421902686	0.836559450988983	0.951318285688503	-5.89552813428567
ENSMUSG00000031818	-0.00241677392566064	6.91876372674695	-0.125135860965094	0.900422121219653	0.971665108841483	-5.89555160659194
ENSMUSG00000029063	0.00727918418213225	6.85145329232471	0.133869743822427	0.893512138431972	0.969041273395506	-5.89562546724589
ENSMUSG00000033703	0.0232555655957256	7.0930695904244	0.574202678351421	0.565862119628128	0.829216166730996	-5.89563002727807
ENSMUSG00000046330	0.00399941307296814	7.02414008117917	0.272258886287274	0.785436659908941	0.932762728818134	-5.89568515642307
ENSMUSG00000021196	0.0171699852057117	6.6540269473723	0.313744500331956	0.753731041757563	0.9202182251354	-5.89576099372236
ENSMUSG00000055305	-0.0164505241160624	7.01206162823191	-0.294152827360858	0.768655997964313	0.926350046257791	-5.8957672500171
ENSMUSG00000047037	0.0032264743791206	6.9113397481022	0.104621466532505	0.916681291793934	0.977307287131546	-5.89584475881519
ENSMUSG00000058672	0.00785878464104872	7.02608731461229	0.186276143392698	0.852237419504125	0.957064104500698	-5.89592813509712
ENSMUSG00000022556	-0.00598936648746751	6.84516796905332	-0.136737349091294	0.891245112176425	0.969005712180271	-5.89598500275938
ENSMUSG00000026942	0.00503853141364896	6.8320560098719	0.0972600611554638	0.922524620491177	0.978863085113566	-5.89598798026246
ENSMUSG00000036138	0.0379087532301581	7.20913769959685	0.706620652680872	0.47984235787712	0.77909950002159	-5.89599119462623
ENSMUSG00000055523	0.00824393538953405	6.97198243798064	0.18237316175305	0.855298892150897	0.958200494115176	-5.89605223672778
ENSMUSG00000041762	-0.00426743008893116	6.78731559495723	-0.102781148208101	0.918141688155624	0.977553400974867	-5.89606564914655
ENSMUSG00000071757	0.00897958166981372	6.88629076917183	0.128038854609661	0.898124496685751	0.970570056278129	-5.89607081249367
ENSMUSG00000022419	-0.0117396780516454	6.64713668577575	-0.244074057845809	0.807185661840652	0.942326515620588	-5.89620230158539
ENSMUSG00000084898	-0.00618038426041601	6.83177191666547	-0.121874917959603	0.903004045824461	0.972587174330317	-5.89624466074258
ENSMUSG00000015869	0.0054417963293254	6.83802669374312	0.104072315705592	0.917117044724285	0.977307287131546	-5.89626121963419
ENSMUSG00000038525	0.0242201314466328	7.20547983575968	0.63689703605175	0.524227429653489	0.808085790288171	-5.89626489061793
ENSMUSG00000071072	0.00153199044199237	6.90447984945306	0.0915858041589493	0.927031599636031	0.980626857132349	-5.89632563757055
ENSMUSG00000087590	0.00437566087859143	6.94230488686308	0.153115596783661	0.878314642452873	0.964478537331763	-5.89646883831939
ENSMUSG00000017390	-0.0145017624978871	7.12163454214159	-0.5571607455099	0.577447984627165	0.83578246732924	-5.89648016391365
ENSMUSG00000023764	-0.0172536893589399	7.16762353371203	-0.673003740624362	0.500982796869287	0.792385062990411	-5.89648945710163
ENSMUSG00000031770	-0.0189951775176027	6.29076044336575	-0.539475639074994	0.589587962176267	0.840814691532403	-5.89651561233401
ENSMUSG00000048279	0.0148945481939062	7.12333294537659	0.452726521870711	0.650769605345454	0.873145404183441	-5.89656935467488
ENSMUSG00000032459	0.0141494870582992	6.67019068208823	0.308279663316017	0.757885181841175	0.922140114457745	-5.89659694859771
ENSMUSG00000028973	0.0148441916736202	7.15846617177065	0.503562179095683	0.614596097078774	0.854758119519809	-5.89663176576686
ENSMUSG00000005732	-0.00558425629710069	6.74646146584521	-0.25715115742497	0.797074975767753	0.938248178629901	-5.89671328757492
ENSMUSG00000039990	0.00575069801866945	6.96236429535315	0.143746024067777	0.885708082689409	0.96655104516283	-5.89673038730648
ENSMUSG00000020087	-0.00438725987740085	6.89921913069365	-0.103812604640949	0.91732313496561	0.977307287131546	-5.89675571359656
ENSMUSG00000019948	-0.00679840363957407	6.79835559413327	-0.183214373194428	0.85463886565648	0.957935990457222	-5.89693822176905
ENSMUSG00000060579	0.0112658699600985	6.84922234850899	0.193989701287333	0.846193544811321	0.955102570808516	-5.8969470396364
ENSMUSG00000028577	0.0279645651636748	7.27975915352923	0.752283058737894	0.451923988337545	0.763486798401387	-5.89698057314682
ENSMUSG00000044254	0.0188021364847799	7.0636036325348	0.346238167136908	0.729181478671983	0.910540380503399	-5.89698397174598
ENSMUSG00000029767	-0.0162213904465593	7.14240544670409	-0.473424259811586	0.635935700784086	0.864382867555635	-5.89698568419873
ENSMUSG00000021025	-0.00739787597945796	6.91569701447318	-0.185723946872621	0.852670424635746	0.957095134493614	-5.89704210240235
ENSMUSG00000039349	-0.0087252727417102	6.88907110620826	-0.141650244467648	0.887363228881739	0.967299524000231	-5.89709961818205
ENSMUSG00000000085	-0.0134350350753696	7.04174038938071	-0.410394358295839	0.681538103123548	0.888901194287128	-5.89720593179333
ENSMUSG00000049493	0.00442883296101027	6.87655275419316	0.0916847403506503	0.926952995577993	0.980620218012362	-5.8972668374043
ENSMUSG00000026923	0.00990945011472988	7.50986675211641	1.43286875094923	0.151971501213144	0.493356223523278	-5.89730463274393
ENSMUSG00000026778	-0.00430885723167318	6.93314155768216	-0.0970822888336041	0.922665785448938	0.978863085113566	-5.89742014302844
ENSMUSG00000032316	0.00721431259835992	6.76275628722705	0.202352715911139	0.839651018986654	0.952234166547783	-5.89744374174899
ENSMUSG00000047986	-0.0216637901360963	7.13419198061428	-0.620518569529755	0.534950881030695	0.813478762801182	-5.89749267242185
ENSMUSG00000072844	-0.00243194083618103	6.89254377704409	-0.0777488300829478	0.938031640240223	0.984208437161342	-5.89750474773402
ENSMUSG00000070520	-0.0153058263692323	7.08612170412111	-0.337096608089813	0.73606130852839	0.913450805673179	-5.89750876575581
ENSMUSG00000033436	0.010234452353024	7.05496409970231	0.25236143588903	0.800774340424852	0.940316863630707	-5.8975639730457
ENSMUSG00000094626	0.00957936759407474	6.96034149277297	0.224967419920224	0.82201581780525	0.946890836429572	-5.89757549994642
ENSMUSG00000024349	0.0103186650345242	7.07107840565894	0.226152576342729	0.821094013418671	0.946793045920254	-5.89764344747702
ENSMUSG00000035011	0.0145310543308774	6.33130315280642	0.570176501141481	0.568589197933445	0.83026585347617	-5.89765954939182
ENSMUSG00000030852	0.00900443794519834	7.01141582817574	0.249844398706331	0.80272018518965	0.940927361233759	-5.89767298702429
ENSMUSG00000104494	-0.00900509434847407	7.0685619144647	-0.321108026910142	0.748144875038033	0.917963991585129	-5.89771772973034
ENSMUSG00000002190	0.0159411664134792	7.09877210813217	0.46188411719766	0.644188901424876	0.870258382375295	-5.89788850056085
ENSMUSG00000019194	-0.0127146359150858	6.7399612966755	-0.193877475689823	0.84628141400195	0.955108473068605	-5.89791168375435
ENSMUSG00000031609	0.00675096332969449	6.84499496470024	0.104503327129607	0.916775033676835	0.977307287131546	-5.89794392185136
ENSMUSG00000013419	0.0132103136837021	7.00598217624479	0.32583578378483	0.744565212077785	0.917053342239358	-5.89800591771226
ENSMUSG00000054034	0.00300387216520814	6.92462176105726	0.0658031493685662	0.947537753296063	0.986160809026486	-5.89821651613115
ENSMUSG00000005125	-0.00373685922236167	6.85520054834895	-0.0710419627722419	0.943367819180593	0.985831732114265	-5.89821995268985
ENSMUSG00000045160	0.00470246560527432	6.80398152958022	0.159939214137566	0.872936827100111	0.963466021235964	-5.89826555118198
ENSMUSG00000022680	0.0109253346257505	7.42195034491365	1.17969760004587	0.238188873227784	0.588655622169577	-5.898314018978
ENSMUSG00000046707	-0.00792281315326804	6.7933957401645	-0.121184344902655	0.903550955128618	0.972636943555509	-5.89833316788027
ENSMUSG00000003872	-0.00234410627953796	6.83378592604016	-0.0648429905562305	0.948302169442496	0.986520264569225	-5.89835220099062
ENSMUSG00000031654	-0.00369534184390474	6.89181845913793	-0.0670429349399413	0.946550788026859	0.986115720340959	-5.89836403988532
ENSMUSG00000032508	-0.00601132407939087	6.81182794117287	-0.119573235002776	0.904827074431779	0.973147320847211	-5.89838157200411
ENSMUSG00000072572	0.00355557513044147	6.77509034435401	0.0704594714649401	0.943831389715126	0.985878735017123	-5.89838446901546
ENSMUSG00000061111	-0.00194083201414319	6.90506862379569	-0.0750604939183058	0.940170238028126	0.985107660258645	-5.89839035475769
ENSMUSG00000055723	-0.0115632180166374	7.12302685550658	-0.417868742398486	0.676064944103379	0.886403641001715	-5.89841139439841
ENSMUSG00000074698	-0.00405560677305328	6.82066259361252	-0.157902653736547	0.874541273721253	0.963877560036409	-5.89844914372362
ENSMUSG00000098024	-0.00418938437872551	7.01786560130553	-0.168102707160902	0.866510761210941	0.960915499795349	-5.89852356041268
ENSMUSG00000053137	-0.0187295185768432	7.00113726306094	-0.368222992945312	0.712725954178515	0.903855641700777	-5.89852496061346
ENSMUSG00000028743	-0.00537191521401503	6.91808833951656	-0.141952646289025	0.887124375915751	0.967299524000231	-5.8985523604788
ENSMUSG00000042328	0.00388837142930409	6.78537610828054	0.0734675896202519	0.941437613680499	0.985305099377507	-5.89855344208913
ENSMUSG00000041773	-0.00756168201530283	6.90720506191793	-0.144594325523388	0.885038276265058	0.966450162259807	-5.89855440034977
ENSMUSG00000003848	0.00284525827503046	6.92577553869861	0.0629254097567393	0.949828964631074	0.987312015634085	-5.89856320091825
ENSMUSG00000030738	0.00376552414812625	6.91651967264317	0.0620024788567753	0.950563876605043	0.987753327466646	-5.89857746798231
ENSMUSG00000002741	-0.0066624892302185	6.81900518871053	-0.109853128874423	0.912531225206865	0.976026530292265	-5.89864350035438
ENSMUSG00000025612	0.0169617095909178	7.22330264686724	0.570166059087601	0.568596278884532	0.83026585347617	-5.89870638109974
ENSMUSG00000053279	-0.00775477879176201	6.62146379645579	-0.244089074875869	0.807174032425332	0.942326515620588	-5.89872531048765
ENSMUSG00000067279	-0.00249699185359997	6.8489668886221	-0.080964858751197	0.935473846512859	0.983655875303127	-5.89873141608498
ENSMUSG00000021215	0.00328624289172463	6.72431742714164	0.0659352032709618	0.947432624310313	0.986160809026486	-5.89880290544274
ENSMUSG00000024151	0.00291805202081719	6.85780813079927	0.0682034684383261	0.945626987864298	0.986037360783158	-5.89883079489469
ENSMUSG00000039410	0.00202640698514767	6.84023175916161	0.0605737146622504	0.951701656562123	0.988331553817859	-5.89896785414321
ENSMUSG00000067367	-0.00716568649280713	6.82715621606145	-0.151177601005645	0.879843047661892	0.964478537331763	-5.89896809173395
ENSMUSG00000033159	0.00454025816595127	6.91168580247574	0.1325764836428	0.894534829683546	0.969077484595221	-5.89896878677229
ENSMUSG00000031728	0.016226107501577	7.17445458374991	0.559510000288799	0.575844234844964	0.834547197539857	-5.89903506956279
ENSMUSG00000045969	0.0068697552680419	6.67729537871417	0.154627992339587	0.87712220273598	0.964478537331763	-5.89909795619394
ENSMUSG00000066607	0.00621900080584137	6.89210762179578	0.109155461887483	0.913084520901762	0.97607820976	-5.89913765108692
ENSMUSG00000074873	-0.00236365132623018	6.88197476429614	-0.0842490771325665	0.932862507292267	0.982721427457692	-5.89918587627378
ENSMUSG00000019997	0.00991090349571166	6.61455195018336	0.250935999772134	0.801876150631936	0.940835193348385	-5.89919692366097
ENSMUSG00000026509	0.00265115525677917	6.94295824166934	0.068788338456827	0.945161451158169	0.985878735017123	-5.89935106397109
ENSMUSG00000086784	-0.0118123089858537	6.5695948737043	-0.33882219539418	0.734761010233097	0.912846126339259	-5.89935527314726
ENSMUSG00000027933	-0.00114681403954719	6.87594810748993	-0.0483633350238252	0.96142903235712	0.991104699846711	-5.89947011516557
ENSMUSG00000084904	0.0396536243276948	7.24047848926914	0.732488909526469	0.463912031080666	0.769343485861241	-5.89948462698189
ENSMUSG00000003528	-0.00962674198353586	7.08574293893731	-0.294438668282355	0.768437611101187	0.926294630142221	-5.89953710724316
ENSMUSG00000037010	-0.00846036356171886	6.68957125434011	-0.18686532941834	0.851775458163005	0.957029245898235	-5.89954397315355
ENSMUSG00000051065	0.0255720003083582	7.12886414176529	0.372461369679453	0.709568597378801	0.901975430446645	-5.89963721264632
ENSMUSG00000030595	0.00172056301123913	6.92229611108085	0.0484128321737159	0.961389587966594	0.991104699846711	-5.89964185722651
ENSMUSG00000024790	-0.00635480585199311	6.73920064055972	-0.184248506422682	0.853827609439704	0.957664068376524	-5.899729788622
ENSMUSG00000048661	-0.00136435538118462	6.88595835966993	-0.0333171435917449	0.973423302609385	0.993800688010394	-5.8997359040522
ENSMUSG00000033863	0.0086930926015647	6.72046053722023	0.167959840138926	0.866623147436211	0.960961530460469	-5.89974694201778
ENSMUSG00000057367	-0.00160457531150282	6.82298732305946	-0.0835029277602315	0.933455721218133	0.982734912486374	-5.89975114709215
ENSMUSG00000023913	-0.00256148731085037	6.9296706689452	-0.0582160499123396	0.953579370082504	0.988990446921958	-5.8998427490726
ENSMUSG00000040813	-0.002391590091535	6.87015592257828	-0.0649110407526145	0.948247990715904	0.986520264569225	-5.89984742615951
ENSMUSG00000046185	-0.00840138054653572	7.08983943120291	-0.27616257021496	0.782437106889342	0.932142974694375	-5.89987406041931
ENSMUSG00000032854	-0.0154885329906858	7.05310981681215	-0.324880176208273	0.745288316712203	0.917106727550975	-5.89989672106819
ENSMUSG00000029577	0.0126699463700124	7.12940271133448	0.6258888845341	0.531422623917727	0.811312995282093	-5.89989881894459
ENSMUSG00000065537	0.0014124942502276	6.87753682200302	0.0256585466244474	0.979530935192666	0.995239839578999	-5.89990662312159
ENSMUSG00000006205	-0.00100996823123189	6.80929616513264	-0.0288059054289194	0.977020791323342	0.99454469821043	-5.89990685260421
ENSMUSG00000018341	0.0178131179158454	7.0994599866622	0.483573249704304	0.628714556762554	0.8617177477342	-5.89991283230354
ENSMUSG00000036572	0.000962660329883569	6.8740409190751	0.0307642759173619	0.975459026242077	0.994111503325693	-5.89994216847749
ENSMUSG00000072770	-0.003261470858825	6.79596072209045	-0.0542985228772712	0.95669996878805	0.989845709464926	-5.89994285236306
ENSMUSG00000043439	-0.00683657796598425	6.93461056090596	-0.119902484622019	0.904566264056478	0.973033117111848	-5.89996616433198
ENSMUSG00000031833	0.0057632789941362	7.07047372579536	0.410384050856137	0.681545662473813	0.888901194287128	-5.89997004375928
ENSMUSG00000004567	-0.0232294673357432	7.32033572970562	-1.06966713551324	0.28483205864316	0.638517369557534	-5.90000305663853
ENSMUSG00000062563	0.00119694347178623	6.79036650473727	0.030575341853401	0.975609693738016	0.994111503325693	-5.90001878163141
ENSMUSG00000071451	0.000670990341042454	6.9097637000717	0.029898754833183	0.976149252417885	0.994111503325693	-5.90009556981143
ENSMUSG00000000325	-0.0184241830435887	7.01240823604193	-0.383771259281111	0.701167867765479	0.898704320385911	-5.90010259927379
ENSMUSG00000052369	-0.0139698288636367	7.15826225933147	-0.501225820309041	0.61623908171479	0.855018386481221	-5.90010718937391
ENSMUSG00000036580	0.0013241224680236	6.87686569950507	0.0315982570432404	0.974793969587585	0.993930950840525	-5.90010910511625
ENSMUSG00000022472	0.000585238212156725	6.84009826575462	0.0135275265979292	0.989207581960584	0.997860999890581	-5.90012923672369
ENSMUSG00000032366	-0.0273302588035644	6.40671324365681	-0.508942336948697	0.610819997310228	0.853015955940033	-5.90014577102273
ENSMUSG00000025738	0.00149427358537668	6.81730100027389	0.0342984077949905	0.972640862153289	0.993711552586192	-5.90015325495603
ENSMUSG00000030879	0.000234383447011766	6.92585042377165	0.0130051295189617	0.989624332451402	0.99787302464142	-5.90018224765936
ENSMUSG00000020949	-0.00163817207643646	6.95533744186177	-0.0540388765743187	0.956906820173641	0.989894956867538	-5.90018934038896
ENSMUSG00000061286	0.0015410002276619	6.87446221131479	0.0333627526133573	0.973386934314648	0.993800688010394	-5.90019727662754
ENSMUSG00000021222	0.00140918082362784	6.90652928083253	0.0432467894186297	0.965506910835731	0.992215509078047	-5.90021730455385
ENSMUSG00000043079	-0.000564170361265326	6.8009103933747	-0.0107497455405236	0.991423631577601	0.997874037396135	-5.90026038893415
ENSMUSG00000021615	-0.00188883705949205	6.96825445334497	-0.0780736631368862	0.937773262327551	0.984208437161342	-5.90026595991909
ENSMUSG00000047824	-0.000347446601533186	6.83784321154532	-0.00901715103168747	0.9928058900925	0.997888951234077	-5.90026999473002
ENSMUSG00000059070	0.000400443711911613	6.89198532457893	0.0178076730975768	0.985793148945817	0.996672894362967	-5.90029693397465
ENSMUSG00000008333	0.000285642732654523	6.92884373881402	0.00978171492536119	0.992195920485484	0.997874037396135	-5.90031264356133
ENSMUSG00000042348	-0.00612805781875192	6.91642651642299	-0.117459835430644	0.906501417012443	0.973790101035815	-5.90041320304003
ENSMUSG00000025499	0.00534419084442916	6.68550106218667	0.272102507258931	0.785556886787992	0.932783665262975	-5.90042468633367
ENSMUSG00000038535	0.0246402685881453	7.2552323278	0.734455598889078	0.462713063787504	0.768147877902654	-5.90044178170816
ENSMUSG00000042388	0.00479179711853206	6.71312603621218	0.141612816211953	0.887392792411482	0.967299524000231	-5.90044952689462
ENSMUSG00000061232	-0.00518763481390483	6.91303381259649	-0.075037729517013	0.94018834919756	0.985107660258645	-5.90045900286343
ENSMUSG00000022452	0.00125632947650001	6.84311762878906	0.0505966194174676	0.959649418461106	0.990554001941048	-5.9004918607047
ENSMUSG00000053565	-0.000206353635809009	6.88044047089654	-0.0141821774075438	0.988685328147225	0.997662673341774	-5.90051235115351
ENSMUSG00000001143	-0.00450984262423848	6.7373187857816	-0.114395450174042	0.908929915360798	0.97469613971959	-5.90058740817568
ENSMUSG00000040466	0.00138558812415202	6.82976646237602	0.046127382640762	0.963210964878495	0.991162469629763	-5.90060509423295
ENSMUSG00000104394	0.00219924960378393	6.89591563780306	0.0422512080556976	0.966300495786319	0.992442735099308	-5.90060775305055
ENSMUSG00000030707	0.00101831743301073	6.87452123022488	0.0240229759195101	0.980835449539762	0.995951388069649	-5.90063159506733
ENSMUSG00000040034	-0.0168944841745944	7.11445466262863	-0.320397020092498	0.748683692452834	0.917963991585129	-5.90075358357684
ENSMUSG00000021483	-0.00493074922567072	6.92750941195899	-0.103917503161299	0.917239893478113	0.977307287131546	-5.90077747802128
ENSMUSG00000035898	0.0024114396956163	6.90646212671421	0.0944917935664411	0.924723113041771	0.979637128193493	-5.90079204926339
ENSMUSG00000033751	-5.42657784574629e-05	6.87471587278007	-0.00153420270896839	0.998775958376816	0.999218155524858	-5.90079959371229
ENSMUSG00000073775	-0.000827005670497094	6.92298152436704	-0.0252579252889242	0.979850461713523	0.995266149229244	-5.90081769278861
ENSMUSG00000027375	0.00323485342360552	6.94944578854053	0.0777540251069122	0.938027507975546	0.984208437161342	-5.90086329864542
ENSMUSG00000025812	0.00211150485280243	6.93913318799401	0.0565203456634798	0.954930038790924	0.989510267572501	-5.90087906023311
ENSMUSG00000037706	-0.000657308651605959	6.88095531553919	-0.0221404683607684	0.982336981425321	0.995951388069649	-5.90092610894742
ENSMUSG00000039385	0.0110718994549215	7.07413754638714	0.348267111541398	0.727657450027659	0.909811247077413	-5.90093634521685
ENSMUSG00000091475	0.0126833265379815	7.06676057937152	0.29430243316926	0.768541694532368	0.926294630142221	-5.90097699928745
ENSMUSG00000071646	-0.00172172566959183	6.9235298766603	-0.0635025642307673	0.949369409373794	0.987006399224745	-5.90107054298624
ENSMUSG00000023832	-0.00138686599327098	7.00358056425623	-0.0323441648354952	0.974199161681545	0.993930950840525	-5.90110814723551
ENSMUSG00000020836	0.0297361743358708	7.31316666989028	0.879727304565894	0.379058551764274	0.714714713158638	-5.9011098245101
ENSMUSG00000003200	0.00932965317648016	6.98461113418223	0.239722481996999	0.810557374216344	0.943152847751889	-5.90113911727562
ENSMUSG00000016510	0.00450884235023263	6.8748943763858	0.104194863318954	0.917019800638904	0.977307287131546	-5.90129919675746
ENSMUSG00000048756	0.0017847290195796	6.81038832877461	0.0545172865945495	0.956525689432709	0.989845709464926	-5.90132307259984
ENSMUSG00000063882	0.000848511735051183	6.83018724720111	0.0692625901493927	0.944783976635955	0.985878735017123	-5.90133092894594
ENSMUSG00000005069	0.00106721582779201	6.87060680749535	0.0229403769821162	0.981698947716247	0.995951388069649	-5.90134281893613
ENSMUSG00000041199	-0.00746941569000725	6.97656604114146	-0.197533143430954	0.843420128165699	0.954203794222336	-5.90139659970554
ENSMUSG00000060681	0.0288066005675756	7.48104803522146	1.27886263702074	0.20101772544777	0.547708665920593	-5.90140050997397
ENSMUSG00000038812	-0.00109790088561734	6.84642764863601	-0.0480111394049935	0.961709700562378	0.991104699846711	-5.90141625482654
ENSMUSG00000060336	-0.0110836545976243	7.0687416804333	-0.18792479805339	0.850944891815273	0.956576850365588	-5.90141905938686
ENSMUSG00000052146	-0.000880276188790496	6.84697426874627	-0.0513907785774962	0.959016633204898	0.990454418916107	-5.90143421964429
ENSMUSG00000059518	-0.014860335323247	6.52099160462329	-0.459197937967958	0.646116346279049	0.871559588384374	-5.90144164645221
ENSMUSG00000026333	0.00386073737395698	6.74379587181404	0.145385334286454	0.884413781338804	0.966227401079089	-5.90146135341619
ENSMUSG00000022781	0.00878511230590373	7.00269784793179	0.203065759041478	0.839093699191711	0.952162066759392	-5.901469018974
ENSMUSG00000029223	0.00779881261651738	6.71276769706366	0.246881885550445	0.805011981535504	0.94178552469224	-5.90147152906081
ENSMUSG00000048251	0.000233792527063237	6.79772396394721	0.00472303762634319	0.996231804716265	0.998657956786442	-5.90150846389944
ENSMUSG00000027893	-0.0200506236622422	7.16286297398239	-0.601511796866664	0.547532374001422	0.818889913255181	-5.90156191932705
ENSMUSG00000002147	-0.00439396217349941	6.80014341774903	-0.111472155081805	0.911247395069371	0.975884058637483	-5.90160576567832
ENSMUSG00000036427	-0.0137649634223234	7.03776150380839	-0.382359032552384	0.702214868209823	0.898704320385911	-5.90162722517566
ENSMUSG00000028998	0.00160394881518222	6.80469160158373	0.121583643549213	0.903234719200506	0.972603949084303	-5.90166223605245
ENSMUSG00000007038	0.00163498201157175	6.9265068101366	0.0376216697237336	0.969991159642913	0.9935566095034	-5.90166419217219
ENSMUSG00000031311	0.010858115393904	6.88826521258793	0.179398550223597	0.857633624064141	0.958226742697816	-5.90170701182878
ENSMUSG00000060012	-0.00911857544851014	7.44412976454836	-1.26518563290159	0.205876606194549	0.552487343579701	-5.90183536207972
ENSMUSG00000034854	0.00243768299711977	6.74934505035418	0.0542988068480252	0.956699742559796	0.989845709464926	-5.90185703211985
ENSMUSG00000030677	-0.00858623019224058	7.07066123750696	-0.436488189041474	0.662505523314835	0.880042145801475	-5.90186020701759
ENSMUSG00000024513	8.27829596126151e-05	6.84681526574856	0.00295953975229788	0.997638776184541	0.998961800803297	-5.90187116883601
ENSMUSG00000002803	0.00930931751283914	7.05312794068928	0.273878488177826	0.784191783796626	0.932508324040924	-5.90188779300683
ENSMUSG00000052563	0.0159543236372217	7.00043736630618	0.372994864849587	0.709171524880422	0.901719650902299	-5.9019576440275
ENSMUSG00000052299	0.000669978330096299	6.85911414332167	0.0265769657114546	0.978798437372528	0.995136125736754	-5.90196436957313
ENSMUSG00000025351	-0.00700027089857702	6.96259342016931	-0.174803026547475	0.861243031095631	0.959161222968165	-5.9019758343769
ENSMUSG00000081378	0.0182805710528671	7.10782764284521	0.389629714857484	0.696830589357024	0.896439079166157	-5.90198561838454
ENSMUSG00000038982	-0.00548219776998682	7.0687306257296	-0.193782523102621	0.846355760450373	0.955108473068605	-5.90198908180579
ENSMUSG00000026203	-0.00338086770422485	6.83183929093484	-0.094588122740401	0.924646600935587	0.979632618229639	-5.90205722689485
ENSMUSG00000028690	-0.00851559694185422	6.71660829503233	-0.135283698860704	0.892394206154599	0.969041273395506	-5.90208565289745
ENSMUSG00000000560	-0.000473381806022743	6.92039670507434	-0.0143801526083759	0.988527392521841	0.997577550265062	-5.90217392782039
ENSMUSG00000087574	0.0401747537943828	7.16232913003311	0.699204580205985	0.48446380459917	0.781794221085653	-5.9021869817476
ENSMUSG00000018209	0.000184561002130046	6.86620943689063	0.00363552191715957	0.997099456242855	0.998657956786442	-5.90220084408896
ENSMUSG00000017478	-0.00530015099845382	7.0043504580752	-0.208175666084314	0.835102135988916	0.95066826427097	-5.90229885090094
ENSMUSG00000029191	-0.00585626636189662	7.03174575741728	-0.186416063190006	0.852127708405641	0.957064104500698	-5.90230331282757
ENSMUSG00000070420	0.0247068122717957	7.36307198270283	0.969983199456063	0.332112015983439	0.678487625046539	-5.90235157659755
ENSMUSG00000020319	0.00647714803834187	7.02312665198241	0.131397506740569	0.895467300270642	0.969240339098042	-5.90238856836849
ENSMUSG00000019857	-0.00419545725244674	6.85832732749641	-0.108037366727228	0.913971331509952	0.976487258677063	-5.90242795347365
ENSMUSG00000044469	0.0047393230428705	6.99165013223184	0.126679005524639	0.899200667594361	0.971113800481468	-5.90248896068954
ENSMUSG00000027419	-0.00297577640343327	6.7886322833715	-0.0382146960835609	0.969518361986513	0.9935566095034	-5.90258900952348
ENSMUSG00000027298	-0.00409846913490863	6.74808872915304	-0.0933168810760684	0.925656375579666	0.979897029739093	-5.9026043377753
ENSMUSG00000069208	-0.00345393133191951	6.9761921776082	-0.0664340876762356	0.947035467411672	0.986115720340959	-5.90260658002984
ENSMUSG00000038074	-0.00264009068792426	6.87412613491655	-0.0469911747742687	0.962522547217502	0.991104699846711	-5.90261214601849
ENSMUSG00000036246	-0.00809885480874062	7.00321793240251	-0.288686884592678	0.772835577072663	0.927594259379529	-5.90262311228752
ENSMUSG00000021273	-0.001006535672607	6.87040672635752	-0.0438450134927938	0.965030078579562	0.992028064362023	-5.90269695417488
ENSMUSG00000003070	-0.00561404313238789	7.05487003771967	-0.116219710979952	0.907484100693998	0.97409722882241	-5.90274831781899
ENSMUSG00000021314	-0.0145338193375135	7.01893966605354	-0.247782163064508	0.804315349748848	0.941509342515697	-5.90277205455406
ENSMUSG00000079677	-0.00271834802774418	6.79896874904435	-0.0704809756719176	0.943814275443675	0.985878735017123	-5.90280804456688
ENSMUSG00000055116	0.00165527951703126	6.71309183199206	0.0509927447809851	0.959333782947804	0.990454418916107	-5.90281193548135
ENSMUSG00000026109	0.00524949487967508	6.88825966879303	0.0871572566516099	0.930550765469076	0.98220375852314	-5.90281325341093
ENSMUSG00000031381	0.000890829090142375	6.79707421378869	0.026255363044973	0.979054934015304	0.995136125736754	-5.90282972495006
ENSMUSG00000054021	-0.00214464275998694	6.97177907438607	-0.0378953255938077	0.969772982768755	0.9935566095034	-5.90285614198939
ENSMUSG00000021116	-0.00224883527603392	6.86734397592424	-0.0687603075458544	0.945183762386839	0.985878735017123	-5.90294846167185
ENSMUSG00000043923	-0.020591416662687	7.1803478874379	-0.560514353939128	0.575159242155624	0.83406667292818	-5.9029861248523
ENSMUSG00000099876	0.0135647964277021	6.99324034655338	0.27249408811995	0.785255842347975	0.932762728818134	-5.90299195491456
ENSMUSG00000027134	-0.00150245793326143	6.82154177321837	-0.0469687960185743	0.962540382096206	0.991104699846711	-5.90300159103925
ENSMUSG00000028581	0.020127982324067	7.10621226082817	0.434109939674378	0.664231423357355	0.88047413863257	-5.90304020256642
ENSMUSG00000037805	-0.0100671681815889	7.15878266718985	-0.584943809422407	0.558617650245961	0.824618158721117	-5.90309188302064
ENSMUSG00000045176	-0.000755676653157344	6.83591247725498	-0.0338487581852653	0.972999400537642	0.993716773737627	-5.90317353353388
ENSMUSG00000023067	0.00925734706682846	6.63497378707889	0.218403807504704	0.827125356198477	0.948759397693324	-5.90318701106919
ENSMUSG00000034201	0.00512986925772463	6.92240027303768	0.130441940380129	0.8962231781754	0.969528405374219	-5.90322354236267
ENSMUSG00000020074	-0.0195999771600599	6.57144850823683	-0.352073670645752	0.724801086845121	0.908579546617002	-5.90322670753477
ENSMUSG00000031776	-0.00090280358910011	6.95335130160535	-0.0246657432763192	0.98032277860842	0.995647263572875	-5.90329191383433
ENSMUSG00000031546	-0.00517858240453339	6.72469501230776	-0.229344410601443	0.818612664694092	0.946104382228497	-5.90330640196748
ENSMUSG00000098397	0.027058776612404	7.36237446705223	0.76154467773984	0.446375552839849	0.759819177075037	-5.90333647750906
ENSMUSG00000003354	-0.0300976192396689	7.27468590586624	-0.653824070837431	0.513261781102887	0.800506525732537	-5.90333759465381
ENSMUSG00000038539	-0.00184709850921205	6.92970740728817	-0.0336959740760021	0.973121227682142	0.993716773737627	-5.90336532662056
ENSMUSG00000040751	-0.00892870506547894	6.97387988678561	-0.156323240316259	0.875785925703537	0.964242314924612	-5.90337596850324
ENSMUSG00000031104	-0.00261877755265694	6.98247561707049	-0.0535285095043353	0.957313420722032	0.990178162812734	-5.90339252345029
ENSMUSG00000024177	0.0150532404801806	7.23406740638343	0.550678933556211	0.581883755385173	0.837348372534072	-5.90341210466474
ENSMUSG00000004994	-0.00641290579427789	7.04853037071601	-0.215354594150736	0.829501567018099	0.949445170012688	-5.903419170879
ENSMUSG00000008090	0.0187966866023501	7.12081477015898	0.390160853579344	0.696437850583853	0.896279485355091	-5.90345311155942
ENSMUSG00000024817	-0.00610220350656743	6.86495208856384	-0.115962109910362	0.907688243485401	0.974227137838431	-5.90346807033972
ENSMUSG00000004558	0.00604338416733796	6.99523067341568	0.1470372879933	0.883109809542668	0.965931050733836	-5.90349417176834
ENSMUSG00000024403	-0.00333866065781852	6.97079092945537	-0.049447824674586	0.960564821909214	0.991046180309346	-5.9035279975087
ENSMUSG00000067365	0.00266356703407844	7.02601250739279	0.223728950477796	0.822979351277739	0.947086939555354	-5.90353459736929
ENSMUSG00000052430	-0.0270425902114777	7.29135054135371	-0.910359022988648	0.362686652878242	0.704283248313263	-5.90361572916979
ENSMUSG00000000384	0.00441025246337379	6.94567449352738	0.125128657921174	0.90042782323974	0.971665108841483	-5.90367015222651
ENSMUSG00000053110	-0.00574396691576595	6.96002223058917	-0.183682647022022	0.8542714953852	0.957840963813475	-5.90369214537373
ENSMUSG00000021621	0.00212295094941073	6.9343425002588	0.0619598366651869	0.950597832776575	0.987753327466646	-5.90369500888355
ENSMUSG00000065514	0.0142600609237142	7.05720708359217	0.130508692022495	0.89617037281623	0.969528405374219	-5.90390898502887
ENSMUSG00000007837	-0.0135887901072209	7.07479300499686	-0.434886990820456	0.66366731936764	0.880258414790302	-5.90392586994768
ENSMUSG00000055639	0.000191616326268296	6.83685573762929	0.00739488764290656	0.994100146443606	0.998541132758277	-5.90395680626427
ENSMUSG00000021508	0.00576606657265621	6.95251645758021	0.15167309305512	0.879452233771563	0.964478537331763	-5.90398489438245
ENSMUSG00000006304	0.0113977615479266	6.72534270556014	0.234046083709066	0.814960874212392	0.944540907212482	-5.90398866234525
ENSMUSG00000002550	-0.00601128644739735	6.69409706152407	-0.142383079368825	0.886784414777286	0.967219278727092	-5.90406042019869
ENSMUSG00000033579	-0.00825424444472667	7.00261949271226	-0.155487626440738	0.876444553235813	0.964478537331763	-5.90412286164596
ENSMUSG00000008859	0.000285035419463675	6.8960083899575	0.00857296940239077	0.99316026046036	0.998002438246006	-5.90413747149485
ENSMUSG00000049946	-0.0113334114021777	6.79492145022934	-0.179069515486607	0.857891955862399	0.958226742697816	-5.90413939209522
ENSMUSG00000027519	0.0043549169436119	6.8907052846836	0.0669963857569107	0.946587843306177	0.986115720340959	-5.90415620181361
ENSMUSG00000020937	-0.0233482243615359	7.33959899072496	-1.04989615931413	0.293827664546574	0.64744278822078	-5.90417996469649
ENSMUSG00000002524	-0.000909106642992263	6.84525409107294	-0.0347171493340674	0.97230697399696	0.993558784553119	-5.90427378316257
ENSMUSG00000028655	0.0187336040081298	6.96559656617106	0.322007773802536	0.747463202412648	0.917963991585129	-5.90428089684992
ENSMUSG00000028080	0.010645964956975	7.1030625919396	0.452732661821821	0.650765183929155	0.873145404183441	-5.90428241817222
ENSMUSG00000033933	0.00988498763951551	6.64956484352206	0.2313911069854	0.81702250633751	0.945233479044624	-5.90440816732721
ENSMUSG00000042992	-0.0041979762580695	6.88549193851577	-0.11620550243802	0.907495360470265	0.97409722882241	-5.9045119473894
ENSMUSG00000004610	-0.00065975495244075	6.79254034768697	-0.0311963095296548	0.975114499704008	0.993930950840525	-5.9045994991611
ENSMUSG00000029681	0.0118097057759563	6.6028831621825	0.372997259425131	0.709169742811626	0.901719650902299	-5.90463565759369
ENSMUSG00000032301	-0.0045918849901101	6.79726714731554	-0.126507451769492	0.899336446727113	0.971155731131758	-5.90468613318331
ENSMUSG00000028412	-0.00677704135710222	6.97284910447188	-0.187032992114334	0.851644008660767	0.957029245898235	-5.90471017939004
ENSMUSG00000030737	-0.018017300414761	7.03531339664787	-0.348610919367729	0.72739930750866	0.909811247077413	-5.90472978438494
ENSMUSG00000013646	0.00278887051941634	6.76519668028339	0.0570069438419235	0.954542438367263	0.989364644321877	-5.90475824023747
ENSMUSG00000081926	-0.0187566398632999	7.13215444889467	-0.475641940884046	0.634354800474283	0.864032789313877	-5.90480763582713
ENSMUSG00000025933	0.00237749642315688	6.78904652330262	0.0727974936172801	0.941970812236957	0.985305099377507	-5.90480968687481
ENSMUSG00000085539	0.0288514229186116	7.29906334834085	0.982689854197409	0.325818020940031	0.672570147366769	-5.90489644255263
ENSMUSG00000019763	-0.00464864770325146	6.90582058816948	-0.0938108760188309	0.925263970429694	0.979808787952754	-5.90498617143474
ENSMUSG00000028884	0.00723905581142237	6.72998800642903	0.274546913222237	0.783678172434689	0.932354217433267	-5.90506174510372
ENSMUSG00000010047	-0.0148937077045028	7.2052473369238	-0.446485860822132	0.655269876112822	0.876154761507338	-5.905068456392
ENSMUSG00000031533	0.00576878197423358	6.86110668110961	0.123859393842373	0.901432668630804	0.972196218726053	-5.90507399558443
ENSMUSG00000007594	-0.0223416952489934	7.11742966953752	-0.477041113488108	0.633358240924406	0.863614864492544	-5.90515526612705
ENSMUSG00000027291	-0.0159620505490743	7.32806221324443	-0.90853286209113	0.363650096384175	0.705144165728926	-5.9051782697619
ENSMUSG00000042750	-0.00413709484700941	6.82753108696416	-0.147289539884559	0.882910721977671	0.965830528366408	-5.90527485983809
ENSMUSG00000028093	0.00869008121450765	6.6458190676887	0.17888376920479	0.858037795733979	0.958226742697816	-5.90529234194256
ENSMUSG00000056856	0.00441685009843962	7.06971383895783	0.346824117766538	0.728741235339628	0.910376308109312	-5.90534703355717
ENSMUSG00000021486	0.0180618461835591	6.32491972657909	0.575494753288735	0.564988283153715	0.828836955528896	-5.90535611172868
ENSMUSG00000027944	0.0109129098094014	6.60730584269777	0.376556545345758	0.706522648743922	0.900736570296579	-5.9054069804766
ENSMUSG00000025403	-0.0248323566270106	7.28534208229459	-1.00773648453389	0.313640383323453	0.662227603790583	-5.90541267543212
ENSMUSG00000045427	0.00732070452389966	7.05044933534925	0.227459927592199	0.820077453623816	0.946425784493675	-5.90542631382438
ENSMUSG00000037787	0.0131425999866961	7.13569428057203	0.311969508763013	0.755079540871581	0.920730193023212	-5.90546306237163
ENSMUSG00000024853	-0.000686374068908258	6.89752183897324	-0.0155284424228307	0.987611348115113	0.997494377694783	-5.90547110577505
ENSMUSG00000076612	0.0108006521795705	6.95025455245829	0.16131306547178	0.871854771922584	0.962825364317536	-5.90547739984668
ENSMUSG00000036905	0.00694125542343826	6.75153959971426	0.189991665358047	0.849325056032852	0.956011933178401	-5.90554508524149
ENSMUSG00000025608	0.00318986662143494	7.00605227401296	0.054922933067326	0.956202534378882	0.989845709464926	-5.90560051357868
ENSMUSG00000047749	-0.00999750451645198	7.09457744816269	-0.394526726675269	0.693212695196816	0.894961562546506	-5.90560305177388
ENSMUSG00000046432	-0.00142854161703632	6.86256086996428	-0.0554228883801343	0.955804258846608	0.989845709464926	-5.90561743865968
ENSMUSG00000048058	-0.0173267410072384	7.07195004674021	-0.331243478802011	0.740477489384928	0.914975437062896	-5.90562981097063
ENSMUSG00000001496	0.0021569306816378	6.79533480423487	0.0799082179678091	0.936314149038075	0.984155212529857	-5.9057250720802
ENSMUSG00000039206	0.00206012962598923	6.89831932708002	0.0518297049066639	0.958666908185495	0.990454418916107	-5.90574735347978
ENSMUSG00000021661	0.0092720832886366	7.08883454539465	0.284571450906671	0.775986840875932	0.928737878281616	-5.90574801324743
ENSMUSG00000031482	0.0157003688512649	6.94941977334154	0.293996589666581	0.768775373731567	0.926406702590789	-5.90575571575453
ENSMUSG00000033902	-0.00928283697052912	7.38427993966505	-1.14251465994287	0.253306790917758	0.605696580762168	-5.90588958398946
ENSMUSG00000015889	-0.0134544590995134	7.117031957884	-0.393524740510379	0.693952392904662	0.895546025414184	-5.90590721229842
ENSMUSG00000020211	0.00199863413208501	6.96157976177118	0.128327151581879	0.897896365368412	0.970549552630682	-5.90590967318479
ENSMUSG00000083022	0.00361820085998676	6.95554976686395	0.0862548647283231	0.931268024293193	0.982452185310359	-5.90591217180915
ENSMUSG00000029106	-0.00447170460988744	7.10068657659944	-0.399375283828651	0.689637480055417	0.893379032542647	-5.90595268880435
ENSMUSG00000028039	-0.00329278881173511	6.82227016360113	-0.0497825899344538	0.96029806276375	0.990997194013619	-5.90595562543682
ENSMUSG00000024180	0.0255643563602614	7.44990139149388	1.28798654128465	0.197823249459133	0.544915896659015	-5.90603561304394
ENSMUSG00000015937	0.00376833082119266	6.99769757126887	0.109916890451796	0.912480660203842	0.976026530292265	-5.9060939087583
ENSMUSG00000038970	0.00375136063439996	6.9833242257997	0.182747620847929	0.855005073668843	0.95800603296856	-5.90610032830785
ENSMUSG00000027474	0.00059744444193921	6.90840621578854	0.0121379250120219	0.990316164691804	0.997874037396135	-5.90616634398575
ENSMUSG00000042632	-7.35448401307792e-05	6.9303481824668	-0.00199818266196746	0.9984057790627	0.999158191602803	-5.90627877701701
ENSMUSG00000029622	0.0103787391231247	7.07863140857437	0.202133451825265	0.839822413604359	0.952234166547783	-5.9063651802872
ENSMUSG00000002280	-0.0106062329096037	6.62589407397339	-0.324019806933273	0.745939547021025	0.917569259527405	-5.90636898618385
ENSMUSG00000001150	0.0116541471395637	7.26242922453322	0.826595728766453	0.408514282997882	0.737952416293541	-5.90638426004756
ENSMUSG00000042406	-0.0125648286484621	6.51328987669351	-0.41192457121167	0.680416218865253	0.888901194287128	-5.90648945295482
ENSMUSG00000059498	-0.0128893162155386	6.54823503885452	-0.337047824619518	0.736098079818579	0.913450805673179	-5.90652936668364
ENSMUSG00000045912	-0.000820548294841572	6.95632275459717	-0.0216610083476705	0.98271942011511	0.995951388069649	-5.90655506623046
ENSMUSG00000030824	-0.00221325543388318	7.01580257640988	-0.0735231606993766	0.941393396685898	0.985305099377507	-5.9066277550962
ENSMUSG00000030584	-0.00265297130131881	6.69569497643661	-0.068689991485827	0.945239730706979	0.985878735017123	-5.90664467797601
ENSMUSG00000022505	-0.0017993435651551	6.93201094565824	-0.031147694039791	0.97515326804578	0.993930950840525	-5.90666337844689
ENSMUSG00000004937	-0.0064935792890104	7.021813553044	-0.219544489161863	0.826236843926021	0.948759397693324	-5.90668831045923
ENSMUSG00000022376	0.0173131851448662	7.20690173716255	0.586920511427219	0.557289370672079	0.823856673523524	-5.90671028656188
ENSMUSG00000037509	0.00230499674382312	6.91424781515311	0.0621297017187612	0.950462568994004	0.987753327466646	-5.90673931438941
ENSMUSG00000033294	-0.0195585634620725	7.15712582195102	-0.472420256450358	0.63665196307793	0.864382867555635	-5.90678897354832
ENSMUSG00000042228	0.0107528139116271	7.01447945883013	0.193429877699605	0.846631888472363	0.955120248286595	-5.90683060769327
ENSMUSG00000028772	-0.00359568270375199	6.81756563610971	-0.114358567662386	0.90895914965883	0.97469613971959	-5.90692685304607
ENSMUSG00000040687	-0.00194123246985356	6.93035438937391	-0.075843452430591	0.939547341614	0.985107660258645	-5.90699197046879
ENSMUSG00000039759	-0.00986615582567385	7.21630118269649	-0.650042899913231	0.515700887470857	0.801587856845216	-5.90716704958996
ENSMUSG00000039105	-0.00252223791447115	6.7728640482685	-0.150993187486584	0.879988509273991	0.964478537331763	-5.90719150930622
ENSMUSG00000044583	0.0110999473044462	7.0092688791451	0.316989162060567	0.751267946439949	0.918998591313995	-5.90720070097731
ENSMUSG00000033467	0.00257230826067989	6.80995898669034	0.0514368061980233	0.958979959229167	0.990454418916107	-5.90738363430591
ENSMUSG00000047221	-0.0135442911764434	6.67529952160509	-0.236580846003257	0.812993785611032	0.943813600171721	-5.90740418094548
ENSMUSG00000026830	0.00104590492645862	6.78939430001996	0.0232594774219159	0.981444425841919	0.995951388069649	-5.90747921191947
ENSMUSG00000097391	-0.00488399952751895	6.97260705871443	-0.187940662019642	0.850932456574672	0.956576850365588	-5.90754001425921
ENSMUSG00000045975	-0.000772461899694932	6.99865550600459	-0.014710970233176	0.988263482249585	0.997533970543468	-5.9076002915375
ENSMUSG00000045777	-0.00134455173880266	6.82580048966195	-0.0351191148928703	0.971986466918847	0.993558784553119	-5.90760886234592
ENSMUSG00000104399	-0.0278379168560399	7.30489204079234	-0.88304608936417	0.377263081072782	0.71408013361058	-5.90762044220649
ENSMUSG00000031740	0.0334688887769881	7.19438816367559	0.670201511653946	0.502767041470393	0.793386302014259	-5.90765147013886
ENSMUSG00000018899	-0.0181984104015349	7.16648996593696	-0.342100272011988	0.732292946388988	0.911687304366678	-5.9076632100739
ENSMUSG00000031605	0.0102136464329927	6.66519378429185	0.227732909614105	0.819865228531273	0.946422543075948	-5.90766860991309
ENSMUSG00000062328	0.00160922340255532	6.99509709292567	0.115844408662409	0.907781520988263	0.974250127567393	-5.90767338289675
ENSMUSG00000027803	-0.0202757055310236	7.15489503466914	-0.635156377859497	0.525361832843632	0.808772082399678	-5.90786308220461
ENSMUSG00000033597	-0.0106093820070567	7.29581202054059	-0.930342241530059	0.352248622155009	0.695561324008551	-5.90794012575733
ENSMUSG00000032350	0.0176136699718219	7.20911065023261	0.609702995954349	0.54209231650596	0.816935191004968	-5.90796029794223
ENSMUSG00000032238	-0.00265505891127127	6.99699103814916	-0.102987258133365	0.917978114476799	0.977523419629086	-5.90797573635061
ENSMUSG00000021124	0.00365594785726131	6.68094414335787	0.260433488616799	0.794542476657282	0.937138486169589	-5.90810645603799
ENSMUSG00000019969	0.00990117879337937	6.68492873503208	0.251508056507575	0.801433924126579	0.94068402244898	-5.90811323110213
ENSMUSG00000074129	-0.000727877565821267	6.95474751777292	-0.0400739163033606	0.968036145730495	0.99352451625409	-5.90823192997091
ENSMUSG00000024844	-0.00322996452182611	6.81679310336353	-0.134246440832698	0.893214285168649	0.969041273395506	-5.90835671305794
ENSMUSG00000041889	-0.02398093620236	7.19697531134333	-0.640251738960788	0.522044686277227	0.806427360744344	-5.90838500108368
ENSMUSG00000024269	0.00012232326854722	6.83422125905652	0.00270365828050262	0.997842926807103	0.998961800803297	-5.90838830338819
ENSMUSG00000033767	0.0231237083953735	7.15364842870542	0.496060928602062	0.619877983452913	0.857494714789776	-5.90840006086181
ENSMUSG00000039824	0.0187994026180647	7.10081706305601	0.389456653848205	0.696958573055794	0.896439079166157	-5.90845159640832
ENSMUSG00000027634	0.000147795140368778	6.80048422103433	0.00259418005078884	0.997930272169926	0.998961800803297	-5.90845600829329
ENSMUSG00000075470	0.0152322736625674	7.26445819498022	0.784348825443474	0.432880716859557	0.752701473310145	-5.90864909392028
ENSMUSG00000051343	0.0205697388118748	7.34324915958047	0.99553842015207	0.319533148502022	0.666702127945585	-5.90865730186539
ENSMUSG00000015605	-0.00103489299105775	6.71879564496515	-0.0300482917233174	0.976030000102442	0.994111503325693	-5.90871727160442
ENSMUSG00000003226	0.00514834216703353	7.00696054972308	0.207789397689764	0.83540371941046	0.950839794137594	-5.90874665606795
ENSMUSG00000022358	0.0010592429205829	6.97714582852034	0.0600729542660425	0.952100454781818	0.988405663547618	-5.90882381189439
ENSMUSG00000029616	0.000916272077110314	6.82523075659349	0.0539638363407197	0.956966602718898	0.989894956867538	-5.90888528333165
ENSMUSG00000020415	-0.0138313781923332	6.53254095350252	-0.389009143323164	0.697289560225673	0.896621440718596	-5.90889053919368
ENSMUSG00000051243	0.0194559021983745	7.05520612686773	0.408447781987534	0.682966264961586	0.889508399927817	-5.90893325737276
ENSMUSG00000027940	-0.00186792460061724	6.83788406603317	-0.0440937275911766	0.964831837296443	0.991900974375582	-5.9090006166192
ENSMUSG00000036372	0.0062326125479526	6.68956817438648	0.195438724353876	0.845059176549418	0.954457873680191	-5.90900675548951
ENSMUSG00000039546	0.00488010535910899	6.7989705961927	0.0740918645305135	0.940940898802821	0.985305099377507	-5.90902758702489
ENSMUSG00000098332	0.0159274748511971	7.24464877548341	0.76428666183352	0.444740362895132	0.758357316592635	-5.90903064685906
ENSMUSG00000018565	-0.00700107986502019	6.70250328362844	-0.249186811566274	0.803228747959108	0.940974234426661	-5.90915384054591
ENSMUSG00000020444	0.00751659002221583	6.64541699790717	0.234428645923342	0.814663913764427	0.944497712988138	-5.90918929202961
ENSMUSG00000029121	-0.00342098193978213	7.0338324399256	-0.078549214574918	0.937395012195584	0.984208437161342	-5.90923949564194
ENSMUSG00000034701	0.00119764735144301	6.89644233818358	0.0268697645698147	0.978564915331472	0.995136125736754	-5.90926807191225
ENSMUSG00000042035	-0.0174117120890758	7.28928770666056	-0.71661798123005	0.473650615607503	0.775199788315612	-5.90926978147077
ENSMUSG00000067274	-0.0041462700745214	7.01292263576048	-0.187234821390203	0.851485777631983	0.957012697764605	-5.90929728612862
ENSMUSG00000028744	0.011546391187049	7.10901360156281	0.458938559544735	0.646302587186486	0.871614830857125	-5.90929745225115
ENSMUSG00000029610	-0.00573292607488529	7.00981609658054	-0.164158638927396	0.869614342920142	0.96176125795834	-5.90931487140255
ENSMUSG00000018965	0.00318279179063996	7.00854909806016	0.0932730543829392	0.925691190212296	0.979897029739093	-5.90933668485514
ENSMUSG00000030279	0.0107268103819278	6.97223395229767	0.204226807221969	0.838186388156765	0.951713116980368	-5.90935764545555
ENSMUSG00000018102	0.00820868063176849	6.57917991485863	0.349408667783231	0.726800450323327	0.909434100359869	-5.90936957844885
ENSMUSG00000029344	-0.014158379673872	7.24060166116564	-0.725148270741231	0.468402408584898	0.771871824345573	-5.90942782636804
ENSMUSG00000030725	-0.0127252049351378	7.06836345880552	-0.243174039233737	0.807882727634047	0.942326515620588	-5.90947743594096
ENSMUSG00000031951	-0.004440195313971	6.83618802767611	-0.105672992931024	0.915846972238358	0.977182123995251	-5.90951938946432
ENSMUSG00000090698	0.00954423923604963	6.46575202463676	0.356106036610019	0.721779457162974	0.907255513078599	-5.90952001994358
ENSMUSG00000010154	0.00436219501417945	6.84777498644765	0.112140577778394	0.910717427066428	0.97557747447783	-5.90959158017708
ENSMUSG00000057342	-0.00447631043270835	6.85932847400027	-0.0832841182455884	0.933629689190028	0.982734912486374	-5.9096210244686
ENSMUSG00000040843	-0.00014863385478936	6.98658420968536	-0.0101942353500144	0.991866813275694	0.997874037396135	-5.9096326661977
ENSMUSG00000024735	-0.00166519835847279	7.03345735354774	-0.0456045143345469	0.963627689349054	0.991414798314954	-5.90965015945925
ENSMUSG00000029135	0.00248150084261489	6.68631507397809	0.0486718933876903	0.961183143044711	0.991104699846711	-5.90965842570792
ENSMUSG00000033065	-0.00524074481903725	6.741124812514	-0.100056800943513	0.920304117206	0.97817735767712	-5.90971520924501
ENSMUSG00000095098	0.0103705127813054	7.01181798419384	0.253670999634372	0.799762444637958	0.939396176773654	-5.90974355699233
ENSMUSG00000073412	-0.00463848981293769	6.99922791624497	-0.134225477554093	0.893230860378409	0.969041273395506	-5.90982222398188
ENSMUSG00000073616	0.00236101308817638	6.7379608033371	0.118857178092776	0.905394324088157	0.973366052429732	-5.90984007340202
ENSMUSG00000001525	-0.00134406048233338	7.03489703352302	-0.0259915946295046	0.979265306131285	0.995136125736754	-5.90992948130023
ENSMUSG00000082144	0.0155873930223116	7.16876909299105	0.552704514748958	0.580495856538056	0.836954427144167	-5.91006751063954
ENSMUSG00000026571	0.000627254338374073	6.78321082719026	0.0114586406894619	0.990858084418478	0.997874037396135	-5.91023210503962
ENSMUSG00000025189	0.0228030248887316	7.39779778109167	1.13202319038358	0.257690808819488	0.610806450144095	-5.91027368565153
ENSMUSG00000049521	-0.0279496331737024	7.19573854640337	-0.651751433144495	0.514598025399816	0.801369078534979	-5.91037067420283
ENSMUSG00000034252	0.0065266100587893	7.05085961531123	0.242544473606329	0.808370417921569	0.942461615459681	-5.91042815464331
ENSMUSG00000029068	0.00637310438150074	6.91851978508025	0.115010029768063	0.908442797443499	0.974651218464743	-5.91052350857096
ENSMUSG00000042772	0.00139668585172892	6.83691715906987	0.0348896046858295	0.972169466239983	0.993558784553119	-5.91058142916269
ENSMUSG00000084792	-0.00908122576512227	6.99236620146611	-0.197411941154953	0.843514960102203	0.954203794222336	-5.91082038059919
ENSMUSG00000022100	-0.00359038233164544	7.0140636422933	-0.149597343352977	0.881089653622982	0.964772534632563	-5.91092377180558
ENSMUSG00000036800	0.0167829785513876	7.46227216413905	1.24046124628158	0.214875736118322	0.563220335042683	-5.91097161293285
ENSMUSG00000079184	-0.00361852577500787	6.80590250355227	-0.0582131204583662	0.953581703348289	0.988990446921958	-5.91097911982122
ENSMUSG00000038900	0.00101325544044251	6.99151972599521	0.0662358017682115	0.947193319274107	0.986115720340959	-5.91108861545913
ENSMUSG00000028126	0.00427991454119603	6.91161244685397	0.0785862402085732	0.937365562869565	0.984208437161342	-5.91109399813244
ENSMUSG00000046139	0.00580316006493042	7.08506310538039	0.289922102795882	0.771890475611332	0.927457894915527	-5.91111129073677
ENSMUSG00000025759	-0.004607043548436	6.92373782574285	-0.0900192162398659	0.928276336369304	0.980948602376853	-5.91111189371878
ENSMUSG00000026179	-0.00190329839617398	6.75259284061339	-0.0498451871502177	0.960248182394167	0.990997194013619	-5.91122475358173
ENSMUSG00000053838	0.0407127829768195	7.27191828528967	0.708201839892128	0.478860135341297	0.779023963877766	-5.91135259862269
ENSMUSG00000033940	-0.000514062041072627	6.80445587574325	-0.0192273442587875	0.984660678550651	0.996398410939299	-5.91137330898342
ENSMUSG00000056708	0.00797297902395755	6.67297749795603	0.199064588512292	0.842222080219019	0.953932277570399	-5.91140611050091
ENSMUSG00000035299	-0.00624166657605496	6.9753022898968	-0.154865356139481	0.87693507984397	0.964478537331763	-5.91142054477728
ENSMUSG00000039065	-0.0160952777222008	7.07202119611247	-0.321643450104701	0.74773920014958	0.917963991585129	-5.91143975389062
ENSMUSG00000002320	-0.0190021764684003	7.33002719014622	-0.887964979141133	0.374611616146783	0.71238377754424	-5.91148026503579
ENSMUSG00000023707	-0.0102373564441294	6.66241922972115	-0.263637570417723	0.792072438697107	0.936081110865367	-5.91160049280151
ENSMUSG00000078238	-0.0325687489649118	7.14436526327548	-0.679992789780412	0.496547372847316	0.790211384384904	-5.91171485876256
ENSMUSG00000031149	0.012350457159382	6.70416322936884	0.300336519544488	0.763935688603667	0.924087875090024	-5.91181929582163
ENSMUSG00000042831	-0.0118030358899404	7.04153224361873	-0.315207742865688	0.752619949570547	0.919369226176543	-5.91200610536157
ENSMUSG00000043773	-0.00808789900850204	7.01714548579518	-0.208453243182922	0.834885429502512	0.95066826427097	-5.91202909107849
ENSMUSG00000049184	-0.00323260417529347	6.97958842150697	-0.158715608306342	0.873900748152842	0.963593554282387	-5.91208160100359
ENSMUSG00000051037	0.0196013642521926	7.48779975818434	1.25864540336927	0.208230018085729	0.554761757753256	-5.91208876986757
ENSMUSG00000039633	0.0106635590918724	6.63093386853038	0.254027941754356	0.799486694818026	0.939374348586774	-5.91217934294973
ENSMUSG00000017307	-0.00134588247563006	7.00895363275906	-0.0383433089321787	0.969415825198487	0.9935566095034	-5.9122726350631
ENSMUSG00000031266	-0.00359187767215996	6.72987276673477	-0.043067188493874	0.965650069500283	0.992215509078047	-5.91237336571796
ENSMUSG00000020308	0.00191637902593023	6.9880818440976	0.0557268791655148	0.955562098409467	0.989845709464926	-5.91241911270591
ENSMUSG00000042121	0.0166330028174277	7.3589692409773	1.02381820633145	0.305981480174954	0.656927459732704	-5.91249359098569
ENSMUSG00000000223	0.015651758263953	7.38591529718384	1.12938995580042	0.258799362239782	0.611771557987088	-5.91262951403547
ENSMUSG00000001910	0.00543399013911738	7.03042653468289	0.272018431511696	0.785621527779754	0.932783665262975	-5.91265265248686
ENSMUSG00000023019	0.0240358411546442	7.06499650616424	0.391153567149342	0.695704028810629	0.896035030181874	-5.91283553355703
ENSMUSG00000032571	0.00207050813571286	6.75960807076756	0.0907644275098685	0.927684204625277	0.98091923367163	-5.91285270977763
ENSMUSG00000027355	-0.000736810485266304	7.05162344912771	-0.0147242423455062	0.98825289442804	0.997533970543468	-5.91290521000823
ENSMUSG00000038717	0.00290940400231321	6.76509454829841	0.128451173622872	0.897798228495874	0.970549552630682	-5.91295726766399
ENSMUSG00000038668	-0.0182845554106228	7.14422166295012	-0.468076238471977	0.63975492212755	0.866494759498616	-5.9129623694216
ENSMUSG00000031796	0.00627104863800643	7.05475165147118	0.149913130026468	0.880840517699586	0.964711910254308	-5.91318975972859
ENSMUSG00000021646	0.0254071661726565	7.45219949336599	1.23875966278337	0.215505346992805	0.564015281028514	-5.91330948942892
ENSMUSG00000020393	-0.00214805004081242	6.68663232364004	-0.0822397687820464	0.934460059323124	0.983023034883589	-5.91331283244478
ENSMUSG00000045757	-0.0146899968533951	7.15656321446795	-0.247366431032344	0.80463702254974	0.941509342515697	-5.91332797976861
ENSMUSG00000028689	0.0502754599922453	7.38833754759018	0.988292402272731	0.323067715474513	0.669539334761617	-5.91335409980687
ENSMUSG00000034997	0.00396611439936123	6.74910782284329	0.179640898350165	0.85744336142191	0.958226742697816	-5.91339277890258
ENSMUSG00000073155	-0.000466553063316333	7.02518022300922	-0.0344479833560933	0.972521595886327	0.993703202730185	-5.91348704105453
ENSMUSG00000031387	-0.0360488334902795	7.34413913605233	-1.08056807316463	0.279952772264053	0.632727143330762	-5.91353546010337
ENSMUSG00000030538	0.0032281526655753	6.99320278718533	0.217380694507943	0.827922479007314	0.948759397693324	-5.91355613835708
ENSMUSG00000040824	0.00042515430272605	7.00325758108984	0.0193768282103247	0.984541437097986	0.996398410939299	-5.91356581058234
ENSMUSG00000034640	0.0189216953612306	7.16471439966162	0.552873357244997	0.580380238184699	0.836954427144167	-5.91357884931863
ENSMUSG00000028164	-0.0333230274091827	7.33165077635695	-0.993930226476923	0.320315422883522	0.667409943669093	-5.9136266138342
ENSMUSG00000032997	0.00598713260302119	6.73069599789744	0.169614407610119	0.865321749147275	0.960524749610127	-5.91363208869487
ENSMUSG00000097915	0.00252190773796102	6.73894516123701	0.0445197921518545	0.964492241241272	0.99177745974586	-5.91367384163484
ENSMUSG00000016921	0.00534248382395042	7.03711653544877	0.231404543674282	0.817012069330452	0.945233479044624	-5.91368912310026
ENSMUSG00000048826	0.00885221784347046	6.71365916746614	0.2076659584349	0.835500101113174	0.950869669343777	-5.91371524135052
ENSMUSG00000024962	-0.00262804642087744	6.7411744236717	-0.0723457394677791	0.942330289845521	0.985305099377507	-5.91378874700918
ENSMUSG00000057666	0.00160017781236199	6.76585858474201	0.0435506415836381	0.965264714895235	0.992045103437658	-5.91379267856876
ENSMUSG00000032101	0.0104076859861912	6.7094456128534	0.256266974110252	0.797757538602964	0.938477670461979	-5.91384709041976
ENSMUSG00000004056	0.00134929532354988	6.71509876154263	0.0362676225896665	0.971070729879101	0.993558784553119	-5.91392638666811
ENSMUSG00000018707	0.0146619381689366	7.40240426778762	1.13412724791879	0.256807402726772	0.610091951317605	-5.91393168783181
ENSMUSG00000004393	-0.00641380545119663	7.02147540897353	-0.154713781412447	0.877054571160636	0.964478537331763	-5.91396981744855
ENSMUSG00000021453	-0.00890418618830768	6.66583930308291	-0.225786183755849	0.821378964065768	0.946890836429572	-5.91405450109058
ENSMUSG00000026956	0.0245416032866252	7.13304950680571	0.578888416658939	0.56269622878542	0.827175048235144	-5.91410796979014
ENSMUSG00000061288	-0.00279987954093386	6.76757957433873	-0.0443321935989461	0.964641766448717	0.991855988890619	-5.91417257973052
ENSMUSG00000034098	0.00487099101897037	7.09662216649378	0.123305595419228	0.901871146934318	0.972349684033612	-5.91423112857184
ENSMUSG00000024474	-0.00697046086199382	6.81859725438493	-0.106620709941007	0.915095098273644	0.976834253447399	-5.91426759691834
ENSMUSG00000029861	0.00306274327139189	6.71908084507527	0.0740677549662169	0.940960081559546	0.985305099377507	-5.91426882919625
ENSMUSG00000021958	0.016630223710794	7.12429965321237	0.384120732993051	0.700908861517361	0.898704320385911	-5.9143112573279
ENSMUSG00000022031	0.0122057931431412	7.14797031793577	0.356408383340724	0.721553069662333	0.907228630185854	-5.9143267123606
ENSMUSG00000032773	0.000731600231294038	6.93728312888456	0.0181047116800488	0.98555619909334	0.996672894362967	-5.91439109739665
ENSMUSG00000006519	-0.00987847062171365	6.63774342002459	-0.239884259309973	0.810431961642967	0.943152847751889	-5.91443978732698
ENSMUSG00000020644	-0.00906781891860486	7.02011199316347	-0.25035410949507	0.802326044069481	0.940835193348385	-5.91449861211952
ENSMUSG00000029145	0.0135654103856568	6.56710546136757	0.235511128758575	0.813823790741369	0.944191592920716	-5.91461026328596
ENSMUSG00000030695	-0.00986753363429571	6.71044929486705	-0.156844927167802	0.875374777804479	0.96396452546078	-5.91462281384932
ENSMUSG00000032261	0.0109532949097897	6.63878639692224	0.219225865271813	0.826485007591303	0.948759397693324	-5.91465388326424
ENSMUSG00000019470	-0.019628491591968	7.2166679450261	-0.60429183610497	0.545683029869395	0.817988065752614	-5.91465430437725
ENSMUSG00000020801	-0.0100535794428041	6.6330698447881	-0.263029154023854	0.792541309309894	0.936081110865367	-5.91465893625316
ENSMUSG00000040383	0.00368938054822365	7.03013189933386	0.187514688665169	0.851266375917492	0.956845425691374	-5.91469515824388
ENSMUSG00000052056	0.0107865417926023	7.15945892911449	0.269389325821462	0.787643639414667	0.933827419392052	-5.91475666219053
ENSMUSG00000058301	-0.0136082411876224	6.48986274741914	-0.311857765270622	0.755164459833169	0.920730193023212	-5.91488325890438
ENSMUSG00000039114	-0.00882125941795309	7.0311435599502	-0.212802456993378	0.831491614167426	0.949975840977666	-5.91492841991281
ENSMUSG00000021087	0.00461200811896312	6.79795943187896	0.0756493485354963	0.939701760947069	0.985107660258645	-5.91509307948666
ENSMUSG00000028420	-0.00487878432321942	7.06719006584051	-0.157594430895319	0.874784143516275	0.963877560036409	-5.91522351422973
ENSMUSG00000021773	-0.0251966178890752	7.33019022071736	-0.914860822124791	0.360318436486582	0.703043563395998	-5.91536783003206
ENSMUSG00000025967	0.00100035232759943	6.76643147412059	0.0735227550150414	0.941393719481603	0.985305099377507	-5.91540105031278
ENSMUSG00000003299	-0.00548442789073711	6.64731517652031	-0.168761670468398	0.865992423245671	0.960609695104557	-5.9154514965965
ENSMUSG00000010554	-0.00383695780757254	6.73071314666601	-0.0903551297279444	0.92800942049269	0.980928321230105	-5.91547168860213
ENSMUSG00000054855	0.00564193508874045	6.76447412717554	0.15210720625384	0.879109855913284	0.964478537331763	-5.91551657976498
ENSMUSG00000033554	-0.011312304042157	6.86480237824153	-0.13596979358793	0.891851827760664	0.969041273395506	-5.91555735260302
ENSMUSG00000025470	0.00298802098613837	6.76570793392502	0.0889997473912507	0.92908645264602	0.981312870854759	-5.91558235935511
ENSMUSG00000021235	0.014260859831035	7.13927996836657	0.359499580382301	0.71923988395039	0.906743779317614	-5.91587140117384
ENSMUSG00000019920	0.029370693205319	7.4671479418682	1.28915272739578	0.197417635627439	0.544816880096264	-5.91609648545738
ENSMUSG00000024081	0.0063459422971146	6.72152469749626	0.141769693530557	0.887268880464861	0.967299524000231	-5.9161079611558
ENSMUSG00000030727	-0.0158095812929409	7.19550955442032	-0.815445515998858	0.414864651069762	0.742170347859118	-5.9161573339535
ENSMUSG00000069094	-0.0166375229022124	7.34727637319167	-1.17390503416312	0.240501169487665	0.591984826668043	-5.91616257871006
ENSMUSG00000029406	0.00445651742235675	7.0069210052525	0.283306132389048	0.776956463357217	0.929014335530938	-5.91617071517321
ENSMUSG00000022217	-0.00598279293891935	7.03800916062862	-0.18617138862394	0.852319559579776	0.957077073776926	-5.91620597280025
ENSMUSG00000041203	0.00235915813673415	6.74349077799408	0.112903245020499	0.910112784541701	0.97528526184132	-5.91627672043146
ENSMUSG00000026519	-0.00979550529622664	7.02753753520732	-0.172092419707266	0.863373355598634	0.959651834305182	-5.9162938191939
ENSMUSG00000016495	0.000178874132057416	6.97592915923747	0.00493294579006973	0.996064334385877	0.998657956786442	-5.91632593068158
ENSMUSG00000029592	-0.000353572026797977	7.01018786029816	-0.00989360381672272	0.99210665582423	0.997874037396135	-5.91642679338769
ENSMUSG00000021493	-0.00996394069076079	7.05711753140123	-0.391858729358833	0.695182940351002	0.896035030181874	-5.91646482464066
ENSMUSG00000022747	-0.00264360331695279	7.02539400535047	-0.078413296106189	0.9375031193118	0.984208437161342	-5.91649089216334
ENSMUSG00000039115	-0.0146416004891323	7.09448351758672	-0.510595721243536	0.609661629258134	0.852170989748811	-5.91654424666453
ENSMUSG00000017453	-0.026560685223453	7.21401149408818	-0.538631588489712	0.590170294041218	0.84086289367805	-5.91662598692396
ENSMUSG00000034116	-0.0101214526152331	7.03607446707745	-0.245047173613435	0.80643215450999	0.942308640079845	-5.91665025565947
ENSMUSG00000029128	-0.0113371944690526	6.26608937498235	-0.543961781592086	0.586497315727326	0.839296911954378	-5.9166929648899
ENSMUSG00000038456	0.00391413620006364	6.97697701808021	0.0820927274553575	0.93457697874061	0.983023034883589	-5.91675712618762
ENSMUSG00000029455	-0.0126853381378007	7.14199989664735	-0.471929005052549	0.6370025487744	0.864458605389585	-5.91683292743574
ENSMUSG00000034932	0.000122006218979287	6.71012104396234	0.00439361550573759	0.996494626800382	0.998657956786442	-5.91686377054424
ENSMUSG00000021629	0.0160721781600932	7.27783805865644	0.775401894082165	0.438146883507507	0.755103018507027	-5.91698990284439
ENSMUSG00000020889	-0.0291758677868863	7.26382646776518	-0.772244448943593	0.440014118138026	0.756493965726016	-5.91705459527074
ENSMUSG00000049555	-0.0155626532606856	7.20806651355134	-0.513866631637567	0.607372898033918	0.850434963497249	-5.91713726596791
ENSMUSG00000028944	-0.0153702594794805	7.05883399432548	-0.387015690167054	0.698764654963121	0.897063723071843	-5.91717410190298
ENSMUSG00000004894	0.000891581702610722	6.92627424182642	0.0202406105255662	0.983852415746887	0.99599647356575	-5.91719502434804
ENSMUSG00000075012	0.0220968348806698	7.24269998602634	0.596660844320042	0.550766743864334	0.819684795545961	-5.91735081198706
ENSMUSG00000064325	-0.00970779366274677	6.6641926003522	-0.250496020929387	0.802216317981857	0.940835193348385	-5.91753480561483
ENSMUSG00000038332	0.00342640542248063	6.71482764240488	0.0772365775980699	0.93843910810976	0.984399027292234	-5.91757372917088
ENSMUSG00000071528	-0.00317649776941664	6.73614763535169	-0.144838527928347	0.884845472828852	0.966450162259807	-5.91757858757615
ENSMUSG00000021234	-0.016551268238933	7.02936936985557	-0.339307237016434	0.734395648905763	0.912697396759189	-5.91761243745167
ENSMUSG00000024947	-0.00447771344219738	6.6787822913552	-0.21132952139815	0.832640639129339	0.950647729289733	-5.9176501273527
ENSMUSG00000041775	-0.00239018981056827	6.95009276529694	-0.0489424196654241	0.960967564435274	0.991104699846711	-5.91774627647075
ENSMUSG00000047904	-0.00848273533256272	6.96776043508448	-0.172015765536807	0.863433614294904	0.959651834305182	-5.91787280992093
ENSMUSG00000026281	-0.0244963853435189	7.32039594187092	-0.923483777738718	0.355809429825844	0.698239197355039	-5.91787623834772
ENSMUSG00000021520	0.00320227107318338	6.74595944152499	0.131539604899277	0.895354905013281	0.969240339098042	-5.91792167989948
ENSMUSG00000024002	0.0082649914845998	7.22499115263372	0.699606730143992	0.484212580944869	0.781742378452599	-5.91798298265568
ENSMUSG00000002274	0.0223846435056796	7.27677361435768	0.753132611818947	0.451413420173532	0.763209350860963	-5.91803153043027
ENSMUSG00000073647	0.0246577481685879	7.33409589952462	0.895191789938193	0.370737061274953	0.709650300263421	-5.9181604275785
ENSMUSG00000047264	0.00443039930332478	7.02181937907177	0.204180041432324	0.83822292953234	0.951713116980368	-5.91822376821604
ENSMUSG00000036585	-0.0180831385833704	7.18636764737251	-0.575373660942889	0.565070150914202	0.828867370560939	-5.91823318756368
ENSMUSG00000071719	0.00223091810995513	6.9504335493929	0.0523164901991721	0.958279059705401	0.990421366937477	-5.91825386658599
ENSMUSG00000061731	-0.00780293067806515	6.74714587576169	-0.13910792394665	0.889371690799285	0.968159031905154	-5.91828262031913
ENSMUSG00000018865	0.00716989239708354	6.73219621302253	0.127387282077388	0.898640121379527	0.970868031893389	-5.91838134957579
ENSMUSG00000071172	0.00092192236684685	7.02603750131133	0.0689839144213047	0.945005783492722	0.985878735017123	-5.91848053491644
ENSMUSG00000024258	0.00687595143467767	6.68602512689955	0.225337213268049	0.821728169299917	0.946890836429572	-5.91849000541103
ENSMUSG00000056204	-0.0222861945683857	7.05490344311946	-0.392732759825849	0.69453726445278	0.895874439297003	-5.9185260886753
ENSMUSG00000025352	0.0131196456329157	7.06341635547219	0.289423490406067	0.772271937824383	0.927530022268176	-5.9185416999853
ENSMUSG00000085782	0.0082757101698645	7.1010852287627	0.289241241973365	0.772411380297108	0.927530022268176	-5.9185732245441
ENSMUSG00000031870	-0.0042869781877064	7.00626294135902	-0.0933980867868981	0.925591868534098	0.979897029739093	-5.9186030274563
ENSMUSG00000040972	0.00310345563839842	7.02690629671763	0.100912118472955	0.919625151441533	0.978057562225001	-5.91860972678754
ENSMUSG00000063568	0.00182110182624395	7.03849569726962	0.0293889247476501	0.976555834467081	0.994154077466938	-5.91865528710001
ENSMUSG00000025790	0.00736046733840734	7.059003454797	0.189831222757118	0.849450774686439	0.956011933178401	-5.91881760124354
ENSMUSG00000028608	-0.0150184121873158	7.06146298198181	-0.286427658296167	0.77456504829257	0.928355102965935	-5.91882092115979
ENSMUSG00000029048	0.00923426466022015	6.58230753749303	0.354123917915926	0.723264206861756	0.907712312934526	-5.91883307951037
ENSMUSG00000002910	0.0124165674307832	6.9453482409225	0.235547219583294	0.813795784067116	0.944191592920716	-5.91890390004475
ENSMUSG00000036820	-0.0215532532404339	7.49306430057121	-1.35289925191951	0.176162327478278	0.51762419364932	-5.91896189475675
ENSMUSG00000027475	-0.00483312955481896	6.69203793325613	-0.0956846715484386	0.923775686087416	0.979169005705042	-5.91905987321252
ENSMUSG00000028229	0.0185664088809441	7.47602300041509	1.31449901453707	0.188751770197168	0.533589762371394	-5.91907572024337
ENSMUSG00000033499	0.0291470949206865	7.24869451084274	0.570325191047386	0.568488373116071	0.83026585347617	-5.9191557394696
ENSMUSG00000039860	0.00958325632640822	6.51447938352867	0.270691194586839	0.786642159327882	0.933586694342386	-5.91924196153473
ENSMUSG00000005907	-0.012671729873551	7.15915316094353	-0.442241389964522	0.658337836922903	0.877395497198538	-5.91934094079064
ENSMUSG00000019362	-0.00898470666357376	6.49314905453104	-0.379789290035886	0.704121480604274	0.899847208411042	-5.91938212944131
ENSMUSG00000027490	-0.0248435556687214	7.10053446081613	-0.501891730012322	0.615770601241887	0.854865637071217	-5.91946440307702
ENSMUSG00000031409	-0.00158652933506787	6.77267286190592	-0.0348310399023195	0.972216162941289	0.993558784553119	-5.91954113799974
ENSMUSG00000085007	-0.00632627954781739	6.70189273707759	-0.139837494714223	0.888795248395168	0.96797220481498	-5.91962144764762
ENSMUSG00000029130	-0.0225902259372255	7.34294031751504	-1.09626376615696	0.273027671816006	0.626809570238688	-5.91967460086694
ENSMUSG00000028381	0.00606180013790336	7.10557886600277	0.195746827219132	0.844818019444852	0.954309224517297	-5.91977940904428
ENSMUSG00000039007	0.00198376809734935	6.98515766386594	0.0533061226615325	0.957490595924973	0.990210335587398	-5.92003975999057
ENSMUSG00000032171	-0.0140330884320941	6.59610340853522	-0.305136790112103	0.760277442730756	0.922935619160995	-5.92012242315012
ENSMUSG00000061864	-0.0123292944114484	7.24917211282949	-0.692058076504946	0.488940001313241	0.785322438078583	-5.92012408371193
ENSMUSG00000047583	0.00345685213613045	7.09526210303835	0.0577967107297847	0.953913371438995	0.989023655655837	-5.92014788029982
ENSMUSG00000017314	0.00161416765509514	7.00058773280417	0.07023624405488	0.944009048319815	0.985878735017123	-5.92014884720251
ENSMUSG00000028443	0.00810473903774334	7.16378687740204	0.189460696433026	0.849741124117787	0.956011933178401	-5.92017071766441
ENSMUSG00000004535	0.00579795625384705	6.71262416234958	0.173306606396241	0.862418976200742	0.959470441255796	-5.92020994132423
ENSMUSG00000003469	0.016078407733068	6.57781165009838	0.32582525063158	0.744573181248772	0.917053342239358	-5.92024481533473
ENSMUSG00000046861	-0.0139982378949357	7.25685854190878	-0.753049643471786	0.451463268469164	0.763209350860963	-5.92030927436002
ENSMUSG00000045827	-0.0013226981476091	7.04349302814018	-0.0394108257509911	0.968564765481148	0.99352451625409	-5.92032080364764
ENSMUSG00000032452	0.0162211284906162	7.11206056930985	0.411667303303456	0.680604786901482	0.888901194287128	-5.92032141946899
ENSMUSG00000031485	-0.0037267000897625	6.73126139067113	-0.0949286402047495	0.924376141131398	0.97949915759746	-5.92037010847343
ENSMUSG00000031805	-0.00632502376628441	7.00438086390972	-0.100154661975996	0.920226430481551	0.97817735767712	-5.92045470746999
ENSMUSG00000024188	0.0188491770200514	7.0211080488606	0.336835237730051	0.736258327511174	0.913450805673179	-5.92049777084087
ENSMUSG00000044496	0.000839491629502476	7.02888532734243	0.0207282639286969	0.983463429965811	0.995951388069649	-5.92058006258534
ENSMUSG00000076439	-0.0211562816962569	7.17873637073923	-0.52191734598761	0.601756041061746	0.846592134970962	-5.92063334418604
ENSMUSG00000022174	-0.00452747490172545	6.69836516268071	-0.201481309595662	0.84033222581273	0.952531085826351	-5.92067478227258
ENSMUSG00000038564	-0.00732214941585152	7.20457003113042	-0.669998641972566	0.502896343642134	0.793386302014259	-5.92081262449565
ENSMUSG00000032012	0.00940495856169399	7.10735220412764	0.350163310208183	0.726234105772481	0.909114991733437	-5.92089419469342
ENSMUSG00000032382	0.000912530361980579	6.73908796738529	0.023591360631151	0.98117971014068	0.995951388069649	-5.92096542365126
ENSMUSG00000040365	-0.00552083404756587	7.02338215627276	-0.151789544423251	0.879360388298954	0.964478537331763	-5.921021420582
ENSMUSG00000035226	-0.00711524413886622	7.01512863575332	-0.321597840401964	0.747773754599864	0.917963991585129	-5.92102635627081
ENSMUSG00000089715	-0.00637733977960053	6.97677452328513	-0.198116472698842	0.842963747370679	0.954157829925837	-5.92115307524444
ENSMUSG00000020392	0.00852134923441294	6.64748709517753	0.23456182806376	0.814560538584991	0.944497712988138	-5.92124515115679
ENSMUSG00000026928	0.0273435800365984	7.18441802648947	0.425733269722399	0.670324536188057	0.88398599957569	-5.92127376527902
ENSMUSG00000002489	0.0146369670016995	7.16351184648817	0.51191254509159	0.608739756175408	0.85135265021063	-5.92131842341254
ENSMUSG00000023010	-0.00316941518481784	6.71989347672157	-0.0828253181205739	0.933994475785293	0.982734912486374	-5.9213866605918
ENSMUSG00000033596	-0.00598864347427863	7.01524002166775	-0.119054459259816	0.905238036043916	0.97329241020487	-5.92139308423088
ENSMUSG00000020536	-0.0294269859774499	7.37366122699993	-1.12655190614463	0.259997836521722	0.612945690760131	-5.92141328103702
ENSMUSG00000027676	0.0164204054052561	7.45660737960202	1.27172183791714	0.203544014901183	0.55044831643489	-5.92144872920871
ENSMUSG00000064225	-0.000385076211954605	6.6791989470857	-0.00833559133216168	0.993349642452574	0.998060949486586	-5.9214521989609
ENSMUSG00000042797	-0.0336572857126924	7.28317622756607	-0.717945230229785	0.472831915072733	0.774516944526234	-5.92145956496522
ENSMUSG00000031883	0.0270509912058081	7.15697997488085	0.590170080296628	0.555109115063252	0.82296281110846	-5.92148889671259
ENSMUSG00000049904	0.00158572804121704	7.03270493280228	0.0655282814539341	0.947756580390539	0.986161451798536	-5.92159165796767
ENSMUSG00000030499	-0.0367156783808769	7.20868947282255	-0.781540474229965	0.434529755093282	0.753846284504715	-5.92159873135801
ENSMUSG00000024953	0.00479860629262152	6.65628630275564	0.19581506763415	0.844764608533414	0.954309224517297	-5.92160743569489
ENSMUSG00000028555	0.0249909238199901	7.28851369232765	0.671503540674991	0.501937591512611	0.793174658180811	-5.92163263144694
ENSMUSG00000028643	-0.00571989297703368	6.68275329612721	-0.164939563106659	0.868999673665676	0.961619129291149	-5.92163967180132
ENSMUSG00000034413	-0.0250144147207703	7.05653623900569	-0.52987820100405	0.596225039138282	0.843129569264937	-5.92173001445556
ENSMUSG00000031610	-0.0270935478031564	7.13986493637653	-0.633587536070373	0.526385337086701	0.809520462820043	-5.92173255242176
ENSMUSG00000037197	-0.000682211847055747	6.7588037296678	-0.0261681367441457	0.979124502386836	0.995136125736754	-5.92175534316781
ENSMUSG00000047117	-0.0136092818903659	6.64638696178611	-0.270709614215104	0.786627992309133	0.933586694342386	-5.92180162531419
ENSMUSG00000102070	-0.00825879044155009	7.15512849049269	-0.508287556630965	0.611279008918919	0.853294146957349	-5.92187999730672
ENSMUSG00000050751	-0.0112998997817897	6.97513393468062	-0.230051417079534	0.81806327900258	0.94579192774938	-5.9219047026859
ENSMUSG00000054099	0.0174606380904851	7.33833270278563	0.871189611685549	0.38370157874117	0.717649670763426	-5.921944285731
ENSMUSG00000004069	0.0128974863571125	6.68791342080179	0.274335518532292	0.783840595894973	0.932383821648012	-5.92200916899048
ENSMUSG00000021102	0.0025214233118156	6.71865982609954	0.166786374290386	0.867546355248018	0.961199107988283	-5.92204959842816
ENSMUSG00000019505	0.00687903465621531	6.74333562840561	0.168633424608288	0.866093296427062	0.960609695104557	-5.92225216771868
ENSMUSG00000030199	-0.00451231556515985	6.61114905864276	-0.0983692737935252	0.921643875274868	0.978624339579032	-5.92233930191271
ENSMUSG00000028444	-0.00121181454802599	6.64686393013885	-0.0465330255156032	0.962887675643965	0.991104699846711	-5.92249063566236
ENSMUSG00000046034	-0.00164357817255123	7.0369879137963	-0.100922349699145	0.919617030072012	0.978057562225001	-5.92253795282594
ENSMUSG00000026811	-0.0222736964990924	7.21124108971411	-0.796309063669294	0.425898468802354	0.747679844622856	-5.92256995569148
ENSMUSG00000003518	0.00613929785160217	7.06972883246446	0.312572539635795	0.754621321416456	0.920316261200351	-5.92260892680191
ENSMUSG00000028919	-0.0133443240144402	6.95383967106153	-0.185902297783536	0.852530565831822	0.957095134493614	-5.92267218136236
ENSMUSG00000039414	0.0104467436482656	7.2475969796315	0.730796125200615	0.464945399995129	0.770095271735252	-5.92270013197645
ENSMUSG00000033323	0.0102200181695213	7.1242906490241	0.225533520611535	0.821575478850322	0.946890836429572	-5.92272943337048
ENSMUSG00000084304	0.00495185261922337	7.10008160285251	0.0862048966617485	0.931307742638437	0.982452185310359	-5.92275678833968
ENSMUSG00000024959	0.0103758005091219	6.68844110235784	0.249753554567881	0.802790436986727	0.940927361233759	-5.92276826973453
ENSMUSG00000055681	5.81244970287997e-06	7.00430503677116	0.000196624809681025	0.999843125655637	0.999843125655637	-5.92283427803755
ENSMUSG00000022861	0.0215313643144475	7.52414022714417	1.40829493197315	0.159119488254219	0.500545893755187	-5.9229139722065
ENSMUSG00000082922	0.0119304837247007	7.16885225571463	0.248729202283488	0.803582701654554	0.940974234426661	-5.92292953064178
ENSMUSG00000012117	0.0131326470417807	7.19862744261592	0.513601615547265	0.607558193006938	0.850518738336403	-5.92302718733236
ENSMUSG00000063229	-0.0166122487687197	6.51133836956932	-0.338855692471784	0.734735776370512	0.912846126339259	-5.92311574697954
ENSMUSG00000044894	-0.00375014811393282	6.67688693018738	-0.194013423790394	0.846174971066104	0.955102570808516	-5.92313517998768
ENSMUSG00000025986	0.00539325597829965	7.01061914079055	0.164332742358818	0.869477298414294	0.961688139329499	-5.92321135210002
ENSMUSG00000011877	-0.00524038638152735	6.94545301503709	-0.130125521486216	0.896473494574364	0.969713390732347	-5.92321189408842
ENSMUSG00000028033	0.0178868553760125	7.08887765509823	0.36242151240546	0.717055723789734	0.905597914067586	-5.92323506243027
ENSMUSG00000014361	0.0148522422387911	7.09741017553425	0.51209146165757	0.608614549402124	0.85135265021063	-5.92328170697991
ENSMUSG00000071632	-0.00718130044696963	7.14382666355791	-0.44521117755232	0.656190626009532	0.876478940728915	-5.92340626344316
ENSMUSG00000073680	0.00390977996777497	7.0634581565578	0.0764601011656518	0.939056781892691	0.984881895904674	-5.92347195019089
ENSMUSG00000024242	-0.0104525166431673	7.0366725791948	-0.206321562226108	0.836549969019423	0.951318285688503	-5.92351021777569
ENSMUSG00000018507	0.00950135326798041	7.08956292493183	0.275216359818665	0.783163870605817	0.932151326281596	-5.92351633509534
ENSMUSG00000056888	-0.0253407249516648	7.34842269622577	-1.07781656135053	0.281178961318441	0.634208011571357	-5.92353183125391
ENSMUSG00000022865	0.0154077762079323	7.46730764664829	1.23402078089702	0.217265807073299	0.565797161733152	-5.92368134872657
ENSMUSG00000051403	-0.00621365296908305	6.57009645003193	-0.19885542027639	0.842385690842605	0.953932277570399	-5.92371851591042
ENSMUSG00000056612	0.00752004026951436	6.70030366651159	0.179882591355486	0.857253621353604	0.958226742697816	-5.92391055100646
ENSMUSG00000048988	0.00363051219635313	7.07284030881013	0.198903041396618	0.842348441179086	0.953932277570399	-5.92391374933631
ENSMUSG00000007867	0.00286496849527307	6.70786483363737	0.067280538728054	0.946361646344918	0.986115720340959	-5.92396752570545
ENSMUSG00000021730	0.0241653133367254	7.38991993776278	1.0749545200477	0.282458271007414	0.635824213567744	-5.92403125384888
ENSMUSG00000038975	0.00905634676314637	6.5241067394786	0.33218434169959	0.739767027417753	0.91487378981391	-5.92407079666712
ENSMUSG00000018169	0.00418489540558209	7.04404284412682	0.0829496576424611	0.933895613517733	0.982734912486374	-5.92428141637262
ENSMUSG00000004929	-0.000253958714877101	6.98111092879254	-0.00724351273472082	0.994220915554227	0.998541132758277	-5.92443614737655
ENSMUSG00000033157	0.0179984828099684	7.2160894606183	0.602525862677926	0.546857435673809	0.818324152676639	-5.92453133776439
ENSMUSG00000037075	0.0111940117817877	7.48753434289344	1.32433719507087	0.185464813988603	0.52948661782638	-5.92476762972661
ENSMUSG00000042747	0.00516296683475748	6.66459647820898	0.185513660245329	0.852835332668143	0.957101352563089	-5.92485167443177
ENSMUSG00000058900	-0.00599444898460622	7.01756104435782	-0.128638874166568	0.897649706706896	0.970549552630682	-5.9248573516148
ENSMUSG00000039913	0.0110699845980431	7.124469896525	0.252638749296901	0.800560033251206	0.940146637576428	-5.92486988617129
ENSMUSG00000085622	0.0186217111925302	7.37057634610629	1.0262304873325	0.304843423278976	0.656008480205116	-5.92487089428465
ENSMUSG00000095930	-0.0189075141240291	7.19863869553867	-0.485248436373625	0.627526023378577	0.861611315163391	-5.92493952318274
ENSMUSG00000047415	-0.0193348750955904	7.07550381612952	-0.411577373409311	0.680670706961225	0.888901194287128	-5.92504886205123
ENSMUSG00000074384	-0.0032996700741732	7.03752062662617	-0.0726843566944359	0.942060838394805	0.985305099377507	-5.92505963296294
ENSMUSG00000032202	0.0126212076194125	7.11823124222324	0.392993638120412	0.694344587755643	0.895874439297003	-5.92509344796657
ENSMUSG00000003072	0.00237902236711207	6.70284504192944	0.0704676320410378	0.943824895061296	0.985878735017123	-5.92521931925001
ENSMUSG00000028458	0.0116007381500856	7.32821926844251	0.889368023282016	0.373857440732525	0.711804406888298	-5.92522499513971
ENSMUSG00000027848	-0.00605063046288379	7.02523579465512	-0.120491699608158	0.904099551559147	0.972830122559793	-5.92552913261319
ENSMUSG00000033530	0.0137908455295106	7.01470733900903	0.230092151468605	0.818031628702507	0.94579192774938	-5.92553283123735
ENSMUSG00000002455	0.0170230460986218	6.65634679640866	0.325060836659233	0.745151594399955	0.917106727550975	-5.92556612853609
ENSMUSG00000066979	-0.00380653375806794	6.70692682780761	-0.140677116789944	0.888131925981637	0.967871766936664	-5.92559022273948
ENSMUSG00000052684	-0.000842699431860439	6.69310321614258	-0.0157453863529166	0.987438283609697	0.997494377694783	-5.92564428923123
ENSMUSG00000026737	0.00734671901586381	6.67253268178932	0.176755056020799	0.859709513259704	0.95850175601806	-5.92571632638979
ENSMUSG00000046711	0.012846113337174	7.24002897900319	0.406205298764569	0.684612935533617	0.890041061634443	-5.9257741166604
ENSMUSG00000020514	-0.00800182583026832	6.68156082109681	-0.227312679304483	0.820191934700025	0.946426653332714	-5.92587732706592
ENSMUSG00000022833	-0.0231130425313077	7.30184699545603	-0.881722597745195	0.377978463624863	0.71408013361058	-5.92596334024054
ENSMUSG00000042502	-0.0090007457991117	6.66245720622195	-0.251307110156306	0.801589257773334	0.940784899315345	-5.92603930761535
ENSMUSG00000020519	0.0193665384667456	7.18440465064078	0.546422779028145	0.584805053616782	0.838771876492003	-5.92607488290529
ENSMUSG00000079442	0.0018662181506981	6.69472086828353	0.0372790336606769	0.970264335334386	0.9935566095034	-5.92618511492705
ENSMUSG00000069372	0.0208439780647272	7.08580530045002	0.318328509788614	0.750251954757425	0.918540365053384	-5.92622579909577
ENSMUSG00000021022	-0.0006864772752051	7.05346067486342	-0.0382319079929377	0.969504639736484	0.9935566095034	-5.92630226847275
ENSMUSG00000037361	0.0131789963437576	6.53609042359157	0.375719276868469	0.707145019895086	0.901162908143394	-5.9263284832522
ENSMUSG00000003437	0.000159867022810012	7.04141956043205	0.00536469448871921	0.995719874314635	0.998657956786442	-5.92636965239827
ENSMUSG00000038827	-0.0147560995977338	7.5631797511267	-1.50848312513309	0.131507881824396	0.46344604656308	-5.9264279203427
ENSMUSG00000012609	-0.0251351412753911	7.45100078193701	-1.29989386433075	0.193710336693234	0.539507959097548	-5.92646345930043
ENSMUSG00000022314	0.0315934523510233	7.35578447487639	0.885669913636678	0.375847304725786	0.712883418123945	-5.92651749129255
ENSMUSG00000055334	-0.00490531565722208	6.64926651313529	-0.129604488342712	0.896885702085595	0.970004494964622	-5.9266314356226
ENSMUSG00000020263	-0.0223921636145654	7.31231146911676	-0.858310739618202	0.390771014640577	0.722845374465659	-5.92666476812605
ENSMUSG00000048277	-0.0013913050278056	6.97933392732192	-0.0253407397463411	0.979784410507516	0.995266149229244	-5.92669550910826
ENSMUSG00000041669	0.000874649476130251	6.71191787189122	0.021212985347691	0.983076786833564	0.995951388069649	-5.92672489441253
ENSMUSG00000084881	0.0251524595256667	7.41372066627777	1.12263343206104	0.261658868791848	0.615470323226905	-5.92685987114851
ENSMUSG00000034009	0.0246080907270656	7.23013852045414	0.703766474545538	0.481618132996513	0.780699372653779	-5.92687392846565
ENSMUSG00000034949	0.0067051377389955	7.22758052756467	0.678898237703747	0.497240616729428	0.790211384384904	-5.92692331456687
ENSMUSG00000024968	0.0249883187785809	7.20250247994721	0.577391535362184	0.56370665745427	0.827973024131401	-5.92708374233364
ENSMUSG00000031681	-0.0119966302182357	7.0695369003985	-0.274976522484216	0.783348114569038	0.932173096410218	-5.92709670781737
ENSMUSG00000000869	-0.00432349707601443	6.98946434145837	-0.169638589518198	0.86530273159288	0.960524749610127	-5.92711195043575
ENSMUSG00000024140	-0.0243647432965171	7.44031299004012	-1.31963983679145	0.187028889667018	0.530822207683782	-5.92718532139822
ENSMUSG00000028862	-0.0081591108917527	6.98507399763096	-0.191579124112467	0.84808137168072	0.955841204093477	-5.9272625681257
ENSMUSG00000040258	-0.00631352899816218	6.67766620236479	-0.170258797207254	0.864815003830727	0.960320761039318	-5.92728593451372
ENSMUSG00000041870	-0.00770400847181119	6.5647006429603	-0.179907286716425	0.857234234829701	0.958226742697816	-5.92729360134686
ENSMUSG00000022559	0.026024711360134	7.37239639825658	1.06672417044238	0.286159143541607	0.639905272659923	-5.92734432920162
ENSMUSG00000040415	-0.00332757333705391	7.00262904623325	-0.116617185538935	0.907169123448641	0.973978379451747	-5.92741086891752
ENSMUSG00000031750	0.0104952736281172	6.57450619227573	0.231675553638634	0.816801568083376	0.945233479044624	-5.92741491821082
ENSMUSG00000015126	0.004811851293268	7.06751663371529	0.169361322185408	0.865520789643525	0.960524749610127	-5.92751050442117
ENSMUSG00000021577	0.000817577203302555	6.71403562656819	0.0191614335826614	0.984713254770296	0.996398410939299	-5.92753027548293
ENSMUSG00000009566	0.0172191806251609	7.40571580877687	1.07692842276636	0.281575530486992	0.63499429628981	-5.92756374124668
ENSMUSG00000058258	-0.0208157543965459	7.37004646532608	-0.998861015827615	0.317920900446523	0.665775213695143	-5.92772948384813
ENSMUSG00000031245	-0.00813681548002343	7.05558898841727	-0.269585283481647	0.787492873842237	0.933827419392052	-5.92774275286195
ENSMUSG00000054648	-0.00186799791525161	7.12264538651703	-0.0511790564920886	0.959185330650385	0.990454418916107	-5.92776493862973
ENSMUSG00000030980	-0.00262253408941682	7.16393580369141	-0.0482944225596367	0.961483949012716	0.991104699846711	-5.92779938588736
ENSMUSG00000039533	0.0344710506676664	7.20137656513531	0.626773672485814	0.5308424592968	0.811222054006539	-5.92783274381929
ENSMUSG00000031872	-0.00840177647356377	7.09851988024454	-0.205259590984077	0.837379491234775	0.95157079391175	-5.92794817989551
ENSMUSG00000030678	-0.0139859115857499	7.07578437735677	-0.375085074565053	0.707616575190305	0.901196201945901	-5.92795333413682
ENSMUSG00000020440	-9.14244105514328e-05	6.7081120348209	-0.00312908355642745	0.997503508666582	0.998903358483013	-5.92802040342013
ENSMUSG00000008384	-0.031559200578517	6.33106265006347	-0.516695904664609	0.60539629080071	0.849509719589735	-5.92806557659439
ENSMUSG00000022797	0.0253786740907378	7.54959862518731	1.40736251056898	0.159395636983299	0.500599037808564	-5.92807504731503
ENSMUSG00000036931	-0.015347054035864	7.07685382515421	-0.458520149186988	0.646603064171093	0.871831781901062	-5.92808808408282
ENSMUSG00000000631	0.000837043385351954	6.9741905033537	0.047319669748144	0.962260753412756	0.991104699846711	-5.9284587801159
ENSMUSG00000003657	-0.0135966398343106	7.20306252766968	-0.574162294556934	0.565889441840746	0.829216166730996	-5.92868316757733
ENSMUSG00000071654	0.00504204840091038	7.11920049118966	0.321814472533599	0.747609636050067	0.917963991585129	-5.92881846308058
ENSMUSG00000082985	0.0226756957003387	7.39058467410488	1.14781314747769	0.251112597886407	0.603115075667654	-5.92895056043795
ENSMUSG00000030341	-0.0225214053339249	7.19012167667286	-0.67371261626235	0.500531971744659	0.792226531976896	-5.92895532861058
ENSMUSG00000074622	-0.0149408508148285	7.04209727481649	-0.396904230648775	0.691458718196198	0.894379895453339	-5.92910389913457
ENSMUSG00000044317	0.0022565810613564	6.64675367060665	0.049103605822107	0.960839118796292	0.991104699846711	-5.929233915033
ENSMUSG00000095334	0.0354007979968713	7.19926705134989	0.665247596985203	0.505929516769174	0.795568590623575	-5.92925738207308
ENSMUSG00000001247	0.0110423247843023	7.02676753341429	0.199245867144735	0.842080290251912	0.953932277570399	-5.92926193582887
ENSMUSG00000001383	-0.00328019345853647	6.69983188017576	-0.0889478463653665	0.929127697533747	0.981312870854759	-5.92928907636752
ENSMUSG00000028398	-0.00904819526170453	6.50126289654412	-0.381105016147383	0.70314504844195	0.899277480122249	-5.92930371459053
ENSMUSG00000021540	-0.0249724774849041	7.09746919931563	-0.493197265342998	0.6218995930488	0.858726616461983	-5.92932063180896
ENSMUSG00000036594	0.00363140143708929	6.83515352854774	0.0548934011487518	0.956226060505802	0.989845709464926	-5.9293501492423
ENSMUSG00000027613	-6.78039620991555e-05	6.97964744708683	-0.00222379113745601	0.998225780907799	0.999158191602803	-5.92945850835635
ENSMUSG00000031431	0.0172651969685607	6.46375826229996	0.304617214780439	0.760673149617553	0.922964610928475	-5.92965507591627
ENSMUSG00000018405	0.010887559177533	7.09208757550532	0.297210807755812	0.766320609993254	0.925160048750379	-5.92992694043143
ENSMUSG00000022462	-0.000619073784276836	6.5772001152288	-0.0123959556503813	0.990110314060568	0.997874037396135	-5.9300623010362
ENSMUSG00000031167	0.0266513116443443	7.20083257755882	0.533599741879272	0.593647378164733	0.841999283728157	-5.93014276074635
ENSMUSG00000023904	-0.00142244766116839	6.72605952642849	-0.0572612067303969	0.954339909198723	0.989291267598156	-5.9301506193091
ENSMUSG00000028524	0.0170175015164142	7.14491673047277	0.396542285479431	0.691725632631335	0.894379895453339	-5.93016245640387
ENSMUSG00000022515	-0.0142962668999331	7.05130551021394	-0.420700586288675	0.673995756283093	0.885220758153551	-5.93022426463116
ENSMUSG00000020577	0.0139011230408954	6.47911191094912	0.412073477987428	0.680307084736163	0.888901194287128	-5.93028084511987
ENSMUSG00000094281	-0.00892002854093299	7.12562154096728	-0.323668120609115	0.74620579758405	0.917813499378077	-5.93033885929691
ENSMUSG00000037221	-0.0116490467632753	7.19463065215042	-0.650583880260797	0.515351550734694	0.801369078534979	-5.93034909338554
ENSMUSG00000039354	0.0122692419498929	7.3687409123179	1.0067528942473	0.314112877471075	0.662839282918728	-5.93039059036357
ENSMUSG00000071662	0.00077671476952812	6.73410166202204	0.0354788026938039	0.971699673829198	0.993558784553119	-5.93044686757934
ENSMUSG00000045095	0.0118418648566445	7.16181845535526	0.420094120161164	0.674438685517918	0.885449762588547	-5.93045540317611
ENSMUSG00000029776	0.0132078777576083	6.46511333398571	0.424670156063287	0.671099399561133	0.884219778762911	-5.93069992747403
ENSMUSG00000029413	-0.0144097142765238	7.16855883598341	-0.454872528131474	0.649225002765649	0.872789631218773	-5.9307037185835
ENSMUSG00000031157	0.00545188226586735	6.7256958296432	0.142955065026236	0.88633268599498	0.966921351522364	-5.9308212631068
ENSMUSG00000063146	0.00616046262314018	7.02126929638661	0.246514614673886	0.80529621904691	0.9418559414181	-5.9308477019322
ENSMUSG00000025410	-0.00829943218806228	7.08032935342568	-0.173983969123652	0.861886640301102	0.959397296322031	-5.93108832740123
ENSMUSG00000020022	0.00454034189240105	6.6699176098602	0.165899405521557	0.868244285506216	0.961290728404015	-5.93111776868652
ENSMUSG00000097268	-0.027801931989635	7.42710238742903	-1.20246162010919	0.229254084790964	0.580064974921908	-5.93122312983981
ENSMUSG00000046470	-0.0265143920427331	7.16362484806147	-0.632685888090364	0.526974028313515	0.809741406308916	-5.93123762830036
ENSMUSG00000027642	-0.00924181642081656	7.15233969078544	-0.233593216677376	0.815312442510748	0.944706101663167	-5.93128879247847
ENSMUSG00000050605	0.0179249720742423	7.22130528101971	0.475924709313683	0.634153345340487	0.863999830369137	-5.93134020505445
ENSMUSG00000022575	-0.0305270679509544	7.2057537027645	-0.548385846920287	0.583456814530365	0.837953046928962	-5.93134365446762
ENSMUSG00000028367	0.00634192726394911	6.62912619777027	0.269704698707691	0.787401002264099	0.933827419392052	-5.93139302927625
ENSMUSG00000029095	-0.00365584295729171	6.63817169252491	-0.0926299471704394	0.92620207195293	0.980208234449913	-5.93147377295963
ENSMUSG00000027937	-0.00149333443549704	6.68163100091647	-0.0825086444767379	0.93424626737585	0.982890579117077	-5.93149358878739
ENSMUSG00000025731	-0.00342128177939216	7.01136288132431	-0.0909990894647336	0.927497754648719	0.98091923367163	-5.93153624258318
ENSMUSG00000048832	0.0140150543992332	7.13602210612363	0.397030334312831	0.691365732763013	0.894379895453339	-5.93161163341465
ENSMUSG00000032462	0.00851144665220271	7.0082242913714	0.150933029145062	0.880035961820008	0.964478537331763	-5.93161614564839
ENSMUSG00000059412	0.00844943934839826	7.16948029533078	0.245352478955535	0.806195786121377	0.942194851153662	-5.93162085175378
ENSMUSG00000028883	0.00910798092664766	7.05943437620411	0.139839637168986	0.888793555703052	0.96797220481498	-5.93168182542338
ENSMUSG00000034875	0.00258422137058112	6.66679916937439	0.100046568956882	0.92031223988575	0.97817735767712	-5.93170978246986
ENSMUSG00000044390	-0.0255151735847985	7.17864392265634	-0.652863717390839	0.513880703003348	0.800888375450423	-5.93176721085449
ENSMUSG00000023018	0.00709705146378248	6.59251932018867	0.190059647167519	0.849271788409174	0.956011933178401	-5.93180078716386
ENSMUSG00000065979	-0.0354934321236717	7.24801035743349	-0.699681417201647	0.484165931612366	0.781742378452599	-5.93184962661793
ENSMUSG00000020023	-0.0208060654725282	7.09007065462104	-0.358522277930089	0.719970936083004	0.906816648067426	-5.93186168651222
ENSMUSG00000061143	-0.00524728652945416	7.0654691399562	-0.226895502354447	0.820516297925668	0.946529393965473	-5.93188938532471
ENSMUSG00000014980	0.00230538879614883	7.1025343306596	0.0831610707821643	0.933727521419209	0.982734912486374	-5.93189130835586
ENSMUSG00000061759	0.0162930751805623	6.46848764279875	0.37016739234317	0.711276868591883	0.903114894443223	-5.93190953998915
ENSMUSG00000003429	0.00850248614579119	7.19497276906819	0.546095601306271	0.585029900753949	0.838771876492003	-5.9320478292936
ENSMUSG00000038696	-0.00875127816295596	6.61531750743008	-0.191310769945128	0.848291585542551	0.955841204093477	-5.93215466910138
ENSMUSG00000030045	-0.0165099837133873	6.60089581241771	-0.316249365513702	0.751829320499905	0.919209884581292	-5.93229616442726
ENSMUSG00000051390	0.0258556921221995	7.27425549920918	0.631079224802986	0.528023860688651	0.809927311145687	-5.93230905070077
ENSMUSG00000028917	-0.0211115362676635	7.4225113706807	-1.25630840325907	0.209075669171929	0.555819981343237	-5.93234550112336
ENSMUSG00000025511	0.0245438752317471	7.27627625550633	0.77146138869461	0.440477906327681	0.756834022839594	-5.93236153142441
ENSMUSG00000058793	0.013177915233979	7.35289009096573	0.980885366827731	0.326707081440513	0.673379842740569	-5.93245804118188
ENSMUSG00000090486	0.0122891524362796	7.16263519975383	0.316941571016813	0.751304055622092	0.918998591313995	-5.93256591735268
ENSMUSG00000029581	-0.011393686699396	6.54147502693491	-0.261052845957045	0.794064850360098	0.936738122438198	-5.93268828632271
ENSMUSG00000028785	0.00294465357817142	6.64702991603347	0.0583383373397318	0.953481970351362	0.988990446921958	-5.93282559487724
ENSMUSG00000100419	0.0201577794235677	7.04682804043013	0.324937769834585	0.745244729467694	0.917106727550975	-5.93283384136515
ENSMUSG00000009563	-0.0178201832345062	7.17064527847919	-0.544668267325463	0.586011280758948	0.839296911954378	-5.93284938016303
ENSMUSG00000009092	-0.000563076854860789	6.72421012215428	-0.0161998939611596	0.987075707360604	0.997374604292374	-5.93288826532583
ENSMUSG00000027774	-0.0029763536911469	6.66777700751137	-0.068609995308991	0.945303404279584	0.985878735017123	-5.93297402049122
ENSMUSG00000025377	0.0186291986804301	7.13570402706809	0.669804252096989	0.503020257568563	0.793386302014259	-5.93304336429246
ENSMUSG00000039270	0.0276184945998921	7.33053388507598	0.878819632832044	0.379550518862826	0.714714713158638	-5.93308046217786
ENSMUSG00000005683	-0.0255197904487812	7.27541754633841	-0.629870296310889	0.528814505954273	0.810406586608797	-5.93310668955102
ENSMUSG00000022658	0.00236023902848537	6.70400624258654	0.0988776578250495	0.921240236486682	0.978547095447073	-5.93313994554139
ENSMUSG00000026566	-0.0230288190768722	7.06583663915042	-0.43417221026067	0.664186210708168	0.88047413863257	-5.93326280748732
ENSMUSG00000046791	-0.00948292640451776	6.71356593219225	-0.181358438287516	0.856095193395184	0.958226742697816	-5.9334635900195
ENSMUSG00000065429	-0.021182348387347	7.23248639323259	-0.803185790081715	0.421913861363453	0.746210442455371	-5.93352791265313
ENSMUSG00000030030	-0.022788010333028	7.13161920173153	-0.492276222436579	0.622550413374347	0.85908788850172	-5.93362277427009
ENSMUSG00000024695	0.00848498740731252	7.27432424013118	0.800458087320166	0.423491761701398	0.746353997809379	-5.93363797715749
ENSMUSG00000016356	-0.0180255740984006	7.22196850634844	-0.612343170446055	0.540344650858261	0.816721602713077	-5.93371899961255
ENSMUSG00000017664	0.00818160172136917	7.09904362977344	0.275855180817366	0.782673185230555	0.932142974694375	-5.93385136481639
ENSMUSG00000049657	0.00401525385136736	6.9647278653787	0.120298163232296	0.904252846533641	0.972830122559793	-5.93385934708356
ENSMUSG00000044068	0.0113111056139417	6.69893116537255	0.179801915846444	0.857316954402789	0.958226742697816	-5.93393715532378
ENSMUSG00000004031	-0.0104239049269506	7.051802811842	-0.231415725240517	0.817003384024553	0.945233479044624	-5.93410431176371
ENSMUSG00000020430	-0.0116612312591302	6.76628346680642	-0.207077648903409	0.835959488711845	0.951232794624859	-5.93427387732779
ENSMUSG00000020300	0.0316846431785409	7.53267695310648	1.39857754228568	0.162015250271144	0.505082263319422	-5.93435218796616
ENSMUSG00000009075	0.0278528789129489	7.18279475655919	0.666811917533154	0.504929757343977	0.794733880899657	-5.93445210265413
ENSMUSG00000020929	0.0106888559380192	6.48704482825229	0.320804980297928	0.748374515741696	0.917963991585129	-5.9345496159492
ENSMUSG00000005881	0.00385995797229644	7.10809318869582	0.203490748561979	0.83876156260379	0.952033034929297	-5.93460218624863
ENSMUSG00000026773	-0.00832581184900327	6.55422655916272	-0.291718468375137	0.770516628333745	0.927122327581009	-5.9346270580828
ENSMUSG00000025889	-0.00278224952682304	7.04446900826349	-0.0589727577526349	0.952976677119293	0.98886099712103	-5.93464635967989
ENSMUSG00000050315	0.00206136308392058	6.72671135791687	0.0300954719085142	0.975992375074204	0.994111503325693	-5.93468336523042
ENSMUSG00000045287	-0.0095716644312942	6.60862620164834	-0.160021630632398	0.872871908550922	0.963466021235964	-5.93474557443028
ENSMUSG00000054074	0.00552904496323148	7.16490479512301	0.099997071892491	0.920351533330755	0.97817735767712	-5.93485160017586
ENSMUSG00000026817	-0.00601415449148313	7.04047680901159	-0.1727717332385	0.862839374457612	0.959614749133876	-5.9348656572418
ENSMUSG00000000184	-0.0152841701347262	7.14094945150867	-0.49095485952223	0.623484620224898	0.859529566069732	-5.93487113726286
ENSMUSG00000037351	-0.00127075658903042	6.66809185211248	-0.041840193433209	0.966628128233619	0.9926938465832	-5.93496222507704
ENSMUSG00000034075	0.00923846300213782	7.32831540545101	0.904245593603611	0.365918253696727	0.707069715788523	-5.93498336571148
ENSMUSG00000018800	0.0207585218653534	7.37320002041086	1.02812275736761	0.303952664557968	0.6558953089411	-5.93500365110381
ENSMUSG00000020894	0.00175293219697892	7.05979709055185	0.0376589269352917	0.969961455554305	0.9935566095034	-5.93501147675751
ENSMUSG00000022351	-0.0178934948020517	7.25354550265367	-0.589427916021142	0.555606692856405	0.823179493142513	-5.93506986101686
ENSMUSG00000031231	0.000495843480135427	6.7124855605126	0.0189642637222258	0.984870535389678	0.996408829103294	-5.93522587546505
ENSMUSG00000017707	0.00242611647105839	7.05670802694618	0.143824634123737	0.885646009896827	0.96655104516283	-5.93523413190062
ENSMUSG00000029463	0.00729173880549983	6.69330376154479	0.153159751371134	0.878279825090715	0.964478537331763	-5.93530982077094
ENSMUSG00000020267	-0.00768439319591518	6.68126897602157	-0.223310697274853	0.823304814102331	0.947086939555354	-5.93535892523192
ENSMUSG00000000538	0.0134347130067596	7.22201874440266	0.703545559256936	0.48175572816174	0.780730516895249	-5.93539139009244
ENSMUSG00000029614	-0.00175631457399117	7.07872625754708	-0.124923144469098	0.900590512435588	0.97171959873424	-5.93539828836766
ENSMUSG00000022619	0.0139211854377326	7.22409199572584	0.643657585092452	0.519833458053498	0.805658667614235	-5.9354013405421
ENSMUSG00000027406	0.00731911214766168	6.70400160392359	0.175565873013645	0.86064367492474	0.958879689755084	-5.93558966897879
ENSMUSG00000006932	-0.0259665528115596	7.11298112710103	-0.397002235696515	0.691386451520025	0.894379895453339	-5.93566259719949
ENSMUSG00000059602	0.0132502415571345	7.37493172514556	1.03782256605168	0.299413798177027	0.651936396876396	-5.93578280069243
ENSMUSG00000018427	-0.00329653718643286	6.60171790431527	-0.0958420728832753	0.92365068028753	0.979113051081965	-5.93582967009018
ENSMUSG00000029466	0.00264446815238895	7.06345665156376	0.0780385777206818	0.937801169568182	0.984208437161342	-5.93591627782833
ENSMUSG00000024197	-0.00130484184086654	7.04897504942046	-0.0216635618116877	0.982717383347728	0.995951388069649	-5.93614902439784
ENSMUSG00000026317	-0.00323438018204225	6.66616962018641	-0.0787400688199097	0.937243212095751	0.984208437161342	-5.93628814248683
ENSMUSG00000079477	-0.00107663173129779	7.1213023039949	-0.0188590457944584	0.984954467022793	0.996419389933967	-5.93634159301885
ENSMUSG00000039208	-0.0249115180225354	7.10777100150038	-0.501107874975259	0.616322074869522	0.855018386481221	-5.93636041230305
ENSMUSG00000020251	-0.00254119113830598	7.01174210953853	-0.0517955559832921	0.958694116869892	0.990454418916107	-5.93642114159927
ENSMUSG00000031700	-0.00230976376379921	6.88756101836623	-0.0392852345981642	0.968664889062142	0.99352451625409	-5.93643514343514
ENSMUSG00000027358	-0.0112884724385722	7.00127426720678	-0.208259942352441	0.835036339560445	0.95066826427097	-5.93658329359404
ENSMUSG00000038485	0.0043916196883087	7.05718409867614	0.327435688126935	0.743355074885609	0.916302218865269	-5.93658574317847
ENSMUSG00000099222	-0.00255141798552394	7.04648487872535	-0.0490418699985663	0.960888314571716	0.991104699846711	-5.9366987261023
ENSMUSG00000092035	-0.0063750708007797	7.0952090664394	-0.20426003398224	0.838160425981941	0.951713116980368	-5.93674224748173
ENSMUSG00000025855	0.00860942128318776	7.10042825962171	0.206341899375455	0.836534085127528	0.951318285688503	-5.93681695603235
ENSMUSG00000042978	0.001566787873303	6.56188327822169	0.0355274275419569	0.971660903624421	0.993558784553119	-5.93682216052158
ENSMUSG00000055900	-0.00422502461116281	7.1216197104513	-0.138806999413219	0.889609471859744	0.968159031905154	-5.93685973203382
ENSMUSG00000046761	0.0247823635856133	7.45281636789412	1.21724871699929	0.223579573903208	0.574217060613695	-5.93706689932255
ENSMUSG00000068882	-0.00329892850772229	6.75764104034634	-0.0604340437049553	0.951812887247256	0.988331553817859	-5.93706768719168
ENSMUSG00000021209	-0.0116896085722029	6.61402737460359	-0.18796350116204	0.850914553788373	0.956576850365588	-5.93708624279789
ENSMUSG00000002059	0.0326061293299533	7.34593375014149	0.939813850918635	0.347368351403548	0.690568949866319	-5.93719818618889
ENSMUSG00000096952	0.00282818821182307	7.03295251989272	0.0748347299181353	0.940349855367118	0.985107660258645	-5.93737964266083
ENSMUSG00000044155	-0.00461685276692059	7.06836424719084	-0.183485221467629	0.854426375869257	0.957856193487298	-5.93756042389992
ENSMUSG00000021951	0.0120313521616833	6.30522095131412	0.506485399073245	0.612543139241009	0.85405798867026	-5.93765794428079
ENSMUSG00000062421	0.0155471833864897	6.46646847108958	0.394741650338439	0.693054069853845	0.894961562546506	-5.93768486258375
ENSMUSG00000036528	-0.00927327038377168	7.10857597110554	-0.23204137092224	0.816517448227614	0.945233479044624	-5.93787289609573
ENSMUSG00000026277	0.00754573878851961	7.05465531883648	0.242640973730275	0.80829565967983	0.942461615459681	-5.93788666259848
ENSMUSG00000021131	0.00343364981721894	6.72457342978379	0.134340676977819	0.893139775268806	0.969041273395506	-5.93795748768211
ENSMUSG00000027748	0.0396461961417636	7.35340053497286	0.974270534399759	0.329979639710855	0.67642333764738	-5.93796250897689
ENSMUSG00000021009	0.0195721925699246	7.39720209164658	1.12182124289846	0.262004069883611	0.615647972359096	-5.93806226482797
ENSMUSG00000000708	0.013754704559493	7.25405887314427	0.739998513346787	0.459343216184112	0.767534548314541	-5.93807185588718
ENSMUSG00000043969	-0.0171535278565891	7.08225810338036	-0.388541796802412	0.697635279994624	0.896635165007306	-5.93809815994785
ENSMUSG00000005897	0.0207301938252495	7.24411622423276	0.620791913533258	0.534771011010069	0.813454787037713	-5.93830635591914
ENSMUSG00000074918	-0.00467909615150841	6.6271332832198	-0.106538024664373	0.915160693855205	0.976834253447399	-5.93831295861846
ENSMUSG00000015668	0.00660061350216257	6.64101701250363	0.197113680165562	0.843748337223306	0.954203794222336	-5.93838315862005
ENSMUSG00000022354	-0.000352853953653032	7.04075050190007	-0.0207319397751852	0.983460497873505	0.995951388069649	-5.93858896837191
ENSMUSG00000034792	0.0130689018988761	7.13609871591196	0.340007262729372	0.733868455208986	0.912462544077999	-5.93884301784048
ENSMUSG00000065669	0.0100181818782126	7.13652661581374	0.24397660211886	0.807261134066361	0.942326515620588	-5.93885680067382
ENSMUSG00000030733	-0.00695429717225249	6.48713171796627	-0.282684088198088	0.777433267776731	0.929077899542344	-5.93889280046285
ENSMUSG00000003955	0.000452182169705218	6.66849250673517	0.0230374609898434	0.981621511072941	0.995951388069649	-5.93890830351873
ENSMUSG00000031762	-0.00361026854115298	7.13117152515839	-0.332347325638796	0.739643977955248	0.914838250495933	-5.93906828031027
ENSMUSG00000004268	0.0121592409575753	6.42584253057672	0.423655197190245	0.671839491298987	0.884470239359807	-5.93911467316243
ENSMUSG00000023236	0.00119657217303715	6.71441748880757	0.0319129167121102	0.97454304936597	0.993930950840525	-5.93920752423918
ENSMUSG00000041930	0.00453985877290641	7.06297995905734	0.126339944290171	0.899469026210248	0.971171542355543	-5.93921813800809
ENSMUSG00000030339	-0.0188033105834213	7.06738372782877	-0.294529345513881	0.768368336140869	0.926294630142221	-5.93930703597642
ENSMUSG00000036882	-0.00762245274607132	7.10786477265655	-0.44750331649844	0.654535307006747	0.875825214426071	-5.93931536628597
ENSMUSG00000028013	-0.00112284771575233	6.68839258646642	-0.0378252499256602	0.969828851591945	0.9935566095034	-5.93932986569684
ENSMUSG00000015575	-0.0285415998267817	7.32658625202901	-1.01106602973884	0.312044420594588	0.661253243892064	-5.93937166170541
ENSMUSG00000016481	0.0102795242308282	7.0576756704057	0.204891450754468	0.837667093546207	0.951658325314184	-5.93937551846034
ENSMUSG00000007944	-0.0109329817777484	6.52729729102728	-0.268656933534494	0.788207196585857	0.933890865272311	-5.93947673640044
ENSMUSG00000003402	-0.0108358018553218	6.39751011604344	-0.38825894061865	0.697844553474422	0.8967485680838	-5.93950094921754
ENSMUSG00000030505	0.012255848303159	7.14908225669051	0.29391244512293	0.768839667912049	0.926406702590789	-5.93952407213255
ENSMUSG00000052310	0.00385803963346465	7.069963765968	0.151152701324249	0.879862687784556	0.964478537331763	-5.93953736211253
ENSMUSG00000042743	0.00448251612187356	6.68891452099171	0.090918422619015	0.927561847808665	0.98091923367163	-5.93962989375813
ENSMUSG00000042572	0.010310528712755	6.58361063235661	0.243072640613104	0.807961270596278	0.942326515620588	-5.93978751307771
ENSMUSG00000066838	-0.0221196050138541	7.03926058481904	-0.49754169207777	0.618833760140173	0.856662050232842	-5.94003395409171
ENSMUSG00000037949	-0.0208883117626488	7.17029800011073	-0.503462856019135	0.614665904218013	0.854758119519809	-5.94005029488956
ENSMUSG00000030235	0.00912315009874831	6.65150167594676	0.140899696795429	0.887956095338746	0.967757937347485	-5.94014643156746
ENSMUSG00000022536	0.00443238429890869	7.08756462614219	0.0999522463390755	0.920387118445717	0.97817735767712	-5.94026061599053
ENSMUSG00000063698	-0.00392159689476745	7.07927396680181	-0.097086287864368	0.922662609882748	0.978863085113566	-5.94026576975427
ENSMUSG00000033423	-0.0129906541785116	7.28764655041975	-0.758801167105661	0.448015074422065	0.761285687056067	-5.94038842964926
ENSMUSG00000055692	-8.21573279781163e-05	7.01915299096355	-0.00372385308572181	0.997028982936725	0.998657956786442	-5.94040810394609
ENSMUSG00000031155	-0.00757627197877753	6.54376138022229	-0.303038018502207	0.761876244549674	0.923754892802563	-5.94058658481656
ENSMUSG00000036957	0.00237065473494624	6.64035158121126	0.061792803371529	0.950730843013306	0.987815830299211	-5.94067380031149
ENSMUSG00000057278	0.0137779088745047	6.3756796554269	0.492462219676169	0.622418961619531	0.858993921176466	-5.94076905509624
ENSMUSG00000020321	0.0103614698076866	6.5587436631098	0.287985292860817	0.773372535580656	0.92782924578828	-5.9408560947709
ENSMUSG00000049922	-0.0129418978644722	7.17475038833623	-0.376490346107923	0.706571849829914	0.900736570296579	-5.94100392593283
ENSMUSG00000096768	0.00756051074687658	7.06751673738918	0.152979460028064	0.878421992298512	0.964478537331763	-5.94108484015772
ENSMUSG00000038642	-0.00992479551981251	6.60257577758868	-0.23142674162165	0.816994827048524	0.945233479044624	-5.9411359174342
ENSMUSG00000032435	0.00388705654043431	6.72464295185292	0.0828362177828031	0.933985809430674	0.982734912486374	-5.941164586147
ENSMUSG00000028032	-0.00492756110630133	7.08897886188291	-0.126233457113059	0.899553310562309	0.971185203424414	-5.94123862165804
ENSMUSG00000040242	-0.00110463158842755	6.58946610488689	-0.0217418052878569	0.982654972591438	0.995951388069649	-5.94125406811439
ENSMUSG00000020451	-0.0106857348138858	7.00456917127064	-0.189506433613178	0.849705282741972	0.956011933178401	-5.94128500839046
ENSMUSG00000034586	0.00693285009414879	7.09700149736882	0.299230497014679	0.764779330168976	0.92422481134067	-5.94137463668751
ENSMUSG00000037364	0.00227090097705229	7.04166882802619	0.0667712704883796	0.946767046988695	0.986115720340959	-5.94145138346311
ENSMUSG00000042790	0.0121401791455886	7.40311110171586	1.08041749857817	0.280019780448958	0.632751363887828	-5.94148608310087
ENSMUSG00000032087	0.0102929015170359	7.43590404852279	1.16926214428971	0.24236592242213	0.593456534673601	-5.94152522715424
ENSMUSG00000028010	-0.00408373881528057	7.07256064397786	-0.14055676885269	0.888226999057968	0.967897577015586	-5.94157838141407
ENSMUSG00000020818	0.0272892856178233	7.31168181271667	0.882284594990966	0.377674587048046	0.71408013361058	-5.94173733057227
ENSMUSG00000044072	-0.0162391622756939	7.5117242138575	-1.4243998382298	0.154406777188313	0.496084272693964	-5.94185659503342
ENSMUSG00000018821	-0.00691040613393845	6.59718552354099	-0.141436480156615	0.88753207742541	0.967373575507172	-5.94189898919731
ENSMUSG00000027962	-0.00570464231182033	7.07891139036213	-0.0938232792427768	0.925254118155723	0.979808787952754	-5.94197890476959
ENSMUSG00000045625	-0.0295558474761819	7.38044036265685	-0.887336228907652	0.374949892060458	0.71238377754424	-5.94206149740941
ENSMUSG00000038976	0.0138530542503181	7.04810349052808	0.337485735858214	0.735768019154841	0.913427598544211	-5.94207954429107
ENSMUSG00000021361	0.00208510337910806	6.67299386181003	0.10163815153564	0.919048859885081	0.977904916207968	-5.94212353093346
ENSMUSG00000035671	0.00708994167626997	7.19389441782492	0.637196711443911	0.524032255189884	0.807917820771486	-5.9421328238224
ENSMUSG00000076052	0.0102290504723888	7.02141234068982	0.212579191620067	0.831665758550229	0.950014689900076	-5.94213433539998
ENSMUSG00000026156	0.0258941395080061	7.41466315717191	1.15036448469446	0.250060792346759	0.601886306799169	-5.94217895526592
ENSMUSG00000047731	0.000394012344458794	6.95351018582782	0.00986071867381474	0.992132891493959	0.997874037396135	-5.94225902806059
ENSMUSG00000033066	0.0071737673199479	7.08561397096506	0.296826448429481	0.766614030070834	0.925259464983443	-5.94226794733762
ENSMUSG00000041794	-0.0083489955101852	7.05540901788292	-0.164682340161793	0.869202126380221	0.961619129291149	-5.94228304073846
ENSMUSG00000095178	-0.0232698367325836	7.22750418469525	-0.431982153727939	0.665777073193907	0.881504449058886	-5.94240308699603
ENSMUSG00000031166	-0.030878183739703	7.27424532517591	-1.03537234399247	0.300556046709415	0.653035077129206	-5.94242867505297
ENSMUSG00000072082	0.00453027934983918	7.02758655675316	0.093741903120132	0.92531875799875	0.979808787952754	-5.94246560911888
ENSMUSG00000053297	-0.00227813294016421	7.05730582302568	-0.0358071043505081	0.97143790932906	0.993558784553119	-5.94255398731208
ENSMUSG00000031093	0.00238414816901411	7.06889282462425	0.0695278448738044	0.944572855959606	0.985878735017123	-5.94263115248659
ENSMUSG00000078440	-0.00151877693326874	7.02724489946378	-0.0470677327526106	0.962461534036063	0.991104699846711	-5.94263339067656
ENSMUSG00000001755	-0.00992881075692775	7.1282500779323	-0.373788876774464	0.708580700003056	0.901365436950331	-5.94271757968694
ENSMUSG00000065904	0.0172720164605913	7.17139752180178	0.259282296921233	0.795430439256576	0.937578531589611	-5.9427373243781
ENSMUSG00000018470	0.00711703310812073	6.57350280747208	0.179023705080273	0.857927923743001	0.958226742697816	-5.94291067060354
ENSMUSG00000040596	-0.0163129134872939	7.29778707501647	-0.802473365995705	0.422325645893002	0.746210442455371	-5.94292578536129
ENSMUSG00000102472	0.00605495687171587	6.69294206479121	0.133878192515785	0.893505457909108	0.969041273395506	-5.94295652401035
ENSMUSG00000010529	-0.0177109892979459	7.02652578922285	-0.3281092589666	0.742845788186322	0.916174219615224	-5.94297766284879
ENSMUSG00000061517	-0.0219378607516179	7.20314149545884	-0.432794191675422	0.665187030802703	0.880981319099643	-5.94299375447266
ENSMUSG00000026939	0.0171780648508104	7.25001255889871	0.596938303843329	0.550581494602503	0.81967540395528	-5.94310604301668
ENSMUSG00000097772	-0.0173154147506978	7.41500144317252	-1.0983553540701	0.272113769120116	0.626263534498479	-5.94315767515949
ENSMUSG00000035640	0.0139549282435842	7.24180392217884	0.698431895477885	0.484946700169084	0.782051415637579	-5.94334054363946
ENSMUSG00000049036	0.0109641346332543	7.08967895201525	0.310454021331701	0.756231480521639	0.921202732516835	-5.94338702051763
ENSMUSG00000036845	0.00318193092751518	6.60045914599826	0.145816509976361	0.884073401894836	0.966125168729818	-5.94358422335433
ENSMUSG00000063663	0.0158525500140776	7.27145772081462	0.792024333513737	0.42839225488384	0.748568396921653	-5.94365127518168
ENSMUSG00000036299	-0.00707774568992203	6.59560644070951	-0.258050182083081	0.796381115007091	0.937797667606291	-5.94366577008666
ENSMUSG00000006728	0.00820706268329374	7.12445302106107	0.340614978612249	0.733410882368774	0.91239195335209	-5.94367572240912
ENSMUSG00000001674	-0.0119346080739531	6.58908027058969	-0.27000188006705	0.78717237994416	0.933827419392052	-5.94367665444192
ENSMUSG00000024866	0.0283469863303623	7.3290909742615	0.891587188655285	0.372666497772851	0.711134746911234	-5.94369946889355
ENSMUSG00000022054	0.0110534726039626	6.61364359577326	0.215365940849695	0.829492721781615	0.949445170012688	-5.94373865534312
ENSMUSG00000029440	0.00396978029237172	6.66191147692505	0.117609705657368	0.906382668415833	0.973790101035815	-5.94375252601877
ENSMUSG00000058656	0.017117089409318	7.17585504501664	0.642298914795922	0.52071498803594	0.806094444701308	-5.94391504790294
ENSMUSG00000030093	0.0110983484995426	7.09698441695797	0.250729754694896	0.802035603265529	0.940835193348385	-5.94399657265371
ENSMUSG00000030942	0.0119424730635123	6.634771682438	0.262672954886862	0.792815845810466	0.936242246973112	-5.94405638713903
ENSMUSG00000024217	-0.00556299664664017	6.62081412190745	-0.173824376993466	0.862012057297678	0.959457559875415	-5.94407652128966
ENSMUSG00000005823	-0.00865834659461306	7.09109369817525	-0.299728422588878	0.764399492512181	0.924187029131111	-5.94411543809989
ENSMUSG00000037235	-0.00385452943536979	6.95136036395941	-0.0841196178182366	0.932965429149964	0.982721427457692	-5.94441192164367
ENSMUSG00000020530	-0.000196584086026519	7.09207167386472	-0.00447802201608575	0.9964272849132	0.998657956786442	-5.94453741273604
ENSMUSG00000029860	-0.0089763603893056	7.06848867680945	-0.210766733620472	0.833079759855641	0.95066826427097	-5.94466152328141
ENSMUSG00000020137	0.016556016512669	7.22453172535591	0.706731223707524	0.479773636195104	0.77909950002159	-5.94470236781477
ENSMUSG00000031774	0.00302300233152319	6.64991959522045	0.101187422194296	0.919406623058761	0.978057562225001	-5.9447844639334
ENSMUSG00000060373	0.0120941708713413	6.55846166975569	0.308420801180743	0.757777806135125	0.922092218235507	-5.94483274795897
ENSMUSG00000048706	0.00615889653042068	6.62245982749405	0.122088645669171	0.90283479039602	0.972587174330317	-5.94491327098055
ENSMUSG00000027296	0.000316324139882695	7.03690404378543	0.00647525443961657	0.99483384521653	0.998588676615258	-5.94496388416509
ENSMUSG00000038489	-0.00408617598269601	6.63630821190293	-0.132673112525019	0.894458410891491	0.969077484595221	-5.94499220814942
ENSMUSG00000028967	0.0037442462511077	6.55612936074461	0.0891229767079841	0.928988525107656	0.981312870854759	-5.94502299822407
ENSMUSG00000022964	0.0172524075477956	6.31297482043019	0.50626452208285	0.612698153740158	0.854177265246814	-5.94504194664944
ENSMUSG00000057841	0.00265358541251715	7.12058944924886	0.281879265079849	0.778050298891254	0.929082786010888	-5.94514844102733
ENSMUSG00000068099	-0.0100597051158786	6.5231678491641	-0.325372439955161	0.744915794515355	0.917106727550975	-5.9453312861612
ENSMUSG00000053113	-0.00499435175966756	6.60118994832446	-0.132520532215181	0.894579079225456	0.969077484595221	-5.94547792288734
ENSMUSG00000021650	0.0141191585607832	6.44159663678893	0.333888070357184	0.738481077738676	0.914284216234223	-5.94564174450761
ENSMUSG00000066196	-0.0220842036954307	7.28996944818457	-0.865080378360129	0.387045226181536	0.720422731544381	-5.94564760456558
ENSMUSG00000031924	0.028624802258876	7.28381538263246	0.782817567335797	0.433779408107329	0.753225053165876	-5.94578811475293
ENSMUSG00000053702	0.0197309902456908	7.35385449555744	0.943422244729433	0.34552049172771	0.68967419464069	-5.94585628368517
ENSMUSG00000030965	0.0110917205800689	7.19671325998984	0.362620138787547	0.71690733323302	0.90558172222169	-5.94586226982218
ENSMUSG00000052387	0.00589056323003234	7.22494973384639	0.598178749289737	0.549753671321148	0.819647274845993	-5.94590856583186
ENSMUSG00000020153	0.00235755610633426	6.64972221700512	0.110233413574726	0.912229652332129	0.976026530292265	-5.94613072210242
ENSMUSG00000052296	-0.00392586746907586	7.06202487107177	-0.279287531377816	0.780038244576883	0.930479316735959	-5.94621311119114
ENSMUSG00000025575	0.00586703111577158	7.06106648285954	0.218937512336162	0.826709609343088	0.948759397693324	-5.94624167377239
ENSMUSG00000064127	0.013842825470741	7.29913692127828	0.786750013280521	0.431473638762335	0.751001695370171	-5.94630243831781
ENSMUSG00000031967	0.019450056508358	7.24400538522183	0.613968026327772	0.53927047930117	0.816258680506272	-5.94643983825948
ENSMUSG00000033075	0.0214596261250994	7.38735150451638	0.951492615481297	0.341410385649399	0.686142700302195	-5.94644195264716
ENSMUSG00000098148	-0.00415360449222568	7.05899905777754	-0.138818103770976	0.889600697370351	0.968159031905154	-5.94667572920329
ENSMUSG00000031979	0.0183859038236562	7.4961157393572	1.36074679556805	0.173668426174762	0.514778426339621	-5.94683246637581
ENSMUSG00000017781	-0.000338126003765815	6.72731420811519	-0.0051087304914096	0.995924088796851	0.998657956786442	-5.94689226538886
ENSMUSG00000026176	-0.0301947935835187	7.24794294553181	-0.709069972195496	0.47832132500755	0.778801552113891	-5.9469341107824
ENSMUSG00000098146	0.0238621747958732	7.35347127725914	1.07332825328188	0.283186955454803	0.636724501170186	-5.94696160879449
ENSMUSG00000042606	0.0122194498418953	7.0866068867761	0.258513429979091	0.796023646431359	0.937685446069051	-5.94701316923639
ENSMUSG00000024228	0.000219575931112992	7.08474282452215	0.00651004787817224	0.99480608634503	0.998588676615258	-5.94702596244991
ENSMUSG00000014959	-0.0175710671168527	6.66952487273884	-0.23178778885562	0.816714395626924	0.945233479044624	-5.94715729269253
ENSMUSG00000034575	-0.0019659587469949	6.61808674414878	-0.0487937815990022	0.961086011680436	0.991104699846711	-5.94717827980741
ENSMUSG00000058600	0.00169422157338506	7.08049496807647	0.193593602154969	0.846503686781408	0.955108473068605	-5.94719967533063
ENSMUSG00000041073	0.0123555293423285	7.24737748113166	0.692840803580749	0.488448657413616	0.785015042343979	-5.94727472630203
ENSMUSG00000034509	0.00852290057683192	6.67388083381474	0.191263703163758	0.848328456177667	0.955841204093477	-5.94729263884614
ENSMUSG00000093661	0.0151206239749211	7.24825591445804	0.74537678221556	0.456086652260287	0.765282668852121	-5.94730565054829
ENSMUSG00000071180	-0.00136118910800054	7.06300336269358	-0.0682754468419125	0.945569694489759	0.986037360783158	-5.94744008543337
ENSMUSG00000025745	-0.0201484946842205	7.22778095729885	-0.597352147744454	0.550305243652481	0.81967540395528	-5.94747582258342
ENSMUSG00000042032	-0.000127678595533531	6.62447538162051	-0.0026291903336764	0.997902339802274	0.998961800803297	-5.94748780470746
ENSMUSG00000074358	-0.0147052871000763	7.18399550723176	-0.571168754337084	0.567916525021935	0.830078939871432	-5.94757223055172
ENSMUSG00000038965	0.000727548467967409	7.03216243770645	0.0543068679717451	0.956693320583196	0.989845709464926	-5.94768052302186
ENSMUSG00000044627	0.000193854505393887	6.70275540668539	0.00657657669194273	0.994753008401055	0.998588676615258	-5.94773060913778
ENSMUSG00000029192	-0.0105924171356433	7.18581054824955	-0.508716316808344	0.610978423809439	0.853016730512653	-5.94775837442753
ENSMUSG00000000247	-0.000745633152654968	7.01705093528152	-0.0147523377860686	0.988230481310005	0.997533970543468	-5.94796744217273
ENSMUSG00000026111	0.00302656148365799	6.65490107977798	0.115283956630424	0.908225693147206	0.974495405800081	-5.94800773464562
ENSMUSG00000079610	-0.0140695830265969	7.38611190535427	-0.993575300746517	0.320488238138546	0.6676050081394	-5.94819051624196
ENSMUSG00000060073	0.00180937856087393	6.65495674402397	0.113274200337922	0.909818710000251	0.975201365339822	-5.94821689590586
ENSMUSG00000034274	-0.0130221339664169	7.10441147293644	-0.454436234109163	0.649538906461336	0.872876250748616	-5.9482634988687
ENSMUSG00000019433	-0.0256993378738963	7.22134075970992	-0.603596075923564	0.546145574147487	0.818145493274059	-5.94838708367752
ENSMUSG00000030591	-0.000328583989064768	6.65057877798721	-0.0116186875951893	0.990730401742889	0.997874037396135	-5.94850054104834
ENSMUSG00000066551	-0.00452482315366609	7.12496607634419	-0.118786755337066	0.905450114562899	0.973366052429732	-5.94860002570028
ENSMUSG00000038876	-0.00688116388584792	6.6589531557083	-0.140190023601837	0.88851673225346	0.96797220481498	-5.94869228967516
ENSMUSG00000036067	-0.00580616208268214	7.0998841451325	-0.173685122090604	0.862121494933545	0.959457559875415	-5.9487030135487
ENSMUSG00000072847	-0.0103350560893158	7.14433260628889	-0.360120156658742	0.718775807206584	0.906588990429132	-5.94871035574092
ENSMUSG00000027506	0.0189658641092771	7.23562863023783	0.622260382908671	0.533805228905369	0.812757954096973	-5.94881748853437
ENSMUSG00000056938	-0.00190232927306155	7.02658558463908	-0.055235791431243	0.955953303154119	0.989845709464926	-5.94892204185045
ENSMUSG00000022477	-0.00111092216703579	7.05372274527399	-0.0477515012560528	0.961916611837372	0.991104699846711	-5.94899717097473
ENSMUSG00000029047	0.000699041738297268	7.09392127475297	0.017876587212101	0.985738175539544	0.996672894362967	-5.94909736477367
ENSMUSG00000038954	0.0239559661718349	7.24555425199527	0.517321464423619	0.604959647158514	0.849092593979633	-5.94917931229317
ENSMUSG00000041075	0.0148651149426033	7.14967523920702	0.45896614278226	0.646282780602423	0.871614830857125	-5.94927461850444
ENSMUSG00000036437	0.000174147069567532	7.051865608859	0.00444466223400343	0.996453900282294	0.998657956786442	-5.9494298903981
ENSMUSG00000058407	-0.0057215552070442	6.56818157906809	-0.155998402077484	0.876041951712174	0.964355258141936	-5.94947366613723
ENSMUSG00000029161	0.00918512652846548	7.18319678929607	0.166151970764144	0.868045538683533	0.961290728404015	-5.94948430340132
ENSMUSG00000020329	0.0166414095205978	7.08006078098921	0.428158881066618	0.668557913776804	0.88326718942902	-5.94960856273259
ENSMUSG00000031879	-0.00721296553432715	6.60925753473408	-0.202828920351098	0.839278805128853	0.952212723007279	-5.94962381820351
ENSMUSG00000010721	-0.00374427197636962	7.14703965080479	-0.0992625102902539	0.920934690847093	0.978529195807593	-5.94967805470117
ENSMUSG00000040236	0.00139206133941094	6.67911050316948	0.0353294366495917	0.971818768750122	0.993558784553119	-5.9497549568584
ENSMUSG00000048578	0.00255120138863507	6.61777470894632	0.080354062972936	0.935959578315596	0.984082199519414	-5.94978758585996
ENSMUSG00000053768	0.00960103526651146	6.47782492333743	0.331520441660929	0.740268326874606	0.914975437062896	-5.95005448908243
ENSMUSG00000021417	-0.00235487936960066	7.06215389151809	-0.0820090574401614	0.934643509302766	0.983023034883589	-5.95030853124405
ENSMUSG00000028971	-0.0238907236065256	7.09216851691935	-0.460256666484877	0.645356380015414	0.871182120207158	-5.95042298908491
ENSMUSG00000030082	0.0069398745421001	7.10845608126866	0.232175387567756	0.816413367354821	0.945233479044624	-5.95045085650337
ENSMUSG00000028194	0.0445520095432377	7.39277128026925	0.878933861833216	0.379488584011638	0.714714713158638	-5.95049910153344
ENSMUSG00000040429	-0.00255131676636111	7.09889477055371	-0.078344491012236	0.937557846090974	0.984208437161342	-5.95056794604306
ENSMUSG00000057181	0.02662856511812	7.28296351479178	0.628724856306	0.529564185192041	0.810865405942559	-5.9505810787469
ENSMUSG00000040659	-0.0163325066521693	7.08645310211103	-0.298734059579223	0.765158088970728	0.924436627225091	-5.95069153157902
ENSMUSG00000078851	0.00409237022349895	6.56645184488641	0.0894282436747836	0.92874594102081	0.981312870854759	-5.95072942532381
ENSMUSG00000054115	-0.0206669397274286	7.38628800535322	-1.17139166956297	0.241509368683777	0.593078069301693	-5.95076310156095
ENSMUSG00000037686	-0.0134308134164485	7.0466203722175	-0.24749894711866	0.804534484587827	0.941509342515697	-5.95082815944602
ENSMUSG00000053332	0.00705072295617271	7.16072896099233	0.396443312547733	0.691798626337859	0.894384073222913	-5.95091602352533
ENSMUSG00000046854	-0.00625909706928685	7.06180614313804	-0.174992327543932	0.8610942928833	0.959161222968165	-5.95093446180481
ENSMUSG00000002477	-0.00686858838679516	6.6495089830191	-0.181835280348611	0.855720974689416	0.958226742697816	-5.9509386733866
ENSMUSG00000019772	-0.0033452814127406	7.0425948295024	-0.0686118599988517	0.945301920061358	0.985878735017123	-5.95098908217664
ENSMUSG00000029427	-0.00753691847713878	6.96319851355584	-0.12334554552932	0.901839514824609	0.972349684033612	-5.95122708137216
ENSMUSG00000017400	0.0305256844048394	7.2007796233563	0.707026577695995	0.479590095246884	0.77909950002159	-5.9513265436529
ENSMUSG00000023022	-0.0165661516752493	7.11003476182945	-0.292780761544237	0.769704532755802	0.926747402679164	-5.95150003671075
ENSMUSG00000046269	0.0119726760196341	7.2323921246712	0.388642629841086	0.697560683400486	0.896635165007306	-5.95169913695868
ENSMUSG00000010054	-0.0208027939205211	6.36949071865062	-0.44740747277685	0.654604488721986	0.875825214426071	-5.95190197185017
ENSMUSG00000073838	0.00855416529434638	6.47025510944973	0.301208623495321	0.763270670841332	0.92395992492392	-5.95200302326961
ENSMUSG00000098702	0.00276860895928355	7.12302820616603	0.0989744046897237	0.921163425222227	0.978547095447073	-5.95212156669757
ENSMUSG00000031299	-0.0105133359346699	6.63822007580315	-0.138917197445801	0.889522395701391	0.968159031905154	-5.95222724409054
ENSMUSG00000025878	-0.0228571927738095	7.38173450990962	-1.19219464771441	0.233253847542441	0.584233450024092	-5.95225232986157
ENSMUSG00000014856	0.00109832489894224	6.6217547758999	0.0375779698291861	0.970026000347913	0.9935566095034	-5.95229960283776
ENSMUSG00000044734	-0.000478175995962005	7.0789575307212	-0.00921454332138367	0.992648409969145	0.997874037396135	-5.95233266135877
ENSMUSG00000050105	-0.000651340496911068	6.64335209801312	-0.0178509829998207	0.985758600241068	0.996672894362967	-5.95235044225467
ENSMUSG00000036534	-0.0194745072067306	7.3206680176959	-1.01419252330773	0.310550670231573	0.659575468554748	-5.95237999854717
ENSMUSG00000022706	-0.0155497165534841	7.10406022863435	-0.285018630205244	0.775644247661705	0.928737878281616	-5.95242578218194
ENSMUSG00000031834	0.00929767456347008	7.06051751261213	0.246091310093344	0.805623853975219	0.941932408778546	-5.9526891264559
ENSMUSG00000053647	0.0138148557802857	7.10825509377469	0.316302906706609	0.751788687839373	0.919209884581292	-5.95280749274037
ENSMUSG00000040867	0.0168380766193534	7.29984580751524	0.874134863787756	0.382095950757114	0.716819828471697	-5.95284304764197
ENSMUSG00000055917	0.0147623001396395	7.21209658596459	0.526987699257973	0.598230607793395	0.844342806401936	-5.95314542844602
ENSMUSG00000097838	0.0225387840034728	7.4831462293491	1.26485360088383	0.205995615641139	0.552609528465089	-5.95326224544926
ENSMUSG00000032300	0.0189501385079653	7.10492376627369	0.417319916467241	0.676466247266057	0.886630774314088	-5.95327592946184
ENSMUSG00000039244	-0.0112300539430699	6.5390416155898	-0.297322011633356	0.766235723155669	0.925160048750379	-5.95333653961618
ENSMUSG00000041881	-0.00159036753865038	6.62855746580868	-0.0666896594824656	0.946832014339853	0.986115720340959	-5.95335287919642
ENSMUSG00000056486	0.00366827042251039	6.61230924804188	0.0523984275828333	0.958213776677053	0.990421366937477	-5.95421861961201
ENSMUSG00000036565	0.0103715184035478	7.23754207453005	0.720748802288766	0.471105123438486	0.773359853630925	-5.95425788969101
ENSMUSG00000039347	-0.00101108375449321	6.63513666179996	-0.0202538204192948	0.983841878579138	0.99599647356575	-5.95431429674701
ENSMUSG00000064612	0.0335452539600158	7.3820755735157	0.984124553925501	0.325112276703356	0.671863190264445	-5.95443385180774
ENSMUSG00000046718	-0.00484784132170279	6.70983195828366	-0.0879932200781688	0.929886357124782	0.98180821041179	-5.95446327371689
ENSMUSG00000022474	-0.00154951923141411	6.59642676716437	-0.0601173116181729	0.952065128752663	0.988405663547618	-5.9545088920463
ENSMUSG00000007207	-0.0202822255997379	7.16675223955252	-0.503637398573275	0.614543232971679	0.854758119519809	-5.95456376585719
ENSMUSG00000038252	-0.0244595347913776	7.26504575879417	-0.916080148288826	0.35967867272425	0.702902556910282	-5.95484637463452
ENSMUSG00000052609	-0.00897799387332565	7.11797903313053	-0.171637957963687	0.863730624636833	0.959873754821818	-5.9549222736875
ENSMUSG00000031508	0.0120799581492168	6.97144563316693	0.210446529592094	0.833329625477588	0.95066826427097	-5.95495780295284
ENSMUSG00000034957	-0.00187946471659117	7.08907124643213	-0.0279227469992878	0.977725123405173	0.994690591403516	-5.95502680560431
ENSMUSG00000004677	-0.0102524507612562	7.24906085202537	-0.805834256400989	0.420385101506878	0.745530569814291	-5.95502702730367
ENSMUSG00000057101	0.00883502957397742	6.41456273435528	0.307661177466649	0.75835577227423	0.922356212819453	-5.95505703509009
ENSMUSG00000068154	-0.00439485582683741	7.15013401151471	-0.0726126570022173	0.942117892193206	0.985305099377507	-5.95510007893055
ENSMUSG00000022793	-0.010587115775639	6.62813267722779	-0.198971283529386	0.842295062191512	0.953932277570399	-5.95512658058938
ENSMUSG00000023952	-0.00209339685242949	6.99614688737018	-0.0715192677555121	0.942987974543948	0.985596794784826	-5.95520121814719
ENSMUSG00000025937	0.0259907368716794	7.44391427793096	1.12839634908355	0.259218513994246	0.612284875545909	-5.95541625779034
ENSMUSG00000041362	0.0165063352924788	7.20356313071902	0.47896214758339	0.631991069671001	0.862731922676251	-5.95557928230371
ENSMUSG00000004530	-0.0130417790743342	7.25838160726911	-0.544231158862545	0.586311972493334	0.839296911954378	-5.95572312042332
ENSMUSG00000074461	0.000563405988671661	7.10221708103484	0.0124850976278824	0.990039198889362	0.997874037396135	-5.95582258534257
ENSMUSG00000028266	-0.015604319594142	7.0910297095566	-0.294660608109923	0.768268058334602	0.926294630142221	-5.95584165568723
ENSMUSG00000020869	-0.000941154110880582	7.05660417998456	-0.0355533794158495	0.971640211361712	0.993558784553119	-5.95597229807896
ENSMUSG00000033316	0.0181541081055911	7.1086921457386	0.407137774556999	0.683928029565095	0.890025045608956	-5.95601580631336
ENSMUSG00000001441	0.0159323806231537	6.57083615848218	0.309143062595207	0.757228393008376	0.921671833414809	-5.95611995857254
ENSMUSG00000052698	0.00537071691287139	7.148994815094	0.415347105535799	0.677909531052422	0.887599944182399	-5.9561389306185
ENSMUSG00000078958	-0.000713508780695982	6.60216356622631	-0.0233445023791669	0.981376608291728	0.995951388069649	-5.95618660648311
ENSMUSG00000002015	0.000441157680218573	6.63218623194862	0.0210526319090709	0.983204694002821	0.995951388069649	-5.95633232885896
ENSMUSG00000030125	-0.0111880310429475	7.06447236887684	-0.202340003782341	0.839660955611347	0.952234166547783	-5.95634135249464
ENSMUSG00000087165	-0.00797117550826432	7.12996272891271	-0.383644068419939	0.701262141643888	0.898704320385911	-5.95638801097087
ENSMUSG00000051166	0.0224390968143515	7.41803646143979	1.17211794436722	0.241217728987998	0.592791366615784	-5.95640311405935
ENSMUSG00000027581	0.000675090694334024	6.62619410292575	0.0266015267423676	0.978778848626069	0.995136125736754	-5.9564866672646
ENSMUSG00000032174	0.00104519140194625	7.05337536924956	0.0302311804553674	0.975884151170105	0.994111503325693	-5.95649473463644
ENSMUSG00000019774	0.010450043574596	6.49459007078267	0.33591346265657	0.736953292936636	0.913609489585257	-5.95654931854769
ENSMUSG00000038312	0.00589859599051668	7.11112073178842	0.258589841481177	0.795964687057131	0.937685446069051	-5.95666166557674
ENSMUSG00000034636	0.0137583612606731	7.27914988153154	0.728828868726834	0.466147929007748	0.770607251268221	-5.95671800197383
ENSMUSG00000035824	0.0164037527005281	7.27105053359565	0.719219503182682	0.472046626068373	0.773695376720866	-5.95678505920728
ENSMUSG00000031530	0.00797612144179638	6.52544880823907	0.189126402875425	0.850003098560099	0.956011933178401	-5.9567941701521
ENSMUSG00000032648	-0.0158611679961576	7.08586584639822	-0.369691408954987	0.711631504368411	0.90331429044349	-5.95680594187658
ENSMUSG00000029470	0.00101781043406124	7.05152950605389	0.017604843097389	0.985954948643882	0.996687831323722	-5.95684626732979
ENSMUSG00000022672	0.0137885934521718	7.47354494304294	1.28082470049431	0.200327606609748	0.546927444707001	-5.95699873004041
ENSMUSG00000063659	-0.0168271804187459	7.10666019392249	-0.335234460203453	0.737465359478311	0.91383966991822	-5.9570783582915
ENSMUSG00000034453	0.0217491955752704	7.28739764236038	0.767656470029177	0.442735457935907	0.757617990495397	-5.9570846652732
ENSMUSG00000025027	0.0010488108716542	7.11522788076323	0.0253825207738239	0.979751086822446	0.995266149229244	-5.957128418474
ENSMUSG00000039205	-0.0146921198325725	7.48323110205061	-1.34159211764526	0.17980249624405	0.521781302242472	-5.95716930570965
ENSMUSG00000017493	0.0228880132674796	7.13548659611891	0.431409353537959	0.666193405387253	0.881621013156079	-5.95725587731635
ENSMUSG00000046668	-0.0130935513376942	7.03704352175756	-0.224517146454165	0.822366101118027	0.946890836429572	-5.95734606382612
ENSMUSG00000019802	0.0168800058892886	7.27836350092767	0.707263760848781	0.479442730975571	0.77909950002159	-5.95769504518851
ENSMUSG00000032370	0.00323739760803132	6.64489643571238	0.107561638002144	0.914348685513023	0.976659535033922	-5.95792284476098
ENSMUSG00000045915	-0.0164105280534246	7.221672326756	-0.656234831316401	0.511709823638511	0.799097188308101	-5.95792773277126
ENSMUSG00000021969	0.0255876206358083	7.51390304993109	1.3637877206248	0.172709165591474	0.513732090190699	-5.95802214232205
ENSMUSG00000050212	-0.0416165021858586	7.32448222110198	-0.928693429988289	0.353102592340508	0.696141478399391	-5.95815835190333
ENSMUSG00000052423	0.00069067030845904	7.05483810898903	0.0376806599744618	0.96994412845501	0.9935566095034	-5.95826502150452
ENSMUSG00000029599	-0.00993862789385247	6.55746265058346	-0.208162036829345	0.835112776771445	0.95066826427097	-5.95864667025426
ENSMUSG00000026883	0.0100063891928723	7.10561324024477	0.347401822486686	0.728307275017755	0.910376308109312	-5.95899364747147
ENSMUSG00000028583	0.0139460294876752	7.14693038583113	0.386953203232241	0.698810911827822	0.897063723071843	-5.95903264279614
ENSMUSG00000071547	0.0133226656978591	7.26214173303241	0.622343012130347	0.533750911571643	0.812757954096973	-5.95909530635441
ENSMUSG00000035236	0.0289203664476378	7.59026179305471	1.5560232715926	0.119779649761378	0.445458452805787	-5.95917084691529
ENSMUSG00000023460	0.00812811098257082	7.15586027214527	0.256967829774649	0.797216486443103	0.938333286152929	-5.95928502847067
ENSMUSG00000037343	-0.0219480958834888	7.31743231494264	-0.979422238107291	0.327429112804217	0.673801407971877	-5.95931333998306
ENSMUSG00000058603	0.000327402729657145	7.08906740556678	0.00950635240157186	0.992415604391681	0.997874037396135	-5.95938369170195
ENSMUSG00000023020	0.00718357845046658	6.51525726078471	0.27279279881218	0.785026217399533	0.932648567779782	-5.95941626804793
ENSMUSG00000022257	0.00779879918712556	6.54115774897267	0.179560834749648	0.857506216829265	0.958226742697816	-5.95951717900358
ENSMUSG00000019039	-0.015407145518517	7.07780167018169	-0.328166475777433	0.74280253175796	0.916174219615224	-5.95961697230461
ENSMUSG00000031838	0.000501584682961465	6.54941795274993	0.0114871722587384	0.990835322404754	0.997874037396135	-5.95972822143055
ENSMUSG00000046447	0.00650138471605377	6.53883344494417	0.198377327064189	0.84275967914136	0.954030349657395	-5.95973451374562
ENSMUSG00000084159	0.0194843061646228	6.57975570776976	0.300272600397638	0.763984436634023	0.924087875090024	-5.95983650261736
ENSMUSG00000025232	0.00149640944285423	6.57868378697186	0.0398254439877661	0.968234227711701	0.99352451625409	-5.96007511936493
ENSMUSG00000027397	-0.0188798994662793	7.13144918611005	-0.481969030564654	0.6298536422253	0.862161390347216	-5.96017859946623
ENSMUSG00000025925	0.00684781979821913	7.05837022466183	0.263638805638576	0.792071486861741	0.936081110865367	-5.96018069635793
ENSMUSG00000031960	0.00518511677535205	6.65644960920581	0.12548647013258	0.900144580817262	0.971665108841483	-5.9602482726279
ENSMUSG00000024121	-0.00154406001746299	6.61834043415511	-0.039760658692271	0.968285874833214	0.99352451625409	-5.96039235231084
ENSMUSG00000062619	-0.00702649509441766	7.18256304392556	-0.248656970385631	0.803638575593561	0.940974234426661	-5.96045139946589
ENSMUSG00000054312	0.00932279392857804	6.47324377900756	0.331386957616964	0.740369131704333	0.914975437062896	-5.96048368443571
ENSMUSG00000025128	-0.0223833483063594	7.17395822305911	-0.412587232653784	0.679930604153112	0.888874165593491	-5.96066346912932
ENSMUSG00000070738	0.017566892242046	7.31576457595576	0.966570701087847	0.333815629525384	0.679763023285013	-5.9607786625119
ENSMUSG00000052848	-0.00964091446760307	7.1537838523085	-0.401852304074772	0.687813647353465	0.89212450309177	-5.96085911018727
ENSMUSG00000004460	0.00991892629786317	6.44107633795835	0.356732207104368	0.721310627911631	0.907103634794004	-5.96091070390368
ENSMUSG00000075701	-0.00544702223645022	6.59511636927405	-0.183372832323394	0.854514547737758	0.957875836149526	-5.96091411086546
ENSMUSG00000030002	-0.00850130874931398	7.04515045820274	-0.189300588162779	0.849866593431169	0.956011933178401	-5.96096301392315
ENSMUSG00000030868	-0.0089040654230077	6.57434098115677	-0.172100610966694	0.863366916405475	0.959651834305182	-5.96100508250688
ENSMUSG00000022136	0.00838965730851005	6.52432230215939	0.173554887093493	0.862223846402276	0.959457559875415	-5.96101559100597
ENSMUSG00000036432	0.0159041335279886	6.48915837796464	0.335861207036898	0.736992697123024	0.913609489585257	-5.96105026533128
ENSMUSG00000056629	-0.00319129669135432	6.57447082582336	-0.149893446167342	0.880856046688123	0.964711910254308	-5.96116100962911
ENSMUSG00000026826	-0.00206724031948369	6.52402462473969	-0.0472098302936575	0.962348289425938	0.991104699846711	-5.96142321445001
ENSMUSG00000034336	0.00620924182867544	6.56623374134064	0.153121961782681	0.878309623424725	0.964478537331763	-5.96145590076831
ENSMUSG00000042106	-0.0119321887630086	7.15821407403502	-0.376348066862032	0.706677599811529	0.900736570296579	-5.96159893888432
ENSMUSG00000026851	-0.00778701507133306	6.58424436439107	-0.149094933307112	0.881486047962601	0.964903551399761	-5.96173161801229
ENSMUSG00000024174	0.00505992322127025	6.99981274109512	0.130636950716133	0.896068912238998	0.969528405374219	-5.96191863304895
ENSMUSG00000027160	-0.00513699600813489	7.09515199027738	-0.137589352355225	0.890571719312855	0.968584258819484	-5.96214795139095
ENSMUSG00000024911	-0.00904489523067031	7.21492319020408	-0.524727231366695	0.599801160109215	0.844981725764831	-5.96228204434341
ENSMUSG00000032020	0.00401450772691447	7.09280573750967	0.0718924397222499	0.942691009154388	0.985483809330477	-5.96230770642531
ENSMUSG00000091744	-0.016456615356959	7.21485959606019	-0.392136816249403	0.694977484133886	0.896035030181874	-5.96241748194163
ENSMUSG00000020029	-0.020227605799775	7.2520288857076	-0.650833186880668	0.515190602975818	0.801369078534979	-5.96245156999071
ENSMUSG00000035781	0.00637425521684065	7.04699115222216	0.199839673245242	0.841615871255945	0.953746905925117	-5.96251421573349
ENSMUSG00000024175	0.00175438101397862	6.98738376080286	0.0331510195044349	0.973555769188277	0.993861088672138	-5.96252654815416
ENSMUSG00000029238	0.0127797198057085	7.27960728017639	0.810953115510802	0.417439611509976	0.743579038104006	-5.9626291392423
ENSMUSG00000030610	-0.012891540326649	7.07000804825562	-0.301563991156437	0.762999737384864	0.92395992492392	-5.96269340287606
ENSMUSG00000047992	0.0401427506961811	7.4160374947553	1.15994172796685	0.246139993680321	0.597686652339563	-5.96277301408962
ENSMUSG00000097048	0.00163192162045345	6.61183410193452	0.04468782765561	0.96435830979966	0.99177745974586	-5.96282916658319
ENSMUSG00000045441	-0.00468158411179775	7.11860096102044	-0.320156526915985	0.748865971547355	0.917963991585129	-5.96289150879899
ENSMUSG00000023456	-0.00664932607708302	6.57978755190689	-0.122166900551551	0.902772819827834	0.972587174330317	-5.96292366051893
ENSMUSG00000038126	0.0178963083396733	7.50926592252186	1.41012825484434	0.158577582081722	0.50016930367901	-5.9629562632018
ENSMUSG00000064634	0.0212951212596675	7.31652607842555	0.66125136079729	0.508488240534217	0.797188201337062	-5.96320119818364
ENSMUSG00000061666	6.86007925763121e-05	6.63348503097025	0.00156700683377047	0.998749786097622	0.999218155524858	-5.96324151850772
ENSMUSG00000054280	0.0142307454747952	7.31884501340975	0.922675095170579	0.356230776864695	0.698550314251018	-5.96337919814519
ENSMUSG00000045671	0.00717944447429808	7.11594916650168	0.295523777683639	0.767608738312702	0.925910967441603	-5.96340266196035
ENSMUSG00000014195	0.00837153817378766	6.54037364197044	0.205670556873996	0.837058457897246	0.951404688338307	-5.96340530512338
ENSMUSG00000068747	-0.0012375024411595	7.04649170574764	-0.0467575958465637	0.962708700216352	0.991104699846711	-5.9635178056675
ENSMUSG00000023032	0.00707164018436135	7.32583778521226	0.898598658064742	0.368919179452903	0.708471138105165	-5.96366438788137
ENSMUSG00000024194	0.00919798202661504	6.44677450893943	0.307241610089701	0.758675061613995	0.922356212819453	-5.96369652680295
ENSMUSG00000044949	0.00904285839176922	6.50244428757304	0.259725568150722	0.795088494052338	0.9373290931157	-5.96373926794313
ENSMUSG00000039686	0.0137051707181159	7.42928023338746	1.16976222287379	0.242164585252522	0.593397333608113	-5.96384446181408
ENSMUSG00000042757	0.0108820272846559	7.13912329873662	0.268299584375549	0.788482207924273	0.934053453476391	-5.96405197987253
ENSMUSG00000045045	0.00270366822724277	7.08367587785062	0.0851613189604594	0.932137294970168	0.982721427457692	-5.96410462891089
ENSMUSG00000031897	0.0119116848043124	7.15035357754071	0.365597045234364	0.714684618129871	0.904604414502451	-5.9641576431343
ENSMUSG00000040759	0.0094180113386928	7.14719303440753	0.197297218210692	0.843604724525288	0.954203794222336	-5.96436718722185
ENSMUSG00000039137	0.00571889102036938	7.12322651472882	0.149827788471239	0.880907845683734	0.964711910254308	-5.96437818064092
ENSMUSG00000045763	-0.0101484434863766	7.18910320398841	-0.250947653975438	0.801867140755766	0.940835193348385	-5.96452410336768
ENSMUSG00000038515	0.0183243692184281	7.24550747973632	0.547846973341121	0.583826769700033	0.838080626430569	-5.96455221194624
ENSMUSG00000026204	0.0186714224765048	7.22323129607127	0.646174581048655	0.518202422377024	0.803893696617955	-5.96466671650336
ENSMUSG00000022526	-0.00965659548128528	7.10391117897527	-0.255279948492051	0.79851967532176	0.938817839879855	-5.96469606847328
ENSMUSG00000054091	0.00414844160431205	6.54202493382966	0.16710886111008	0.867292625198579	0.961128544323514	-5.96480069508837
ENSMUSG00000028789	-0.00626554775628296	7.05716295876341	-0.1354060639732	0.892297469177967	0.969041273395506	-5.965008835725
ENSMUSG00000001334	0.00552604616344254	6.51088890827706	0.150929624133075	0.880038647686328	0.964478537331763	-5.96510469689451
ENSMUSG00000052981	0.0132021895808778	7.15893971752265	0.311941919946895	0.75510050659236	0.920730193023212	-5.96512742104152
ENSMUSG00000030662	0.0199389026613259	7.17168898989295	0.374666492280915	0.707927869682186	0.901196201945901	-5.96533065588264
ENSMUSG00000061650	0.00465269555023973	6.59254561391278	0.105836806181006	0.915717005131055	0.977120349092306	-5.96543210401679
ENSMUSG00000058624	0.0231880313797408	7.3055403750049	0.726609480788025	0.467506650366113	0.771477016268715	-5.9654850077004
ENSMUSG00000030286	0.0058453700309844	6.54263542538529	0.214033736888737	0.830531379123217	0.949488163241147	-5.96571903326583
ENSMUSG00000029673	-0.0029433853972991	6.54832526795551	-0.0846991878397204	0.932504672109199	0.982721427457692	-5.96586102140408
ENSMUSG00000022621	-0.001900180697751	7.07878408789349	-0.0727254649844965	0.94202812731328	0.985305099377507	-5.96593876869381
ENSMUSG00000096914	0.00292246956390674	6.58587289718476	0.0767540547503946	0.938822942485701	0.984725472243628	-5.96594478257486
ENSMUSG00000035835	-0.00247850483422241	7.09778722603322	-0.0919696257253726	0.926726660282766	0.980457281319839	-5.96597533349219
ENSMUSG00000045532	0.0106583067495443	7.14849882780042	0.239550357646228	0.810690813334053	0.943152847751889	-5.9660104544026
ENSMUSG00000060314	0.0232406092888802	7.47347806158667	1.10606268098259	0.268764208252334	0.622837260112982	-5.96615527925781
ENSMUSG00000016349	-0.0126089012709611	6.37684029919002	-0.34248189362772	0.732005802830846	0.911687304366678	-5.96616096896378
ENSMUSG00000022022	-0.0285349333140941	7.241311596919	-0.670321172955173	0.502690781707603	0.793386302014259	-5.96617434685635
ENSMUSG00000028741	-0.0012024756868998	6.62312416841213	-0.0545000447910193	0.956539425137857	0.989845709464926	-5.96617465615918
ENSMUSG00000006575	-0.019483670446939	7.14337068390244	-0.492084956857846	0.62268560103208	0.859138864744001	-5.96617591202866
ENSMUSG00000065954	0.00381046221373893	7.08622810604349	0.259232585741168	0.795468789561535	0.937578531589611	-5.96620817132147
ENSMUSG00000038248	-0.0232809892293799	7.17249333450308	-0.494929788398342	0.620676172186046	0.857882706400172	-5.96626604261361
ENSMUSG00000032698	0.00528781963783143	6.54797742003398	0.132060179416562	0.894943164605863	0.96921794278507	-5.96639945902167
ENSMUSG00000021091	0.00212813875629081	6.64377956702554	0.0648209609822769	0.94831970852122	0.986520264569225	-5.9664949572619
ENSMUSG00000018340	-0.0080006113395914	6.44140174483543	-0.269269556953464	0.787735790903372	0.933827419392052	-5.96661404037711
ENSMUSG00000022425	0.0154350625729771	6.4213696107536	0.345221806998317	0.729945314160522	0.910986973640662	-5.96666340293233
ENSMUSG00000003378	0.00798767856764382	7.0846165862345	0.257322243688541	0.796942920242027	0.938174187083564	-5.96685319055322
ENSMUSG00000038020	-0.023922877909242	7.17930669003233	-0.5909138086028	0.554610707295874	0.82296281110846	-5.96696883226048
ENSMUSG00000020829	0.0133500176309482	7.06005198556025	0.292852021955457	0.769650065050737	0.926747402679164	-5.96699793401311
ENSMUSG00000024160	0.0122681753476934	7.09569440345941	0.362668289007878	0.716871362591976	0.90558172222169	-5.96706281311319
ENSMUSG00000039741	-0.00895817387283682	7.3716909066679	-1.01609702421257	0.309643071177034	0.659268130299719	-5.96707260049181
ENSMUSG00000062961	-0.0210499447864141	7.30136931546128	-0.745135817338374	0.456232278973497	0.765282668852121	-5.96718228019692
ENSMUSG00000029131	0.0108417456093122	6.54860484552313	0.222328260323818	0.824069414787608	0.947645247121524	-5.96722971371331
ENSMUSG00000054667	0.0204005373056582	7.23889270177246	0.455322967750892	0.648900986998174	0.872644052423023	-5.96731024820786
ENSMUSG00000080951	0.0129445469687131	7.12201084687768	0.26539423303857	0.790719105155227	0.935526977502917	-5.96747123383984
ENSMUSG00000047205	-0.018616289484128	7.17010609883392	-0.49265640142583	0.622281738389941	0.85895964760324	-5.96749361635205
ENSMUSG00000032308	0.0230328462195928	7.30724081714914	0.923662446390984	0.355716380708285	0.698239197355039	-5.9675674910514
ENSMUSG00000089026	0.0362222366381033	7.33558462765264	1.04216482740686	0.297396641101464	0.650969270270206	-5.96770253793356
ENSMUSG00000024413	-0.0139592828890409	7.47281433419893	-1.33825208731571	0.180888397179927	0.523148160908061	-5.9677308117064
ENSMUSG00000024970	0.00353461125732224	7.09823802145935	0.110228113311982	0.912233855452755	0.976026530292265	-5.96794170060765
ENSMUSG00000034868	-0.00976308895517874	6.55016099369088	-0.225108849720787	0.821905801989592	0.946890836429572	-5.96798291925748
ENSMUSG00000062753	-0.0260543762033354	7.26497500962297	-0.779299843923795	0.435848031947371	0.754058551441967	-5.96807260989595
ENSMUSG00000048603	0.00785807441967457	7.14968991114803	0.151719229049933	0.87941584600794	0.964478537331763	-5.96814674930927
ENSMUSG00000024597	0.000116634568890106	7.09292956237141	0.003886579300269	0.996899155050123	0.998657956786442	-5.96831629200028
ENSMUSG00000030720	0.0297481570039331	7.40865761026674	1.10576047058053	0.268895011352202	0.622843885469229	-5.9683178001766
ENSMUSG00000070544	0.00558127990405222	6.51329462700225	0.146634742590738	0.883427530219852	0.966084082490785	-5.96832692709565
ENSMUSG00000002871	0.0158570883459994	7.17068396465716	0.380913509289101	0.703287139902082	0.899374367363934	-5.96846827442462
ENSMUSG00000022204	-0.00434143703463796	6.57089336714867	-0.156406854025541	0.875720026439029	0.964242314924612	-5.96898321426148
ENSMUSG00000029084	0.00829463305130407	7.1830595854611	0.28039681831649	0.77918720775231	0.92993739788577	-5.96904466157714
ENSMUSG00000024143	-0.00229322054471215	7.08428993551155	-0.0970355704983601	0.922702883820991	0.978863085113566	-5.96905077632623
ENSMUSG00000096956	-0.00796781687596138	7.13544781961179	-0.144801715031675	0.884874537024271	0.966450162259807	-5.9693938322055
ENSMUSG00000039911	-0.000474353644509762	7.01257535937067	-0.0121127668184506	0.990336235327679	0.997874037396135	-5.96950543099898
ENSMUSG00000102725	0.0163797131635741	7.10734870438217	0.237736501829041	0.812097335905331	0.943561203205458	-5.96951563044077
ENSMUSG00000025572	0.0130418222822986	7.17205060438012	0.320093219876693	0.748913956739254	0.917963991585129	-5.96953909960832
ENSMUSG00000039936	-0.0171946234480291	7.13662791776485	-0.470815411782338	0.637797574928942	0.865071980881012	-5.96956201130767
ENSMUSG00000024843	0.00524677350767355	7.01475040571369	0.158279916527744	0.874244018735686	0.963736922190294	-5.96956699752382
ENSMUSG00000025940	-0.00671958299100961	6.49862564107898	-0.255268719352382	0.798528347064057	0.938817839879855	-5.96961569861846
ENSMUSG00000036026	-0.0119134917124013	7.20667584194801	-0.551667039035173	0.581206526058823	0.83727002754481	-5.96973685089398
ENSMUSG00000006517	-0.0252685169396818	7.25820672142445	-0.63483320514828	0.525572585716194	0.809004668158511	-5.96981489878355
ENSMUSG00000028626	0.021500903564875	7.2422512579308	0.538060924910404	0.590564159375769	0.84086289367805	-5.96982945638088
ENSMUSG00000026273	-0.0102529590581995	6.58849966531184	-0.195696796655844	0.844857178188606	0.954309224517297	-5.96991004611786
ENSMUSG00000034647	-0.00358898034591704	7.0922661568934	-0.089016316420145	0.929073285552646	0.981312870854759	-5.96995475582549
ENSMUSG00000026181	0.00659338249631514	7.26525994297617	0.73063567644309	0.465043413162501	0.770130523471014	-5.97007163106456
ENSMUSG00000098516	0.0318344479765162	7.31105516215531	0.63041881471515	0.528455697488169	0.810314673891042	-5.97015210473478
ENSMUSG00000049612	0.0284419237486029	7.32069471776683	0.726863425990924	0.467351072559293	0.771314162113073	-5.97028974277042
ENSMUSG00000021069	-0.0114986566302431	7.19364057080854	-0.461628686464006	0.644372080884039	0.870332404126898	-5.97036588979847
ENSMUSG00000023927	0.000637717664986326	7.06331216855391	0.0145937462677454	0.988356997703993	0.997554096245867	-5.97046648525519
ENSMUSG00000002625	-0.0105824590148851	7.10997759801816	-0.399479377689489	0.689560799223745	0.893370015674958	-5.97055354427077
ENSMUSG00000000738	0.0114311960046978	7.11842027233358	0.326298381026152	0.744215247343987	0.916945685522517	-5.97061495079284
ENSMUSG00000024302	0.00265500149292475	7.10893727015817	0.05179365313185	0.95869563299771	0.990454418916107	-5.97084583277383
ENSMUSG00000000078	0.0175591794981456	7.23901062361902	0.430842818394202	0.666605285146792	0.881998092712033	-5.97093540670181
ENSMUSG00000024395	0.0135470524251575	7.14631057043437	0.291825012853477	0.770435166470456	0.927122327581009	-5.97102185008955
ENSMUSG00000016477	0.0337601817790976	7.25823538272411	0.650400717800136	0.515469813682221	0.801369078534979	-5.97104799669158
ENSMUSG00000040774	0.000567093450147382	7.09438433664258	0.0361188088305052	0.971189381090692	0.993558784553119	-5.97105393501332
ENSMUSG00000027166	-0.0169960834596088	7.27620147818744	-0.598077957322391	0.549820912904908	0.819647274845993	-5.97121486942852
ENSMUSG00000028048	-0.0175714354671577	7.12131143961193	-0.442004456544992	0.658509265906483	0.877537706620808	-5.97125293421071
ENSMUSG00000099034	0.0233888140623844	7.26021333099116	0.808401116620906	0.418906557070504	0.744532209581135	-5.97137066440549
ENSMUSG00000019806	0.0051699551772515	6.64533976671988	0.110472249613768	0.912040257351206	0.976026530292265	-5.97145963684154
ENSMUSG00000035382	0.00142617002532397	7.09768552389341	0.0454985959245743	0.963712107218202	0.991426417001623	-5.97154680277938
ENSMUSG00000022822	-0.0117313648751889	7.25050331861629	-0.706777219606283	0.479745050581552	0.77909950002159	-5.97159010470421
ENSMUSG00000077734	0.0198560967155297	7.26468889895744	0.613411881080154	0.539638019360677	0.816258680506272	-5.9716854598483
ENSMUSG00000050144	-0.00536362719141437	7.10606768224469	-0.169055493216	0.865761321991064	0.960609695104557	-5.9720002363085
ENSMUSG00000032348	-0.00654766400029683	7.19085761589121	-0.17900960061674	0.857938997872711	0.958226742697816	-5.97201114275153
ENSMUSG00000049670	-0.0218754254551019	7.35146272775487	-0.875828371767399	0.381174590488527	0.715999318546969	-5.97202230782327
ENSMUSG00000030822	0.00454699100698264	7.14291644691151	0.178886237201035	0.858035857939286	0.958226742697816	-5.97204983736839
ENSMUSG00000064125	-0.0207951679127074	7.38049820254298	-1.02135181204243	0.307147975978428	0.657765278362127	-5.97214520938278
ENSMUSG00000037296	0.00614130042446526	6.52173716607712	0.153950436936854	0.877656383132702	0.964478537331763	-5.97222266298663
ENSMUSG00000028637	-0.00071545304352405	7.10381396891795	-0.0311346065132456	0.975163704682155	0.993930950840525	-5.97226965288305
ENSMUSG00000017386	0.00175299564954567	7.11062905824956	0.0350020462335701	0.9720798111029	0.993558784553119	-5.97262730464829
ENSMUSG00000065608	-0.0112623933907221	7.12748781235192	-0.391159419795313	0.695699703332462	0.896035030181874	-5.97266089038556
ENSMUSG00000008976	0.00414500319193056	7.07808638958806	0.114824640611658	0.908589733912695	0.97469613971959	-5.97272307257009
ENSMUSG00000050973	0.0348996547654963	7.32718158631059	0.966402917547397	0.333899536893651	0.679763023285013	-5.97278870922626
ENSMUSG00000033788	0.0357227304025836	7.40828749561455	1.0973972624268	0.272532139308991	0.626800804877236	-5.97289889824832
ENSMUSG00000030317	-0.0014191986064267	7.06224730612142	-0.0468735385574336	0.962616298290137	0.991104699846711	-5.97291570331351
ENSMUSG00000033615	0.00304259992006628	6.51463271714782	0.0530942826071287	0.957659370474217	0.99023381214837	-5.97292183852602
ENSMUSG00000040423	0.0253609120637366	7.31486585094855	0.849635528348667	0.395577302745717	0.726824376016591	-5.9729372682101
ENSMUSG00000031111	-0.0173258708970687	7.24469566820174	-0.573123547505651	0.566592438144362	0.829664140442948	-5.97299501237423
ENSMUSG00000064373	0.00211312083051762	7.11067768620122	0.09225980052814	0.926496128748718	0.980366386761501	-5.97300355502009
ENSMUSG00000041084	0.00840706114240408	6.4274063366353	0.33024599843526	0.741230946073299	0.915098266878692	-5.97325716580547
ENSMUSG00000034216	-0.0106400004533276	6.38619773594599	-0.330755915352576	0.740845744209091	0.914975437062896	-5.97327374975651
ENSMUSG00000017344	-0.00189442595972977	7.07357068202876	-0.04478001832613	0.964284830342279	0.99177745974586	-5.97337147988026
ENSMUSG00000029695	0.0147278379773574	7.07034034614305	0.425834205898342	0.670250985841226	0.883974986968418	-5.97352974872354
ENSMUSG00000034891	-0.0147359935392339	7.16306595299259	-0.416984494266326	0.676711554255951	0.886630774314088	-5.9735524605696
ENSMUSG00000030180	0.0180476898187401	7.26078588865186	0.685068317150998	0.493339493425858	0.787739589196535	-5.97357616549848
ENSMUSG00000042851	0.0319520609372184	7.45285939916464	1.09900910866287	0.271828546448906	0.626152194592427	-5.97411167753174
ENSMUSG00000015027	0.0193462424552022	7.36669693008446	0.912723288962663	0.361441693987121	0.703764687512225	-5.97438192090267
ENSMUSG00000019917	-0.0206907021210521	7.31105345253029	-0.816990599305344	0.413981213395763	0.741741415517345	-5.97447625403616
ENSMUSG00000029094	-0.0113527796704895	7.10045045262672	-0.345356066235852	0.729844397563776	0.910986973640662	-5.97448081731341
ENSMUSG00000088464	-0.000462551142547341	7.15512550702762	-0.0095430047201279	0.992386363180354	0.997874037396135	-5.97452210198397
ENSMUSG00000032119	0.0127627403742947	7.50910570610702	1.36719252443238	0.171639828997733	0.513027513569504	-5.9745327928423
ENSMUSG00000039735	0.0067924703515736	7.10008827980773	0.17964657689373	0.85743890341081	0.958226742697816	-5.97453531609769
ENSMUSG00000044950	0.0187282173267906	7.24638236398345	0.490798456830939	0.623595237471959	0.859529566069732	-5.97458122325467
ENSMUSG00000018395	-0.015191005168095	7.19325939558687	-0.403462768429229	0.686628833690456	0.891184542138159	-5.97475398155472
ENSMUSG00000074682	-0.0072206177572447	7.17165517145758	-0.230686087056612	0.817570179148864	0.945544356299607	-5.97480838437597
ENSMUSG00000084790	-0.00938537321263766	7.05782029963648	-0.215463874315587	0.829416379360675	0.949445170012688	-5.97481762879719
ENSMUSG00000024792	0.00857266605904083	7.16112572856259	0.28319814014706	0.777039234697291	0.929014335530938	-5.97494647099664
ENSMUSG00000024590	0.0232007461873271	7.29761166914273	0.563572112954062	0.573076154841245	0.833397673210082	-5.97499347527219
ENSMUSG00000038145	-0.00814702759696928	7.17643647687987	-0.491478415702373	0.623114392111431	0.859516220189926	-5.97523268237287
ENSMUSG00000024213	-0.00662754339679594	6.45006831627967	-0.229019453043801	0.818865205770045	0.946234932227927	-5.97526898177172
ENSMUSG00000036106	0.00532933204941965	7.02378933209905	0.110984511610072	0.91163405474428	0.97594670069082	-5.97539229547149
ENSMUSG00000054459	0.0052325551290533	7.14087831345681	0.122872878173703	0.902213778228956	0.972431386058366	-5.97557168766121
ENSMUSG00000036315	-0.00516356307899812	6.52296203791151	-0.145833743726997	0.884059797642652	0.966125168729818	-5.97562880250913
ENSMUSG00000045854	-0.00689357966267412	7.1651372543226	-0.242963219791694	0.808046029695011	0.942326515620588	-5.97572463090818
ENSMUSG00000029060	0.00657687364966986	7.12502779472907	0.321990011632428	0.747476657604547	0.917963991585129	-5.97621411702554
ENSMUSG00000056310	0.0155384340628499	7.23099250539986	0.578991859187581	0.562626435060981	0.827175048235144	-5.97626549237732
ENSMUSG00000032528	0.00687910024774574	7.04096142125666	0.123234504768683	0.901927436207351	0.972349684033612	-5.97629484913815
ENSMUSG00000028034	0.0235910658637133	7.35168742738846	0.902884650318133	0.366640096396735	0.707069715788523	-5.97644378655872
ENSMUSG00000041774	-0.00159437308048194	7.0934097029955	-0.088299756141189	0.929642740128566	0.981627435409898	-5.97649160135496
ENSMUSG00000030411	-0.00117471170452799	7.07859250318028	-0.0874392873259714	0.930326607244846	0.982120076386017	-5.97649592724991
ENSMUSG00000022570	-0.0185177035891702	7.15907505578102	-0.526402675916443	0.598636897499416	0.844342806401936	-5.97660868184389
ENSMUSG00000040712	-0.012648179718755	7.16116894193372	-0.533274918675125	0.59387215798943	0.842229991424759	-5.97669631899863
ENSMUSG00000047490	0.0244613948138745	7.56266539108072	1.4764581560167	0.139897647533861	0.47544820838256	-5.97670554508616
ENSMUSG00000052997	0.000124639713530605	6.61387890665338	0.00352856137026038	0.99718479266668	0.998657956786442	-5.97677782387245
ENSMUSG00000020205	-0.00149834634924328	6.55630733087682	-0.0392617550088272	0.968683607478233	0.99352451625409	-5.97699062582503
ENSMUSG00000025280	-0.016618937400029	7.40560435804263	-1.05839451108032	0.289937898649915	0.643052188760927	-5.97704062404911
ENSMUSG00000036834	-0.00153165037969316	7.18547936991183	-0.0329326266988995	0.973729915710955	0.993930950840525	-5.97706360782915
ENSMUSG00000031954	0.00461590001414081	6.56888699004825	0.144057930164353	0.885461796674257	0.96655104516283	-5.97711614551904
ENSMUSG00000056952	0.0012034340909759	7.109902344203	0.0340653692122052	0.97282668010301	0.993711552586192	-5.97717535825686
ENSMUSG00000034310	0.0175550509884133	7.46833554006891	1.21425062682556	0.224721884193922	0.575079814158913	-5.97729549458986
ENSMUSG00000045948	0.00287700628953136	6.50126106916698	0.0991402612447743	0.921031746680303	0.978547095447073	-5.97734615086325
ENSMUSG00000036398	-0.000584949020787207	6.5850172893549	-0.0155989293228392	0.987555117943363	0.997494377694783	-5.97745780596986
ENSMUSG00000077025	-0.00212162575182351	7.12810256268744	-0.0728258529548877	0.94194824604908	0.985305099377507	-5.97747213807557
ENSMUSG00000062380	0.00134032584410271	6.59193032581239	0.0337411077641034	0.973085238871766	0.993716773737627	-5.97749382771895
ENSMUSG00000024098	0.0179242307744163	7.21337953919242	0.446124759239426	0.655530659724604	0.876238261317774	-5.97770285687303
ENSMUSG00000027852	3.80571827243159e-05	7.11034572401523	0.00163950297123723	0.998691946145974	0.999218155524858	-5.97774356099261
ENSMUSG00000000088	-0.000970579667623817	6.58829214875323	-0.0341104031218307	0.972790771304001	0.993711552586192	-5.97804447351581
ENSMUSG00000016382	0.012700173148005	7.11853129156905	0.287091799621649	0.774056521696294	0.928118481508493	-5.97818518633647
ENSMUSG00000021587	-0.0114337738531587	7.15474138837701	-0.435716449897619	0.663065379949047	0.880252193882836	-5.97829111952603
ENSMUSG00000021665	-0.00494744889186105	7.14228577372669	-0.145202650491766	0.884558002330279	0.966307098186602	-5.97844996036322
ENSMUSG00000059974	0.0131767422656068	7.22618503231147	0.407090095067783	0.683963043974016	0.890025045608956	-5.97862939481343
ENSMUSG00000033545	0.000312660543812626	6.47245993198765	0.0100133912065952	0.99201108987136	0.997874037396135	-5.97863081295672
ENSMUSG00000037426	-0.0153336089708507	7.2448676878563	-0.719954473245082	0.471594017328933	0.773514600404751	-5.97866034175596
ENSMUSG00000020758	-0.0196820542243152	7.16490410796141	-0.475854798040448	0.634203150304887	0.863999830369137	-5.97866307915053
ENSMUSG00000092799	-0.0221951173594208	7.28325377725932	-0.815314760008022	0.41493946500896	0.742170347859118	-5.97866382280651
ENSMUSG00000094083	0.0189736964744682	7.23042836371861	0.485762465664308	0.627161516695621	0.861466448905004	-5.97871154869323
ENSMUSG00000028373	0.0251151650257251	7.3978181223237	1.05968314790384	0.289351120773001	0.642585157683614	-5.97897155504775
ENSMUSG00000059714	-0.0195679724187237	7.18637623136336	-0.469080770665914	0.639036815382052	0.865750542649961	-5.97918487626246
ENSMUSG00000095147	-0.0153886577306377	7.35721747442326	-0.994413577101808	0.320080174880588	0.667134296941807	-5.97921563544041
ENSMUSG00000034022	0.0147278882629394	7.12047947511099	0.360114723580372	0.718779869698584	0.906588990429132	-5.97937796510938
ENSMUSG00000035279	-0.00167522516608898	7.0871192784891	-0.0581682233711373	0.953617463249036	0.988990446921958	-5.979640357912
ENSMUSG00000041263	0.00538716004497797	7.10553194053132	0.172469204342542	0.863077172570357	0.959651834305182	-5.9802451043422
ENSMUSG00000087651	0.00221536727873417	6.5412339942402	0.0728178127868727	0.941954643793987	0.985305099377507	-5.98035505782922
ENSMUSG00000042594	0.0226617453528943	7.15199676155085	0.582557163653966	0.560223446550754	0.825831983253044	-5.98047930483484
ENSMUSG00000061848	0.0101901219925802	7.04900361005777	0.236791975770907	0.812829992545155	0.943813600171721	-5.98067920587897
ENSMUSG00000018362	-0.00156825801445404	6.63822134285387	-0.0205187421394282	0.983630558430354	0.99599647356575	-5.98077935517357
ENSMUSG00000074818	0.00170332445617483	7.08258951092554	0.0545521263343611	0.956497934348213	0.989845709464926	-5.98084401229223
ENSMUSG00000041828	-0.0090774621715255	7.02032213770144	-0.192073576330866	0.847694073387374	0.955682375435391	-5.98089602792761
ENSMUSG00000026880	-0.0204249570844564	7.25513429234421	-0.688884515092612	0.490934878371213	0.785953109444841	-5.98089786436962
ENSMUSG00000086596	0.00619785493469482	7.06280539871262	0.162090265960446	0.871242749324017	0.962619932795617	-5.98111745318038
ENSMUSG00000017188	0.00339215069494436	6.52168638439251	0.154218914910948	0.877444710114573	0.964478537331763	-5.98116958333019
ENSMUSG00000002897	-0.0248670291717277	7.22138455300692	-0.705830097469319	0.480333857164086	0.779676147220807	-5.98127714336582
ENSMUSG00000055128	0.00650031207217072	6.43310830662139	0.245947736013353	0.805734987113819	0.941981111950432	-5.98131399607783
ENSMUSG00000021039	-0.000742704336547995	6.55649629553124	-0.0196972305589857	0.984285857374426	0.996263356049457	-5.98132930792554
ENSMUSG00000025158	-0.0161883852300653	7.24716699340045	-0.723301060362316	0.469536153752044	0.77266648821803	-5.98134194315753
ENSMUSG00000034165	-0.00991436099963927	7.07831548156869	-0.250153567099349	0.802481110333444	0.94090887698382	-5.98134444025045
ENSMUSG00000059401	-0.00873790373534611	7.05733801504154	-0.177564774457792	0.859073551958171	0.95850175601806	-5.98135643303771
ENSMUSG00000028394	0.0108843128731611	7.14617036009601	0.238643572821216	0.811393887546297	0.943152847751889	-5.98139019021417
ENSMUSG00000092358	0.0130257893520049	7.07070597711497	0.219966560320675	0.825908135973777	0.948759397693324	-5.9815003780461
ENSMUSG00000005886	0.00693876611167621	7.13415081107747	0.289584890954052	0.772148452690645	0.927530022268176	-5.98154649586167
ENSMUSG00000030321	0.0303129315649597	7.3845344799154	1.00246541547211	0.316177951225765	0.664695631263409	-5.98157794717004
ENSMUSG00000022516	-0.000127082502463516	6.51483509896032	-0.00415501303071423	0.996684990697186	0.998657956786442	-5.9818171545224
ENSMUSG00000079179	0.0303446933144595	7.23516965507479	0.77740965277258	0.436961919450347	0.754571127094481	-5.98210446126853
ENSMUSG00000042532	0.00772327449681498	7.12613578629692	0.262215958171209	0.793168108541574	0.936335432586876	-5.98258437883658
ENSMUSG00000030083	0.00916318292591267	7.13020008864269	0.242333193135515	0.80853410212705	0.942490358235624	-5.98266675031351
ENSMUSG00000026426	-0.0046143367504099	7.17241990648656	-0.109488732994819	0.912820209773264	0.976026530292265	-5.98278921758297
ENSMUSG00000031239	0.00863362331849693	7.10126917196924	0.209066595759063	0.834406625123548	0.95066826427097	-5.98281676980139
ENSMUSG00000041966	0.0220419506228726	7.24616861434889	0.601430278750759	0.547586648431849	0.818889913255181	-5.98284876198669
ENSMUSG00000084755	-0.0197827016101604	7.2472182143225	-0.891476605299744	0.372725787996595	0.711147795336031	-5.98286373940227
ENSMUSG00000046834	-0.026821311233471	7.3289258644508	-0.825557955142317	0.409102869821436	0.738367506528092	-5.98286969413504
ENSMUSG00000025888	-0.0110751486680609	7.08347159300227	-0.283814936196996	0.77656652154008	0.928737878281616	-5.98290498636227
ENSMUSG00000020930	-0.0247440118697151	7.28424457797919	-0.673361743439694	0.500755090169011	0.792302195415037	-5.98298567850366
ENSMUSG00000042354	0.0230863253427991	7.37186897269665	0.8928350055968	0.371997875089393	0.710458823843074	-5.98302010388015
ENSMUSG00000029641	-0.0140049437023695	7.12598063676271	-0.367256773599528	0.71344642643958	0.904073959499492	-5.98309335887751
ENSMUSG00000040720	0.0116780069251305	7.18012506029303	0.425088278344986	0.67079460423521	0.884057522927234	-5.98352520189413
ENSMUSG00000032501	0.0067579831088711	7.02737331559701	0.135426248705162	0.892281512088075	0.969041273395506	-5.98363465930959
ENSMUSG00000022092	-0.0235828416187198	7.31705328453684	-0.726930299386915	0.467310107803422	0.771314162113073	-5.98367088076443
ENSMUSG00000020893	0.000153418432693009	7.07728013844449	0.00850085032739076	0.993217797555197	0.998002438246006	-5.98374589166848
ENSMUSG00000019528	-0.000811307421940022	7.1221030194612	-0.0445568876246477	0.96446267448577	0.99177745974586	-5.98395571405617
ENSMUSG00000023044	0.0276354965306309	7.29635109301284	0.798232423876442	0.424781801845204	0.746959219548411	-5.98403192880716
ENSMUSG00000021585	0.00143818020032516	7.1228644310301	0.0437550355380536	0.965101797384208	0.992028064362023	-5.98409137912777
ENSMUSG00000067870	-0.01919206740732	7.32269924650829	-0.812880117325083	0.416333937736573	0.742711241908954	-5.98411581314763
ENSMUSG00000005510	-0.00307361372830606	6.50531060070354	-0.107864856101495	0.914108166868796	0.976556498810743	-5.98429705449306
ENSMUSG00000097164	0.0201203872799036	7.39565620619695	0.991466433682156	0.321516313924949	0.668576408618782	-5.98470178386776
ENSMUSG00000041649	-0.0176996436859831	7.25405758744544	-0.649034485807959	0.516352396396955	0.802115069483326	-5.98479697809588
ENSMUSG00000034786	-0.0174582103071019	7.25683523413066	-0.684866977133752	0.493466534286237	0.787849655187564	-5.98488433007574
ENSMUSG00000092416	0.014114900394941	7.21831331767357	0.539252856263047	0.589741639933629	0.840814691532403	-5.98498350449708
ENSMUSG00000095325	0.00508514754188294	7.08255968877224	0.105159574944899	0.916254325344223	0.977307287131546	-5.98500061772725
ENSMUSG00000063889	0.000725061308298969	6.4452558470985	0.023893745882954	0.980938524316936	0.995951388069649	-5.98510619443286
ENSMUSG00000032417	-0.000661494898136716	7.18536340981246	-0.0234224876480412	0.981314405851495	0.995951388069649	-5.98526159998679
ENSMUSG00000062444	0.0165078562954699	7.25659249338757	0.738745791514322	0.460103610905085	0.767555671952556	-5.98534990793702
ENSMUSG00000025584	-0.0183733657035852	7.33161254404493	-0.903001902710521	0.366577870923555	0.707069715788523	-5.98541082222701
ENSMUSG00000038845	0.00228997927176966	6.53131669870886	0.0929134653938204	0.925976842470868	0.98012288470763	-5.98541601805183
ENSMUSG00000038695	-0.020662599869719	7.14549234874536	-0.411026162449385	0.681074806770994	0.888901194287128	-5.98542842831737
ENSMUSG00000039275	0.00213393282151397	7.12781189515601	0.0672826425934902	0.946359971601243	0.986115720340959	-5.98545168662971
ENSMUSG00000037855	-0.000488288399516534	7.05196544305242	-0.00973038340037811	0.992236872672959	0.997874037396135	-5.98547812436227
ENSMUSG00000010592	0.00506742040425756	7.14348636256988	0.212892993358793	0.831420999217984	0.949975215523128	-5.98556155769084
ENSMUSG00000020537	0.00249221274306155	7.15429188135348	0.0655662151646441	0.947726380473366	0.986161451798536	-5.98559055650041
ENSMUSG00000033249	0.0169295122250501	7.33059740521866	0.734484189629502	0.462695646562628	0.768147877902654	-5.98570224203096
ENSMUSG00000094245	0.0177895401995807	7.1749610051948	0.350059186513732	0.726312239697869	0.909114991733437	-5.98572429227322
ENSMUSG00000024539	0.00124501424608336	7.03855821465416	0.0460956917415541	0.963236222144989	0.991162469629763	-5.98585751417117
ENSMUSG00000037594	-0.00538877840818142	7.12292228807699	-0.100306532097831	0.920105870291263	0.97817735767712	-5.98591063350012
ENSMUSG00000024769	-0.0148144215223578	7.19312131094356	-0.634713756341574	0.525650493646609	0.809032738433503	-5.985910843737
ENSMUSG00000087623	-0.0127154802905221	7.47581402327291	-1.26943386543322	0.204358329882792	0.550942580344183	-5.98593350835445
ENSMUSG00000030960	0.00808697638148725	7.21453357259007	0.48295712839122	0.62915193303758	0.862055776465235	-5.98612391879366
ENSMUSG00000025156	0.000505289966326927	6.50411058522008	0.00947687946105018	0.992439117904255	0.997874037396135	-5.98617504396957
ENSMUSG00000085944	-0.0131568221899272	7.14755085496049	-0.296956638755665	0.766514638966851	0.925249775205891	-5.98640073133487
ENSMUSG00000023991	-0.0285732248793096	7.47264116692743	-1.28124877839061	0.200178672876844	0.546741024751058	-5.98655402341463
ENSMUSG00000050567	0.00787236384642043	7.12357013414757	0.275449807290856	0.782984547041253	0.932142974694375	-5.98658935482537
ENSMUSG00000057716	0.00493210996131221	7.15301308507425	0.214332329030011	0.830298554923602	0.949488163241147	-5.98664218004082
ENSMUSG00000032952	0.0160628408691039	7.15118366948044	0.300049828953919	0.764154340913074	0.924128494701584	-5.9867603328022
ENSMUSG00000049551	0.00315913841063242	7.12689260459132	0.0531327423336633	0.957628729182328	0.99023381214837	-5.98679448323047
ENSMUSG00000083744	-0.00923694022547483	7.09161917568652	-0.261507122968974	0.793714577216924	0.936465368414493	-5.98680304300967
ENSMUSG00000027808	-0.00285846626426434	7.13567598357465	-0.191336794786003	0.848271198643897	0.955841204093477	-5.98699151590314
ENSMUSG00000019843	0.00609377291873425	7.21468415709599	0.151402004332474	0.879666048378816	0.964478537331763	-5.98706125908707
ENSMUSG00000013275	-0.00390239699086337	7.1719449421692	-0.457962024633209	0.647003965184222	0.872062805444645	-5.98720807258309
ENSMUSG00000019804	0.00918904083697392	6.38865781378875	0.323276371253169	0.746502414289037	0.917963991585129	-5.98721551706286
ENSMUSG00000029559	-0.00311989369865096	7.20381502636556	-0.0790428646531434	0.93700238148826	0.984208437161342	-5.98724935341199
ENSMUSG00000102929	0.0161754623501151	7.47040135174774	1.29692408177699	0.194730202994791	0.540903932022817	-5.98732591715797
ENSMUSG00000051427	0.0177475481802434	7.31886310340015	0.860842846782151	0.389374881151204	0.722121208240314	-5.9874276785166
ENSMUSG00000033510	0.0194701244444282	7.27560024836741	0.745692000131526	0.455896190338518	0.765264398738348	-5.98758016856442
ENSMUSG00000087269	0.0271182816065449	7.2820790445922	0.73179743325863	0.464333991688198	0.769801939264929	-5.98772738876654
ENSMUSG00000028521	-0.000282155729279587	7.08445502537025	-0.0102677149400279	0.991808191684749	0.997874037396135	-5.98775051245729
ENSMUSG00000032744	0.0206551462579947	7.4697020247084	1.28651297660888	0.198336645166801	0.544915896659015	-5.98778317229809
ENSMUSG00000020042	0.0154475724678109	7.24875859022988	0.481990489638598	0.629838399260479	0.862161390347216	-5.98792864858032
ENSMUSG00000024404	0.0168830347339988	7.45257353345409	1.11299407136089	0.265776148170579	0.619778640677109	-5.98816501090162
ENSMUSG00000028675	0.00333080460260593	7.15912374742642	0.178051877342949	0.858691020303434	0.95850175601806	-5.98816943766332
ENSMUSG00000099031	-0.0277928813104511	7.10140600768734	-0.469042557139878	0.63906412677687	0.865750542649961	-5.98821927692627
ENSMUSG00000026510	0.0106368621266322	7.10089839252651	0.196280048113441	0.844400693198055	0.954309224517297	-5.98844241619822
ENSMUSG00000030682	-0.00661445357630353	6.51728146724606	-0.134447134208196	0.893055603631641	0.969041273395506	-5.9885867874409
ENSMUSG00000024966	0.00802617170436282	6.45522781506687	0.228354717716806	0.819381863997836	0.946394976697527	-5.98864300717158
ENSMUSG00000021340	-0.0230217254597891	7.22821681178488	-0.650420148478165	0.51545726716131	0.801369078534979	-5.98865587734227
ENSMUSG00000022415	0.0188863289780095	7.19618489437569	0.478541681539306	0.632290201700545	0.862780852924314	-5.98867061756052
ENSMUSG00000029710	-0.0199105371526098	7.07573469596333	-0.299439164438563	0.764620143368623	0.924187029131111	-5.98867730247592
ENSMUSG00000025931	-0.0134800723180568	6.99839595281331	-0.215989278095574	0.829006837021764	0.949445170012688	-5.98868218410066
ENSMUSG00000092448	0.00234268308348984	7.15337765193523	0.0647129982962277	0.94840566451974	0.98653398799744	-5.98869270723518
ENSMUSG00000032604	0.00668178273119313	7.1279789160838	0.18676586674921	0.851853439998517	0.957029245898235	-5.98875572464255
ENSMUSG00000025789	0.00113498844055826	7.04590546505111	0.0312802684866878	0.975047546911491	0.993930950840525	-5.98886109052894
ENSMUSG00000032841	-0.0117154664431247	7.12096837698471	-0.256031701798266	0.797939187808948	0.938532099272467	-5.98902219007538
ENSMUSG00000049100	-0.0112209288848826	7.1255237670026	-0.291196490134676	0.770915759458519	0.927122327581009	-5.98913264940369
ENSMUSG00000098112	0.0399647868642781	7.33920663542041	0.808402911413184	0.418905524319066	0.744532209581135	-5.9891830593813
ENSMUSG00000034064	0.0191930000281619	7.33256373042551	0.759866044425791	0.447378297840829	0.760761941819386	-5.98929825978749
ENSMUSG00000035342	-0.0259554314967696	7.19525146730466	-0.554167799442476	0.579494201172896	0.836272738637799	-5.98937732035205
ENSMUSG00000000134	0.015636368802002	7.31769276777509	0.681559694438629	0.495555858348435	0.789511906872865	-5.98942371162168
ENSMUSG00000028528	0.0219813326827714	7.26042245375817	0.612668088186037	0.540129766269788	0.816487832655344	-5.98943236567472
ENSMUSG00000034853	-0.0248109415527855	7.30398770359471	-0.958575688306735	0.337828999760984	0.682402499815171	-5.98948586529244
ENSMUSG00000004319	0.0194114238811292	7.34676141403099	0.854463505517142	0.392898085885879	0.725045902877467	-5.98954699842795
ENSMUSG00000026617	-0.0187145100977109	6.36915519187048	-0.346358465596971	0.729091087322459	0.910540380503399	-5.98964738473249
ENSMUSG00000035891	-0.00340901037424146	6.45911890470948	-0.118275403065535	0.905855233199681	0.973647158056229	-5.98974940899638
ENSMUSG00000013160	-0.00514239307740905	6.49323127107013	-0.127365828397544	0.898657099569455	0.970868031893389	-5.99006701729106
ENSMUSG00000022106	0.0185209658593717	7.30643267089388	0.716278425240163	0.473860192584708	0.775355598728394	-5.99041630677753
ENSMUSG00000055553	0.0157880082087321	7.37864645685749	0.914013793059387	0.360763281389457	0.703470238613298	-5.9904539081219
ENSMUSG00000042613	-0.00897091569953012	7.0888504587399	-0.174235716459257	0.861688809340091	0.959359238304721	-5.99046690088027
ENSMUSG00000032278	0.0279981116255419	7.17339837029686	0.656357325158647	0.51163103214278	0.799084563737295	-5.9904748777795
ENSMUSG00000097823	-0.0218788792309619	7.27288579918169	-0.572224699460479	0.567201092467676	0.830035420158065	-5.99051382087394
ENSMUSG00000027195	-0.00176301598562389	7.14227320806952	-0.0681448042448484	0.945673683601077	0.986037360783158	-5.99063117541823
ENSMUSG00000005483	-0.0158523307719651	6.20224114104285	-0.44131304614796	0.659009626299052	0.877651232756664	-5.990751905794
ENSMUSG00000039126	0.0161200733891755	7.25170333449122	0.571790713851599	0.567495077651524	0.830035420158065	-5.99081603419058
ENSMUSG00000053581	0.0231597166622342	7.3384237091597	0.943297942546176	0.345584042491222	0.68967419464069	-5.99097514307407
ENSMUSG00000054309	0.00966477857258585	7.20861753578436	0.20568251895802	0.83704911390811	0.951404688338307	-5.99102055274062
ENSMUSG00000029246	0.0204574217740303	7.34139977799986	0.727725119054398	0.466823376224795	0.77073638612641	-5.99103640336628
ENSMUSG00000028833	0.00200777159851828	7.12398031782259	0.0405443212256185	0.967661144621032	0.993357217392804	-5.99121559830299
ENSMUSG00000061353	-0.00118375282599814	7.06749254347494	-0.047455523091109	0.962152486388691	0.991104699846711	-5.991271027782
ENSMUSG00000007891	0.00434036964303086	6.48253997024548	0.129364106452707	0.897075885984199	0.97009420117138	-5.99136342204552
ENSMUSG00000040462	0.00445038061135872	7.18877255990569	0.135509854475531	0.892215417803741	0.969041273395506	-5.99180473465834
ENSMUSG00000047260	-0.000175868792799072	6.49779376529526	-0.00940557941813113	0.992496001107139	0.997874037396135	-5.99188561761726
ENSMUSG00000030659	0.012224146927613	7.1932209311802	0.284417495319105	0.776104799497547	0.928737878281616	-5.9923242424781
ENSMUSG00000059326	-0.0168084415505074	7.18457299276629	-0.424416377120957	0.671284421213058	0.884219778762911	-5.99237129232871
ENSMUSG00000032724	-0.0233193290817164	7.16540084610585	-0.420623253067369	0.674052229896245	0.885220758153551	-5.99237918243682
ENSMUSG00000023110	0.00301649820624039	7.15564704913809	0.100349712923463	0.920071592070029	0.97817735767712	-5.99238588386216
ENSMUSG00000006941	-0.00338604871441905	6.52924205310984	-0.109779936454782	0.912589269611023	0.976026530292265	-5.99254448468619
ENSMUSG00000047945	-0.0184789927403077	7.25668938582734	-0.525465121762973	0.599288275403673	0.844628382008375	-5.99265646661793
ENSMUSG00000053012	0.00692912226853615	7.18792882278652	0.332517909466669	0.739515197875981	0.914838250495933	-5.9928381468276
ENSMUSG00000040940	-0.0107923867065862	7.33963343500987	-0.982850482282804	0.325738956756055	0.672509330851012	-5.99286361313333
ENSMUSG00000076431	0.00468456187994892	7.10872387592585	0.120231310186376	0.904305799868791	0.972830122559793	-5.99286584567777
ENSMUSG00000023170	0.00276092547178752	7.1314580298697	0.111923972275515	0.910889161337575	0.97557747447783	-5.99299468679311
ENSMUSG00000018648	-0.00149337309851738	6.53526667770474	-0.03283950351086	0.97380417256502	0.993930950840525	-5.99307344377654
ENSMUSG00000093930	-0.0252351322925275	7.32348687507883	-0.758792449907622	0.448020289267063	0.761285687056067	-5.99319164577956
ENSMUSG00000021133	-0.0186389110332996	7.18052589457354	-0.539984471353782	0.589237033989517	0.840739935826395	-5.99321836522026
ENSMUSG00000014846	-0.000868983766902254	7.13511243260207	-0.0279001545662077	0.977743141439347	0.994690591403516	-5.99350854154994
ENSMUSG00000024908	0.0123894251103618	7.47743591106827	1.29224431345163	0.19634529150868	0.543329349484382	-5.99365887552507
ENSMUSG00000028863	0.0215166464276217	7.40602400456794	1.02689634598748	0.304529782531024	0.656008480205116	-5.99370602460992
ENSMUSG00000038034	0.00779604709702664	7.23589881707707	0.499907923704666	0.617166708665553	0.855687022484415	-5.99377766243167
ENSMUSG00000087184	0.00163860042803154	7.21184822372928	0.037540847354531	0.970055597104756	0.9935566095034	-5.99379119228856
ENSMUSG00000027248	0.00376761908322987	6.49825357836336	0.13518660323334	0.892470967224151	0.969041273395506	-5.99401454462736
ENSMUSG00000030801	-0.00573541802184518	6.41196378157243	-0.166466511871967	0.867798033924243	0.961290728404015	-5.99408120710493
ENSMUSG00000003345	-0.0102892651385575	7.11931964092275	-0.218660747856847	0.82692519803935	0.948759397693324	-5.99423016353893
ENSMUSG00000032532	-0.0248601396564085	7.19671617136183	-0.47641021288068	0.633807517127086	0.86389487455605	-5.99430511751786
ENSMUSG00000026437	0.0064652313806226	7.13807170644448	0.228645664048914	0.8191557194918	0.946394976697527	-5.99443002473707
ENSMUSG00000062480	0.0288126097236541	7.24113281029384	0.658923472008762	0.509981871680145	0.798053349058104	-5.99485403234354
ENSMUSG00000020811	-0.0345560244116312	7.33623538714684	-0.931582892495451	0.351606913905403	0.695011887845087	-5.99492531566914
ENSMUSG00000071037	0.0115953089284169	7.16153069733708	0.320619711698667	0.748514918384327	0.917963991585129	-5.99499082540064
ENSMUSG00000043811	-0.0298657184367768	7.20855261626759	-0.626917948231678	0.530747886694211	0.811222054006539	-5.99509135888857
ENSMUSG00000038014	-0.00718429433012169	7.05640128354891	-0.203246485608527	0.83895245477756	0.952081475004114	-5.99522342360715
ENSMUSG00000028706	0.00619714705419128	7.10934853467833	0.109563725273026	0.912760736118085	0.976026530292265	-5.99541823059462
ENSMUSG00000021556	-0.0308567483420221	7.26507117904379	-0.765754765692903	0.443866261928832	0.758199388039439	-5.9955413058157
ENSMUSG00000029148	0.0147715886182471	7.26614190817969	0.603463029621206	0.546234046022228	0.818145493274059	-5.99580733287654
ENSMUSG00000039745	-0.00353695060707082	7.17495013771429	-0.0701386193778564	0.944086745138003	0.985878735017123	-5.99627789816197
ENSMUSG00000027330	-0.011612541954281	7.16063429916738	-0.423700808254407	0.671806225605556	0.884470239359807	-5.99634433822277
ENSMUSG00000100164	-0.00409721136389951	7.13335201488877	-0.1218844597873	0.902996489358104	0.972587174330317	-5.99636758940893
ENSMUSG00000040003	-0.00323385063868731	7.12512837698629	-0.130432089487065	0.896230970980608	0.969528405374219	-5.99647780187726
ENSMUSG00000043448	0.0170712943357119	7.20687443356536	0.351974440811216	0.724875498444598	0.908579546617002	-5.99651347279751
ENSMUSG00000046567	0.000618970771260052	7.19162292726911	0.0148324082363227	0.988166605215418	0.997533970543468	-5.99666997211851
ENSMUSG00000032640	0.00016330957099786	7.08350416887109	0.00438065415427147	0.996504967733236	0.998657956786442	-5.99689872150888
ENSMUSG00000033177	0.0303004644081328	7.45225431932714	1.17733501592846	0.239130074551786	0.590298914078611	-5.99720661816498
ENSMUSG00000018882	-0.00849725238395571	6.47589727090798	-0.226497880634489	0.820825485164491	0.946666133778097	-5.99728628788008
ENSMUSG00000063260	-0.0123945354044901	7.1923285739376	-0.385799142094657	0.699665423379226	0.897876366320449	-5.99730427736342
ENSMUSG00000098234	-0.000460878027355172	7.13505118335813	-0.0287238259428871	0.97708625019641	0.99454469821043	-5.99772950962665
ENSMUSG00000035615	0.00291808692333984	7.06734359807353	0.137745394235488	0.890448397939747	0.968527828260497	-5.99775686759543
ENSMUSG00000022893	0.00126261721317267	6.5117115554574	0.0267248411562726	0.978680498925719	0.995136125736754	-5.99801294592902
ENSMUSG00000021607	-0.00561057401865472	6.47117047938911	-0.150018944203736	0.880757039573092	0.964711910254308	-5.99825481630272
ENSMUSG00000028651	0.00746916963200572	7.22613594772727	0.456877063194085	0.647783586485961	0.872333121332605	-5.99840384485307
ENSMUSG00000022283	-0.00247348973115091	7.12300223411977	-0.0787159757025976	0.937262374958059	0.984208437161342	-5.99854324373174
ENSMUSG00000030435	-0.00515927620783518	6.41682368899483	-0.169675050006854	0.865274057852307	0.960524749610127	-5.99875777301452
ENSMUSG00000038594	-0.0145913698619582	7.51394543017015	-1.3772736012169	0.168502768084232	0.510357335213171	-5.99878157440492
ENSMUSG00000021136	-0.0355624711444511	7.25882403654067	-0.776866672753127	0.437282199911199	0.754668032891553	-5.99882343514603
ENSMUSG00000024436	-0.00720939445623792	7.19092194296195	-0.19225673664086	0.847550615520168	0.955679577945978	-5.99884169283047
ENSMUSG00000025872	0.00407549683698782	7.16732988645162	0.112105619210641	0.910745143458478	0.97557747447783	-5.99894512190255
ENSMUSG00000033653	-0.0229792093301349	7.44036141060563	-1.2203712160336	0.222394285433336	0.573018191164039	-5.99917789959893
ENSMUSG00000042138	-0.0348017202807762	7.22394583313836	-0.73234355336267	0.464000714256333	0.769343485861241	-5.99920900293154
ENSMUSG00000062760	-0.0113820050405993	7.23836600132593	-0.573021830451101	0.5666613000506	0.829675367827866	-5.9993482535463
ENSMUSG00000040084	-0.00544563863330882	7.21497671024819	-0.160036807600042	0.872859953916981	0.963466021235964	-5.99936966326412
ENSMUSG00000030792	-0.0121883432168799	7.15251204946073	-0.299360831072644	0.764679900633781	0.924187029131111	-5.9994415973289
ENSMUSG00000035649	-0.0320915209185859	7.3787192571025	-1.21204275736847	0.22556577349274	0.575910763010624	-5.99944532094922
ENSMUSG00000030795	0.0249435812861885	7.40694130055181	1.07584648714193	0.28205914608315	0.635356711267133	-5.99953278450959
ENSMUSG00000022749	0.0181428523540283	7.27833887855766	0.632544269584807	0.527066522398302	0.809741406308916	-5.99988588048891
ENSMUSG00000063564	0.0194291012496066	7.26526384359403	0.657880268254445	0.510651961418035	0.798657693033755	-6.00047299347137
ENSMUSG00000062372	0.0246645094464997	7.33776589913605	0.919117924739643	0.358087899622528	0.700975417713288	-6.00055938444362
ENSMUSG00000015749	0.0150547900578788	7.28142345235668	0.599894451504615	0.548609693133436	0.819463342797737	-6.00057092187018
ENSMUSG00000015501	0.0119190669256355	7.17026772013527	0.529037656678763	0.596807933051342	0.843393991693776	-6.0006791327767
ENSMUSG00000071281	-0.00818825242280408	7.15481258745132	-0.214437601571657	0.830216473277281	0.949488163241147	-6.00070689746414
ENSMUSG00000028047	-0.0152256816270491	7.40726413675961	-1.13289946773728	0.257322640569252	0.610780875496834	-6.00077403312592
ENSMUSG00000057818	0.0229294162818636	7.39350472729091	1.02760591876793	0.304195786984748	0.656008480205116	-6.00100374487702
ENSMUSG00000024168	0.00895391094103193	7.00384505791637	0.150603274488862	0.880296078004813	0.964604722022893	-6.0013840173677
ENSMUSG00000054477	0.0316917057735608	7.21029074359131	0.689452212941668	0.490577706738967	0.785953109444841	-6.00143337812598
ENSMUSG00000103283	0.0155202819723863	7.23306846979246	0.439177754443341	0.660555859114998	0.878497287193374	-6.00144338436087
ENSMUSG00000019979	0.0105019563793407	7.18272199192183	0.383833428329605	0.70112178973537	0.898704320385911	-6.00147189086966
ENSMUSG00000065147	-0.0108030126549794	7.25713265213262	-0.508806864770728	0.61091495295602	0.853015955940033	-6.0016800448182
ENSMUSG00000030513	-0.0249746639652439	7.32431578606943	-0.849950815950612	0.395402002083244	0.726600751456305	-6.00196851328154
ENSMUSG00000053825	0.0117807814886044	7.19763001967136	0.243092564165222	0.807945837740353	0.942326515620588	-6.00206367447468
ENSMUSG00000035790	0.00635871944461819	6.44799496160302	0.164733477621219	0.869161876886479	0.961619129291149	-6.00251213202162
ENSMUSG00000039450	0.00755144354240134	7.13613939242613	0.298732661744596	0.765159155533263	0.924436627225091	-6.00254353777694
ENSMUSG00000021279	0.013312831600758	7.52837965658826	1.36204834445355	0.173257365900343	0.514365668738747	-6.00260823733622
ENSMUSG00000087823	0.0246685036581908	7.29116913412377	0.753898004854103	0.450953710556466	0.763061844802467	-6.00267613599886
ENSMUSG00000026687	-0.0240349285535491	7.32473500433104	-0.674778179113467	0.499854708565107	0.791616649775227	-6.00288627728126
ENSMUSG00000022817	-0.0172784989453048	7.14138212766902	-0.308852149245034	0.757449671568839	0.921858406385127	-6.00336409883153
ENSMUSG00000039682	-0.00706657691536261	7.17411521976993	-0.159713671728772	0.873114488702482	0.963466021235964	-6.00339655219421
ENSMUSG00000097649	-0.00792220876734628	7.16531848022209	-0.33088502956003	0.74074821895206	0.914975437062896	-6.00343417916566
ENSMUSG00000103592	0.02099360826048	7.38273363389766	0.798606505864339	0.424564815805837	0.746959219548411	-6.00394657172281
ENSMUSG00000063801	0.0258252548715081	7.30178009887705	0.737204843385802	0.461039922963885	0.767555671952556	-6.00398239796044
ENSMUSG00000078427	-0.0111317211598445	6.3852351762473	-0.287428885384443	0.773798455471462	0.928010566942246	-6.00401306169693
ENSMUSG00000038844	0.00863359913210981	7.140795066506	0.197652277183684	0.843326916910817	0.954203794222336	-6.00430872103629
ENSMUSG00000027959	0.00266405810771175	7.20756790526774	0.0663679178649888	0.947088143783171	0.986115720340959	-6.00438806289298
ENSMUSG00000087523	0.0201621995075758	7.37462507778792	0.951685918733907	0.341312324963179	0.686142700302195	-6.00439047132772
ENSMUSG00000051341	-0.00432826136101738	7.19247273469711	-0.250591154868964	0.802142762492305	0.940835193348385	-6.00458978192112
ENSMUSG00000041278	-0.00214626243031635	6.44017335725787	-0.0718256778219329	0.942744136820791	0.985483809330477	-6.0045981566195
ENSMUSG00000027313	-0.0102963858851988	7.21321654568818	-0.365554700086781	0.714716218332369	0.904604414502451	-6.00462353635783
ENSMUSG00000073460	0.00787653442957126	7.24400896200245	0.202910632474542	0.839214940406005	0.952212723007279	-6.00468294223126
ENSMUSG00000021715	-0.018948000400246	7.27113729969878	-0.628855156336816	0.529478877861417	0.810865405942559	-6.00490889587171
ENSMUSG00000039716	0.0159349592180247	7.40497232881419	1.05169099760755	0.293003249453578	0.646361545084871	-6.00500249661787
ENSMUSG00000020009	-0.00119149695861331	7.08735079893754	-0.0285079726785465	0.977258395180431	0.994645245991763	-6.00520276915739
ENSMUSG00000025823	0.00156643862715011	6.45354112661263	0.0428594995187132	0.965815618337713	0.992297049423413	-6.0055420370171
ENSMUSG00000033792	0.00886320804266028	7.33328569919012	0.839041434130689	0.401494917672835	0.732140967559959	-6.00571182362773
ENSMUSG00000022774	0.00712571345377455	6.3927115721929	0.240600895265203	0.80987647163228	0.943152847751889	-6.00599980406857
ENSMUSG00000025791	0.00252465228767651	7.20654283104982	0.0698107498061364	0.944347691479474	0.985878735017123	-6.00604581360746
ENSMUSG00000034761	0.0273460382085835	7.46103934286382	1.2970594829005	0.194683618721789	0.540885348899593	-6.00614866689567
ENSMUSG00000027612	0.00689464811481688	7.23293013326518	0.615693207554105	0.5381311564616	0.815649214008538	-6.00633933740012
ENSMUSG00000077569	0.0240184762794549	7.44527346560292	1.13124028267406	0.258020056821767	0.611097198677101	-6.00635216478074
ENSMUSG00000045092	-0.0253382841857421	7.19044913478797	-0.484503867277011	0.628054170915837	0.861687243047461	-6.0065688246581
ENSMUSG00000000594	-0.0203065868495038	7.28696066268365	-0.778511005186332	0.43631269444717	0.754058551441967	-6.00659190354636
ENSMUSG00000046603	0.0212109083522627	7.27569738267362	0.470203863476594	0.638234354231506	0.865231614305645	-6.00666978755558
ENSMUSG00000006641	-0.00814645626486854	7.16494373462181	-0.273012236601471	0.784857543057115	0.932529889472296	-6.00677933054223
ENSMUSG00000052135	0.00367509314380499	7.0981099051981	0.117244256942391	0.906672232743988	0.973790101035815	-6.00686144210799
ENSMUSG00000076432	0.0140694915120356	7.38846795960478	0.911334601006231	0.362172614575589	0.704192787668986	-6.00686165367472
ENSMUSG00000019966	0.00496819712517382	7.07880626967955	0.120827151174184	0.903833857840317	0.972708322320926	-6.00716632440747
ENSMUSG00000038296	-0.00301199354456561	6.43732793733261	-0.0709258004566736	0.94346026440127	0.985852351811362	-6.00742239180639
ENSMUSG00000024369	0.0159394899613607	7.23312619663728	0.456175919255358	0.648287613551156	0.872578523233056	-6.0074813571914
ENSMUSG00000021671	0.00375013141629665	7.1204578285709	0.0951514958351267	0.924199140286974	0.97938814631943	-6.00758352214568
ENSMUSG00000002870	-0.0176680220075536	7.30348722590675	-0.48962369729934	0.624426368325819	0.859962008111419	-6.00760063935646
ENSMUSG00000073982	-0.0150880064946994	7.15298256857247	-0.34121066216132	0.732962461070175	0.912195817665777	-6.00777997304517
ENSMUSG00000051786	0.0103445049785682	7.49704987951652	1.3065333007098	0.191444459246603	0.537392128046676	-6.00784764531612
ENSMUSG00000027457	0.014292234489437	7.21819706402399	0.663408705631643	0.50710608590354	0.796494938911052	-6.00790110664142
ENSMUSG00000068373	0.00982964284753418	7.19744806320556	0.436453585053705	0.66253062267264	0.880042145801475	-6.00792973576563
ENSMUSG00000024943	0.026083090055514	7.45856563548955	1.14241312543395	0.253348968100181	0.605696580762168	-6.00794734027264
ENSMUSG00000049939	0.00282030143412282	7.14379364724592	0.0763839525842542	0.939117358773833	0.984881895904674	-6.00798980294726
ENSMUSG00000028383	-0.000209087695503207	7.12711205333176	-0.00928919143505815	0.992588855568639	0.997874037396135	-6.00814144192224
ENSMUSG00000056383	0.000749860603224128	7.16467079699084	0.0154295209270735	0.987690261785725	0.997494377694783	-6.00862726917735
ENSMUSG00000021986	-0.013491362404741	7.28195081554598	-0.753599187964731	0.451133154111586	0.763061844802467	-6.00910899987395
ENSMUSG00000098651	0.0337035664404839	7.30871534041993	0.885119653038048	0.376143944851257	0.713153349782316	-6.00912641941932
ENSMUSG00000037138	-0.00294498397947063	7.08259349317757	-0.106915914351276	0.914860912511531	0.976834253447399	-6.0091985385834
ENSMUSG00000033319	0.0203853590562177	7.41872985721213	1.00628155447193	0.314339464163355	0.662961717847273	-6.00926467081503
ENSMUSG00000036698	0.00847587314206866	7.26996639764934	0.689585562754174	0.490493828912227	0.785953109444841	-6.00937506018342
ENSMUSG00000018012	0.00550509925919851	7.16297731059083	0.235919308962437	0.813507054596091	0.944147290379541	-6.00942975254872
ENSMUSG00000029524	0.0126239708264562	7.146509401811	0.350880848833981	0.725695745711712	0.908906141012624	-6.00964040427379
ENSMUSG00000032297	-0.000863455974698724	7.15715022161235	-0.0372013979416015	0.970326232957259	0.9935566095034	-6.00970068814611
ENSMUSG00000068184	0.00311238273755965	6.47505189762046	0.0845530171704176	0.932620875379951	0.982721427457692	-6.00988896835078
ENSMUSG00000051435	0.0144891646651537	7.25229299118145	0.548018400520045	0.583709067216783	0.838080626430569	-6.01014425702582
ENSMUSG00000025993	0.0242656337021021	7.35728972241718	0.89013056078129	0.37344795000155	0.711624357852567	-6.01026071167481
ENSMUSG00000027714	0.0009735449925099	6.45013983473843	0.022416038483203	0.982117176237595	0.995951388069649	-6.01027124204576
ENSMUSG00000018572	-0.00074680343908895	6.43760998568184	-0.0208328253800037	0.983380025093863	0.995951388069649	-6.01050880401097
ENSMUSG00000091952	0.0149734328849176	7.45970473412488	1.10715356150289	0.26829241558469	0.62264144672056	-6.01059463176404
ENSMUSG00000021957	-0.0185703568798399	7.37440061020291	-0.817312348793292	0.413797385760284	0.741656156742532	-6.01077025279314
ENSMUSG00000092680	0.0268603775894745	7.42949680825771	1.11387140202733	0.265399576614188	0.619440242711298	-6.01092509538167
ENSMUSG00000026356	-0.00121898942562293	7.18000891052182	-0.0604827849552117	0.951774070748245	0.988331553817859	-6.01116378448022
ENSMUSG00000016253	-0.0134070344825137	7.2326970639869	-0.457491564417589	0.647341976501637	0.872073347521339	-6.01135243576561
ENSMUSG00000055884	0.0222636711812845	7.51526257614157	1.33345542330075	0.182456384943339	0.52516989200644	-6.01159223351689
ENSMUSG00000041153	0.00447328500094102	7.20709355174888	0.231864802952895	0.816654580526548	0.945233479044624	-6.01175806111754
ENSMUSG00000021738	0.0217124445976991	7.3804105937057	1.04610404543852	0.295574592865507	0.649287156524715	-6.01189519647241
ENSMUSG00000019978	0.0147611141945658	7.19092062169683	0.28391789622866	0.776487620917145	0.928737878281616	-6.01196521453076
ENSMUSG00000052105	0.00210669266739938	6.3518912916099	0.0985498859114162	0.92150047337751	0.978624339579032	-6.012112409195
ENSMUSG00000059213	-0.0103513184941102	7.14723918036644	-0.332311778911162	0.739670814422217	0.914838250495933	-6.01217498891836
ENSMUSG00000027405	0.00341756870756438	7.17314124389233	0.104223653314193	0.916996955357741	0.977307287131546	-6.01218888018895
ENSMUSG00000094910	0.0225292616064552	7.19535094519564	0.584072543796043	0.559203600684807	0.824990537733514	-6.01230504148819
ENSMUSG00000030956	0.011560469719055	7.21907510849694	0.623282630006355	0.533133438776902	0.812757954096973	-6.01235966879018
ENSMUSG00000042744	0.0105828825624741	7.3563998842959	0.949725622851887	0.342307598252461	0.687303724208794	-6.01237918233509
ENSMUSG00000037570	-0.0131255442426079	7.20297072184986	-0.513260228097404	0.607796922780164	0.850677266341846	-6.01241137273473
ENSMUSG00000044576	0.0252790929863567	7.23565229264852	0.610138524493561	0.541803823883136	0.816935191004968	-6.01245298918141
ENSMUSG00000055963	0.0177025281632375	7.29779390124876	0.631684048058576	0.527628529546861	0.809927311145687	-6.01258853546849
ENSMUSG00000046598	0.00359824383931429	7.22013033454319	0.109301655139209	0.912968576561867	0.976031222285585	-6.01260937772181
ENSMUSG00000033707	-0.0104763482861117	7.16283900591736	-0.318970898554553	0.749764810231971	0.918341319714832	-6.01306992473407
ENSMUSG00000084644	0.024940094823501	7.33356112873399	0.752678143259934	0.451686508080014	0.763301218565229	-6.01308723411472
ENSMUSG00000064437	0.0118329557778862	7.19832710561909	0.453269624643265	0.650378561282735	0.873093446726635	-6.0131233596069
ENSMUSG00000024566	0.0172027422005812	7.42573007886154	1.07523807482359	0.282331348386474	0.635644042082998	-6.01318006413362
ENSMUSG00000025157	0.0166535630726736	7.28099209331471	0.697990629376242	0.485222589952303	0.782051415637579	-6.01355941999623
ENSMUSG00000038255	-0.0119528629808983	7.129253409282	-0.202396625265753	0.839616696782718	0.952234166547783	-6.01375364274758
ENSMUSG00000026836	-0.00570133615012836	7.06477300478668	-0.104978355428671	0.91639811273483	0.977307287131546	-6.01378452430278
ENSMUSG00000000305	0.0122143692216516	7.40983340379172	0.971187086225581	0.331512345768604	0.678134456925018	-6.01389575585728
ENSMUSG00000051041	-0.0191666516688667	7.28674815161034	-0.694351848857099	0.487500877622498	0.784049454188117	-6.01412951064538
ENSMUSG00000030600	0.0212715109529746	7.24525112891649	0.534564216863728	0.592980184708838	0.841933746390452	-6.01440190644237
ENSMUSG00000030521	0.00536195109784821	6.48908591922398	0.0749227329405127	0.940279839995742	0.985107660258645	-6.01442003283037
ENSMUSG00000031985	0.00716361624895612	7.16269546561579	0.240209158128696	0.810180109163176	0.943152847751889	-6.01454265536178
ENSMUSG00000001829	0.00727819596220147	7.2373234314389	0.638287577795879	0.523322103776391	0.807232253006076	-6.01460989557431
ENSMUSG00000054901	0.0234322227067096	7.52506711348356	1.32954981017837	0.183740524484574	0.526909081637982	-6.01504414843569
ENSMUSG00000039218	0.00669695471644793	7.4333867597829	1.1326714553578	0.257418404891935	0.610794318082753	-6.01508886071367
ENSMUSG00000052151	-0.00803467082899001	7.14221832455187	-0.206353613280348	0.836524936264999	0.951318285688503	-6.01519662236762
ENSMUSG00000031344	0.0251163817923841	7.38578426490202	0.786296247178822	0.431739338868384	0.751222016988905	-6.0152852324901
ENSMUSG00000081920	-0.00197973629665871	7.19431568919631	-0.0744867995674853	0.940626673924605	0.985305099377507	-6.01532152194933
ENSMUSG00000061894	-0.015586060236747	7.28584713092754	-0.771250825552341	0.440602665752539	0.756834022839594	-6.01548529052907
ENSMUSG00000031847	0.0034349537850904	7.13688849966181	0.149189116060359	0.881411736852534	0.964903551399761	-6.01552645342592
ENSMUSG00000024889	-0.00803433164544387	6.35897433152115	-0.237273457923251	0.812456492549729	0.943735874399351	-6.01552973414522
ENSMUSG00000086794	0.0068966047252168	7.1815083487297	0.134308527133141	0.893165195151108	0.969041273395506	-6.01560279250365
ENSMUSG00000103332	0.0130461772807804	7.42479520757513	1.04723836639113	0.295051312930263	0.648713944458864	-6.01565977837208
ENSMUSG00000030629	0.00122171030084672	7.1627253979244	0.103332938334231	0.91770378234862	0.977470962454442	-6.01571856680435
ENSMUSG00000020604	-0.0130357982265616	7.21826243309758	-0.447566586168711	0.654489639451458	0.875825214426071	-6.01574021324102
ENSMUSG00000043284	-0.0134102593427903	6.36062757904217	-0.298062132752318	0.765670827536854	0.924858987132205	-6.01576822817
ENSMUSG00000017843	0.000734343342867483	6.41496996013451	0.0317461379184024	0.97467604408294	0.993930950840525	-6.01577309856627
ENSMUSG00000096472	0.00269301462557348	6.39884728735267	0.0849058313016926	0.932340396421607	0.982721427457692	-6.01582065790861
ENSMUSG00000021809	0.0144995413549349	7.14449287431523	0.276244340071267	0.782374310140514	0.932142974694375	-6.0158288885982
ENSMUSG00000024276	-0.00910180965415019	7.25815325949303	-0.624151870254364	0.532562536811861	0.812476974692834	-6.01588291413024
ENSMUSG00000031538	-0.00891481064818489	7.03518455751565	-0.181963351712049	0.85562047167371	0.958226742697816	-6.01597968782512
ENSMUSG00000021709	0.00431401662181852	7.14103215617993	0.119454607423749	0.904921046089625	0.973147320847211	-6.01616667483569
ENSMUSG00000035864	0.0180127798139083	7.23030920347647	0.455088366066355	0.649069735277699	0.872678249791257	-6.01633792413286
ENSMUSG00000039914	-0.00688183083456106	7.18049224172668	-0.197086864523226	0.843769320047996	0.954203794222336	-6.0165068447935
ENSMUSG00000014503	0.015033679678977	7.15716577483337	0.356246412048492	0.721674345519578	0.907228630185854	-6.01661442010241
ENSMUSG00000038342	-0.0107232727832267	7.41811704536198	-1.14614675471064	0.251801244326234	0.603806379656011	-6.01666338824308
ENSMUSG00000043733	0.00641794459023792	7.23307422369988	0.586198811814695	0.557774151029272	0.824067144396911	-6.01680800838374
ENSMUSG00000087556	0.0146921503756126	7.18091208149457	0.501415450528988	0.616105657217789	0.855018386481221	-6.01681659653035
ENSMUSG00000029826	0.0193279511612632	7.21507116470469	0.33055636402741	0.740996481704573	0.914975437062896	-6.01683456961926
ENSMUSG00000075415	-0.0216730892801973	7.33347405539598	-0.847043169999048	0.397020440510742	0.727799233699925	-6.01688659020912
ENSMUSG00000024219	0.0025385553620465	7.11623138037814	0.079445291509618	0.936682317634258	0.984155212529857	-6.01688735684146
ENSMUSG00000074283	-0.00603668577283312	7.19611794589908	-0.388996717581306	0.697298751359852	0.896621440718596	-6.01693988759231
ENSMUSG00000060212	0.0202250934214563	7.37969031427939	1.00033275829327	0.317208462935195	0.665744944346033	-6.01707553531089
ENSMUSG00000038705	0.0240495890942869	7.2665748966003	0.707223769884371	0.479467576030186	0.77909950002159	-6.01709150341052
ENSMUSG00000029171	-0.0198643755244126	7.27838936756287	-0.814634907327936	0.415328581142604	0.742291708823019	-6.01711456427054
ENSMUSG00000052336	0.0346760633229088	7.31894835059224	0.723061200334076	0.469683481659127	0.77266648821803	-6.01711890672055
ENSMUSG00000026347	-0.0017955625805044	7.14928696671674	-0.107447775419708	0.914439005612068	0.976679063974194	-6.01719978178234
ENSMUSG00000021573	-0.0144053631897476	7.2749993817629	-0.680273899065711	0.496369413123045	0.790211384384904	-6.01721089262775
ENSMUSG00000006005	-0.00112486404297751	7.16979292563421	-0.0294830755193288	0.976480750139479	0.99415228733131	-6.0173288692734
ENSMUSG00000042608	-0.00159850287298724	7.09007499741527	-0.0381831012266889	0.969543551111118	0.9935566095034	-6.01732888521318
ENSMUSG00000002814	-0.0200459609916344	7.47591233356906	-1.13037876176663	0.258382702338811	0.611452632192883	-6.0173852399444
ENSMUSG00000043668	0.00289823868997985	7.14736173225099	0.0858160905822336	0.93161680054093	0.982560572123385	-6.01743288029707
ENSMUSG00000039458	-0.0111341149404369	7.07955368018691	-0.236469319389067	0.813080310518196	0.943813600171721	-6.01751675893958
ENSMUSG00000059866	-0.0165583759646388	7.49511682653578	-1.3017039685858	0.193090648206181	0.538846551719685	-6.01752336075822
ENSMUSG00000037003	0.00514327322865249	7.14745520641539	0.174207565119125	0.861710931116307	0.959359238304721	-6.01754674752075
ENSMUSG00000043631	0.00328988803363384	7.16182662669209	0.0873043953035757	0.930433818852316	0.982156782622213	-6.01755126892219
ENSMUSG00000037692	0.00668093075358289	7.13272195392744	0.337677966586881	0.735623147203056	0.913427598544211	-6.01779300936663
ENSMUSG00000096929	0.0093264185225852	7.22306136318171	0.588619519717162	0.55614892311396	0.823535193977782	-6.01783325278357
ENSMUSG00000006675	-0.0068765092452141	7.18197940347907	-0.183865675140106	0.854127914717936	0.957838400971528	-6.01796628040174
ENSMUSG00000024456	0.035280001099407	7.32900893138101	1.04718826298793	0.295074413296785	0.648713944458864	-6.0179717643827
ENSMUSG00000017615	0.0216097663868791	7.48423292965122	1.30174535250972	0.193076497491121	0.538846551719685	-6.01802302687751
ENSMUSG00000039676	-0.0092569531682436	7.20409207093063	-0.165197673266093	0.868796531285969	0.961567455708573	-6.01809802683694
ENSMUSG00000079215	0.0160464827620066	7.19488690148137	0.603080284606577	0.546488599804963	0.818198555340011	-6.0181607014466
ENSMUSG00000033488	0.00317317781156845	7.11606284647161	0.0796754759674414	0.936499248653941	0.984155212529857	-6.01830138075408
ENSMUSG00000061887	0.00815397596218492	7.10674051408565	0.165809817137349	0.868314785754644	0.961290728404015	-6.01838229130981
ENSMUSG00000061607	-0.010628859198202	7.29742374243043	-0.886462848319957	0.375420095584058	0.712745069856406	-6.01843156003487
ENSMUSG00000011958	0.00626740900682865	7.16882598052198	0.283123866003108	0.777096164056517	0.929014335530938	-6.01857759266929
ENSMUSG00000020844	0.00892712817360497	7.1011245156887	0.163219965096135	0.870353281980533	0.962096099916783	-6.01887625043462
ENSMUSG00000022180	-0.0138621587714702	7.18022443532137	-0.37830996864298	0.70521990367081	0.900363883400742	-6.01898041243056
ENSMUSG00000041598	0.00324189435137612	7.09812782777328	0.0907571743782286	0.927689967643351	0.98091923367163	-6.01900254439594
ENSMUSG00000074457	-0.00959236844962597	7.16921339097045	-0.258374081878331	0.796131170897714	0.937685446069051	-6.01933248395403
ENSMUSG00000093256	-0.010185194854726	7.06949790183283	-0.162331274524696	0.871052977792967	0.96254145606033	-6.01938363430125
ENSMUSG00000038058	-0.025960179898199	7.22902687286661	-0.560779503822591	0.574978468044429	0.834017125253704	-6.01964730775279
ENSMUSG00000068580	-0.0167409305677282	7.25417631346201	-0.417000957376021	0.67669951335773	0.886630774314088	-6.02020425964526
ENSMUSG00000027007	0.00182622788018705	7.05057865146966	0.0339781397577744	0.972896234623773	0.993711552586192	-6.02022158496356
ENSMUSG00000045733	-0.01907802355157	7.21097456365131	-0.422930001266893	0.672368487579833	0.884702247147456	-6.02037304385373
ENSMUSG00000078546	0.00383110951745369	7.15882248197067	0.142015958454037	0.887074369914041	0.967299524000231	-6.02046089843477
ENSMUSG00000036975	-0.0042832503893786	6.4085880370364	-0.0850260889815383	0.932244796305731	0.982721427457692	-6.02070946961425
ENSMUSG00000084883	0.00724666807135055	7.18341084188501	0.381246743610894	0.703039898247918	0.899227824570309	-6.02076116323542
ENSMUSG00000026827	-0.0288065822470163	7.429290407751	-1.16986736589498	0.242122268488741	0.593397333608113	-6.02086095103171
ENSMUSG00000020340	0.00905207302736333	7.19083567914004	0.408435138001704	0.68297554530525	0.889508399927817	-6.02089022197883
ENSMUSG00000006435	0.0212900458800345	7.18870081070704	0.48929532220956	0.624658776052173	0.859984127306597	-6.0209831885683
ENSMUSG00000039254	0.00965292227871029	7.15675540423014	0.378107028652624	0.705370638327711	0.900363883400742	-6.02108505426829
ENSMUSG00000034810	0.0183612931781401	7.29361692979812	0.651320089398021	0.514876343001117	0.801369078534979	-6.02121278879076
ENSMUSG00000036989	-0.00924098594987033	7.16503090624462	-0.28390381088234	0.776498414703417	0.928737878281616	-6.02137422280387
ENSMUSG00000008136	-0.0156862173505266	7.1511230676561	-0.34215885504948	0.732248864315935	0.911687304366678	-6.02144729140074
ENSMUSG00000034573	-0.02741903487067	7.33222977994065	-0.912106962137168	0.361765976553231	0.703906875733166	-6.02156460978801
ENSMUSG00000021772	-0.00548813462052955	6.44109394807209	-0.116771521332664	0.907046824552549	0.973924197931691	-6.02196077539057
ENSMUSG00000022000	0.00486145432672203	7.180966915988	0.122195380812751	0.902750266264314	0.972587174330317	-6.02205877664457
ENSMUSG00000097061	-0.0182586191156044	7.53883746466864	-1.38941662297787	0.164781456831359	0.507681852499422	-6.02211349829523
ENSMUSG00000027540	-0.0093700180282692	7.11589246053165	-0.343398038553806	0.731316621174843	0.911238925639971	-6.02223767803032
ENSMUSG00000024502	0.0126616062527063	7.23505076850136	0.315218219290998	0.752611996292674	0.919369226176543	-6.02224754398822
ENSMUSG00000037475	0.0232269391402715	7.49824957067637	1.26339830262533	0.206517824492796	0.552900060333954	-6.02228346706105
ENSMUSG00000044243	0.0209683250689991	7.27135245255929	0.757267750892561	0.448932932744204	0.762119526078326	-6.02249554839537
ENSMUSG00000021027	-0.0140368038956336	7.23922813420883	-0.607278393967452	0.543699764393978	0.817347143436972	-6.02260942059251
ENSMUSG00000098221	-0.0297704584360314	7.35584526488557	-0.606909549197927	0.543944506603929	0.817367801987953	-6.02265577128017
ENSMUSG00000030602	-0.0118762065829427	7.20216542105642	-0.551738112978735	0.581157827509622	0.83727002754481	-6.02297354050514
ENSMUSG00000101013	-0.0114097614044892	7.15386934034806	-0.29639637841248	0.766942385403053	0.925436530909095	-6.02298005813883
ENSMUSG00000068037	0.002524248247191	7.15169441334098	0.0506552013341027	0.959602739572456	0.990554001941048	-6.0231198459432
ENSMUSG00000074060	0.0116404640317249	7.18151718122824	0.241112484321583	0.809479979349335	0.943025396117742	-6.02335586984521
ENSMUSG00000004892	-0.0209860778918705	7.18577175226407	-0.560368490824532	0.575258700291445	0.83406667292818	-6.02338080890419
ENSMUSG00000079144	0.0252185767815476	7.31799513313426	0.637888630025095	0.523581760518698	0.807498749756855	-6.0238152733625
ENSMUSG00000053684	-0.0216987865469536	7.24847983435318	-0.514655322731122	0.606821607297298	0.850190947972333	-6.02388287750205
ENSMUSG00000038048	-0.0104144464326223	7.31362677377657	-0.70807734633052	0.478937430021865	0.779056229902393	-6.02389970243318
ENSMUSG00000028051	-0.00556784866555038	7.16605935227908	-0.343442711629949	0.731283020826148	0.911238925639971	-6.02394367895936
ENSMUSG00000036873	0.0034351282426508	6.46729735376478	0.0963452915626052	0.923251044164214	0.97893378100635	-6.02414204286429
ENSMUSG00000040997	-0.00861761523183979	7.15725306368015	-0.208315963404747	0.834992603270455	0.95066826427097	-6.02450017373722
ENSMUSG00000013495	-0.0142919720252861	7.51520327137458	-1.36741147113843	0.171571235081398	0.513027513569504	-6.02450045753449
ENSMUSG00000043279	-0.0158220193192795	7.26509645817737	-0.410178660449021	0.681696299954741	0.888901194287128	-6.02501296219031
ENSMUSG00000002210	0.0182888090264486	7.32091504261903	0.836146505757299	0.403121157838879	0.733436341119266	-6.02537723834304
ENSMUSG00000021301	0.0249658951884477	7.40852976793921	1.03925799401355	0.2987459755662	0.651918746681365	-6.02541205511106
ENSMUSG00000103477	0.00513543659856097	7.19251408391856	0.327833124555876	0.743054559724328	0.916209393890139	-6.02560731011519
ENSMUSG00000062683	-0.00416401418538648	7.20712705363024	-0.224196140900005	0.822615844079879	0.947017543859642	-6.02564341248946
ENSMUSG00000090015	0.0219485099578369	7.54808605751782	1.3799423538525	0.16767954850139	0.509711424520837	-6.02580283217983
ENSMUSG00000024870	-0.0144835202479676	7.19955424351023	-0.4566066381052	0.64797796620227	0.872469316919208	-6.02591123092421
ENSMUSG00000002900	-0.00840333095295875	7.14452046204544	-0.263457411471935	0.792211268734046	0.936081110865367	-6.02592143361041
ENSMUSG00000054519	0.0201506346876057	7.4104371357382	1.02702451443868	0.304469435690864	0.656008480205116	-6.02594339019093
ENSMUSG00000019872	-0.00126402673102888	7.14447436325182	-0.0403865072574866	0.967786951212683	0.993357217392804	-6.02623441951132
ENSMUSG00000028869	-0.01580609527395	7.39816789613553	-0.974036761278152	0.33009568150464	0.676558919099003	-6.02629220145482
ENSMUSG00000025047	-0.00693674516860021	7.21373206024413	-0.421013576405701	0.673767209860932	0.885220758153551	-6.02634060496356
ENSMUSG00000020389	0.013505603900434	7.31320176344786	0.410829440443298	0.681219048371802	0.888901194287128	-6.02648398789977
ENSMUSG00000040280	0.000633218193963891	7.19770470659177	0.0218027708443496	0.982606343607697	0.995951388069649	-6.02661843517483
ENSMUSG00000036120	0.00262158742191065	7.09130883436549	0.0715071574681699	0.94299761188588	0.985596794784826	-6.02669044627046
ENSMUSG00000026860	-0.00998259111850164	7.13723484789395	-0.35574445310129	0.722050231269107	0.907412571689285	-6.02674530816683
ENSMUSG00000027332	-0.0273820923513481	7.36932880803255	-0.967510357017785	0.333345965696054	0.679522568471974	-6.02684541122734
ENSMUSG00000022519	0.00978104062683105	7.16322287598854	0.273530952130969	0.784458864323116	0.932529889472296	-6.02686809516127
ENSMUSG00000027809	-0.0124070436975652	7.26551099886677	-0.274407345413442	0.783785407214254	0.932383821648012	-6.02736944404273
ENSMUSG00000050244	-0.0176220562858509	7.33756008157445	-0.942025224286784	0.346235161487875	0.690230307227263	-6.0274165827118
ENSMUSG00000030522	0.0176972399949795	7.18074099949318	0.325298052289194	0.744972083798826	0.917106727550975	-6.02766438894152
ENSMUSG00000025509	0.0170147450237694	7.25733821548819	0.678173766768606	0.497699750062211	0.790272208487492	-6.02773765115123
ENSMUSG00000076460	0.0115382343919741	7.19887426005733	0.427662409044221	0.668919355509229	0.883593981098415	-6.02797243831947
ENSMUSG00000042834	0.00330079986602083	7.18063868719591	0.0779788824719758	0.937848651856048	0.984208437161342	-6.02816170870262
ENSMUSG00000104389	0.0134988763385495	7.35444110127977	0.879078722160981	0.379410049828624	0.714714713158638	-6.02825477587436
ENSMUSG00000031878	0.0117643976774753	7.50362771030513	1.26425081922406	0.206211796982885	0.552900060333954	-6.02838184802238
ENSMUSG00000006127	-0.0149237053195508	7.2581282040548	-0.562641766641957	0.573709570846364	0.833941889128183	-6.02842206754562
ENSMUSG00000049232	-0.00640391496524195	7.19512051750497	-0.188475911315653	0.850512914035031	0.956394964625276	-6.02849273367118
ENSMUSG00000057182	0.0241458062917737	7.36702714338934	0.894731556730374	0.370983064437424	0.709835916290172	-6.0285358436695
ENSMUSG00000068036	-0.0190467177755549	7.30143389344064	-0.781168481007749	0.434748458018734	0.753846284504715	-6.02866320540549
ENSMUSG00000075273	-0.00150805106823437	7.22703704040836	-0.0510887707249337	0.959257269749625	0.990454418916107	-6.02890842308491
ENSMUSG00000043411	0.0106789114873092	7.57179607304154	1.48076460301313	0.13874606072074	0.474181355065932	-6.02912207234722
ENSMUSG00000061981	0.00938307028768826	7.2415333168079	0.38224534419485	0.702299179413536	0.898704320385911	-6.0291233116796
ENSMUSG00000038855	-0.0175722525314246	7.22532491710206	-0.471774782806512	0.637112627550502	0.864458605389585	-6.02922616798608
ENSMUSG00000021765	-0.00384529213284335	7.11434843596118	-0.0968547843608071	0.922846445130975	0.978863085113566	-6.02941262205149
ENSMUSG00000026185	-0.0183450986285836	7.3752890675556	-0.928189891177476	0.353363651444921	0.696352381728233	-6.02945139011065
ENSMUSG00000019822	0.0272110672998345	7.22094508444221	0.639244977129733	0.522699246398638	0.806963833144242	-6.0294681012212
ENSMUSG00000056214	-0.010026497437968	7.16833854422468	-0.197584606605238	0.843379862673989	0.954203794222336	-6.02951535723964
ENSMUSG00000033526	0.00865035649656587	7.28612628753876	0.726316483998758	0.467686188537978	0.771679365242535	-6.02998956876669
ENSMUSG00000019818	0.0112433708988169	7.44745298846538	1.14327448417153	0.252991317101303	0.605696580762168	-6.03028022919785
ENSMUSG00000049295	-0.001956337569605	7.10850426681009	-0.0487740536049923	0.961101732660993	0.991104699846711	-6.03081685163323
ENSMUSG00000028111	0.0250235684929816	7.319683467274	0.564678356835679	0.572323413142448	0.832812395197301	-6.03091788638641
ENSMUSG00000032046	0.00422276542485722	6.44760308771382	0.0750670376522216	0.940165031893259	0.985107660258645	-6.03102672657048
ENSMUSG00000050627	-0.0132644460253228	7.17572124982641	-0.305123222441623	0.760287775027157	0.922935619160995	-6.03125870633225
ENSMUSG00000054434	0.0347288773170726	7.23073903814296	0.903728103748061	0.366192625103671	0.707069715788523	-6.03173091906901
ENSMUSG00000018217	0.00013764769219371	7.15157381067526	0.00396042529884763	0.996840238509964	0.998657956786442	-6.03174802576524
ENSMUSG00000044986	-0.00831855093832345	7.1613589204929	-0.14908487959466	0.88149398050136	0.964903551399761	-6.03207250296164
ENSMUSG00000097588	0.0146046358255942	7.18094165075684	0.364407196758367	0.71557273248974	0.904916983257229	-6.03207285348732
ENSMUSG00000004127	-0.0221422111450948	7.46537542645139	-1.13435334570526	0.256712598982342	0.610091951317605	-6.03210809534285
ENSMUSG00000073725	0.0078588263130337	7.25085048926385	0.463423445421819	0.643085446358549	0.86954747000391	-6.03224289071708
ENSMUSG00000077575	-0.0192945773014852	7.13491963835769	-0.440175203350828	0.659833393618513	0.878093948829976	-6.03229972952858
ENSMUSG00000085829	-0.0277319386475181	7.41157705220899	-0.864011059197269	0.387632298783522	0.720780385785257	-6.03252224281193
ENSMUSG00000020484	-0.00474130789871374	6.30619122306731	-0.181252337031657	0.856178464521412	0.958226742697816	-6.03253679780334
ENSMUSG00000007653	0.0150389877925949	7.37573432818845	0.89608997544303	0.370257256382063	0.709320290781525	-6.03272976337786
ENSMUSG00000075284	0.0147015713408285	7.17337833848716	0.373938046603979	0.708469722177057	0.901365436950331	-6.03275358828566
ENSMUSG00000097042	-0.00732885214364654	7.13101410688131	-0.139069799276009	0.889401815159383	0.968159031905154	-6.03282927181467
ENSMUSG00000027569	-0.00588368450390764	7.16388128733161	-0.291985054547172	0.77031280642408	0.927122327581009	-6.03299838015773
ENSMUSG00000040136	0.00820830522263272	7.25450706429252	0.599352346796898	0.548971025014734	0.819647274845993	-6.03302454079361
ENSMUSG00000068876	-0.00389424653864978	7.21554993226508	-0.398386412828665	0.690366091646939	0.893981229278816	-6.03310971631597
ENSMUSG00000020642	-0.0249662507395367	7.43858313720614	-1.18195011693087	0.237293959437982	0.587300383727668	-6.03360897874509
ENSMUSG00000063873	0.00897785678954577	7.23585982973949	0.406760877194219	0.684204830406413	0.890041061634443	-6.0337423409754
ENSMUSG00000017167	-0.00170559822455996	7.13897879878691	-0.114589615263449	0.908776015727333	0.97469613971959	-6.03376039894868
ENSMUSG00000026514	0.0263642620299196	7.32389860554711	0.805668165589362	0.420480877448863	0.745570659866627	-6.03383950186145
ENSMUSG00000087739	0.0216668072795585	7.53774159828886	1.42023036214261	0.155616572960555	0.496902848845784	-6.03428807846398
ENSMUSG00000024052	0.00896276858522782	7.20396274964184	0.425186448905871	0.670723049462268	0.884057522927234	-6.03429307368014
ENSMUSG00000022246	0.0189576009249697	7.169256962721	0.516257915969161	0.605702092998725	0.849762932209925	-6.03430749986192
ENSMUSG00000021318	-0.0160295491814395	7.16942351779213	-0.464628143796349	0.642222416899045	0.868813762554107	-6.03436753124274
ENSMUSG00000022299	0.0286939508229107	7.40333924957436	0.906185183465404	0.364891031881249	0.706035765698014	-6.03451229884821
ENSMUSG00000027737	-0.0268804374652003	7.30690331448001	-0.806270051489572	0.420133862066982	0.745377506137678	-6.03489292248224
ENSMUSG00000020315	0.0101582126337298	7.30914574870322	0.76421907177297	0.444780629283887	0.758357316592635	-6.03495546993385
ENSMUSG00000010025	-0.0128872124216901	7.15750777436719	-0.286975787530652	0.774145344049182	0.928118481508493	-6.03500290772605
ENSMUSG00000029674	-0.00557680789068904	7.18934334652157	-0.29273748855061	0.769737608907661	0.926747402679164	-6.03552156016714
ENSMUSG00000019461	-0.0184002377446415	7.25255728631548	-0.618548712734312	0.536248018314051	0.814433811168579	-6.03557460368698
ENSMUSG00000049556	-0.00799760653773518	7.15118818522331	-0.170225530439645	0.864841163319816	0.960320761039318	-6.03570458660637
ENSMUSG00000087103	-0.00569381631221955	7.15693517239178	-0.132500609307353	0.894594835462892	0.969077484595221	-6.03574491012332
ENSMUSG00000046562	0.0221145038079351	7.09510641510974	0.414961665076654	0.678191652798737	0.887883587161576	-6.03604246092944
ENSMUSG00000003316	0.0145655086835994	7.49110860885244	1.20931823798735	0.226610252915049	0.5767564875206	-6.03621779423554
ENSMUSG00000032177	0.00682438909613214	7.13695226121644	0.306779967021194	0.759026417980277	0.922617910612928	-6.03628518403106
ENSMUSG00000039096	0.0205330213502517	7.3581257710694	0.863823219616619	0.387735481633213	0.720816901135761	-6.03656600578425
ENSMUSG00000019817	-0.0130217665281993	7.2092434244575	-0.353346318304426	0.723846970056745	0.908145582786658	-6.03658066993134
ENSMUSG00000034621	0.0111811222975975	7.3247759332942	0.94739583607634	0.34349287993816	0.688611040396506	-6.03689648383652
ENSMUSG00000028180	0.0132515281390768	7.54113733801813	1.37073214554501	0.170533414542858	0.512825093919025	-6.03689756603843
ENSMUSG00000052906	0.00888583370601559	7.15907541350291	0.218081202558991	0.827376683398705	0.948759397693324	-6.0370485186043
ENSMUSG00000025586	-0.000730529002237468	7.13500098158006	-0.0164535694622709	0.986873342901871	0.997318782279634	-6.03714596052048
ENSMUSG00000003279	-0.00677987510569356	7.14817954231563	-0.158837701809233	0.873804558012028	0.963565855837908	-6.03749812335835
ENSMUSG00000028467	0.00285605755871732	7.16533907352612	0.179530986778537	0.857529649761211	0.958226742697816	-6.03751399136379
ENSMUSG00000037325	0.0144110399312281	7.26662485166465	0.590727589371075	0.554735481126242	0.82296281110846	-6.03757619957164
ENSMUSG00000027010	-0.0303777204367455	7.30701022540197	-0.806838009833152	0.419806561913064	0.745377506137678	-6.03776411224625
ENSMUSG00000092713	0.00126825107407669	7.20059406779147	0.0254960834787039	0.979660511731997	0.995266149229244	-6.03844077502879
ENSMUSG00000041168	0.0116097311136949	7.25277125239825	0.555176791044055	0.578803993847614	0.836272738637799	-6.03844212536519
ENSMUSG00000021037	-0.00471664556677265	6.33229531621613	-0.15711766126403	0.875159846056507	0.96396452546078	-6.03876384442605
ENSMUSG00000103857	-0.0186365231852657	7.43009937696283	-1.18442874726349	0.236311961242347	0.586690637341832	-6.03899834420673
ENSMUSG00000016087	0.0183475136359386	7.18846966453593	0.346084366177671	0.729297049029918	0.910557200110428	-6.03928571825309
ENSMUSG00000031388	-0.000698464385877173	7.17381998941829	-0.0376618640176988	0.969959113905899	0.9935566095034	-6.03931716436812
ENSMUSG00000043061	0.0216122254117534	7.45079390072301	1.11910298532823	0.263161687711972	0.616651600760268	-6.03958112991901
ENSMUSG00000071054	0.00122753945968945	7.18295469578701	0.0521571434996592	0.958406018857344	0.990454418916107	-6.03963135481217
ENSMUSG00000017943	-0.0141372206915493	7.23332314033309	-0.392150175076884	0.694967614926023	0.896035030181874	-6.0396343060708
ENSMUSG00000033382	-0.00907630533656079	7.25999393913718	-0.53145701764097	0.595130876075988	0.842800702191373	-6.03963576898407
ENSMUSG00000038538	0.0127565132237635	7.35290411127572	0.911629771311207	0.362017177468445	0.704192787668986	-6.03965611387075
ENSMUSG00000066415	0.0147555427308381	7.34797618740719	0.824351004146359	0.409788042377261	0.738620882551303	-6.03969079478367
ENSMUSG00000060735	0.0179589759228662	7.19056482047108	0.418193006354014	0.675827884578367	0.886329508523264	-6.03985212394471
ENSMUSG00000036046	-0.0200874248128402	7.26794607758191	-0.742986524585409	0.457532356910926	0.766270436245078	-6.03995387599803
ENSMUSG00000049488	0.0181385661886111	7.32052793118982	0.853799454780451	0.393265937472029	0.725178925214426	-6.04020609049871
ENSMUSG00000016206	-0.000424126352392307	7.18313479438766	-0.0112644153349915	0.991013034388373	0.997874037396135	-6.04029088457023
ENSMUSG00000050821	-0.00576391596467829	7.17016131190226	-0.128370734609099	0.897861878562332	0.970549552630682	-6.04032575758109
ENSMUSG00000078861	0.00617673591772938	7.20234545403132	0.34656458544897	0.728936219187983	0.910532270107857	-6.04036222100372
ENSMUSG00000024145	0.0116786809293679	7.37785757952796	0.980334778276569	0.326978666850597	0.673379842740569	-6.04039474917192
ENSMUSG00000004455	0.00338890549616266	6.29950910310691	0.121104979261185	0.903613812832402	0.972636943555509	-6.04058802255547
ENSMUSG00000019467	-0.0169556533591022	7.20694188359736	-0.503026609776674	0.614972552069555	0.854758119519809	-6.04098234479077
ENSMUSG00000032905	-0.00150138764317287	6.32121263690577	-0.048491409825839	0.961326969452387	0.991104699846711	-6.04098808798995
ENSMUSG00000037126	-0.00690250092639566	7.09955292845701	-0.219696474598421	0.826118474538787	0.948759397693324	-6.04147184049834
ENSMUSG00000046287	0.0125644626608477	7.44995531800492	1.06606159402016	0.286458497598321	0.640046854060322	-6.04170130616817
ENSMUSG00000058498	-0.000293828181185063	7.11259462932973	-0.00501296548736169	0.996000492582853	0.998657956786442	-6.04170778793768
ENSMUSG00000084911	0.0195626779286959	7.53544288108432	1.38508730772977	0.1661010387759	0.508833732643537	-6.04198001059314
ENSMUSG00000025218	0.0250317306096077	7.26399089446853	0.654191649183544	0.513024989574641	0.800321344914623	-6.04235260147634
ENSMUSG00000032131	-0.0111973815374729	7.39944588207729	-1.04925136487413	0.294124214743476	0.647659019913571	-6.04283001374024
ENSMUSG00000102305	0.0155924750430936	7.43023126057546	1.06741646180487	0.285846590121476	0.639522783641415	-6.04297509112067
ENSMUSG00000028256	-0.021274526813456	7.46142169504058	-1.11011413481789	0.267014872771518	0.621662206885313	-6.04306697215759
ENSMUSG00000024927	0.00665346112577581	7.19810120468353	0.209927176684952	0.833734929249913	0.95066826427097	-6.04313489619338
ENSMUSG00000024854	-0.0141689451077482	7.20785763065473	-0.495967099675946	0.619944176782765	0.857498790942738	-6.0434915843033
ENSMUSG00000014599	-0.02034161999189	7.30158440977384	-0.662025446436318	0.507992076838748	0.796871060717315	-6.04357374212502
ENSMUSG00000043456	0.0160011040322177	7.32358628157627	0.84723888065485	0.396911379761135	0.727799233699925	-6.04380749570322
ENSMUSG00000045932	0.023138634542029	7.30622082719111	0.666359743994041	0.505218635024902	0.794817178369097	-6.04417233421349
ENSMUSG00000020092	0.0308459457232848	7.2995112571599	0.626167852419513	0.531239667079201	0.811312995282093	-6.04418913226015
ENSMUSG00000032482	0.010027754718493	7.21431032831611	0.266474842528797	0.789886916384372	0.935145547706891	-6.04430297202372
ENSMUSG00000034449	0.0101064638138118	7.20245816253577	0.315569763236083	0.752345133600345	0.919359650414914	-6.0443764628043
ENSMUSG00000034614	0.0209129986625953	7.38515443146342	0.813980990148748	0.415703056402289	0.74247499273223	-6.04481993205166
ENSMUSG00000020846	0.00476229114259041	7.18508616906836	0.0863501924405386	0.931192251194307	0.982452185310359	-6.04482413259206
ENSMUSG00000030772	-0.0142676295807007	7.16468470025996	-0.342039216952228	0.732338889529016	0.911687304366678	-6.04487020851584
ENSMUSG00000042066	-0.00588718409280897	7.09521933288799	-0.134915324726828	0.892685437713513	0.969041273395506	-6.04488612819486
ENSMUSG00000025932	0.013717373801768	7.17066198462397	0.456557310157145	0.648013425385487	0.872469316919208	-6.04496852648202
ENSMUSG00000026289	0.0174366571268294	7.30251302930058	0.744926773709677	0.456358635320062	0.765282668852121	-6.0450156245019
ENSMUSG00000035024	0.0203224253176524	7.49678417531923	1.28561489854926	0.198650016754871	0.544915896659015	-6.04507011919814
ENSMUSG00000092985	0.0334006402880993	7.29279613271171	0.792514963161281	0.428106269917326	0.748466472117769	-6.04520596136453
ENSMUSG00000041815	0.0115053843800199	7.34059021823393	0.768597788936794	0.442176334979825	0.757425994902902	-6.04527006888276
ENSMUSG00000028176	0.0101929002637045	7.27868541542983	0.666319851674514	0.50524412499685	0.794817178369097	-6.04576899163164
ENSMUSG00000040128	-0.000350999975308852	6.39720373127173	-0.00775385121199335	0.993813760615758	0.998453276504517	-6.04675195664325
ENSMUSG00000035142	0.0045972092209059	7.15648970800435	0.163423711028072	0.870192880277844	0.962096099916783	-6.046770940548
ENSMUSG00000003032	0.00298200984073382	7.05821408870469	0.0751748297072723	0.940079273888197	0.985107660258645	-6.04697528096805
ENSMUSG00000039703	-0.0151221696568262	7.44651333733027	-1.16318279607012	0.24482295747128	0.596896468815344	-6.04745347853844
ENSMUSG00000032403	-0.0178696724812237	7.41734062710006	-1.00410872248822	0.315385397465017	0.663546491452951	-6.04756989220113
ENSMUSG00000049106	0.0288014585962122	7.50673662239698	1.28627199293304	0.198420697476075	0.544915896659015	-6.04780544783797
ENSMUSG00000034820	-0.00117575957819316	7.15940318887497	-0.0361596706100382	0.971156801380674	0.993558784553119	-6.0478539616058
ENSMUSG00000021236	-0.0188554196259387	7.25497192845885	-0.525681559977851	0.599137873630639	0.844628382008375	-6.04810054227478
ENSMUSG00000032688	0.0273595971590286	7.48089431266315	1.28342565564794	0.199415438958327	0.545976276534127	-6.04828167456682
ENSMUSG00000003352	-0.0042578484212612	7.08429338444806	-0.083396007429889	0.933540729524342	0.982734912486374	-6.0482885746673
ENSMUSG00000066456	-0.0110060529840856	7.23580757675931	-0.430191552224153	0.667078889911394	0.882034211074282	-6.04845429120489
ENSMUSG00000087674	0.0178852451461644	7.48926449542029	1.20102205569048	0.229811942000534	0.580762406270875	-6.04852967571471
ENSMUSG00000001507	0.00448641221785095	7.19957196500221	0.187064628319008	0.851619205970894	0.957029245898235	-6.04860229694648
ENSMUSG00000020647	0.0168719787385454	7.26987480521076	0.610246674824787	0.54173219735246	0.816935191004968	-6.04875778480086
ENSMUSG00000097470	-0.00511741468562033	7.12265577785371	-0.1065998874631	0.915111617031267	0.976834253447399	-6.04879111212619
ENSMUSG00000032431	-0.024272765359977	7.28652030732835	-0.673012856666038	0.50097699795524	0.792385062990411	-6.04885861109078
ENSMUSG00000008318	0.0070023336600471	7.2051201395673	0.191798964761188	0.847909168689396	0.955841204093477	-6.04889604870797
ENSMUSG00000025092	0.00636623682472859	7.19800648726138	0.220298695271416	0.825649491570726	0.948759397693324	-6.04897844686421
ENSMUSG00000031026	0.00883603826919632	7.36491688060906	0.861207282458484	0.389174191658672	0.722105336048759	-6.04910519964708
ENSMUSG00000026915	0.0204746784911389	7.4158138880638	1.12498017358501	0.260663211305719	0.613980510577299	-6.04930556543045
ENSMUSG00000035576	-0.00593520775024281	7.35156872289276	-0.881552095258147	0.378070685516862	0.714110107862583	-6.04967329451707
ENSMUSG00000026393	0.026391941363781	7.43196013698613	1.09701486779663	0.272699242568255	0.626809570238688	-6.04977251572604
ENSMUSG00000037523	0.016289655577892	7.15965748416737	0.376374090254523	0.706658257331287	0.900736570296579	-6.0498353533402
ENSMUSG00000030655	-0.00913775615402557	7.33930726071577	-0.895913997012197	0.370351232517113	0.709320290781525	-6.04991109924254
ENSMUSG00000046519	0.0067142696908391	7.26246982112329	0.198350383761798	0.842780756589956	0.954030349657395	-6.05008897791843
ENSMUSG00000044792	0.00918794256119781	6.37491338870031	0.200309488427401	0.841248465284713	0.953410239265246	-6.050159906949
ENSMUSG00000028631	0.0165552409672785	7.32711156825112	0.441207943280275	0.659085700598427	0.877651232756664	-6.05028087659948
ENSMUSG00000049755	-0.0195690221459914	7.37691260432525	-1.0719825601906	0.283790885211782	0.637074609328988	-6.05034759193006
ENSMUSG00000035413	-0.00399964634709526	7.17519368043034	-0.118523460129893	0.905658707020343	0.973513101544582	-6.05043246231713
ENSMUSG00000039316	-0.0104184158265985	7.19583582809027	-0.284413814903943	0.776107619443496	0.928737878281616	-6.05048742949616
ENSMUSG00000021275	0.0155534834908	7.47195367413014	1.20956466123352	0.226515641688418	0.576623933535781	-6.05058128839646
ENSMUSG00000064916	-0.00185511944393557	7.2113951160478	-0.0598874308705492	0.952248205938996	0.988407684590484	-6.05092036523657
ENSMUSG00000028063	-0.0118377209112976	7.19135277102144	-0.335290837488926	0.737422838369207	0.91383966991822	-6.05107486014637
ENSMUSG00000050556	0.0082074673732313	7.338402077855	0.823028553781629	0.410539565759037	0.739148546935209	-6.05120182672825
ENSMUSG00000026674	0.0228230512191843	7.2630361108582	0.736314925688668	0.461581140326222	0.767772923634268	-6.05120270002649
ENSMUSG00000040747	-0.0130445322634731	7.35093177460721	-0.856231524214944	0.391919707660442	0.724127472943619	-6.05163211130098
ENSMUSG00000029778	0.0253182029788261	7.48236951836117	1.20785117010552	0.227174099590928	0.577541054238479	-6.0521632193305
ENSMUSG00000018068	0.0198740157522632	7.54228412285026	1.37877927891764	0.168037945372044	0.510134004333671	-6.05220725081714
ENSMUSG00000090262	0.00410962054208674	7.18876175571406	0.13839880970208	0.889932026349099	0.968181881200168	-6.05229130423012
ENSMUSG00000027799	0.0196559140973873	7.43339263831039	1.03859455115711	0.299054513887975	0.651936396876396	-6.05257400178569
ENSMUSG00000040811	0.027650093594465	7.45257638109917	1.08128862541967	0.279632265472763	0.632727143330762	-6.05259940521251
ENSMUSG00000079108	-0.00221427846044442	6.44424038243426	-0.052017597575335	0.958517202649733	0.990454418916107	-6.05283455854367
ENSMUSG00000045822	0.019715110935687	7.35082588372432	0.72228515023785	0.470160325732334	0.772919922045469	-6.05298649714686
ENSMUSG00000041653	0.0149445243511206	7.47007738214825	1.16132914656402	0.245575597149728	0.59754378071716	-6.05299444569589
ENSMUSG00000074252	0.0377653895597598	7.44455506080251	1.09074025279778	0.275451214141259	0.628820939775583	-6.05321968011222
ENSMUSG00000022973	0.0178464976864072	7.28186945400937	0.6192399320308	0.535792674824835	0.814246889834066	-6.05331958210013
ENSMUSG00000034118	-0.00341737072435322	6.30122962496644	-0.0632800176052754	0.949546608597541	0.987114930176772	-6.05332402043059
ENSMUSG00000039904	-0.00911186037815614	7.21197562037373	-0.215617028108545	0.829296994073381	0.949445170012688	-6.05339809507438
ENSMUSG00000024287	0.0148288650922934	7.4858871058991	1.15767725582756	0.247063124829768	0.598283875539617	-6.05363336955684
ENSMUSG00000055958	0.0131653262077531	7.40501781608094	1.02174484868183	0.306961889909597	0.657574546278134	-6.05367270673681
ENSMUSG00000022620	-0.00566729209469941	7.20467703067377	-0.229431635854795	0.818544880708825	0.946104382228497	-6.05381227085071
ENSMUSG00000020101	0.0290357305298699	7.26054277659565	0.627113846281139	0.530619489419027	0.811222054006539	-6.05398763800283
ENSMUSG00000027297	0.0269505010902504	7.3798514675134	1.04612350214892	0.295565611944928	0.649287156524715	-6.05408816920378
ENSMUSG00000010307	-0.00696118963668457	7.18468872585514	-0.219286399516764	0.826437858504554	0.948759397693324	-6.05421315486433
ENSMUSG00000037363	-0.031148712568819	7.29673222307009	-0.915769747073985	0.359841468233887	0.702987121947413	-6.05425884585727
ENSMUSG00000014498	0.00649259277139258	7.41983152633005	1.0397657857717	0.298509967450048	0.651918746681365	-6.05440355485584
ENSMUSG00000050896	-0.0103022412721101	7.16247201056943	-0.206954423977677	0.836055717268935	0.951262455079911	-6.05444958758015
ENSMUSG00000084530	-0.0116632469698086	7.44539899779149	-1.14720352083417	0.251364376952398	0.60332991815164	-6.05459994094366
ENSMUSG00000021536	-0.00385037650238029	7.16873614150695	-0.155139086930127	0.876719296015532	0.964478537331763	-6.05468708584487
ENSMUSG00000040721	-0.00676123261631023	7.36998703508585	-0.939805205224598	0.347372786405687	0.690568949866319	-6.05491200667883
ENSMUSG00000049439	0.0203883885827061	7.29421082121975	0.541912102184529	0.5879084730159	0.839996253994779	-6.05506879498228
ENSMUSG00000021690	-0.00242577022718304	7.15070456893894	-0.0891114537247253	0.928997682115091	0.981312870854759	-6.05516845777171
ENSMUSG00000039849	0.0244954556520867	7.39198290708307	1.03392723067248	0.301231092199837	0.653559153151767	-6.0553308682654
ENSMUSG00000025588	0.0347362449847139	7.40930234515069	0.979579407427306	0.327351502538425	0.673786499379986	-6.05587395712314
ENSMUSG00000034799	-0.0027207726086651	7.20703320968573	-0.390634370755387	0.696087787413577	0.896103807618244	-6.05599879796368
ENSMUSG00000035868	0.0111389312450632	7.26065638242938	0.416879307161182	0.676788488649204	0.886645891304079	-6.05602229703432
ENSMUSG00000020866	0.00439338767820008	7.25097641424795	0.555340431401793	0.578692091007604	0.836272738637799	-6.05628804604964
ENSMUSG00000041378	-0.0103904456337274	7.13403190120336	-0.277910240067518	0.781095259331061	0.931197576062504	-6.05637520796531
ENSMUSG00000030753	0.0171281915915094	7.33715531384801	0.765118563163499	0.444244932867154	0.758231808570124	-6.05642416089466
ENSMUSG00000079157	-0.00840999215343885	7.24436256299353	-0.170588761108999	0.864555543095906	0.960320761039318	-6.05657568422435
ENSMUSG00000051401	-0.00166895665742395	7.16015366965134	-0.102157481265736	0.918636665976199	0.977887241480402	-6.05704746443051
ENSMUSG00000048696	0.00267835545861228	7.18982317762187	0.0694692447831269	0.944619496418291	0.985878735017123	-6.05718117810443
ENSMUSG00000000916	-0.00682762676704396	7.14790482107036	-0.21730987023272	0.827977665843591	0.948759397693324	-6.05761004732515
ENSMUSG00000059995	0.0139771866167928	7.1834574824839	0.435934539042383	0.662907148508883	0.880252193882836	-6.05778114387351
ENSMUSG00000054920	-0.0138904873301309	7.24077187498176	-0.358200925647725	0.72021137343307	0.906886867523178	-6.05796929549506
ENSMUSG00000047879	0.0163358352088174	7.31927126612155	0.717942640815798	0.472833511568346	0.774516944526234	-6.05802368210232
ENSMUSG00000021938	0.0156636262541809	7.27873455196969	0.406736115538723	0.684223017339903	0.890041061634443	-6.05832265777221
ENSMUSG00000040713	-0.0102358286336663	7.21085180628439	-0.30256228848932	0.76223878773741	0.92382968133862	-6.05850149380709
ENSMUSG00000018858	0.0106006184763201	7.25054657800717	0.419546130385012	0.674839003953102	0.885775654042614	-6.05860378049712
ENSMUSG00000029869	-0.00614472244589592	7.20308396662322	-0.288015685854647	0.773349272256865	0.92782924578828	-6.05866405966905
ENSMUSG00000032105	0.012509304457673	7.33455774988148	0.678886680141197	0.497247939560753	0.790211384384904	-6.0586797252583
ENSMUSG00000036278	-0.0124846576611679	7.30545509157376	-0.55549202671315	0.578588434054932	0.836272738637799	-6.05868826685566
ENSMUSG00000017667	0.00164211918881829	7.22969393285486	0.0558802467188042	0.955439926677436	0.989845709464926	-6.05869962485753
ENSMUSG00000078584	0.000970568165463703	7.15723006958883	0.0551281785595464	0.956039029921324	0.989845709464926	-6.05898684850714
ENSMUSG00000085397	-0.0245694559242668	7.38416190551624	-0.889608898378164	0.373728058228562	0.711716751189313	-6.05906236327029
ENSMUSG00000030518	0.00654457464454516	7.16789988099131	0.144572729831437	0.885055326890292	0.966450162259807	-6.05935926474676
ENSMUSG00000035629	-0.00224057925210275	7.16555604719486	-0.175679090895304	0.860554728294077	0.958859385783292	-6.05949363897539
ENSMUSG00000039976	-0.00185993721916322	7.15993713439142	-0.085658643262547	0.931741956712053	0.982560572123385	-6.05958872900513
ENSMUSG00000002365	-0.0286271947943284	7.24441205181672	-0.768158293810775	0.442437335206873	0.757580506151556	-6.05965166861141
ENSMUSG00000030786	-0.00179535503271833	7.19382917513855	-0.0324649389224025	0.974102854360647	0.993930950840525	-6.05975346562259
ENSMUSG00000038366	-0.00827456790835335	7.17288271076968	-0.268158847764802	0.78859052425918	0.934057807446228	-6.05976636235275
ENSMUSG00000049526	-0.015531977299645	7.19066963943784	-0.331609237309955	0.740201272415048	0.914975437062896	-6.0600113518392
ENSMUSG00000035958	0.00262492407152415	7.19798020067894	0.146045468397479	0.883892665846921	0.966125168729818	-6.06009913408832
ENSMUSG00000036053	-0.0244397741580098	7.41019462861273	-1.03521990493376	0.300627206863451	0.653085029747583	-6.06085213058863
ENSMUSG00000086034	0.00038245548507998	7.24565597993261	0.00883461453545173	0.992951518471739	0.997956759632309	-6.06136930964431
ENSMUSG00000060279	0.00978874020212039	7.24411512757638	0.51167300033144	0.608907408842932	0.85135265021063	-6.06140029514123
ENSMUSG00000065475	0.0210002300960861	7.41520401288684	1.15836557194995	0.246782270721495	0.59801144351064	-6.06146249485362
ENSMUSG00000019970	0.00273488713062608	7.06545131418164	0.0691376885090303	0.94488338928721	0.985878735017123	-6.0614755610807
ENSMUSG00000057177	-0.00196617468913907	7.15116059827667	-0.0628590101165422	0.949881835958917	0.987312015634085	-6.06194520541132
ENSMUSG00000088625	-0.0210073786251508	7.41664805484781	-1.10470891182733	0.269350489094481	0.623235522614145	-6.06195513959242
ENSMUSG00000028573	-0.0181469731500528	7.28728497655137	-0.48677038010842	0.626447052156222	0.861221773791732	-6.06254924844721
ENSMUSG00000033728	0.00396650586421377	7.11885454903327	0.124345195440199	0.901048052609968	0.972024944087042	-6.06266536894113
ENSMUSG00000040029	-0.0144198870648298	7.21447896615656	-0.529419092514711	0.596543385844002	0.843371764887694	-6.0626732555588
ENSMUSG00000021779	0.00132154048418442	7.18523489006293	0.0321533012866581	0.974351360303884	0.993930950840525	-6.06282562241421
ENSMUSG00000070808	0.00857374742196892	7.37301515431856	0.979812422221643	0.327236461738581	0.673651981210398	-6.06300720211985
ENSMUSG00000025402	0.00749692197458884	7.16195577829014	0.226235891803429	0.821029220657332	0.946793045920254	-6.06306028311932
ENSMUSG00000024810	0.00636482226039004	7.18437251389818	0.217367708578589	0.827932597682715	0.948759397693324	-6.06323689595449
ENSMUSG00000029168	-0.0171103569755555	7.33159681956409	-0.80607648127723	0.420245445985518	0.745477921846349	-6.06350290966052
ENSMUSG00000005417	0.0074775551778794	7.29000628186817	0.719810891708311	0.471682418791448	0.773517601562113	-6.06356425403758
ENSMUSG00000029179	-0.0205843692433403	7.23915421058854	-0.483975141364607	0.628429329469522	0.8617177477342	-6.06357275833366
ENSMUSG00000088929	-0.0233785501111505	7.48609203202637	-1.36665782322506	0.17180743209356	0.513134845642916	-6.06391702223031
ENSMUSG00000038773	0.00883121887787297	7.56680782234085	1.39439791373873	0.163272939248441	0.506093852384628	-6.06399287702797
ENSMUSG00000039239	0.0116044827366375	7.20887369345017	0.338295682356687	0.735157678205047	0.913087926081351	-6.0644888425639
ENSMUSG00000046792	0.0219637506148747	7.24862540098247	0.508079353568782	0.611424994666834	0.853320881160837	-6.06475654098968
ENSMUSG00000042726	-0.01726091168024	7.28843455307116	-0.668579340178988	0.503801449416674	0.793879596837665	-6.06528656658725
ENSMUSG00000078794	0.0180475823842476	7.20949772797955	0.360503204364843	0.718489409840569	0.906418481308127	-6.06536571720419
ENSMUSG00000058571	-0.0308097356630634	7.33445027622514	-0.90064061631972	0.367832267552896	0.707517484394189	-6.06613224281775
ENSMUSG00000001632	-0.0109996440404858	7.31436147563055	-0.742941069004693	0.457559874820938	0.766270436245078	-6.0663542849987
ENSMUSG00000052560	-0.0124201466392178	7.28938560170532	-0.325337648219823	0.744942121315781	0.917106727550975	-6.06651705178594
ENSMUSG00000021448	-0.0150067645947232	7.4608186673732	-1.16295998642263	0.244913339432052	0.596896468815344	-6.06664658251838
ENSMUSG00000098176	-0.00536252531894732	7.2554555009302	-0.177025185645537	0.859497340495812	0.95850175601806	-6.06664808246384
ENSMUSG00000036218	0.00334517254453726	7.20993645522798	0.10101787563042	0.919541203652968	0.978057562225001	-6.06674175912403
ENSMUSG00000003680	-0.01197227766525	7.18906663251153	-0.339748888492796	0.73406302384656	0.912462544077999	-6.06723179293155
ENSMUSG00000051444	0.0119045103088204	7.07645044952112	0.197213078102313	0.843670560845534	0.954203794222336	-6.0675119497608
ENSMUSG00000034164	-0.0257111083134394	7.19865669862288	-0.507074567534084	0.612129737587914	0.85365716747757	-6.06756274892121
ENSMUSG00000070565	0.0131955832033928	7.50709889896229	1.27111095454783	0.203761203527963	0.550503484099526	-6.0675913566291
ENSMUSG00000060519	0.00805431317999261	7.19452447667727	0.237813151482598	0.812037886970687	0.943561203205458	-6.06768388868441
ENSMUSG00000053644	0.0310756892789215	7.34289934725241	0.678044451344893	0.497781727429059	0.790272208487492	-6.0678254760956
ENSMUSG00000089255	0.0158375469938052	7.29255413979142	0.808942103089069	0.418595332883222	0.744532209581135	-6.06797631166442
ENSMUSG00000030519	-0.0152253064517005	7.2354057908365	-0.350798758494811	0.72575733018164	0.908906141012624	-6.06803795785092
ENSMUSG00000026096	0.0169020383124581	7.40518776142263	0.901737544733714	0.367249209179838	0.707267724156284	-6.0681397033136
ENSMUSG00000021007	0.0179932154300149	7.34109988138129	0.62424786395826	0.532499508791251	0.812472241750144	-6.06816247784236
ENSMUSG00000040865	-0.011530287918184	7.28983575055135	-0.735642045651446	0.461990598404563	0.767962752030265	-6.06841241895023
ENSMUSG00000022594	-0.0103639709791299	7.18872691522208	-0.382704182013895	0.701958928080013	0.898704320385911	-6.06865059764013
ENSMUSG00000051359	0.00820080554947999	7.19198675746599	0.191095724225516	0.848460048297078	0.95588549580411	-6.0688144393519
ENSMUSG00000056870	0.0212737058438792	7.46692640066924	1.08054645141507	0.27996239363042	0.632727143330762	-6.06883868066997
ENSMUSG00000060538	-0.000840654569437937	7.24631325511407	-0.0229341866219576	0.981703885308869	0.995951388069649	-6.06898895657974
ENSMUSG00000033061	0.00533594880117061	7.25838869043957	0.294449058587295	0.768429673094469	0.926294630142221	-6.06911393977241
ENSMUSG00000070822	0.0178480613417857	7.38804526604124	0.778408880120921	0.43637287170775	0.754058551441967	-6.06917731582013
ENSMUSG00000022946	0.00983451379345723	7.31378955268976	0.704467402567082	0.481181707714102	0.780404481108543	-6.069207534774
ENSMUSG00000078496	-0.000258324408869193	7.19671956600894	-0.0118568095095206	0.990540432605418	0.997874037396135	-6.06928717516108
ENSMUSG00000003435	0.00556244248690341	7.25892220378641	0.485533371353452	0.627323960026486	0.861466448905004	-6.06943239104615
ENSMUSG00000002546	0.00852767144473354	7.25384603644198	0.40258763559645	0.687272570888877	0.891678613981952	-6.06973600217091
ENSMUSG00000050064	0.00428057870800203	7.18154843423561	0.0924237143601905	0.92636590891075	0.980305104044017	-6.06974785549292
ENSMUSG00000044847	0.00439098878820676	7.15075941488887	0.0994651577281385	0.920773807802596	0.978511622996363	-6.0701254662626
ENSMUSG00000087610	-0.0110016024324766	7.04470369393816	-0.264661896169924	0.79128322128896	0.935785744618837	-6.07053916549952
ENSMUSG00000059495	-0.00919636590817152	7.38718500138103	-0.974421142995748	0.329904893652033	0.676372379878159	-6.07055244313951
ENSMUSG00000038244	-0.0133696346709522	7.18196737423396	-0.327553061885869	0.743266320533884	0.916276120549045	-6.07058679868613
ENSMUSG00000000743	-0.00892161242583001	7.15586115830596	-0.297143397346603	0.766372068705967	0.925160048750379	-6.07098247341587
ENSMUSG00000049907	0.0017087835570857	7.19389721172229	0.0461847773518356	0.963165222076322	0.991162469629763	-6.07098527600279
ENSMUSG00000025537	-0.0197938593251061	7.22665569863703	-0.43623756308248	0.662687318755213	0.880164054436048	-6.07110502912532
ENSMUSG00000053025	0.00814297544626541	7.16837945938272	0.195282205371838	0.845181692057722	0.954516733104422	-6.07120705619424
ENSMUSG00000073599	-0.0225828439677143	7.32332260651244	-0.406471130914919	0.684417654637794	0.890041061634443	-6.07124894653758
ENSMUSG00000015093	-0.0130165543113359	7.37338064157951	-0.839162221020927	0.401427150764861	0.732140967559959	-6.07135339288183
ENSMUSG00000046897	0.0207686061591748	7.24073356265727	0.451220518942491	0.65185445821064	0.873986759346443	-6.07141721181474
ENSMUSG00000022336	0.00399695059533745	7.23096322319649	0.159016049809978	0.873664051683511	0.963489280358309	-6.07146628732603
ENSMUSG00000032869	0.0090693678642717	7.27124847762061	0.265339694209564	0.790761112419489	0.935526977502917	-6.07150743304273
ENSMUSG00000031543	0.00567357904335175	7.24394350387547	0.526133447707566	0.598823914405933	0.844342806401936	-6.07169698412014
ENSMUSG00000037166	-0.00844672668404467	7.22392416497743	-0.285763632154806	0.775073583435374	0.928718307045232	-6.07173383420785
ENSMUSG00000067586	0.000411819671444213	7.21991155799019	0.0114284134187559	0.990882199242856	0.997874037396135	-6.07184110295359
ENSMUSG00000074345	0.00996064120670415	7.20571400370759	0.278792813227619	0.78041787382631	0.930762274220365	-6.07196871456458
ENSMUSG00000040322	0.00269415534457629	7.22713477334784	0.0673148761783941	0.946334312674045	0.986115720340959	-6.0721818451357
ENSMUSG00000042548	0.0209986365347898	7.53868996466829	1.32537321725439	0.185121156743136	0.528699409372581	-6.07221892510783
ENSMUSG00000022718	0.0260260358101325	7.35950438020837	1.00603954363741	0.314455847553015	0.66304702661334	-6.07262367918694
ENSMUSG00000034295	-0.0113393201855541	7.23105033068323	-0.32067270487146	0.74847475756172	0.917963991585129	-6.07263214959895
ENSMUSG00000050121	-0.0156208201112831	7.32472280048852	-0.396616164520136	0.691671147833568	0.894379895453339	-6.07275515787463
ENSMUSG00000041309	-0.01665003558207	7.34538510649297	-0.66858599844865	0.503797201351127	0.793879596837665	-6.07287095608417
ENSMUSG00000021972	-0.00357838765184582	7.13789339600059	-0.146955333812494	0.883174492742317	0.965931050733836	-6.07324664507901
ENSMUSG00000022235	-0.0078637702385409	7.19442653387302	-0.241624304362017	0.809083356997765	0.942806373371354	-6.07339439488152
ENSMUSG00000046160	0.00148122136622497	7.17354919341177	0.0262525305770159	0.979057193081242	0.995136125736754	-6.07344119235813
ENSMUSG00000005951	0.0183745821319592	7.26310478148279	0.351503765816177	0.725228488972503	0.908579546617002	-6.07365938015071
ENSMUSG00000041961	0.0199942744725794	7.38788609223563	0.901494839832483	0.367378166229877	0.70733684727029	-6.07434358682094
ENSMUSG00000029334	0.000118805385914911	7.1742538579607	0.00507076519103416	0.995954378486593	0.998657956786442	-6.07438544900941
ENSMUSG00000026288	-0.020500672705035	7.29130695048895	-0.81561668457813	0.414766726537706	0.742168045189154	-6.07441750654378
ENSMUSG00000035759	0.0218908447590938	7.39472705127177	1.06069451062625	0.288891159848179	0.642203507123148	-6.07442385112998
ENSMUSG00000036908	-0.0287215286559643	7.33633882633007	-0.744969857144294	0.456332591943295	0.765282668852121	-6.07482632850302
ENSMUSG00000049630	0.0250558368095097	7.31663316155017	0.789737429531928	0.429726743219299	0.74974072636305	-6.07542908354602
ENSMUSG00000062542	0.00491600188924757	7.24439270499621	0.16438183711249	0.869438654472504	0.961688139329499	-6.07545350889078
ENSMUSG00000016503	-0.00812588321159424	7.25410830481908	-0.185906240921911	0.852527473763101	0.957095134493614	-6.07569016556335
ENSMUSG00000039199	-0.0180883968494285	7.27327499251021	-0.629931702547995	0.528774331441659	0.810406586608797	-6.07572501663525
ENSMUSG00000033233	-0.00649280775850247	7.25079285066406	-0.173458111415818	0.862299903745947	0.959463446449532	-6.076391483714
ENSMUSG00000028737	-0.0162320211837441	7.24198764819642	-0.428976393263437	0.667962915734169	0.882846676888659	-6.07643121214785
ENSMUSG00000019975	0.0201571671185121	7.30150547256713	0.611400419456057	0.540968381926347	0.816741809273748	-6.07648690046992
ENSMUSG00000003660	-0.00100673433728371	7.1927500568399	-0.051290601589082	0.959096452717625	0.990454418916107	-6.07726087141115
ENSMUSG00000103183	-0.0190881164387386	7.2974592662934	-0.867400460581344	0.385773332374797	0.719272739196018	-6.07748931360255
ENSMUSG00000059248	-0.00948749608543853	7.17274869598743	-0.205725484972763	0.837015551887842	0.951404688338307	-6.07757832289351
ENSMUSG00000039701	-0.0119921009051609	7.26201690923948	-0.487374083653137	0.626019282082297	0.860808258262859	-6.07773309861791
ENSMUSG00000018322	0.0110438718470842	7.20937102747145	0.333104931086744	0.739072089262939	0.914681824393147	-6.07779010474505
ENSMUSG00000002578	0.00690786637269802	7.25045882448693	0.418073152746566	0.675915502164507	0.886358678629112	-6.07783597315067
ENSMUSG00000020733	-0.0110370799178909	7.16184137459857	-0.273024102915509	0.784848422114325	0.932529889472296	-6.07801844194439
ENSMUSG00000096795	0.0164706722989694	7.43159786328807	0.965844520018632	0.334178885565022	0.680039233261323	-6.0781390442381
ENSMUSG00000022957	0.00283425570207374	7.19636448605426	0.251750849306926	0.801246253210214	0.94068402244898	-6.07815541347434
ENSMUSG00000070282	-0.0209909757549651	7.3795536240796	-0.964200888324063	0.335002017284003	0.680310023978583	-6.07863109603289
ENSMUSG00000020381	0.00906091343243354	7.23889096895982	0.246242257484942	0.805507017779368	0.941877028637574	-6.07891418872174
ENSMUSG00000064065	0.00605881816844445	7.19728731477191	0.204110986426607	0.838276887666289	0.951713116980368	-6.07900897364736
ENSMUSG00000006241	-0.010492381894128	7.4266561846167	-1.08365617245776	0.278580920944924	0.631605372269444	-6.07902909600556
ENSMUSG00000069227	0.0141250880922037	7.27637867616564	0.395284198128603	0.692653699990248	0.894823880053765	-6.07911957126443
ENSMUSG00000028282	-0.00365713946779778	7.19688439538399	-0.115475349933996	0.908074005964627	0.974409764374231	-6.07913612406229
ENSMUSG00000018727	-0.0027989731268443	7.15459727452593	-0.129709375877946	0.896802719652522	0.969992123897	-6.07914500872188
ENSMUSG00000038685	0.0230070261277291	7.45278519471288	1.08383056385089	0.278503586379599	0.63153564544817	-6.07921162216905
ENSMUSG00000020151	0.0131554120876363	7.25928711503745	0.319056495266135	0.749699906964107	0.918341319714832	-6.07981609234365
ENSMUSG00000097093	-0.0230994184654527	7.38642443512805	-0.802201119923879	0.422483067622517	0.746210442455371	-6.07984315994032
ENSMUSG00000070737	-0.02197547669188	7.34204367292579	-0.725518163670107	0.468175565173602	0.771871824345573	-6.08008641961031
ENSMUSG00000038143	0.00950685439681109	7.28615671070285	0.622128654216436	0.533891828155224	0.812757954096973	-6.08009374171642
ENSMUSG00000089917	-0.0042501773822563	7.17152641476954	-0.138523069309322	0.889833833568237	0.968181881200168	-6.08028849861306
ENSMUSG00000025427	0.0099092841606323	7.18188831786217	0.3612108274927	0.717960437761171	0.906172743917888	-6.08074500556156
ENSMUSG00000010936	0.00553831570187047	7.27285298928846	0.227789669675545	0.819821103072129	0.946422543075948	-6.08101180955747
ENSMUSG00000016346	0.00861415977847368	7.29562347346301	0.738137340769013	0.460473190976542	0.767555671952556	-6.08123456831955
ENSMUSG00000103103	0.0173298747148198	7.51367240437537	1.27596035164507	0.202041728791435	0.548458098163871	-6.08134145139004
ENSMUSG00000050088	0.0118535750747464	7.4416139475162	0.949674008566381	0.34233382870497	0.687303724208794	-6.08147564927538
ENSMUSG00000018599	-0.000825504917621345	7.20185529186494	-0.0324175344114887	0.974140655482827	0.993930950840525	-6.08158903067447
ENSMUSG00000090129	-0.0149552036852167	7.24579509106922	-0.462364427568931	0.643844510445032	0.870258382375295	-6.08159612785315
ENSMUSG00000042751	-0.00515103392727667	7.22161693779082	-0.1530224436904	0.878388097540295	0.964478537331763	-6.0819056320983
ENSMUSG00000006740	0.0119141950192168	7.25756190219116	0.341945403360002	0.732409484909626	0.911687304366678	-6.081957554477
ENSMUSG00000040387	0.0167725880039651	7.34208995879289	0.586816742197671	0.557359061945722	0.823856673523524	-6.08197110875513
ENSMUSG00000055799	0.00662575567386181	7.17822690980307	0.130947206456105	0.895823487751144	0.969474365176405	-6.08213873101444
ENSMUSG00000087120	-0.0267275418483388	7.36467186131194	-0.799870927792927	0.423831868489154	0.746685340137364	-6.08231793982086
ENSMUSG00000038122	0.00287587780030041	7.22582731367417	0.0796775410080179	0.936497606312921	0.984155212529857	-6.08250690073003
ENSMUSG00000046613	0.0198492817200444	7.30072774480329	0.645564114618233	0.51859776675196	0.804203193597514	-6.08255198743093
ENSMUSG00000005103	0.0305654107599551	7.46521975542691	1.08111962929658	0.279707413748806	0.632727143330762	-6.08283071392205
ENSMUSG00000034910	-0.000493869525266533	7.20798738436359	-0.0225248673075377	0.982030370610332	0.995951388069649	-6.08286046934296
ENSMUSG00000023345	-0.0189925812619656	7.28372492807589	-0.616368482784984	0.53768552885732	0.815468122236527	-6.08288901397148
ENSMUSG00000074259	0.0135678186446579	7.37487593004333	0.937161563606466	0.34873059152333	0.692455969518645	-6.08293830270401
ENSMUSG00000020940	0.00223872216650456	7.23777235279852	0.0524406081338935	0.958180169731929	0.990421366937477	-6.08300696922766
ENSMUSG00000031864	-0.00465555561051101	7.17218527878046	-0.183011337483706	0.854798161073284	0.957977096594727	-6.08318909552022
ENSMUSG00000019826	0.00406354672240283	7.25071817335642	0.0937715928294491	0.925295174387985	0.979808787952754	-6.08363275346943
ENSMUSG00000048154	0.0031363419205368	7.20142576136181	0.283864410094979	0.776528608274643	0.928737878281616	-6.08367351401758
ENSMUSG00000017144	0.0069220160729131	7.26351595656295	0.282239245785676	0.777774296326929	0.929077899542344	-6.08413363432307
ENSMUSG00000020385	0.0131222627894383	7.52024574505359	1.42371857046835	0.154603960596588	0.49613257675398	-6.08435853652192
ENSMUSG00000043895	-0.0223069349927085	7.15825883013073	-0.407327698302336	0.683788561923052	0.88996883196244	-6.08448301683277
ENSMUSG00000045691	0.00241369155659221	7.2736049334532	0.0809551714539442	0.935481550092825	0.983655875303127	-6.08474143093947
ENSMUSG00000050854	-0.0189972546539829	7.28887979302749	-0.517799735386823	0.604625907096608	0.848955887367007	-6.08478578241389
ENSMUSG00000026424	0.0258383347657798	7.24282574922112	0.53368582286052	0.593587816081655	0.841999283728157	-6.084906000364
ENSMUSG00000032125	0.0119168979375823	7.2011463819032	0.234699428286207	0.814453737509355	0.944497712988138	-6.08497268793715
ENSMUSG00000004151	0.0198148357936301	7.25634512459289	0.540584852116781	0.588823091244163	0.840431989797701	-6.08506090275869
ENSMUSG00000067370	-0.00179867422693381	7.22924086629027	-0.0900613319209524	0.928242870928849	0.980948602376853	-6.08509226418596
ENSMUSG00000025407	-0.0182533659448341	7.42260647287883	-1.12923082490166	0.258866459794983	0.611771557987088	-6.08531427880839
ENSMUSG00000013465	-0.000646675911206707	7.19834234770789	-0.0207344842575643	0.983458468230334	0.995951388069649	-6.08538167654161
ENSMUSG00000019984	0.014718302053458	7.56099272899472	1.41020833094808	0.15855394453258	0.50016930367901	-6.08566347516101
ENSMUSG00000020492	0.00806255242357334	7.27737582461165	0.440862205941924	0.659335972950145	0.877862822474522	-6.08597868054769
ENSMUSG00000004768	-0.00469733678616979	7.18128787413422	-0.20553653834521	0.837163145882579	0.951404688338307	-6.08621461777082
ENSMUSG00000029569	0.00858325504284974	7.32930458989586	0.608102702133064	0.543153003493045	0.81723098672275	-6.08645901023888
ENSMUSG00000033128	-0.00445821457260998	7.13164821309546	-0.101149865507744	0.919436434146285	0.978057562225001	-6.08658648920635
ENSMUSG00000035284	0.0100853394679055	7.45755676057667	1.09186174426234	0.274957954898646	0.628377789902899	-6.08666929386423
ENSMUSG00000036503	-0.00635646720718874	7.26946371348458	-0.439965792853587	0.659985046137241	0.878123381308018	-6.08679458090243
ENSMUSG00000079470	-0.0108235983445093	7.19567313734599	-0.254877791036989	0.798830258312289	0.938975424993299	-6.08680249941602
ENSMUSG00000022469	0.00498388056983234	7.11924942231099	0.117174144272628	0.906727788137216	0.973790101035815	-6.08716103126536
ENSMUSG00000021680	0.0073238313287991	7.18853292054038	0.169442986783126	0.865456563115119	0.960524749610127	-6.0876157048584
ENSMUSG00000078878	0.0179001867999666	7.4959864290536	1.23452913687401	0.217076462567342	0.565797161733152	-6.08761930216767
ENSMUSG00000014550	0.00575224051625689	7.24284454344626	0.254702787394732	0.798965422173939	0.938975424993299	-6.08762583807297
ENSMUSG00000071291	0.00270932059676365	7.22282397848307	0.135865029976169	0.89193464326032	0.969041273395506	-6.0876722285624
ENSMUSG00000039031	0.027656566136292	7.24996516658738	0.675459277627526	0.499422062852655	0.791393680242672	-6.08778534354731
ENSMUSG00000021978	-0.00369323368894481	7.19372711755843	-0.259694220352433	0.79511267485947	0.9373290931157	-6.08799321034805
ENSMUSG00000045007	0.0174310798131883	7.3321734699681	0.604826967469627	0.545327404594978	0.817870459236583	-6.08814387988757
ENSMUSG00000074923	-0.00791901161861297	7.20970353913506	-0.419194879380057	0.675095648867249	0.885883353401293	-6.08822172858907
ENSMUSG00000019856	-0.0215028533108033	7.3021146151518	-0.674916129829517	0.499767063785163	0.791570309672809	-6.08831083401484
ENSMUSG00000086719	0.0273310771347735	7.46619768791699	1.27103161899158	0.203789422237463	0.550503484099526	-6.08832292553391
ENSMUSG00000020282	0.0225441586407307	7.37914301270564	0.881926196427244	0.377868358726442	0.71408013361058	-6.08837335525999
ENSMUSG00000032562	-0.0140832963502149	7.24681907424659	-0.3492537206823	0.726916753621471	0.909434100359869	-6.08886792417452
ENSMUSG00000094508	-0.0301888862594444	7.25717861180981	-0.808200040792081	0.419022268723127	0.744532209581135	-6.08914819784478
ENSMUSG00000030814	-0.0127574949125178	7.20986315321361	-0.243082651177844	0.807953516367081	0.942326515620588	-6.08924765992165
ENSMUSG00000036504	0.00889921838052476	7.09905807116617	0.215626116211817	0.829289909907711	0.949445170012688	-6.08950052653577
ENSMUSG00000028671	-0.0177262352032246	7.36285548256757	-0.85883170338689	0.390483521421225	0.72275434586061	-6.08960533990044
ENSMUSG00000021794	0.0221637753483961	7.36645206447608	0.902204338088113	0.367001265943582	0.707192035767919	-6.08961689988052
ENSMUSG00000046178	0.0166452390001615	7.27463204168587	0.504861755641544	0.613683038934437	0.854758119519809	-6.0896558555681
ENSMUSG00000062012	-0.0149538664304742	7.32620342790648	-0.68918840811689	0.49074366426711	0.785953109444841	-6.08973647151394
ENSMUSG00000052751	0.00955622860843253	7.2126296909315	0.318523747278268	0.750103889200012	0.918442023821346	-6.08985057172433
ENSMUSG00000023755	-0.00863936711594349	7.22575058173051	-0.330000703037441	0.741416270447972	0.915160396461544	-6.08993371039181
ENSMUSG00000017670	0.00703937897561691	7.23226693192549	0.441211893463213	0.659082841360485	0.877651232756664	-6.08994299921133
ENSMUSG00000039620	0.0185495853953528	7.36696223028395	0.583605102467148	0.559518090990281	0.825277010187797	-6.08994427130914
ENSMUSG00000085385	0.0149524810345243	7.459399269234	0.996757569071602	0.318940951281886	0.666174249811657	-6.09004765035117
ENSMUSG00000068329	0.0231300430801511	7.34549991202389	0.858266608088145	0.390795374479678	0.722845374465659	-6.09006204860329
ENSMUSG00000075590	-0.0132896256050241	7.44313203132935	-1.10002350652493	0.271386386393722	0.626108729175228	-6.09011430408477
ENSMUSG00000054910	7.29529723146882e-05	7.15357577712392	0.00167427158137159	0.998664206536337	0.999218155524858	-6.09011614282385
ENSMUSG00000099839	0.0132192359885153	7.33759625451225	0.557230742170125	0.577400170087081	0.83578246732924	-6.0902960470455
ENSMUSG00000102899	0.0139116075551629	7.38701589198773	0.91621021470672	0.359610470809047	0.702902556910282	-6.09038607714797
ENSMUSG00000100967	-0.0192093349117606	7.36814162483402	-0.741156625299226	0.458640875916768	0.767144737532413	-6.09048213493081
ENSMUSG00000070047	-0.0128886451627261	7.39308706634735	-0.947999117136528	0.343185708687244	0.688401416885057	-6.09097072663361
ENSMUSG00000028634	-0.000275924248546389	7.1588723742048	-0.0144323827585274	0.988485725754488	0.997577550265062	-6.09103624483019
ENSMUSG00000020142	-0.010169803228087	7.17125473234783	-0.258694601989061	0.795883855387829	0.937685446069051	-6.09113458316033
ENSMUSG00000017999	0.0187600616438202	7.28285825933087	0.556685017972435	0.57777300230002	0.83578246732924	-6.09190615934253
ENSMUSG00000022799	-0.0162512296273034	7.40162497537966	-1.0321865561588	0.302045541210673	0.654409535164188	-6.09212282574404
ENSMUSG00000008307	0.0204879517309591	7.43766151596217	1.02092716828282	0.30734911063796	0.657765278362127	-6.09246971477285
ENSMUSG00000023845	0.0165794673641484	7.47921472641197	1.16944358231791	0.242292859855112	0.593456534673601	-6.0928632806623
ENSMUSG00000022191	-0.00533874385502919	7.21428341609257	-0.155374059733621	0.876534072679941	0.964478537331763	-6.0932651065501
ENSMUSG00000033726	0.00695641789092516	7.18100769310301	0.145439217845855	0.884371243319792	0.966227401079089	-6.09347310224307
ENSMUSG00000086533	-0.025184313629917	7.2737669430313	-0.669951691698731	0.502926270640164	0.793386302014259	-6.09355229746197
ENSMUSG00000084946	-0.0145696184326889	7.33973809620832	-0.73530024886066	0.46219866478247	0.768046267572095	-6.09382326197571
ENSMUSG00000026097	0.000178334168846384	7.21705507514125	0.0117091288572369	0.990658249360468	0.997874037396135	-6.09386868010109
ENSMUSG00000002058	0.000783918407337048	7.20106338515024	0.0262384393343325	0.979068431709152	0.995136125736754	-6.09389207462019
ENSMUSG00000024477	0.0168923391703029	7.43286332439427	0.949301149755812	0.342523354270722	0.687434433689569	-6.09407163950607
ENSMUSG00000053477	-0.00884246965171176	7.17841324349557	-0.190943532943499	0.848579276257433	0.95588549580411	-6.09421464659096
ENSMUSG00000065637	-0.023234216096256	7.40873418448543	-1.06137118070678	0.288583690227096	0.642079110967923	-6.09442148449868
ENSMUSG00000032076	0.0152350761242399	7.2765327026964	0.421564461604926	0.673365024832731	0.885220758153551	-6.09449525825157
ENSMUSG00000039058	-0.00480036368857295	7.19954949002209	-0.124451206658979	0.900964125108995	0.972011745701262	-6.094583733055
ENSMUSG00000071181	-0.0191520121019408	7.54160110189448	-1.27667362127827	0.201789716481396	0.548458098163871	-6.0948630418377
ENSMUSG00000006732	-0.00762328589981909	7.25943968270097	-0.20983880794135	0.833803896750551	0.95066826427097	-6.09508218455111
ENSMUSG00000000792	0.015460199219131	7.31203705177845	0.576663277450518	0.564198564059009	0.828036818739126	-6.0951230784241
ENSMUSG00000098027	0.0106525445735492	7.1774841066384	0.284222179788041	0.776254454964812	0.928737878281616	-6.09541667373962
ENSMUSG00000060206	-0.00510382330304093	7.21647634755417	-0.148564792640624	0.881904353568344	0.965118994727549	-6.09560637454865
ENSMUSG00000079478	0.0123959391720598	7.19156935813123	0.290298627986263	0.771602452461733	0.927457894915527	-6.09566942451154
ENSMUSG00000046312	-0.00597864567664175	7.15203323396502	-0.13996111003803	0.88869758429995	0.96797220481498	-6.09571492536173
ENSMUSG00000022479	0.00214263791017366	7.2474599196838	0.0367013641613474	0.970724905554307	0.993558784553119	-6.09637593994451
ENSMUSG00000040624	-0.0221975973440509	7.34473316371192	-0.774909309349516	0.4384378854463	0.755248901299993	-6.09644446976981
ENSMUSG00000022309	0.024679548356886	7.36030367192679	0.792764405657259	0.427960914073037	0.748466472117769	-6.09671990213173
ENSMUSG00000066640	0.0127030797029875	7.34371298238092	0.878696471914334	0.379617303556718	0.714741202835993	-6.09686072173753
ENSMUSG00000026698	-0.0047596832702963	7.2084730588545	-0.246430340426805	0.805361444028861	0.9418559414181	-6.0970544826109
ENSMUSG00000062203	-0.00980067002385976	7.25925563749223	-0.420997303104236	0.673779091937515	0.885220758153551	-6.09709635964139
ENSMUSG00000033364	-0.0171489319520743	7.30260052895614	-0.744947525773765	0.456346090862443	0.765282668852121	-6.09710176091855
ENSMUSG00000005262	0.0182378751279897	7.34145712145132	0.515648357984873	0.60612779938806	0.849958711245081	-6.09710239338124
ENSMUSG00000038502	-0.00640499247066106	7.21583302073774	-0.254963261812274	0.798764247248876	0.938975424993299	-6.09711262470207
ENSMUSG00000024663	0.00450739607991135	7.24441552863569	0.114322291924308	0.908987903128374	0.97469613971959	-6.09714824995941
ENSMUSG00000022306	-0.0096965993875564	7.18761145197778	-0.228430843046013	0.81932269244058	0.946394976697527	-6.09731803451196
ENSMUSG00000041225	-0.0190693190261699	7.3825955164664	-0.895639926504268	0.370497621367493	0.709320290781525	-6.09735161141989
ENSMUSG00000018143	0.0282883288658544	7.39122227628874	0.898004940094679	0.369235583636657	0.708877944342367	-6.09741001935875
ENSMUSG00000061207	-0.00792923204580376	7.21728763670196	-0.306322352921653	0.759374757024867	0.92276111370377	-6.09754093723743
ENSMUSG00000086213	-0.0245528197546747	7.31040860793321	-0.891116904568256	0.372918685089405	0.711215576373915	-6.0975648074157
ENSMUSG00000068299	0.0174902820778629	7.29270212067473	0.321067323666947	0.748175717579701	0.917963991585129	-6.09771901556283
ENSMUSG00000077524	-0.0313061075509005	7.34510049923427	-0.774468316657309	0.438698502864984	0.755285625630915	-6.09790478745555
ENSMUSG00000069920	-0.0098431255765945	7.30330115941292	-0.3180491977974	0.750463797318955	0.918716764248343	-6.09799616599975
ENSMUSG00000014873	0.012922056173327	7.29173949063885	0.417027246475058	0.676680286033763	0.886630774314088	-6.09867203403046
ENSMUSG00000018379	-0.00391766462069842	7.23620275566287	-0.333012306872139	0.739142000162184	0.914684851971422	-6.09869626395837
ENSMUSG00000017264	-0.0190887723354329	7.32578647590926	-0.587787185702095	0.556707479236614	0.823640332113708	-6.09897354259449
ENSMUSG00000104241	-0.0134417343183904	7.25943210767367	-0.478781768013424	0.632119389676868	0.862731922676251	-6.09902485761455
ENSMUSG00000026843	-0.0146533334370291	7.37559639044544	-0.88352705880479	0.377003311252187	0.71408013361058	-6.09913653638087
ENSMUSG00000024845	0.00264178176923657	7.19650020051329	0.0777074039045913	0.938064591819461	0.984208437161342	-6.09963494974739
ENSMUSG00000075254	-0.00840821022126725	7.2191592141341	-0.239262014247273	0.810914363406176	0.943152847751889	-6.10016651903741
ENSMUSG00000026411	-0.00441917753368504	7.26634096515362	-0.134407973828784	0.893086566097277	0.969041273395506	-6.1004173494147
ENSMUSG00000025132	0.000772619421640641	7.18564599332539	0.0192890125814649	0.984611486469922	0.996398410939299	-6.10079682328499
ENSMUSG00000027784	0.00387618781481525	7.20332863090994	0.0992753267317157	0.92092451569961	0.978529195807593	-6.10082125701429
ENSMUSG00000004865	0.0295744163904832	7.3076669510123	0.793584977206644	0.42748295109715	0.748426375384189	-6.10095446976519
ENSMUSG00000098661	0.000454779203893807	7.15668908343697	0.00901143710999629	0.992810448679485	0.997888951234077	-6.10108142947984
ENSMUSG00000035954	0.0183835617360613	7.29339814911064	0.631179681783541	0.527958188450761	0.809927311145687	-6.10122802540993
ENSMUSG00000030790	0.0111252548366769	7.26457184524565	0.359883204702796	0.718952991390079	0.906588990429132	-6.10166946048551
ENSMUSG00000034321	0.0204416361360273	7.36980584754926	0.717169476985055	0.473310336203319	0.7749235041957	-6.10181307474623
ENSMUSG00000037664	0.00738267456675068	7.19745562283598	0.182684430473231	0.855054654444058	0.95800603296856	-6.10184910020358
ENSMUSG00000022463	0.00918249870370413	7.37600453910515	0.893623917692653	0.371575533350376	0.710152393736172	-6.10198023906107
ENSMUSG00000038010	0.0144882419184738	7.29366422817409	0.45984802844277	0.645649660778736	0.871182120207158	-6.10253878902129
ENSMUSG00000025348	0.0247517176074457	7.35358485920001	0.920815763759936	0.357200735209592	0.699642815367184	-6.10262454262155
ENSMUSG00000020424	0.0101322215925297	7.17090844190743	0.238936951441138	0.811166400205733	0.943152847751889	-6.10271405594621
ENSMUSG00000040711	-0.0158524740143653	7.36029745846553	-0.900518453367947	0.367897237388404	0.707517484394189	-6.10288950891448
ENSMUSG00000050271	-0.00913624978700689	7.33418379695123	-0.748841506492773	0.453995645758444	0.764599323272037	-6.10315196857088
ENSMUSG00000046841	0.00836356363907864	7.27868367320291	0.339751327229921	0.734061187276452	0.912462544077999	-6.10320326189889
ENSMUSG00000068015	-0.0179532990327802	7.34983069644805	-0.722946606577153	0.469753876974527	0.77266648821803	-6.10324096699204
ENSMUSG00000022622	0.027354949589264	7.46027733658954	0.982955032401159	0.325687501914639	0.672505505781096	-6.1033890166658
ENSMUSG00000026355	0.0126607940258046	7.3039153837555	0.2898188166489	0.771969489904243	0.927457894915527	-6.10339978372439
ENSMUSG00000059975	-0.0066103865658933	7.27124401404148	-0.203390953970518	0.838839551207065	0.952033034929297	-6.10386456058284
ENSMUSG00000088008	-0.0182395730984508	7.34836632811511	-0.753600362159502	0.451132448912755	0.763061844802467	-6.10417038307046
ENSMUSG00000029089	-0.00335041375117218	7.2255943392967	-0.141682104279226	0.887338063833395	0.967299524000231	-6.10426438170876
ENSMUSG00000004837	-0.0200220139661162	7.1938933637143	-0.578662554981453	0.562848634479939	0.827239593487786	-6.10469224795845
ENSMUSG00000059742	0.0281002550078746	7.45328345442561	1.06301885958886	0.28783593060256	0.641011752153336	-6.10541753892421
ENSMUSG00000097412	0.0116976349575335	7.2487381951311	0.317869290406047	0.750600257005722	0.918733357946789	-6.10541874334375
ENSMUSG00000033228	0.017460303159095	7.36174674656183	0.695145545738269	0.487003441635883	0.783714262516238	-6.1055167993248
ENSMUSG00000031217	0.000265599083022927	7.16141813797407	0.00647068862109242	0.99483748791444	0.998588676615258	-6.10594419912195
ENSMUSG00000044783	-0.00735118414952751	7.21155860532411	-0.240161826630456	0.810216797994399	0.943152847751889	-6.10632229243721
ENSMUSG00000029675	-0.0134734755143269	7.32239994304975	-0.767787380280444	0.442657675891181	0.757580506151556	-6.1064969623784
ENSMUSG00000024130	-0.00812228542336602	7.48477178004886	-1.19923812054725	0.230504588349964	0.582078824520174	-6.10686326991259
ENSMUSG00000032782	-0.0088513904722296	7.20365773481163	-0.335900128440192	0.736963347750176	0.913609489585257	-6.10689912944058
ENSMUSG00000048347	0.00215407214555352	7.21971509295745	0.0580834420508924	0.953684990637091	0.988990446921958	-6.10696998040755
ENSMUSG00000052712	0.00666738475463635	7.29223632473168	0.16704752037381	0.867340886546555	0.961128544323514	-6.10700484223834
ENSMUSG00000024018	0.00940887876075713	7.44826805190774	1.10705367121575	0.268335593242973	0.62264144672056	-6.10713453703695
ENSMUSG00000040618	-0.0150756273071533	7.27262115549262	-0.591390734942919	0.554291211485398	0.82296281110846	-6.10713953908802
ENSMUSG00000022744	-0.0181595830280123	7.42241028075953	-0.91964698695319	0.357811302426594	0.700636285138613	-6.1075901658622
ENSMUSG00000074749	0.0135256921901403	7.29653074558964	0.366355015501828	0.714119063195775	0.904421861914324	-6.10767998758429
ENSMUSG00000038116	0.0184733637846133	7.29070473231976	0.618819118176586	0.536069864443312	0.814345683150972	-6.10828030985927
ENSMUSG00000016194	-0.00402620863267344	7.21399541171168	-0.0727476594484125	0.942010466562953	0.985305099377507	-6.10834724455553
ENSMUSG00000027610	0.00819543035407566	7.2682731018092	0.433724740829253	0.664511130885887	0.880551168704776	-6.10859338039295
ENSMUSG00000031628	0.0142485658779004	7.48353145945148	1.13550921596646	0.256228317545274	0.609570719297916	-6.10870129777902
ENSMUSG00000000489	-0.0053418410189785	7.20786954316801	-0.163143052271461	0.870413834015287	0.962096099916783	-6.10904417419594
ENSMUSG00000018126	0.0174920925993209	7.33530814920679	0.60892013166278	0.542611075792302	0.816935191004968	-6.10931784571306
ENSMUSG00000036641	0.0121959981255104	7.27892132046702	0.236736762499631	0.812872825842241	0.943813600171721	-6.10933828973188
ENSMUSG00000052395	0.0202349077008952	7.39514857766569	0.734476789838822	0.462700154414236	0.768147877902654	-6.10950097928075
ENSMUSG00000025041	0.0228190092461622	7.36327335187046	0.748643316573555	0.454115109960179	0.764599323272037	-6.10976773095891
ENSMUSG00000035735	0.00505615176977692	7.2126435637537	0.290095718056196	0.771757664613588	0.927457894915527	-6.10979349216618
ENSMUSG00000049553	0.00952580636896627	7.37171233107693	0.82449390009358	0.409706886344968	0.738572791525739	-6.10992591330849
ENSMUSG00000037119	0.00976194781612172	7.24914575661617	0.353702380501962	0.723580103389005	0.90794067947692	-6.11010170336342
ENSMUSG00000032198	-0.00470112829674463	7.1920310730943	-0.177026984165002	0.85949592788635	0.95850175601806	-6.11010335013424
ENSMUSG00000043629	0.00479868832034036	7.1846544455443	0.167069433522224	0.867323645775915	0.961128544323514	-6.11022339107381
ENSMUSG00000091754	0.0144571820692034	7.34963390279988	0.616883946605881	0.537345488808011	0.815284585908938	-6.11033006692343
ENSMUSG00000001120	-0.0021859541216438	7.23037858617711	-0.0501706828918918	0.959988814779441	0.990828893938768	-6.11065615663679
ENSMUSG00000031671	-0.00128250829166987	7.2462917897122	-0.0695344493915834	0.944567599362956	0.985878735017123	-6.11074649304229
ENSMUSG00000030094	0.0201213155748725	7.3514537880771	0.815680340621882	0.414730312778914	0.742168045189154	-6.11097071035811
ENSMUSG00000016528	-0.00342072344349464	7.16850998764969	-0.0988820978608856	0.921236711345839	0.978547095447073	-6.11100003428347
ENSMUSG00000078490	0.0180797033927709	7.47310658264392	1.13999701101089	0.254354059638021	0.606973250601509	-6.1113740206241
ENSMUSG00000035062	-0.00646121605868011	7.23045229348639	-0.166069478381555	0.868110452078673	0.961290728404015	-6.1115084869511
ENSMUSG00000085957	0.00708557204608695	7.27063413160171	0.21796800109659	0.827464877828915	0.948759397693324	-6.11175312412339
ENSMUSG00000023883	0.0248916707867215	7.43863918567556	0.866318084145666	0.38636638456257	0.719949895808044	-6.11182577862631
ENSMUSG00000040856	0.0307780910072415	7.44958148765495	1.01392936914724	0.310676215589898	0.659694303988698	-6.1118615529863
ENSMUSG00000021240	-0.0146924374598845	7.24752981500104	-0.611321418385492	0.541020665960136	0.816741809273748	-6.11200884335531
ENSMUSG00000034066	-0.0156095941156291	7.33304376835373	-0.826946767544104	0.408315301014003	0.737821793452362	-6.11203964439675
ENSMUSG00000019952	-0.0111081349833091	7.17397984635859	-0.287983994941951	0.773373529034766	0.92782924578828	-6.11207510279653
ENSMUSG00000007039	-0.0203116256480707	7.33018628076341	-0.725150166947106	0.468401245547741	0.771871824345573	-6.11249092017856
ENSMUSG00000018042	0.000766911673720116	7.23069786974021	0.0224443020117702	0.982094632251097	0.995951388069649	-6.11255474641867
ENSMUSG00000026433	-0.00904128788086123	7.19428524866673	-0.195711338570787	0.844845796244018	0.954309224517297	-6.11261136472748
ENSMUSG00000031480	-0.0166203883426199	7.23541453945669	-0.446453856019257	0.655292987933344	0.876154761507338	-6.11267618387017
ENSMUSG00000079045	-0.0342505471935635	7.38224713193465	-0.776327079101584	0.437600616781572	0.754737204213783	-6.11271925640512
ENSMUSG00000029452	0.0165815888456935	7.38803793467933	1.05462668515817	0.29165816403172	0.644547903495039	-6.11273483966911
ENSMUSG00000024101	0.00744528075710171	7.25041389820272	0.239088680772346	0.811048754732544	0.943152847751889	-6.11330420409489
ENSMUSG00000086095	0.0171088628895744	7.31838595105601	0.403851403083632	0.686343031566409	0.891127723037398	-6.11395427211636
ENSMUSG00000053754	-0.0147554813851025	7.44490587123723	-1.09184054646994	0.274967272606635	0.628377789902899	-6.11396075884121
ENSMUSG00000056666	0.0260131804329475	7.40468114008297	1.05505352277807	0.291462940063234	0.644536705492958	-6.1139810967306
ENSMUSG00000056427	0.0117566876203368	7.30456127977356	0.599547698788692	0.548840802493322	0.819603877101494	-6.11421149071224
ENSMUSG00000037217	0.0155634782736298	7.28092541413915	0.529191502876334	0.596701225632821	0.843393991693776	-6.1142611831115
ENSMUSG00000015852	0.00299036834951227	7.251682188173	0.0594338608229113	0.952609436823636	0.988631257230163	-6.11457692531632
ENSMUSG00000036377	0.00264542173680749	7.25588495368965	0.090550123141536	0.927854483010918	0.980928321230105	-6.11473987806445
ENSMUSG00000059921	0.00275494777062413	7.17408718606114	0.0861318182959941	0.931365831080842	0.982452185310359	-6.11489040159718
ENSMUSG00000010044	-0.00553837454731898	7.2369409338696	-0.20901539986176	0.834446588077174	0.95066826427097	-6.11511710206443
ENSMUSG00000050891	0.0208657848118516	7.39150832722772	0.826539241549656	0.408546307471553	0.737952416293541	-6.11520084588319
ENSMUSG00000042686	0.00237731538851893	7.16844333935225	0.0677809667268077	0.945963296467784	0.98611182327466	-6.11520337211808
ENSMUSG00000008730	0.0134824119516725	7.17437805118587	0.364467685676236	0.715527573675216	0.904916983257229	-6.11578053002419
ENSMUSG00000038880	0.00167748461793948	7.19912902041684	0.0572875102539829	0.954318957702232	0.989291267598156	-6.11584958204956
ENSMUSG00000020650	0.00183908096810814	7.25453475300473	0.123984022592556	0.901333996069051	0.972178704749736	-6.11608665255373
ENSMUSG00000035390	0.0115221357526671	7.13598183229579	0.289260263154249	0.772396826409879	0.927530022268176	-6.11613596774209
ENSMUSG00000027900	-0.0049302864602474	7.28798063483091	-0.379368967266797	0.704433515244565	0.900076298151523	-6.11635173033945
ENSMUSG00000026211	0.00255933953797882	7.20087549842827	0.15099208574242	0.879989378319433	0.964478537331763	-6.11661766824853
ENSMUSG00000007989	0.0115506636009632	7.31669387465965	0.687463493918117	0.491829537669836	0.786440013176983	-6.11664046359873
ENSMUSG00000030172	0.00282697356709338	7.22354001334555	0.213951968983316	0.830595139416538	0.949488163241147	-6.11690677637648
ENSMUSG00000065432	-0.016417571207608	7.28270953650826	-0.522191255535786	0.60156535152229	0.846587402526387	-6.11694295351914
ENSMUSG00000078816	-0.00785752343199952	7.19997166332932	-0.208395150502071	0.83493078184936	0.95066826427097	-6.11752879591896
ENSMUSG00000056735	-0.0238011080286942	7.28636201361352	-0.700559574250434	0.483617620005653	0.781605398979216	-6.11802729409834
ENSMUSG00000039713	0.0168226931844329	7.31330842797075	0.752718976715158	0.451661967638024	0.763301218565229	-6.11823957483512
ENSMUSG00000036893	-0.00976089482485509	7.29225192759253	-0.793664285883449	0.427436772210249	0.748426375384189	-6.11829832866519
ENSMUSG00000029283	0.0133409285500132	7.17379031085468	0.214970943819483	0.829800651554122	0.949445170012688	-6.11842235252605
ENSMUSG00000053965	-0.0267672150411089	7.43108934328708	-1.03413320478232	0.301134815304003	0.653559153151767	-6.1185823330077
ENSMUSG00000022429	0.00642913277806922	7.18855727603421	0.15201629608972	0.879181553377655	0.964478537331763	-6.11858494755165
ENSMUSG00000015766	-0.0034593133794667	7.23288055927629	-0.0749683326794647	0.940243560938602	0.985107660258645	-6.11877290774946
ENSMUSG00000030495	-0.0136578843662027	7.23770927744135	-0.33520143830979	0.737490265760641	0.91383966991822	-6.11895610771548
ENSMUSG00000022390	-0.0178763486576736	7.47065686120813	-1.2477477417312	0.212194625742742	0.559967649240356	-6.11904529069564
ENSMUSG00000030259	-0.00927939122289789	7.18557909945475	-0.227894085932057	0.819739931020158	0.946422543075948	-6.11977884545355
ENSMUSG00000024006	0.0214266468127127	7.26874058752668	0.470566653223713	0.637975227803436	0.865139841824263	-6.11991838508757
ENSMUSG00000099384	0.0210136947010673	7.42024940903585	0.886262405854974	0.375528059551512	0.712745069856406	-6.1200619827924
ENSMUSG00000027709	0.0200825012323982	7.2450814178618	0.517341688907307	0.604945532731579	0.849092593979633	-6.12010188283693
ENSMUSG00000056268	-0.0144044792083706	7.27614253405224	-0.567653328330683	0.57030143303187	0.831568687689586	-6.12030063113555
ENSMUSG00000035505	0.0101609321776852	7.25608863139678	0.287726295633773	0.773570784803853	0.927901681002446	-6.1203998665941
ENSMUSG00000053398	0.0142813876931349	7.24982299032035	0.358019254366895	0.720347313024944	0.906886867523178	-6.12049141233594
ENSMUSG00000059187	0.01081807459666	7.24670184231237	0.289153989950574	0.772478141431854	0.927530022268176	-6.12059854969229
ENSMUSG00000074796	0.000811856502732411	7.19515147381877	0.0280724335370033	0.977605744910447	0.994690591403516	-6.12070119519551
ENSMUSG00000025192	0.0235585488969718	7.40522004408777	0.956121997184691	0.339066907089959	0.683477419911636	-6.12094898634656
ENSMUSG00000034800	0.0155885302272409	7.33656186164213	0.73464758003845	0.462596117596698	0.768147877902654	-6.12114893876757
ENSMUSG00000039037	-0.00159922295577619	7.19162177098251	-0.039497580933648	0.968495602940486	0.99352451625409	-6.12122566002631
ENSMUSG00000063160	-0.00609930397781788	7.21308904967961	-0.23600793787023	0.813438285131926	0.944147290379541	-6.12148982535812
ENSMUSG00000060181	-0.00736032077568982	7.25967149842341	-0.223312572094097	0.823303355147909	0.947086939555354	-6.12151036576224
ENSMUSG00000030407	0.0100441054463341	7.29799544329054	0.412073778751196	0.680306864312461	0.888901194287128	-6.12159155278278
ENSMUSG00000062040	0.00750816295554202	7.28286120916346	0.307434379482599	0.758528359649309	0.922356212819453	-6.12162211819186
ENSMUSG00000005949	-0.0188914782794383	7.35078811272758	-1.01740938779395	0.309018679145548	0.658961190917794	-6.12202010719617
ENSMUSG00000052040	0.00762582519961708	7.13468162223788	0.183528180616026	0.854392673909697	0.957856193487298	-6.12207861562648
ENSMUSG00000035504	-0.0286802477920656	7.38479894143624	-0.774695750076226	0.438564083371823	0.755248901299993	-6.12221603640167
ENSMUSG00000055760	-1.6013907830903e-05	7.25244329156495	-0.00038749384130264	0.999690843483751	0.999764583311404	-6.12230020630217
ENSMUSG00000019791	0.0220369055646259	7.41035246173972	1.02197348049278	0.30685367687955	0.65755052175327	-6.12280284917732
ENSMUSG00000031706	-0.00196665665304696	7.19139362657517	-0.161687921969047	0.871559573816721	0.962737178986742	-6.12292057029762
ENSMUSG00000024899	-0.0206394759454813	7.35261263577858	-0.514935839089253	0.606625581840082	0.850090918717089	-6.1230749332656
ENSMUSG00000051375	0.00866165876499281	7.25408218331383	0.480198497625062	0.631111842715556	0.862474988764995	-6.1232306097995
ENSMUSG00000023806	-0.00124387145829186	7.26773725499654	-0.025864606323413	0.979366587911154	0.995147433028511	-6.12333345950411
ENSMUSG00000073096	0.00773024673010081	7.25101975540778	0.23143000160237	0.816992294862097	0.945233479044624	-6.12340869809609
ENSMUSG00000032850	0.00518856879856067	7.29586346784553	0.443389794066592	0.657507184160202	0.87706438438056	-6.12351435843411
ENSMUSG00000004891	-0.0115757420176674	7.16660391144578	-0.305664725085928	0.759875433435421	0.922935619160995	-6.1235441726257
ENSMUSG00000025086	0.0202531624259858	7.47987939730651	1.13118847533358	0.258041854434754	0.611097198677101	-6.12355007221378
ENSMUSG00000035495	-0.012608584709767	7.37699225156636	-0.757078188345901	0.449046473460792	0.762119526078326	-6.12356799469131
ENSMUSG00000028630	0.0214772014857711	7.45759834461991	1.04780865841476	0.294788463011099	0.648548545617331	-6.12364824193058
ENSMUSG00000021112	0.0209627968455601	7.37826329578191	0.749545171665871	0.453571636257688	0.764534810753441	-6.12376904476746
ENSMUSG00000093910	-0.0243593465263219	7.39716331304347	-0.957243535184092	0.338500721140926	0.683078918001414	-6.12383695849099
ENSMUSG00000024187	-0.0186060973786031	7.33898812671355	-0.678840586385707	0.49727714497507	0.790211384384904	-6.1242545971365
ENSMUSG00000033965	-0.00647173606889417	7.26820738726161	-0.451309861051181	0.65179007980587	0.873986759346443	-6.1243276518024
ENSMUSG00000029438	-0.00476238512281935	7.23739578316348	-0.239687206091204	0.810584721355306	0.943152847751889	-6.12472570604452
ENSMUSG00000046805	0.000259739148464888	7.25622696754319	0.00477021453302251	0.996194165707376	0.998657956786442	-6.12485446136142
ENSMUSG00000043190	-0.0112596251286829	7.27265820527761	-0.2852447295303	0.775471044959455	0.928737878281616	-6.12508131976804
ENSMUSG00000024109	0.0309576635256654	7.44710652200809	1.01328768060761	0.310982492251136	0.660137878493956	-6.12528579330973
ENSMUSG00000051107	-0.00882061204330942	7.21552195919863	-0.234275821828683	0.814782538888594	0.944497712988138	-6.12530984082154
ENSMUSG00000054027	0.0159693509851557	7.3274387448005	0.659166882729809	0.509825585895925	0.79798146559287	-6.12547469895744
ENSMUSG00000024065	0.0160597440213737	7.2993449032833	0.518075658033573	0.604433404377083	0.848861414599595	-6.1257028098608
ENSMUSG00000039959	-0.00736024762739085	7.29293361545675	-0.64962452179474	0.515971138388438	0.801834132305204	-6.12579497143623
ENSMUSG00000024112	-0.00525231242980073	7.34129886474987	-0.778629505064248	0.436242874314757	0.754058551441967	-6.12589617073741
ENSMUSG00000042439	-0.0126186249443405	7.33383051469905	-0.77446940732561	0.43869785819309	0.755285625630915	-6.1261068743082
ENSMUSG00000042870	0.0153120646941964	7.37855070560539	0.800979015131727	0.423190152827802	0.746210442455371	-6.12627726868432
ENSMUSG00000024335	-0.00411482861464396	7.24406189438609	-0.134256836568212	0.893206065503336	0.969041273395506	-6.1263473726259
ENSMUSG00000001034	-0.0191960104390985	7.29995548445588	-0.566313533798378	0.571211621123232	0.832293085350756	-6.12659209936449
ENSMUSG00000021134	-0.0190651860578397	7.4194241223151	-1.03630593648386	0.30012048092165	0.652604895558172	-6.12664708075427
ENSMUSG00000029617	0.00947870678018337	7.28260627840652	0.353833979823883	0.723481478923841	0.907900952540674	-6.12689602235352
ENSMUSG00000054426	-0.000849223118478903	7.23826219318968	-0.0533572257641988	0.957449881987552	0.990210335587398	-6.1269490682163
ENSMUSG00000021198	-0.00209100475839641	7.21388200876937	-0.20162856517715	0.840217102892961	0.952508238622385	-6.12733806050408
ENSMUSG00000035401	0.000954142985270856	7.19927587296686	0.0374276641937334	0.970145835268208	0.9935566095034	-6.12738183844133
ENSMUSG00000062866	-0.00599539044577657	7.24808620533802	-0.22345682436491	0.823191102164801	0.947086939555354	-6.12817434171745
ENSMUSG00000027335	-0.0100005443749396	7.27281224723385	-0.352599900124248	0.72440651535765	0.908438463037138	-6.12827292976327
ENSMUSG00000049252	0.00306511550620758	7.24565078293025	0.165827254680318	0.868301063457059	0.961290728404015	-6.12863614462825
ENSMUSG00000050410	0.000312890867789406	7.11665406628654	0.00727529344514527	0.994195560428627	0.998541132758277	-6.12865260223351
ENSMUSG00000033253	0.00709134874723016	7.46587599896353	1.10597650850124	0.268801501082707	0.622837260112982	-6.12878997083653
ENSMUSG00000043131	0.00825732779876898	7.27092657135808	0.454794237961792	0.649281326189153	0.872789631218773	-6.12911165341512
ENSMUSG00000034707	0.0135972498288455	7.42180870531662	0.927562258230497	0.353689217876219	0.69638664187711	-6.12911339653791
ENSMUSG00000005534	0.0154441376502037	7.38247763429072	0.815231864092137	0.41498689924277	0.742170347859118	-6.12926979535725
ENSMUSG00000022130	-0.00219857240239385	7.24993120608073	-0.134825525616019	0.892756433860318	0.969041273395506	-6.12952467622991
ENSMUSG00000022208	0.00127155111364452	7.20654908417151	0.110834433427497	0.911753058157281	0.97594670069082	-6.13003606726997
ENSMUSG00000032298	-0.0132314019107866	7.26139599106179	-0.478854826143835	0.632067415605365	0.862731922676251	-6.13042505732189
ENSMUSG00000058756	-0.0205873327888391	7.30055834568455	-0.587185313971914	0.557111548881802	0.823788677035606	-6.13043742426583
ENSMUSG00000020576	0.0148467094974096	7.33512418453078	0.550374658280631	0.582092374327602	0.837348372534072	-6.13044422935713
ENSMUSG00000019890	-0.0109645472851509	7.3000466795171	-0.206667662630026	0.836279663854606	0.951318285688503	-6.13058686133506
ENSMUSG00000042404	-0.0118797176028105	7.26051168477624	-0.59591526935612	0.551264688093324	0.820276917804725	-6.13064854971736
ENSMUSG00000026764	-0.00137009982064473	7.22162391668056	-0.0507005958846854	0.959566568656369	0.990554001941048	-6.13191100802398
ENSMUSG00000031772	-0.021991241634602	7.37783419261227	-0.711851125144419	0.476597423403529	0.777819159785992	-6.132015009836
ENSMUSG00000040195	-0.0113278031733905	7.46906921984382	-1.08851831001544	0.276430261732023	0.629902389856276	-6.13201980143634
ENSMUSG00000004187	-0.0223521535613536	7.34330943845631	-0.88118601445077	0.378268739228606	0.714297836924957	-6.13210709749477
ENSMUSG00000034175	-0.00494451403163332	7.18414763196922	-0.137295571020927	0.890803904662899	0.968759071101275	-6.13227460809116
ENSMUSG00000049482	0.0101176261794507	7.22502871739577	0.352671344194947	0.724352951608742	0.908438463037138	-6.13254424265227
ENSMUSG00000044881	-0.0158887699769537	7.20867855356189	-0.445695461760212	0.655840748341023	0.876393540903567	-6.13264813629534
ENSMUSG00000047248	-0.00119166573691398	7.21876842154093	-0.0910746943306259	0.927437683869244	0.98091923367163	-6.13274655677653
ENSMUSG00000020876	0.0105332615423386	7.31576992268237	0.619189583152026	0.535825835771784	0.814246889834066	-6.13281420737261
ENSMUSG00000033949	0.0061601491486023	7.22365399330895	0.156254126823348	0.875840397425623	0.964242314924612	-6.13281904346335
ENSMUSG00000021613	0.00252429104225627	7.17632985412164	0.109572036021678	0.912754145194916	0.976026530292265	-6.13282595343579
ENSMUSG00000093682	-0.00543461494375563	7.23324952570622	-0.297395931777968	0.766179298193417	0.925160048750379	-6.13283826541521
ENSMUSG00000088054	0.00116936396279321	7.2393803861979	0.021644175817281	0.982732846564759	0.995951388069649	-6.13296212318371
ENSMUSG00000022773	0.00950717281468538	7.24500984034419	0.366848502192236	0.713750935481213	0.904226797164482	-6.13314562510697
ENSMUSG00000039536	0.00257851184863789	7.28312019033701	0.0943791703136849	0.924812568053209	0.979655347891664	-6.13337766893912
ENSMUSG00000024304	0.000127473337163231	7.27195405157481	0.00356489854437266	0.997155801744585	0.998657956786442	-6.13343467959824
ENSMUSG00000021947	0.00156630956954995	7.20285532718796	0.0514846870150114	0.958941808752171	0.990454418916107	-6.13417644729797
ENSMUSG00000025357	-0.00884261507502604	7.20615873029687	-0.273453895320196	0.784518085717739	0.932529889472296	-6.13462791510705
ENSMUSG00000087528	0.0175870017739541	7.47725192141599	1.19445648986773	0.232368465004535	0.583775243948253	-6.13480427917226
ENSMUSG00000021495	-0.00678975412111793	7.15747334563842	-0.175917505654601	0.860367429839723	0.958828285865972	-6.1348823771798
ENSMUSG00000020653	0.0048866570331354	7.28594318689986	0.155146749061669	0.876713256037356	0.964478537331763	-6.13497045998776
ENSMUSG00000044122	-0.0155473976151441	7.32759231842119	-0.648055316992525	0.516985418970719	0.802736801495703	-6.13523160202879
ENSMUSG00000038271	-0.0117555341641102	7.23884007956049	-0.473061496965613	0.636194458821787	0.864382867555635	-6.13539238924042
ENSMUSG00000025902	-0.0130564731420044	7.17266158024363	-0.320097276084183	0.748910882203733	0.917963991585129	-6.13566975085895
ENSMUSG00000046688	0.00926986306417898	7.25869832115237	0.406179591595198	0.684631821196755	0.890041061634443	-6.1357715352544
ENSMUSG00000026888	0.000848281921665084	7.29709057172322	0.0203470899664503	0.983767480115154	0.99599647356575	-6.13592869343684
ENSMUSG00000005057	-0.0041255864082812	7.18956426365289	-0.173624136231974	0.862169423330735	0.959457559875415	-6.13600321658658
ENSMUSG00000081992	0.00202488043356475	7.19727880865138	0.0540148610616497	0.956925952663314	0.989894956867538	-6.13613820771097
ENSMUSG00000036036	-0.0161863188410214	7.30075717204767	-0.561973722002991	0.57416460628497	0.834017125253704	-6.13652292698205
ENSMUSG00000030917	-0.0123371527655758	7.25681399130911	-0.378194864147081	0.705305396670099	0.900363883400742	-6.13658328159451
ENSMUSG00000020766	0.0180067790478473	7.37488620367546	0.762099726072891	0.446044272082759	0.759636759313912	-6.13674633422262
ENSMUSG00000020380	0.0199026385529919	7.46188034115673	1.0477666068121	0.294807839404013	0.648548545617331	-6.13678185097767
ENSMUSG00000020721	-0.00038022760032419	7.21977474131532	-0.0219083996028053	0.982522089315017	0.995951388069649	-6.13685567238622
ENSMUSG00000023021	0.0124891988685283	7.25205552324552	0.512588734567533	0.608266615417817	0.851089583815953	-6.13690157461944
ENSMUSG00000035325	0.00482300384213818	7.28648156266058	0.490747556226557	0.623631239226136	0.859529566069732	-6.13690796496423
ENSMUSG00000056131	-0.0125864309033252	7.30037157585326	-0.401708229132442	0.68791968026932	0.892176681183417	-6.13697560647945
ENSMUSG00000030315	0.010611939472942	7.26056635090455	0.409601047087278	0.682120001312011	0.889077386828326	-6.13698877056652
ENSMUSG00000047342	0.0150839384628476	7.30044175231147	0.532305619078649	0.594543151225768	0.842740830561313	-6.13706678577304
ENSMUSG00000035566	0.00578380790565181	7.26393842804149	0.142245924445248	0.886892739099207	0.967221022901146	-6.1373239460578
ENSMUSG00000049625	0.00382908920612834	7.26633187386947	0.11094481688807	0.911665530195205	0.97594670069082	-6.13747453875183
ENSMUSG00000001211	0.00979542902684649	7.34721420771276	0.761600165281978	0.44634242878207	0.759819177075037	-6.13779671363653
ENSMUSG00000022203	-0.00965017138183288	7.27397454704245	-0.384914471093175	0.700320725814711	0.898462187792946	-6.13803647094039
ENSMUSG00000033059	-0.00496740421893538	7.22201400859064	-0.115575550467504	0.907994594196018	0.974401670738452	-6.13836080483741
ENSMUSG00000097433	0.0137737626034466	7.28347074767664	0.270576142851719	0.786730650230793	0.93360999175747	-6.13878343748957
ENSMUSG00000002227	0.0122977077336337	7.34999225687506	0.852535011232697	0.393966954089736	0.725425736442992	-6.13885626983137
ENSMUSG00000052726	0.0322553909252434	7.38186791259958	0.818235441134998	0.41327025654054	0.741447418046399	-6.13887249597649
ENSMUSG00000069171	-0.0182588333615952	7.269967119363	-0.413729716460809	0.679093675632189	0.888196555695877	-6.13895625128824
ENSMUSG00000033763	-0.0201319522762438	7.30983659786383	-0.710594794533287	0.477375739838847	0.778383677779325	-6.13917588737017
ENSMUSG00000003808	0.0216163246876047	7.29709356512152	0.638285231053826	0.523323630969479	0.807232253006076	-6.13926834481707
ENSMUSG00000032527	-0.000456445627042612	7.23638350373553	-0.0356585679837279	0.971556341333273	0.993558784553119	-6.13937823523528
ENSMUSG00000032377	-0.0175680014276045	7.24249825866995	-0.472785355048098	0.636391460094495	0.864382867555635	-6.1394052265886
ENSMUSG00000027624	0.00165408565725667	7.22187732910791	0.123059182186076	0.902066257986043	0.972349684033612	-6.13944403636174
ENSMUSG00000056718	0.010001271791551	7.20458341994214	0.220017299841714	0.825868622217124	0.948759397693324	-6.13958188156026
ENSMUSG00000004637	0.00657558759687227	7.21736529784295	0.153978097613135	0.877634574537483	0.964478537331763	-6.13970928685386
ENSMUSG00000031134	-0.0195432397450652	7.26195159693821	-0.657116640999667	0.511142760150688	0.798947837459423	-6.13977699890725
ENSMUSG00000022701	0.00552591342774988	7.24222190635379	0.116485162279528	0.90727374317538	0.974013572727199	-6.13980117873952
ENSMUSG00000030287	-0.0174444271303091	7.40028968674205	-0.968940502010289	0.332631962136451	0.678975893735287	-6.13991494707088
ENSMUSG00000037813	0.0183355000160681	7.46770258917059	1.2240682652699	0.220996727438975	0.570946720730562	-6.14031056729548
ENSMUSG00000035757	0.0143603410709545	7.52543480379669	1.20990488281466	0.226385064056604	0.576616325094767	-6.14061475269422
ENSMUSG00000029173	0.022169010500936	7.43185435473132	0.966471767945589	0.3338651036477	0.679763023285013	-6.14066948698166
ENSMUSG00000021983	0.0173743008553684	7.38414509835916	0.849330386863481	0.395747006869027	0.727037658418736	-6.14092657242315
ENSMUSG00000056394	0.0125952748026101	7.39637518692687	0.736891942352321	0.46123017816483	0.767555671952556	-6.14118423195562
ENSMUSG00000026471	-0.0198353026829681	7.38778424816237	-0.871909164652518	0.38330892768075	0.717649670763426	-6.14134138293478
ENSMUSG00000029769	-0.0184225066439314	7.32786095852563	-0.55156372638267	0.581277317379653	0.83727002754481	-6.14149689677149
ENSMUSG00000051910	-0.0112407889795296	7.29397369879867	-0.488265091300577	0.625388165112762	0.860289442227966	-6.14175697845805
ENSMUSG00000080364	-0.0264320561680886	7.36902313825536	-0.776655472089524	0.437406814568707	0.754725992486188	-6.14188594607378
ENSMUSG00000066036	-0.00743391202632893	7.38686043812498	-0.892099416857486	0.372391938439959	0.710810911075457	-6.14192950406079
ENSMUSG00000021013	-0.0107189745550933	7.23202796619745	-0.267426389458933	0.789154318450855	0.934523036907738	-6.14194639491773
ENSMUSG00000071793	0.00707889164912068	7.33251907930018	0.676174577240045	0.498967906267706	0.79110720346471	-6.14204164805226
ENSMUSG00000037709	-0.0222659757281551	7.35414891563169	-0.690970017188303	0.489623454734051	0.785322438078583	-6.14207828232535
ENSMUSG00000025702	-0.0129953585658962	7.22245256021395	-0.340403261884662	0.733570281353613	0.91239195335209	-6.14218068310964
ENSMUSG00000029516	0.00460619401726703	7.24923805394092	0.410219973074323	0.681665999419311	0.888901194287128	-6.14263143917871
ENSMUSG00000021959	-0.00847760449327239	7.16551358333726	-0.181565647319074	0.855932574782707	0.958226742697816	-6.14270700810077
ENSMUSG00000053111	0.00268203563297664	7.30643674554595	0.0962368553254062	0.923337158246733	0.97893378100635	-6.14289025202785
ENSMUSG00000064585	-0.00847050409855843	7.56630190134411	-1.37683450098762	0.168638505808748	0.510357335213171	-6.14323662935606
ENSMUSG00000074629	0.0169703909823298	7.57531715405785	1.46396883354246	0.143279037116633	0.480772227155212	-6.14352984351083
ENSMUSG00000003934	-0.00697713667895794	7.24723244203142	-0.241766313230377	0.808973319407978	0.942759176941153	-6.14368518779627
ENSMUSG00000024835	0.00870815020691396	7.24981989894888	0.298807608431581	0.7651019710506	0.924436627225091	-6.14370370448769
ENSMUSG00000033540	0.0223567879819955	7.54210005418828	1.3237636753492	0.185655258130302	0.529807196323012	-6.14382464836956
ENSMUSG00000038437	-0.00298364510272098	7.17435602621929	-0.148803665730401	0.881715867521155	0.965068517950417	-6.14384684961485
ENSMUSG00000052291	0.0072298432084219	7.25610361705591	0.291315714738674	0.770824588908134	0.927122327581009	-6.14397527860738
ENSMUSG00000062778	0.0164636630876283	7.40880675665898	0.89362852173634	0.371573069462882	0.710152393736172	-6.14409582319345
ENSMUSG00000025533	0.0212622584121682	7.33274513280414	0.625896866489472	0.531417388629794	0.811312995282093	-6.14427702756667
ENSMUSG00000051920	0.00161754227548627	7.19041970051999	0.0350548976503862	0.972037670209146	0.993558784553119	-6.14476722087446
ENSMUSG00000060594	-0.00756579960643133	7.15958736497686	-0.15383069002866	0.877750796640761	0.964478537331763	-6.14504764577171
ENSMUSG00000092981	0.00666135062417794	7.23534918134163	0.321268010117423	0.748023653009756	0.917963991585129	-6.14518510899508
ENSMUSG00000019647	-0.00622492703261379	7.28441955352621	-0.18526304417411	0.853031875695751	0.957229829152578	-6.14535993090664
ENSMUSG00000067215	0.0107638328728008	7.37392096900018	0.674304455832407	0.50015574318903	0.791815923185062	-6.14544282515284
ENSMUSG00000074994	0.0183014781656121	7.45846782076815	1.02440848257999	0.305702741814856	0.65657302680383	-6.14547935897514
ENSMUSG00000028654	0.00605954185811974	7.24432680745469	0.163226239973466	0.870348341919989	0.962096099916783	-6.14587379327015
ENSMUSG00000029345	0.00150306494743546	7.23867097202266	0.0840783402080288	0.93299824562881	0.982721427457692	-6.14605623842957
ENSMUSG00000026810	-0.000756214509542552	7.22024671643143	-0.020943176443783	0.983292002255445	0.995951388069649	-6.14630940801516
ENSMUSG00000090108	0.0168690601036641	7.44404016223482	0.912697070535801	0.361455485192323	0.703764687512225	-6.1465779357422
ENSMUSG00000037469	0.0162389974961039	7.29199235516833	0.571380007522093	0.567773360480005	0.830035420158065	-6.14699977877722
ENSMUSG00000028952	-0.00913014517649469	7.27599713355875	-0.37757768138333	0.70576386799755	0.900497727603267	-6.14747532123942
ENSMUSG00000054752	0.0178863985617221	7.4163619609646	1.00414242678134	0.315369155830368	0.663546491452951	-6.14748866362802
ENSMUSG00000031386	0.00833667573098662	7.46997824818179	1.08572596359102	0.277664006290955	0.630752024577983	-6.14756444921894
ENSMUSG00000042626	0.00868973340162604	7.23982048598428	0.348178933903132	0.727723661757046	0.909811247077413	-6.14792651149775
ENSMUSG00000031129	0.00232694257283139	7.30519983130294	0.113389565272263	0.909727257055343	0.975201365339822	-6.14803335813051
ENSMUSG00000037341	0.0102835290084542	7.47034730464678	1.09659450473913	0.272883018610637	0.626809570238688	-6.14810198236223
ENSMUSG00000045838	-0.0217876858560482	7.46655020830587	-1.08750055238545	0.276879504636674	0.630049227560155	-6.14873075710139
ENSMUSG00000057246	-0.0177786813654821	7.26590615597579	-0.670603257142261	0.50251103457096	0.793386302014259	-6.14945182326497
ENSMUSG00000032009	0.00681735242769133	7.27932042081421	0.409842933869717	0.681942555951955	0.888931561734122	-6.14949213747724
ENSMUSG00000003644	-0.0099349229502792	7.25914214491971	-0.229368385995084	0.818594032939426	0.946104382228497	-6.14965326804093
ENSMUSG00000034911	0.00841070477506278	7.15762621741663	0.172057738896658	0.863400618471254	0.959651834305182	-6.1497434969553
ENSMUSG00000025272	0.0136827053702886	7.36455313801536	0.764566891512285	0.444573439872586	0.758357316592635	-6.14976587546838
ENSMUSG00000048874	-0.00161613804510363	7.23961330200421	-0.0777078449453375	0.938064241002349	0.984208437161342	-6.14983272042458
ENSMUSG00000041921	-0.0128251677382405	7.34903768324888	-0.666974847052691	0.504825688781315	0.794662334668184	-6.15022560851027
ENSMUSG00000043644	0.000317846297519964	7.22002264644357	0.0102337582122295	0.991835282159858	0.997874037396135	-6.15025454272952
ENSMUSG00000046079	0.0168765391786883	7.37604498416727	0.498265761474541	0.618323431733619	0.856305320474403	-6.15033698873711
ENSMUSG00000096221	-0.0164664060295081	7.32975075185269	-0.383698512469564	0.7012217871458	0.898704320385911	-6.15071245636254
ENSMUSG00000006154	-0.0129159796863787	7.24003194090553	-0.310629718488474	0.756097903233392	0.921122775814388	-6.15075496317001
ENSMUSG00000077338	0.00697899198425489	7.26628646420431	0.288700461290657	0.772825187310274	0.927594259379529	-6.15109216297977
ENSMUSG00000000126	0.010335721455375	7.27850052939432	0.338479700549135	0.735019033289104	0.912999363566988	-6.1511468740432
ENSMUSG00000035047	0.0137123439879385	7.38124879767391	0.699079855354104	0.484541734753116	0.781794221085653	-6.15162390860072
ENSMUSG00000028292	0.0122510938045064	7.30286447017785	0.445218792523867	0.656185123886349	0.876478940728915	-6.15169016901508
ENSMUSG00000092118	0.0187536132212358	7.30589934132964	0.386922446022942	0.698833680711374	0.897063723071843	-6.15211955572471
ENSMUSG00000040473	0.0185777475160425	7.38889785545199	0.920038466772948	0.357606720823566	0.700336836765261	-6.15228108868349
ENSMUSG00000041609	-0.0136505758049958	7.16808542055916	-0.351747412072085	0.725045755119822	0.908579546617002	-6.15228574262558
ENSMUSG00000079177	0.0223763248287918	7.40820461712184	0.992794673902759	0.32086854402329	0.667946525390414	-6.15232613907484
ENSMUSG00000057554	-0.0169556500678416	7.3614439583724	-0.599007521305311	0.549200924462976	0.819647274845993	-6.15257408156994
ENSMUSG00000031161	0.00597129043032574	7.27204538447102	0.481241694810114	0.630370381836962	0.862330908782719	-6.15269412328139
ENSMUSG00000038658	0.001705213939033	7.12802861301	0.0626376374136364	0.950058107615138	0.987419534154545	-6.15270163150636
ENSMUSG00000022439	-0.0274980733265062	7.38776077183042	-0.748123576646596	0.454428481112707	0.764599323272037	-6.15291163137642
ENSMUSG00000026116	0.00232440573117909	7.24688136677409	0.211561646494459	0.832459536436469	0.950521003453398	-6.15302771779027
ENSMUSG00000049154	-0.00483703510461542	7.24118816686417	-0.130588369043717	0.896107343153417	0.969528405374219	-6.1530306518846
ENSMUSG00000001773	0.00892428792092925	7.22020722108038	0.26009775160531	0.794801417290668	0.9373290931157	-6.15325557717755
ENSMUSG00000033819	-0.0117951828202187	7.17942359965267	-0.31747289915395	0.750900947157176	0.918837097613447	-6.15396786482578
ENSMUSG00000027646	-0.0162487731216538	7.27937455571536	-0.524039736853338	0.600279194974883	0.84550711147956	-6.1542454024642
ENSMUSG00000091881	-0.00682393336642129	7.31631353733512	-0.151506816899434	0.879583378985532	0.964478537331763	-6.15441068011936
ENSMUSG00000006576	-0.00978855837318093	7.36299104296411	-0.865125265748916	0.387020594188333	0.720422731544381	-6.15459598634141
ENSMUSG00000030605	-0.0278334167896048	7.26866528576482	-0.612067900252889	0.540526734467414	0.816741809273748	-6.15478070139263
ENSMUSG00000052914	-0.0185712495186285	7.46112085760688	-1.05373154895854	0.2920678605483	0.645032750173294	-6.15479987340031
ENSMUSG00000103280	-0.00099704592571026	7.26032951616888	-0.0388958826081903	0.968975290775569	0.9935566095034	-6.15490660063303
ENSMUSG00000062202	0.0118126229801865	7.3011760985284	0.622189376280751	0.533851908215938	0.812757954096973	-6.15561216749218
ENSMUSG00000005958	0.0104387334234195	7.23577885209587	0.257837234091281	0.796545452203824	0.937869148152795	-6.15563174030631
ENSMUSG00000039176	0.00871175989631023	7.26969213719948	0.529845517299759	0.596247699521479	0.843129569264937	-6.15589714159493
ENSMUSG00000054414	-0.010881360698729	7.31758949529281	-0.519946998580489	0.603128554614101	0.847643510257902	-6.15603811458249
ENSMUSG00000057924	-0.00657770128681801	7.17871975321758	-0.219488386347708	0.826280538951251	0.948759397693324	-6.15607154604884
ENSMUSG00000040260	-0.010246889833498	7.27022575923021	-0.659142370738207	0.509841323080544	0.79798146559287	-6.15615651857888
ENSMUSG00000060371	0.0106084152169892	7.27060944606291	0.427180360802918	0.669270369888908	0.883744969610965	-6.15629249567981
ENSMUSG00000037362	0.00299279013192777	7.23213728564446	0.0844836349999216	0.932676033563831	0.982721427457692	-6.1573638567583
ENSMUSG00000024622	-0.00893961079538386	7.37941075131669	-0.843465281384364	0.39901742274536	0.729769287752373	-6.15750605103647
ENSMUSG00000045193	0.0186668672748826	7.38718277625194	0.713923383882063	0.475315147491212	0.776986106786334	-6.15798946222305
ENSMUSG00000026958	-0.0143107010132963	7.30643904910457	-0.647714960550179	0.517205550052653	0.802962652881469	-6.15817527514466
ENSMUSG00000032388	-0.00773998120488351	7.29592787536917	-0.209875056036011	0.833775606723257	0.95066826427097	-6.15823327264543
ENSMUSG00000029442	-0.0122563081220495	7.2437196941805	-0.342561117368227	0.731946197214235	0.911687304366678	-6.15851154555344
ENSMUSG00000098926	0.017240438854988	7.33141877224183	0.304832890547988	0.760508884042	0.922964610928475	-6.15906619226553
ENSMUSG00000030768	0.0171156373524139	7.39589563254251	0.777927226255748	0.436656751048089	0.754260699542616	-6.15928429124379
ENSMUSG00000039178	1.82679298363908e-05	7.2493186048632	0.000720367667805398	0.999425264814128	0.999572716166269	-6.15948170862266
ENSMUSG00000015085	-0.0180549558684726	7.19877167452955	-0.482593268846396	0.629410293212851	0.862161390347216	-6.15956216193513
ENSMUSG00000038496	0.00920237711602034	7.03025532810379	0.172171305317105	0.863311343573189	0.959651834305182	-6.15993713003306
ENSMUSG00000098449	0.00823222164060677	7.29832527389481	0.274084253086299	0.784033665993926	0.932508324040924	-6.16018760032142
ENSMUSG00000037960	-0.0132361099823886	7.30647313929732	-0.380611291731145	0.703511395958225	0.899406648411279	-6.16042753956282
ENSMUSG00000026743	0.00956087927084237	7.23877433494233	0.373717790154861	0.708633588468327	0.901365436950331	-6.16058883165555
ENSMUSG00000019854	-0.007119262822048	7.32189132218257	-0.307277153741	0.758648011419971	0.922356212819453	-6.16059959394361
ENSMUSG00000098731	-0.005258684783084	7.27643543587272	-0.178840807708529	0.85807152791569	0.958226742697816	-6.16074149282904
ENSMUSG00000036880	0.0186416619195926	7.3106457835588	0.636470519943568	0.524505277983644	0.808085790288171	-6.160894354775
ENSMUSG00000034729	-0.0205284273007642	7.369483195104	-0.730423675688881	0.465172935468595	0.770156876185518	-6.1610779849722
ENSMUSG00000042814	-0.00558170470207475	7.2836848189815	-0.162270631605201	0.871100727678142	0.96254145606033	-6.16108422902873
ENSMUSG00000042857	0.0175564093893321	7.35249416474349	0.557157574780809	0.577450150588278	0.83578246732924	-6.16113022723698
ENSMUSG00000041096	-0.0101371645019848	7.31240983763475	-0.344134324805812	0.730762897622997	0.91105134399748	-6.1612301757758
ENSMUSG00000028976	0.0383923285839787	7.35321059611872	0.790767268380408	0.429125497538521	0.749173769717649	-6.1613426871619
ENSMUSG00000044912	0.00789595865137649	7.29975954726536	0.262289828461516	0.793111164897094	0.936335432586876	-6.16139652865044
ENSMUSG00000058355	0.0132716323773092	7.32113296594167	0.524011512384479	0.600298823949126	0.84550711147956	-6.16151326302623
ENSMUSG00000042496	-0.0113706455545168	7.33179955706621	-0.690883664953323	0.489677718038942	0.785322438078583	-6.16209103436078
ENSMUSG00000030257	0.0122364750471284	7.32364450897951	0.662238703350218	0.507855430760436	0.796841098281448	-6.16228307609167
ENSMUSG00000028433	-0.0120297484987031	7.55274992628207	-1.33540609567305	0.181817515098353	0.52381680189194	-6.16241199442029
ENSMUSG00000024907	-0.0192105807602587	7.36425265689928	-0.620735973617088	0.534807818969214	0.813454787037713	-6.16249763342736
ENSMUSG00000022517	0.00645194250668091	7.35579928589863	0.75646592583914	0.449413306608366	0.762119526078326	-6.16250711771145
ENSMUSG00000025962	-0.0157814520050374	7.29316341003346	-0.539521292240707	0.589556472457454	0.840814691532403	-6.16262240158718
ENSMUSG00000045731	0.0102389892299835	7.34416586967886	0.388147850062224	0.697926751026719	0.8967485680838	-6.1629318739809
ENSMUSG00000040234	-0.0166986473154234	7.30624302693875	-0.557238270707733	0.577395027473336	0.83578246732924	-6.16306168516622
ENSMUSG00000020080	-0.00521393090976208	7.24992395429436	-0.168640183805115	0.866087979852518	0.960609695104557	-6.16311732206886
ENSMUSG00000001123	-0.0096312440563997	7.30055368370497	-0.347303074678327	0.728381446243468	0.910376308109312	-6.16326247802889
ENSMUSG00000029798	0.0127772031985147	7.23593557334326	0.352058789513379	0.724812245912585	0.908579546617002	-6.1634110480382
ENSMUSG00000040370	-0.00252128304837296	7.28975544846978	-0.0867703184451428	0.930858313254985	0.982451892504367	-6.16350398210005
ENSMUSG00000011148	0.000494737196605755	7.25302224886663	0.0213407591663867	0.982974867363276	0.995951388069649	-6.16457716555548
ENSMUSG00000060487	0.00990555249633029	7.31440706170037	0.430476259678293	0.66687183256022	0.88200646823251	-6.1647063997939
ENSMUSG00000024431	0.018609344086757	7.33135021697324	0.67524070010918	0.4995608854418	0.791428661465286	-6.16542889638529
ENSMUSG00000025950	-0.0231425096662115	7.35278961620614	-0.663531750107407	0.507027314074173	0.796494938911052	-6.16565181117137
ENSMUSG00000003283	-0.00907272720041608	7.23611485761272	-0.431325826277528	0.666254124665035	0.881621013156079	-6.16622609077235
ENSMUSG00000024251	0.013820484423186	7.36226890960472	0.671278250282376	0.502081059589449	0.793174658180811	-6.16653702542975
ENSMUSG00000032609	-0.00926673831496139	7.28698870345002	-0.382931233355382	0.701790580180884	0.898704320385911	-6.16676261039327
ENSMUSG00000038344	0.00349196661243134	7.23031077167757	0.17198200897217	0.863460150958026	0.959651834305182	-6.16685762278403
ENSMUSG00000041720	0.0202640144333479	7.45917527092393	1.02174940020208	0.306959735396693	0.657574546278134	-6.16711140884669
ENSMUSG00000084686	-0.0137325958373031	7.25243150458769	-0.375497680862056	0.707309772805328	0.901196201945901	-6.16720767711839
ENSMUSG00000041117	0.0143322094766205	7.25525697781244	0.404827052633803	0.685625736149955	0.890820673763402	-6.16754899656507
ENSMUSG00000069835	-0.0235072146078599	7.41756762062701	-0.84157944423077	0.400072423833034	0.731211943446792	-6.16761573388383
ENSMUSG00000071573	-0.0107045504926973	7.32476486982905	-0.392437985283198	0.694754999638208	0.896035030181874	-6.16801707202334
ENSMUSG00000010086	-0.016699102621657	7.29970495073776	-0.652200711468021	0.514308218992674	0.801216917511511	-6.16806030040552
ENSMUSG00000022098	0.00239435848514269	7.21137528844954	0.0637438690358825	0.949177277077478	0.986923080174287	-6.16818680630495
ENSMUSG00000095010	-0.0167201337686107	7.40912717195087	-0.9604014710143	0.336909764482798	0.681318558837467	-6.16848214296638
ENSMUSG00000005447	-0.0102120745564234	7.31575858681607	-0.276366575072996	0.782280440043367	0.932142974694375	-6.16852591015133
ENSMUSG00000032625	0.0146785222679133	7.29568894341079	0.33510485725299	0.737563112198594	0.91383966991822	-6.16869735934821
ENSMUSG00000027858	-0.00215584037456207	7.27232402771918	-0.0788261073590935	0.937174780206853	0.984208437161342	-6.16884201164016
ENSMUSG00000019726	0.0114805863770187	7.38958731618035	0.806374632416499	0.420073583437983	0.745377506137678	-6.1691530047379
ENSMUSG00000036552	0.0150234661399207	7.28978638649303	0.39526642957843	0.69266681082492	0.894823880053765	-6.16925179948601
ENSMUSG00000037652	0.0144843166599893	7.3846414515161	0.8289936709825	0.40715618970031	0.736815752797224	-6.16950672599971
ENSMUSG00000026088	0.00846103656173991	7.26408163995245	0.242165491427445	0.80866403075528	0.94250049353696	-6.1696918416208
ENSMUSG00000082969	-0.0242294046807601	7.39295775151879	-0.811833833845782	0.41693405889417	0.743299404403308	-6.16990358677386
ENSMUSG00000001100	0.00628417856163299	7.23934826354445	0.226473680815406	0.820844303635883	0.946666133778097	-6.16998381620654
ENSMUSG00000037243	-0.00578359779892423	7.20455823462606	-0.157714284989585	0.87468970089889	0.963877560036409	-6.17024688907754
ENSMUSG00000079339	-0.0084864865972456	7.28469194990666	-0.332324435593213	0.739661259058205	0.914838250495933	-6.17044435967812
ENSMUSG00000049658	-0.00622693295003085	7.25064975618291	-0.399788814381115	0.689332871254265	0.893370015674958	-6.17073552516929
ENSMUSG00000038292	-0.0141701011037743	7.23463385836466	-0.367851100598249	0.713003229553547	0.903870760756147	-6.17083177266707
ENSMUSG00000003865	0.00432206918303724	7.20957168907801	0.133281275757378	0.893977468523132	0.969077484595221	-6.1709265466602
ENSMUSG00000087055	0.0172088798985479	7.54557299774242	1.30179824601974	0.19305841232668	0.538846551719685	-6.17098909352499
ENSMUSG00000027230	-0.0325590679661261	7.34228682801363	-0.811953579101918	0.416865350261874	0.743299404403308	-6.17098940539
ENSMUSG00000044864	0.00285411238237465	7.22646570071514	0.168957420166966	0.865838458394028	0.960609695104557	-6.17121096187143
ENSMUSG00000053460	-0.0111808522654924	7.28399000790992	-0.374176145104581	0.70829259694794	0.901350047651492	-6.17127011374135
ENSMUSG00000041528	0.0122910425663703	7.44771410163477	1.05331612284887	0.292258129024674	0.645242747649656	-6.17128890166179
ENSMUSG00000032855	0.00800816452105035	7.43930996330587	1.00758484284767	0.313713197980132	0.662227603790583	-6.17138680251838
ENSMUSG00000056724	0.00467857009245964	7.31748983931468	0.566665549736553	0.570972412474829	0.832123397649546	-6.17140295791378
ENSMUSG00000026155	-0.00224791086427967	7.25813722474157	-0.0614403307597541	0.951011524884848	0.98789433258522	-6.17148231295217
ENSMUSG00000032902	0.0168582941068802	7.32276978572734	0.449002356188885	0.653453659825285	0.875092946817643	-6.17165526712791
ENSMUSG00000022471	0.0212254606713618	7.55500442336832	1.33038496131942	0.183465371033893	0.526696792746358	-6.1722614712582
ENSMUSG00000030034	0.00284656785667003	7.25555608052434	0.125170456459083	0.900394735063496	0.971665108841483	-6.17282889544722
ENSMUSG00000032536	-0.0122840707963388	7.27775273596902	-0.554538570467733	0.579240527922651	0.836272738637799	-6.17349792952938
ENSMUSG00000020611	0.0223496501521305	7.37080691543416	0.886201976788723	0.375560612114926	0.712745069856406	-6.17362228927359
ENSMUSG00000045374	-0.0174009552394399	7.46196423640033	-1.18968373266503	0.234239527839444	0.585296630749573	-6.1736446831157
ENSMUSG00000031146	-0.0132030714439137	7.24622519633372	-0.282244430985636	0.777770320961781	0.929077899542344	-6.17373412282099
ENSMUSG00000039768	0.0151151267867542	7.34349561159172	0.669825834244667	0.50300649922099	0.793386302014259	-6.17422691537549
ENSMUSG00000004035	-0.0130283306780061	7.28326658558402	-0.366598275757524	0.713937589304032	0.904378756963848	-6.17447816536397
ENSMUSG00000025375	-0.00323424049327858	7.22138069747517	-0.152587680257625	0.878730940425593	0.964478537331763	-6.17524725068624
ENSMUSG00000002052	0.00265830072089379	7.26942448056745	0.19304709957104	0.846931632311372	0.955232383376926	-6.17553154778712
ENSMUSG00000063919	-0.00875633095758399	7.28025212989048	-0.367099650542446	0.713563611196642	0.904073959499492	-6.17587250069874
ENSMUSG00000038368	0.0180695915448972	7.55777485485375	1.38646934274942	0.165678931263681	0.50876032763657	-6.1759592997894
ENSMUSG00000023959	0.0211958242472452	7.47634631386981	1.19347623350218	0.23275188622849	0.584204972944828	-6.17599584819863
ENSMUSG00000037103	-0.0125901036800968	7.34100445636936	-0.6842548631094	0.493852871571232	0.788280813840683	-6.176305278739
ENSMUSG00000040459	0.0211811833014135	7.34482716848128	0.752027084468969	0.452077888889684	0.763486798401387	-6.17635607248207
ENSMUSG00000023353	-0.0146348859241048	7.22420147360897	-0.403874906451994	0.686325748615515	0.891127723037398	-6.17639334803936
ENSMUSG00000036693	-0.0170500913327123	7.37098472059217	-0.702014387933075	0.482709992616644	0.781098134494751	-6.17647452801485
ENSMUSG00000041491	0.00385404307396708	7.18833909368265	0.0983315091426775	0.921673859867581	0.978624339579032	-6.17650872811572
ENSMUSG00000061273	-0.00730225707944143	7.31072934512201	-0.502211412392454	0.61554575406472	0.854865637071217	-6.17674035784828
ENSMUSG00000038070	0.0135872721385564	7.36698232614055	0.442311521739394	0.658287097763544	0.877395497198538	-6.17737900661146
ENSMUSG00000032181	-0.0141764419717028	7.32976539324798	-0.512884271887938	0.608059874647369	0.850957450502583	-6.17738887274859
ENSMUSG00000086841	-0.00213624515881783	7.22461991737952	-0.0961401595203658	0.923413949483359	0.978938644702118	-6.1774921935562
ENSMUSG00000053963	0.0224742413353898	7.38261238622766	0.862248281897908	0.388601275140831	0.721832591911136	-6.17757678433876
ENSMUSG00000020952	-0.00940855223295145	7.33429455916891	-0.26423193401134	0.791614470379601	0.93588323939716	-6.1778857034417
ENSMUSG00000015942	0.0160767842015952	7.42996658948836	0.82787384443801	0.407790076669333	0.737567350591356	-6.17812689525886
ENSMUSG00000065564	0.0114021769626369	7.37172958136119	0.820766790459483	0.41182677955603	0.740413430642015	-6.17813173931714
ENSMUSG00000030660	0.0189609660401366	7.48989643168699	1.19307809348915	0.232907744383195	0.584204972944828	-6.17817735226141
ENSMUSG00000022009	0.0148206682562968	7.32935905290372	0.483812608852837	0.628544674046964	0.8617177477342	-6.17817773150122
ENSMUSG00000021000	0.00388824135797528	7.19476672610634	0.0890237681923605	0.929067363776767	0.981312870854759	-6.17865554401794
ENSMUSG00000024948	0.00307382098780806	7.23114854712226	0.125223653705224	0.900352623796539	0.971665108841483	-6.17872978153023
ENSMUSG00000004896	-0.0095491690453926	7.28557681002627	-0.391369780674283	0.695544239820281	0.896035030181874	-6.17886789965459
ENSMUSG00000037386	0.0160948070389351	7.55539812484512	1.30232624417741	0.192877949277946	0.538846551719685	-6.17921357082823
ENSMUSG00000024079	-0.00553340810040837	7.28520224547956	-0.209406965395631	0.834140947216004	0.95066826427097	-6.17922388522595
ENSMUSG00000096847	0.00265893529278483	7.23706868511317	0.133186761199652	0.894052209150715	0.969077484595221	-6.1792238940055
ENSMUSG00000036459	-0.0065888422520457	7.30120893490805	-0.359991056697681	0.71887234165778	0.906588990429132	-6.17985412358395
ENSMUSG00000035513	0.00792329609004838	7.22876659630133	0.196183274165851	0.844476430252564	0.954309224517297	-6.18017604096729
ENSMUSG00000002105	-0.0199366824090212	7.36381318952989	-0.970570635405931	0.331819319662881	0.678348361880177	-6.18029409366033
ENSMUSG00000042063	0.00583415763302497	7.31413011670954	0.275656852209304	0.78282551434903	0.932142974694375	-6.18030309717857
ENSMUSG00000073176	0.0156252948726232	7.33173854881688	0.663895138560277	0.506794714010224	0.796425779082628	-6.18034010188133
ENSMUSG00000070315	0.00999663548264973	7.30027003128486	0.271641834603082	0.78591108955695	0.933045757636876	-6.18064043683429
ENSMUSG00000068744	0.00427176840818078	7.21464943504117	0.109038425751893	0.913177342371552	0.97610047365764	-6.18085752028022
ENSMUSG00000057895	0.0153390548810606	7.46924557125175	0.998578701096459	0.318057682482921	0.665775213695143	-6.18095432498158
ENSMUSG00000029196	0.0135793250466687	7.35643787789055	0.535188842979865	0.592548271494673	0.841584900997777	-6.18100053837768
ENSMUSG00000067377	-0.0140300698202047	7.34565384489724	-0.579446838395836	0.56231950560899	0.827054444365776	-6.1810494118172
ENSMUSG00000029802	0.0105034036115317	7.34570028571829	0.484500240398777	0.628056744047426	0.861687243047461	-6.18105109078788
ENSMUSG00000005045	-0.000600390591021238	7.24634676984593	-0.071411501612235	0.943073734913913	0.985600377550515	-6.18111645978993
ENSMUSG00000053552	0.0171092665462842	7.39885723279178	0.866415150365534	0.386313177640651	0.719949699306109	-6.18135293534073
ENSMUSG00000039158	-0.0115053849718825	7.25440350888224	-0.361803640329489	0.717517394313773	0.905739783563015	-6.18189550929044
ENSMUSG00000065282	-0.00602857420200031	7.27258012561389	-0.192945846567363	0.847010924676268	0.955232383376926	-6.18193414608863
ENSMUSG00000037486	0.0124881756706579	7.51869563672618	1.19541563404943	0.231993735921037	0.583448538604605	-6.18200325829793
ENSMUSG00000104156	-0.00791267794716966	7.37856214348516	-0.871639653438459	0.383455967737045	0.717649670763426	-6.1822433079779
ENSMUSG00000090272	0.0140906416156463	7.23169550912928	0.306973278711267	0.75887928246405	0.92252177097172	-6.18235158071639
ENSMUSG00000032968	-0.0113967673774225	7.22558677248844	-0.377567586132352	0.705771368096267	0.900497727603267	-6.18282999948664
ENSMUSG00000063382	-0.00661276825987844	7.35289319442539	-0.769927858307814	0.441386992183919	0.757293545312119	-6.18370358458817
ENSMUSG00000036510	-0.00471648930278157	7.27286739556809	-0.136399601145079	0.891512077802827	0.969041273395506	-6.18418104456307
ENSMUSG00000086472	0.0132388516584969	7.44254713448559	0.920888039618767	0.357162999973201	0.699642815367184	-6.18427520078529
ENSMUSG00000056316	-0.0192436043627486	7.38830359559313	-0.786701684391987	0.431501932949818	0.751001695370171	-6.18449118520761
ENSMUSG00000007610	0.0125529055411526	7.30992805158334	0.56083911981095	0.574937826706813	0.834017125253704	-6.18481541893813
ENSMUSG00000033166	0.0170445932801098	7.54180568209977	1.15036117941981	0.250062152973533	0.601886306799169	-6.18505583277978
ENSMUSG00000014668	-0.000381949568507345	7.22453906145051	-0.0130141844261594	0.989617108732238	0.99787302464142	-6.18512059951735
ENSMUSG00000019338	0.0125438411470329	7.59305721480748	1.37827128820719	0.168194661079874	0.510353224016595	-6.18530625877955
ENSMUSG00000063704	-0.0171133943794706	7.35445971078423	-0.770769212785108	0.440888099240287	0.757018178866608	-6.18540749921022
ENSMUSG00000019971	-0.00805031627239217	7.27575593527435	-0.357629317765478	0.720639121650713	0.906949060175152	-6.18571001355176
ENSMUSG00000034035	0.0162266189737705	7.43631950777837	0.778513278864652	0.436311354735202	0.754058551441967	-6.18595132793142
ENSMUSG00000026672	-0.012900843016892	7.30894542596787	-0.35544967534236	0.722271003245692	0.907412571689285	-6.1863228233732
ENSMUSG00000041298	-0.0102616378685019	7.33598218953214	-0.632958617718115	0.526795926092815	0.809600902966037	-6.18632813925023
ENSMUSG00000073664	0.0157945370666486	7.3859544629988	0.783589628960536	0.433326152432792	0.753016252148579	-6.18648863540305
ENSMUSG00000086670	-0.0102273272391935	7.33752852888265	-0.483749088231013	0.628589755243144	0.8617177477342	-6.18651749782951
ENSMUSG00000032289	-0.00819306572766365	7.21684854188374	-0.217915934582092	0.827505443199875	0.948759397693324	-6.18657635872854
ENSMUSG00000063808	-0.0132370758669538	7.31715870215732	-0.346198416728397	0.729211347654957	0.910540380503399	-6.18694947683236
ENSMUSG00000022449	-0.0232971527016135	7.34878299815701	-0.642218327299841	0.520767298859276	0.806094444701308	-6.18735170771652
ENSMUSG00000072889	0.0164034733625815	7.28194166324638	0.531577446241266	0.595047453417441	0.842800702191373	-6.18774701043051
ENSMUSG00000087150	-0.00139452078596669	7.23899200349059	-0.0547037157048394	0.956377171265768	0.989845709464926	-6.18778804922506
ENSMUSG00000039473	-0.00979516838848937	7.36925969624294	-0.845745625593899	0.397743960969059	0.72853453429053	-6.18785802890046
ENSMUSG00000030691	-0.00346696012816139	7.27508263464582	-0.151729109387488	0.879408053353616	0.964478537331763	-6.1879200115103
ENSMUSG00000037892	0.00732167447767917	7.27896320971418	0.224823664883759	0.822127645970084	0.946890836429572	-6.18813615241552
ENSMUSG00000026668	0.00179114931956814	7.23847197705782	0.0446035893803304	0.964425451161487	0.99177745974586	-6.18836293203462
ENSMUSG00000028664	0.00462703839818346	7.2728249616092	0.288229742883717	0.773185435070117	0.92782924578828	-6.18851704265614
ENSMUSG00000022386	0.0220757721636682	7.46907422500197	1.07563144405309	0.282155335526006	0.635458810475346	-6.18881380993114
ENSMUSG00000016984	0.00363449093036028	7.30853367783415	0.157559457793122	0.874811701954247	0.963877560036409	-6.18891827117732
ENSMUSG00000024325	-0.00946407225779033	7.25164123507017	-0.307543630639093	0.75844522085379	0.922356212819453	-6.18895323704315
ENSMUSG00000024170	-0.00781863252537818	7.26594576396721	-0.415559001114976	0.677754454091603	0.887526646042447	-6.18927721605151
ENSMUSG00000087445	0.0190125531820273	7.50265013664752	1.27224728367391	0.203357336995622	0.550323108779768	-6.18943701798093
ENSMUSG00000050623	-0.00363864166787131	7.2563294075948	-0.105201283710347	0.916221232196243	0.977307287131546	-6.18949476148142
ENSMUSG00000024548	0.009085824786629	7.26494006850639	0.290243144917935	0.771644892287908	0.927457894915527	-6.1896578662885
ENSMUSG00000027650	-0.0104086956394589	7.40676908943706	-0.813595339523281	0.415923998362685	0.74247499273223	-6.19010913793854
ENSMUSG00000089780	0.0134802009774662	7.3654112158545	0.714745272711015	0.474807102601035	0.776623802275888	-6.1904326704797
ENSMUSG00000015094	-0.00116968060369782	7.26385983029126	-0.0417312690429622	0.966714956175499	0.992707822148558	-6.19047784461531
ENSMUSG00000048794	0.00636293400358312	7.28578968691755	0.175804639614546	0.860456096336574	0.958828285865972	-6.19086488996129
ENSMUSG00000020238	-0.00167950717194643	7.19739611164873	-0.0679759231046645	0.945808111263405	0.986101689673119	-6.19199690886217
ENSMUSG00000057133	0.0142636441573352	7.49160224199526	1.10981999804027	0.267141610721432	0.621662206885313	-6.19207775212157
ENSMUSG00000054723	0.0136728956111369	7.51839292992705	1.18505549906857	0.236064107099974	0.586454822295855	-6.19272754058596
ENSMUSG00000026812	0.0126540456320328	7.50027270154116	1.19411216761472	0.232503093403678	0.583971274614129	-6.19287414611448
ENSMUSG00000027111	-0.0105487353045648	7.20698756157816	-0.201596954573805	0.840241815453881	0.952508238622385	-6.19314162106945
ENSMUSG00000022401	0.006496291439543	7.28622781754945	0.446415719225158	0.655320528316809	0.876154761507338	-6.19336955419945
ENSMUSG00000026339	-0.00885127663546381	7.31846439788543	-0.707477527661037	0.479309936692254	0.77909950002159	-6.19338758085269
ENSMUSG00000043940	0.00585343373645753	7.30635413108697	0.508852616751043	0.610882883581379	0.853015955940033	-6.19367360293069
ENSMUSG00000000058	0.0166647890684333	7.39693866385196	0.883023459155361	0.377275306283585	0.71408013361058	-6.1942877405484
ENSMUSG00000029570	-0.0074383811866845	7.18632469194193	-0.147874480507447	0.882449091276504	0.96548134114968	-6.19431868667139
ENSMUSG00000029231	-0.0213168783985305	7.40671351867333	-0.91267310015396	0.361468094187834	0.703764687512225	-6.19448347946976
ENSMUSG00000044442	0.00853607966648795	7.34250764369047	0.392991725483629	0.694346000298556	0.895874439297003	-6.19506777643904
ENSMUSG00000032867	-0.00563649688474577	7.26183914792833	-0.352363636292049	0.72458365900373	0.908527258741567	-6.19522182166061
ENSMUSG00000032418	0.00721792461329596	7.29404121881968	0.223388827706221	0.823244014765141	0.947086939555354	-6.19524234917968
ENSMUSG00000031641	-0.00942122389253974	7.31258403752804	-0.306562804456283	0.75919171754566	0.92272840299504	-6.19548753382926
ENSMUSG00000097405	-0.00582446740155973	7.27269135411827	-0.356326548574974	0.72161434249349	0.907228630185854	-6.19578949010434
ENSMUSG00000030322	-0.010094105776397	7.25375030405618	-0.4280917080708	0.668606812591093	0.88326718942902	-6.19584496916517
ENSMUSG00000025728	-0.0205669944885889	7.33404050615467	-0.807418671872193	0.419472095970976	0.744983321610491	-6.19591515091177
ENSMUSG00000061755	-0.00816652380982319	7.31287940595551	-0.50201803141734	0.615681763398608	0.854865637071217	-6.19601828023318
ENSMUSG00000041161	0.0123222985895612	7.33384629626927	0.570413184529029	0.568428709833558	0.83026585347617	-6.19629316422171
ENSMUSG00000029363	-0.00237447884061659	7.28214504149554	-0.0920048241466397	0.926698696306397	0.980457281319839	-6.19666660799492
ENSMUSG00000085980	0.00783084019983704	7.35464574737488	0.273751775644912	0.784289159097113	0.932508324040924	-6.19674408651049
ENSMUSG00000031570	-0.0108259822162182	7.25667103141899	-0.480414704885031	0.630958141101392	0.862473638066425	-6.19675453869243
ENSMUSG00000037541	-0.0138729323586162	7.35387070637138	-0.82058669538849	0.411929378030146	0.740413430642015	-6.19683792661513
ENSMUSG00000040006	-0.00348379063658033	7.30606549569264	-0.154352370415133	0.87733949457875	0.964478537331763	-6.19695572707759
ENSMUSG00000020926	0.0117578939323195	7.39465111779209	0.832180698975954	0.40535536657346	0.735225158528825	-6.19708687502101
ENSMUSG00000030583	-0.00607480792257764	7.26668403277568	-0.327803393494361	0.743077039033483	0.916209393890139	-6.19730508609135
ENSMUSG00000091337	0.0116615517858509	7.3436776701011	0.534783695300639	0.592828404456084	0.841806400043526	-6.19744784326447
ENSMUSG00000044067	0.0180967595246164	7.34490092446031	0.614480804636085	0.538931710375318	0.816258680506272	-6.1980091649087
ENSMUSG00000028360	0.0203566159363913	7.33901465057792	0.67016166895849	0.502792434449636	0.793386302014259	-6.19807281243348
ENSMUSG00000082884	0.00353521844547888	7.27842891662811	0.25620581814033	0.797804754892388	0.938477670461979	-6.19845951231919
ENSMUSG00000057729	0.0112185621994909	7.27746319493497	0.330788984587911	0.740820765262269	0.914975437062896	-6.19854779964921
ENSMUSG00000016526	0.00909461403588718	7.28500655938405	0.301033434215258	0.763404246393445	0.92395992492392	-6.19891740575562
ENSMUSG00000101939	0.00116598646212829	7.25952846995551	0.104440672145949	0.916824749956971	0.977307287131546	-6.19896127598776
ENSMUSG00000078117	0.0211511037178722	7.40185685436597	0.797680047127066	0.425102326156922	0.746959219548411	-6.19900361922704
ENSMUSG00000008575	0.0044513024565811	7.2620382702885	0.119406016170844	0.904959538371562	0.973147320847211	-6.19920158979792
ENSMUSG00000072653	0.0145335404822884	7.42351659432659	0.800873463914943	0.423251255130506	0.746221133557789	-6.19923129433997
ENSMUSG00000025666	0.0165334731377627	7.45897695807056	0.987244464539344	0.323580996287379	0.669890234793753	-6.19930258599421
ENSMUSG00000101249	-0.00846322532532628	7.34166273465925	-0.605713786621913	0.544738316208808	0.817367801987953	-6.1994774413701
ENSMUSG00000035311	0.00186253941847792	7.24199801952623	0.0743926100078734	0.940701613773612	0.985305099377507	-6.20008802357292
ENSMUSG00000033799	-0.00983533506778844	7.30811956683116	-0.601265289307386	0.547696505877224	0.818889913255181	-6.20075986551988
ENSMUSG00000019907	0.00646307756288689	7.26905708422927	0.310810723725789	0.755960297995847	0.921120672259162	-6.2008674201395
ENSMUSG00000027395	0.0172876372724744	7.37874508289634	0.798557374022683	0.424593311004622	0.746959219548411	-6.20117870598053
ENSMUSG00000038828	-0.00296624691243252	7.23922817537019	-0.224675507564445	0.822242902487967	0.946890836429572	-6.20161239221844
ENSMUSG00000052026	0.0110650246251796	7.2795897880539	0.396174932096799	0.691996574505954	0.894554686990057	-6.20196166784682
ENSMUSG00000086771	0.0157080567939554	7.34119490696058	0.707569314683512	0.479252923752428	0.77909950002159	-6.20210488727917
ENSMUSG00000046230	0.00176444876568826	7.26044567968013	0.0757844532566224	0.939594278160301	0.985107660258645	-6.2022204979425
ENSMUSG00000040325	0.00568985514809572	7.3216049860353	0.478971570019135	0.631984366960436	0.862731922676251	-6.20248637779289
ENSMUSG00000031453	-0.0137989300504913	7.48433185731697	-1.13357984131538	0.257037033284048	0.610381608613528	-6.20251365675124
ENSMUSG00000052566	0.0144045162968043	7.3718338606941	0.725451771704862	0.468216276743778	0.771871824345573	-6.20255644385225
ENSMUSG00000097062	-0.00878601453486372	7.3292436966778	-0.263344821924281	0.792298033307225	0.936081110865367	-6.20286639885581
ENSMUSG00000025505	0.00190696089683673	7.2332917440837	0.051080694999121	0.959263704450463	0.990454418916107	-6.20295816577237
ENSMUSG00000102976	0.0190057614667651	7.44258446920586	0.946102199841375	0.34415214980421	0.689117537593483	-6.20308687131355
ENSMUSG00000028337	0.00700793263805899	7.28541888717777	0.296119811567454	0.767153564301765	0.925526608364774	-6.20345216922176
ENSMUSG00000056592	-0.0153865960025099	7.26809509026796	-0.547561003823536	0.584023141946896	0.838080626430569	-6.20368618370967
ENSMUSG00000025648	0.0151261310138233	7.47061350772873	1.0553859404711	0.291310962092943	0.644515996092708	-6.20374654886853
ENSMUSG00000034000	-0.0183321606811582	7.21503780239844	-0.413681779401961	0.679128784064335	0.888196555695877	-6.20389130289055
ENSMUSG00000009907	-0.0152804494758421	7.4229055995023	-0.733062848944212	0.463561957453273	0.769086272534444	-6.20403016114962
ENSMUSG00000074733	0.0033001312853207	7.23833168778822	0.0798131054193285	0.936389791592749	0.984155212529857	-6.204104874034
ENSMUSG00000031398	-0.00274270696204582	7.27150895442142	-0.210383786353009	0.833378588042708	0.95066826427097	-6.20446359924007
ENSMUSG00000048388	0.0100250960748198	7.29900916574909	0.38754433618035	0.698373361831587	0.896938121008554	-6.2047980572959
ENSMUSG00000031511	0.00427991302851716	7.26934123537621	0.351722902490194	0.725064136513399	0.908579546617002	-6.2048047801363
ENSMUSG00000018678	0.0109100417085859	7.35742966260519	0.534215638322383	0.593221280710162	0.841994597180089	-6.20516296680779
ENSMUSG00000071796	0.0144821443393628	7.54256978838072	1.31271040898243	0.189353935440197	0.534331837998433	-6.20534856644405
ENSMUSG00000074793	0.0193050991963286	7.30046896106059	0.44455605893809	0.656664045373312	0.87666464997813	-6.20536795056091
ENSMUSG00000029598	0.0137743799909611	7.43459150770025	0.919209145718156	0.358040199097439	0.700975417713288	-6.20579166179665
ENSMUSG00000019961	0.0236491883880365	7.4879032789331	1.03958076985957	0.29859594350391	0.651918746681365	-6.20585482465209
ENSMUSG00000093080	-0.017604107967804	7.3817266332709	-0.776059783285104	0.43775839877893	0.75478761306939	-6.20669989307489
ENSMUSG00000030400	-0.0147116019212463	7.29840676875906	-0.748194979296559	0.454385422491219	0.764599323272037	-6.20671887819058
ENSMUSG00000007880	0.00406333790624203	7.29451056483885	0.414841917905864	0.67827931049739	0.887912609029991	-6.20676670723511
ENSMUSG00000073471	0.00239742798513642	7.28852895715432	0.0552857960067625	0.95591346858899	0.989845709464926	-6.20691426762149
ENSMUSG00000085151	0.0135239393561948	7.30497930282436	0.474918060559641	0.634870644199294	0.864040975110824	-6.20711538632818
ENSMUSG00000034349	-0.00242577908756303	7.28967774658371	-0.0664346829646781	0.947034993516326	0.986115720340959	-6.20719654130879
ENSMUSG00000036817	0.0242854821377536	7.50228903511452	1.16774545070361	0.242977280242695	0.594258796818995	-6.20735512626491
ENSMUSG00000087912	-0.00623038977203461	7.26700527635712	-0.121414155637978	0.903368948103021	0.972636943555509	-6.20753974657714
ENSMUSG00000031775	-0.0135523468948184	7.32949169409515	-0.315112809611108	0.752692020250747	0.919369226176543	-6.20781235696398
ENSMUSG00000020700	0.00913066199348922	7.51645833185355	1.24580144054866	0.212908401058329	0.561160983971388	-6.20792659924367
ENSMUSG00000038241	-0.00628736363124016	7.36472228037349	-0.728884305981756	0.466114018121119	0.770607251268221	-6.20884978848896
ENSMUSG00000032180	-0.00935077031026932	7.23309150488913	-0.263104254209241	0.792483429964769	0.936081110865367	-6.20906372726937
ENSMUSG00000040414	0.0169465920603695	7.38323274682133	0.731425470894318	0.464561063203613	0.769847683677068	-6.20952830608858
ENSMUSG00000028683	0.0155794965264526	7.34623812581923	0.481808674318494	0.629967552626776	0.862161390347216	-6.20971023657411
ENSMUSG00000040564	-0.00137095022516309	7.27105194266188	-0.0587396649420033	0.953162325042949	0.988977944664598	-6.20974319804227
ENSMUSG00000067879	0.017540650410826	7.31666637167389	0.580515739689084	0.561598742117951	0.826634792174523	-6.20975385802548
ENSMUSG00000092807	0.00593180055786569	7.32881261034306	0.186436596926221	0.852111608146011	0.957064104500698	-6.21024731878452
ENSMUSG00000039982	-0.0195204837954703	7.30168925917985	-0.656997112527524	0.511219605829798	0.798975840442697	-6.21079177599626
ENSMUSG00000023051	-0.0149372717045555	7.35715655677924	-0.625921798844857	0.531401035905621	0.811312995282093	-6.2109520754067
ENSMUSG00000033006	-0.00974704584255992	7.30523235617934	-0.403689225278123	0.686462291755384	0.891127723037398	-6.21144073872846
ENSMUSG00000050730	-0.0124600316912025	7.37809047706709	-0.663752782718322	0.50688582738634	0.796425779082628	-6.21177097097556
ENSMUSG00000031788	0.000210867195207243	7.24695780509613	0.0066666388277598	0.994681155165394	0.998588676615258	-6.21198893821162
ENSMUSG00000049313	-0.00690260746609539	7.22420155948224	-0.157592018064592	0.87478604479672	0.963877560036409	-6.21206354694247
ENSMUSG00000074637	-0.0177478873259274	7.36389683064004	-0.557135031128671	0.577465550523849	0.83578246732924	-6.21211256087389
ENSMUSG00000060149	0.0160902158289611	7.45324234356843	0.923374938489503	0.355866119908786	0.698239197355039	-6.21227230424136
ENSMUSG00000092274	-0.00701817776704594	7.28484646815329	-0.265816448374788	0.790393924201692	0.9354272768916	-6.21249329662489
ENSMUSG00000074001	-0.00557236024037788	7.28589238125792	-0.138328586333991	0.889987519206202	0.968181881200168	-6.21326380602194
ENSMUSG00000063455	0.00213294057951607	7.25521182521928	0.121784475680246	0.903075670279124	0.972587174330317	-6.21392233252291
ENSMUSG00000032589	-0.00410983560956257	7.23618595669678	-0.159590401491523	0.87321159238383	0.963466021235964	-6.21402113508612
ENSMUSG00000048371	0.0165476208773425	7.54130969859519	1.14099110786548	0.253940184779235	0.606255728571076	-6.21409721050956
ENSMUSG00000031644	-0.0150930079289342	7.40848527479167	-0.854601672580704	0.392821574324268	0.72500339023801	-6.21462023218574
ENSMUSG00000020375	-0.012526490465981	7.3322511265783	-0.519996927536009	0.603093757482873	0.847643510257902	-6.21476775494665
ENSMUSG00000050141	0.0177261052981672	7.49060430214979	1.16080103138679	0.245790325244744	0.597686652339563	-6.21506168510552
ENSMUSG00000025474	-0.0132855393890638	7.51856768781724	-1.16054762256535	0.245893406319962	0.597686652339563	-6.21507195155906
ENSMUSG00000077563	-0.0250343080287028	7.25990477409898	-0.740601079658302	0.458977712959466	0.767144737532413	-6.21510350774004
ENSMUSG00000036856	0.00171361692956928	7.25498436799329	0.0361983608819843	0.97112595309062	0.993558784553119	-6.21521268292616
ENSMUSG00000029468	-0.00494460789042339	7.29810255395145	-0.161490520039125	0.871715024878745	0.962773336122662	-6.21569670234224
ENSMUSG00000034748	0.00885163776957221	7.32384358150471	0.474938225599668	0.634856272004673	0.864040975110824	-6.21579354562794
ENSMUSG00000020333	-0.0116920128045654	7.28261351775829	-0.476119374748525	0.63401467393532	0.863999830369137	-6.21591993109409
ENSMUSG00000097545	-0.00483981480771778	7.1888578365308	-0.139641997348426	0.888949707395864	0.968004986872606	-6.21641436969072
ENSMUSG00000022421	0.0100027457132068	7.27422929741597	0.240048954624029	0.810304291985173	0.943152847751889	-6.21699603480606
ENSMUSG00000003573	-0.0023049814651408	7.26818077290905	-0.0637216039637451	0.949195004903514	0.986923080174287	-6.21714030431075
ENSMUSG00000064493	0.0242350329484395	7.48031580359017	0.928324773602195	0.353293709842469	0.69631576072746	-6.2173353584872
ENSMUSG00000034807	-0.0138832367993142	7.38304697461419	-0.778461758517816	0.436341712481002	0.754058551441967	-6.217594073131
ENSMUSG00000004961	0.0135164693029468	7.38064669486489	0.573639790663665	0.566243006173504	0.82948067978317	-6.21764952859679
ENSMUSG00000003810	-0.00752804100539084	7.34589941949848	-0.626305299079957	0.53114953653275	0.811312995282093	-6.21777594911383
ENSMUSG00000038930	0.0127050076987034	7.32999359368909	0.587485284705974	0.556910144142731	0.82377619284309	-6.21808062427497
ENSMUSG00000032077	-0.00803742077509018	7.34604588461286	-0.22352065867559	0.823141429288615	0.947086939555354	-6.21827633295953
ENSMUSG00000021277	-0.00773466218876262	7.27761643942155	-0.484916506445072	0.627761448718889	0.861687243047461	-6.21861256133559
ENSMUSG00000035901	0.000178963347981842	7.24647998447536	0.00665850132637569	0.994687647412557	0.998588676615258	-6.21862995187622
ENSMUSG00000025876	0.0104091341808861	7.25130234252813	0.358382086176207	0.720075824833597	0.906816648067426	-6.21889513145623
ENSMUSG00000031365	0.021007226741224	7.39674185867266	0.72272329901684	0.469891072288407	0.772684433970433	-6.21978736843243
ENSMUSG00000007827	-0.000728532795990944	7.19153244239017	-0.030573377761642	0.975611260028639	0.994111503325693	-6.21988221125302
ENSMUSG00000088634	0.0263544800562379	7.23951897435039	0.483623239366665	0.628679075484147	0.8617177477342	-6.21992772466704
ENSMUSG00000034040	0.0128160890136053	7.3045849088858	0.350544989538537	0.725947719788307	0.908976651726068	-6.21999015509478
ENSMUSG00000036362	-0.00589387008253883	7.34210192805399	-0.156857648323736	0.87536475252301	0.96396452546078	-6.22013057652192
ENSMUSG00000057335	0.0259676025587954	7.49108294776452	1.0710239578536	0.284221625312545	0.637570614822549	-6.22027399825336
ENSMUSG00000071647	-0.0193287152428763	7.46419569647054	-1.07102973536829	0.284219027908466	0.637570614822549	-6.22043610414544
ENSMUSG00000027956	0.00687076570276535	7.15706698425188	0.155943477939636	0.87608524225802	0.964355258141936	-6.22071739769371
ENSMUSG00000031626	0.0122754069295823	7.27777048820183	0.302957407541368	0.761937672681152	0.923754892802563	-6.22080185640818
ENSMUSG00000098128	-0.00311877566041918	7.27477626020307	-0.17756692647406	0.859071861863831	0.95850175601806	-6.22086869913236
ENSMUSG00000096753	-0.0161916791724108	7.44385318247562	-0.932978601337728	0.350885890299723	0.694668669213731	-6.22107125612556
ENSMUSG00000092074	0.0119174519936767	7.40481530095958	0.841279610496616	0.40024031539593	0.731328597862266	-6.22115644728194
ENSMUSG00000020776	-0.0101703908805693	7.44123463465765	-0.991510611799769	0.321494754960654	0.668576408618782	-6.22126125290816
ENSMUSG00000066152	-0.0156284520366965	7.23584752837193	-0.441447154402945	0.658912562792099	0.877651232756664	-6.22152459033702
ENSMUSG00000008855	-0.012393518805303	7.27530494340649	-0.528811861783713	0.596964559674308	0.843439506050883	-6.22164992128185
ENSMUSG00000037098	0.000705853305223769	7.24687662324803	0.0776245563066963	0.938130491510851	0.984208437161342	-6.22183908633453
ENSMUSG00000022836	-0.0199324960637233	7.32164912802611	-0.634344878369858	0.525891123706735	0.809219368427638	-6.2220171792901
ENSMUSG00000045934	-0.0151681247143518	7.34692752391416	-0.557374379375166	0.577302057719847	0.83578246732924	-6.22237706873101
ENSMUSG00000024621	0.0060102977418719	7.27493268357941	0.14010843694921	0.88858118872581	0.96797220481498	-6.22270477730895
ENSMUSG00000021725	-0.00866728152947438	7.27247355316979	-0.261689763948133	0.793573762468962	0.936465368414493	-6.22308071967977
ENSMUSG00000038608	0.00386754488470409	7.28760018567714	0.0903165282914177	0.928040092669904	0.980928321230105	-6.22316654043637
ENSMUSG00000038570	-0.0196616551262352	7.4454777511606	-0.723271122574445	0.469554540878989	0.77266648821803	-6.22316682159965
ENSMUSG00000047371	-0.0150459958471849	7.32651800802073	-0.396537139313573	0.691729427918846	0.894379895453339	-6.22354761706088
ENSMUSG00000002948	-0.0131159725430265	7.40735365210428	-0.775938420665648	0.437830048703209	0.75478761306939	-6.2237220828867
ENSMUSG00000029640	0.0128447038402824	7.33048693273624	0.486482930843529	0.626650776115343	0.8613238869394	-6.22386812714463
ENSMUSG00000029716	0.0123284133359158	7.31001229894432	0.501463096818249	0.616072135113632	0.855018386481221	-6.22391656553629
ENSMUSG00000012114	-0.0157811210847338	7.39680640119704	-0.792662450802378	0.428020322024452	0.748466472117769	-6.22394516219335
ENSMUSG00000057176	-0.0142548411446191	7.41641445282555	-0.831265691535174	0.405871901588766	0.735717869824637	-6.22401939067147
ENSMUSG00000052707	-0.0112060210138551	7.41385123910912	-0.848657047973895	0.39612163922979	0.727233200362558	-6.22444632725706
ENSMUSG00000019082	-0.00387566574190679	7.24559625538182	-0.121855598908538	0.903019345201148	0.972587174330317	-6.22472137178426
ENSMUSG00000035623	0.0207043143153092	7.45966245515986	1.03191349233975	0.302173438691772	0.654409535164188	-6.22481787658592
ENSMUSG00000028141	-0.0160482197076934	7.30507163763353	-0.426906633191686	0.669469723058127	0.883744969610965	-6.22484400277393
ENSMUSG00000027890	0.0105137914480249	7.36556349300187	0.448921437703562	0.653512028804295	0.875092946817643	-6.22498728949188
ENSMUSG00000038759	-0.015361640159024	7.34331790073238	-0.680456679619229	0.496253719881447	0.790159475531728	-6.22530133915739
ENSMUSG00000041377	0.000671309203044146	7.30795516080047	0.0202119723241171	0.983875259659691	0.99599647356575	-6.22567613912382
ENSMUSG00000087795	-0.0209073830647259	7.49028536825905	-0.968218665650495	0.33299221721636	0.679081366748334	-6.22599932142535
ENSMUSG00000021876	-0.0138894251073349	7.31576950725505	-0.587325038720217	0.55701773122633	0.823788677035606	-6.22646915634613
ENSMUSG00000048478	-0.0125675256214359	7.33501008519089	-0.299439541872795	0.764619855443147	0.924187029131111	-6.22660382251319
ENSMUSG00000027408	0.0101959892776149	7.30842374246777	0.47300632108503	0.636233819563247	0.864382867555635	-6.22665050780012
ENSMUSG00000026553	-0.0104920263349007	7.44671682726758	-0.931360976971674	0.351721641974813	0.695137320975876	-6.22704765125137
ENSMUSG00000041037	-0.00353937678910476	7.25738400189051	-0.174507618009616	0.861475150314142	0.959333066772825	-6.22716809360612
ENSMUSG00000051736	0.0120564236003453	7.3690562422404	0.690875990079786	0.489682541047082	0.785322438078583	-6.22738464502694
ENSMUSG00000097571	0.0161077424794192	7.44313684581068	0.764499336747968	0.444613676612539	0.758357316592635	-6.2274601224136
ENSMUSG00000018076	-0.00571317270819272	7.27912940061609	-0.365321469866477	0.714890275901209	0.9046558111507	-6.22763568233591
ENSMUSG00000039738	-0.0134778988027104	7.47503921160665	-0.987792029301208	0.323312732311868	0.669539334761617	-6.22773924556608
ENSMUSG00000052301	0.00952351702518683	7.31897300978526	0.312767766933093	0.754472994369786	0.920306132640626	-6.22776337186444
ENSMUSG00000027895	0.00474355531792359	7.28573907690974	0.177217460208363	0.859346325013359	0.95850175601806	-6.22781211989653
ENSMUSG00000093351	-0.0109321556320419	7.33587875636893	-0.454107551838994	0.649775427050309	0.872934526352367	-6.22810503581452
ENSMUSG00000041343	-0.0164529206446478	7.4005025359866	-0.788865079362169	0.430236425812881	0.749758714139368	-6.22849842909613
ENSMUSG00000087231	0.010387412330588	7.37509935266339	0.469217015431839	0.638939444563686	0.865750542649961	-6.2285156212122
ENSMUSG00000047193	0.0136923078830851	7.39696435937172	0.759430757088913	0.447638529243284	0.761013564825135	-6.22853069354652
ENSMUSG00000097217	-0.00131904279230799	7.19459637938063	-0.0353788733357642	0.971779351031881	0.993558784553119	-6.22854293079694
ENSMUSG00000097729	-0.0119776735781087	7.45894383539815	-0.968849923022976	0.332677154601233	0.678975893735287	-6.22864928717058
ENSMUSG00000021481	0.0176496562602741	7.33607948842019	0.656339027771337	0.511642801136116	0.799084563737295	-6.22866949353128
ENSMUSG00000078862	0.0191782552391491	7.42682642148971	0.676558160616679	0.498724452748235	0.791023127809592	-6.2287572535179
ENSMUSG00000032269	-0.00414421173790736	7.25537562434334	-0.142971901395035	0.88631938994022	0.966921351522364	-6.22897526458585
ENSMUSG00000050912	-0.0087896342578464	7.33518094940931	-0.377494007887955	0.705826032692131	0.900497727603267	-6.22918398897679
ENSMUSG00000027363	-0.00581076696873861	7.32352479212121	-0.390183743178726	0.696420927204956	0.896279485355091	-6.22938724647691
ENSMUSG00000035151	0.0102457828629472	7.38062452150758	0.657351431214548	0.5109918294771	0.798846226155565	-6.22975291738347
ENSMUSG00000030201	-0.00263488706567472	7.26287334420463	-0.12791578756365	0.898221883026614	0.970597934970497	-6.22990790590227
ENSMUSG00000032621	-0.00443823097735585	7.2098832985408	-0.199165042661091	0.84214350777545	0.953932277570399	-6.23005076387729
ENSMUSG00000030541	-0.00796048559592677	7.29942523622957	-0.336184346332256	0.736749039855922	0.913609489585257	-6.23014426047427
ENSMUSG00000051236	0.0075561504753896	7.17255182793186	0.180677394183211	0.856629723003835	0.958226742697816	-6.23021039742644
ENSMUSG00000020850	-0.00329545088986727	7.30011310042074	-0.244362816486327	0.806962050254861	0.942326515620588	-6.23024445044841
ENSMUSG00000062210	-0.0149833970393463	7.37955688544722	-0.738664112168612	0.460153214240291	0.767555671952556	-6.23034401983333
ENSMUSG00000015095	-0.00924642756231542	7.32671736823806	-0.489586879364319	0.624452424388326	0.859962008111419	-6.23041656418628
ENSMUSG00000050373	-0.00351112671648313	7.28304525132277	-0.106794659279586	0.914957103308857	0.976834253447399	-6.23062404722813
ENSMUSG00000023036	0.00507835975827042	7.42434970276576	0.777087373070178	0.437152002022951	0.754668032891553	-6.23096696679759
ENSMUSG00000020661	0.0145845706486218	7.40133076457224	0.846002888923211	0.39760044585835	0.728468492560474	-6.23098789387593
ENSMUSG00000020706	-0.000441822596263464	7.26699978563423	-0.012998288824018	0.98962978974248	0.99787302464142	-6.23147022456645
ENSMUSG00000050357	-0.00757339656535194	7.28623331182843	-0.20902757530195	0.834437084023877	0.95066826427097	-6.23184162865711
ENSMUSG00000032479	0.00614025689110242	7.31974067481648	0.219851861830005	0.825997459850565	0.948759397693324	-6.23187263363872
ENSMUSG00000040043	-0.0149151718416443	7.22340944870454	-0.384950349845498	0.700294144997052	0.898462187792946	-6.23236578125319
ENSMUSG00000038178	-0.00520607025899977	7.30051210080787	-0.337110455707768	0.736050870783822	0.913450805673179	-6.2327618220793
ENSMUSG00000026767	0.0142000496621142	7.32829038260563	0.439041131715672	0.660654841438534	0.878497287193374	-6.23306539450249
ENSMUSG00000030032	-0.00435869001608502	7.27975007908068	-0.161067628297318	0.872048062465254	0.962881963588559	-6.23320410405052
ENSMUSG00000021754	-0.00512118933150774	7.24709125146641	-0.133505237780972	0.893800366633815	0.969041273395506	-6.23337782799159
ENSMUSG00000045333	-0.0242413812455062	7.39097479380308	-0.869217016945986	0.384779261661297	0.718671611737687	-6.23406634727393
ENSMUSG00000011306	0.01367512074982	7.39380374782391	0.631721309525783	0.527604179240255	0.809927311145687	-6.23444557992122
ENSMUSG00000038500	0.0151867779692889	7.43454799779757	0.882896307252997	0.377344000374146	0.71408013361058	-6.23458806073766
ENSMUSG00000074405	0.0185981472340897	7.42388531910709	0.892736078463889	0.372050856435325	0.710459931204244	-6.23461127118878
ENSMUSG00000006411	0.00820315398828875	7.31086110369563	0.198694652516258	0.842511447419276	0.953964439962464	-6.2349094077616
ENSMUSG00000002103	-0.00779415770989278	7.30784089217595	-0.365442604829891	0.714799872139856	0.904625843972012	-6.23514263715013
ENSMUSG00000048271	0.0170191126382244	7.48983322025712	1.03038455117899	0.302890229232489	0.65467882115377	-6.23525480637704
ENSMUSG00000063450	-0.00698246845914152	7.27981234741072	-0.31761953027948	0.750789712904366	0.918783908977109	-6.23560998871718
ENSMUSG00000036907	-0.00800894068743752	7.27899038180841	-0.165192241315958	0.868800806345332	0.961567455708573	-6.23568452806103
ENSMUSG00000031729	-0.000293225920987794	7.21751006354116	-0.0118754814588111	0.990525536501699	0.997874037396135	-6.23580102502607
ENSMUSG00000060572	-0.0254231940433423	7.40427001624157	-0.86741179778172	0.385767123477764	0.719272739196018	-6.23590686639169
ENSMUSG00000002949	0.00988933522679503	7.3207372742048	0.430532578392503	0.666830877019125	0.88200646823251	-6.23638161297538
ENSMUSG00000053134	0.0124117043783416	7.37796463779118	0.528419066811358	0.59723707342675	0.843736609515461	-6.23665061883468
ENSMUSG00000040557	0.0200865153318182	7.38993988226234	0.67006555669451	0.502853692552122	0.793386302014259	-6.23665917240123
ENSMUSG00000032534	0.0221864738002147	7.37354452244711	0.603045501539033	0.54651173603475	0.818198555340011	-6.2368783921485
ENSMUSG00000014418	0.0222270603084578	7.38166235330363	0.87788838985597	0.380055669844423	0.715156256406735	-6.23706306208051
ENSMUSG00000044345	0.0103557999831105	7.35511138410504	0.291425636673751	0.770740534875439	0.927122327581009	-6.2371481399607
ENSMUSG00000024073	-0.0087078341324105	7.34671158032644	-0.629403171714035	0.529120169153118	0.810600141624629	-6.23738402171556
ENSMUSG00000040648	-0.00608316343832715	7.29471987235887	-0.273235422216514	0.784685998256471	0.932529889472296	-6.2374240679889
ENSMUSG00000057230	0.0158473901709897	7.38252204494445	0.761867495275542	0.446182862055229	0.759732716471497	-6.23768866921882
ENSMUSG00000029833	0.000500540404161143	7.32946229898938	0.0224151993739934	0.982117845540893	0.995951388069649	-6.23800840967808
ENSMUSG00000001062	0.0078216040080834	7.25053520127945	0.302692652115948	0.762139435342048	0.92382968133862	-6.23809586213807
ENSMUSG00000017713	-0.00657334621419103	7.24650871286149	-0.181126944940549	0.856276877680287	0.958226742697816	-6.23813667400993
ENSMUSG00000033970	0.0104355447747908	7.35795123592163	0.435784392000028	0.663016083921354	0.880252193882836	-6.23945243276626
ENSMUSG00000004508	-0.0164595081887056	7.41379488815354	-0.72510479814362	0.468429072924869	0.771871824345573	-6.23951894463386
ENSMUSG00000021635	0.000740010200154906	7.28114149654896	0.03585576390067	0.971399111909661	0.993558784553119	-6.23976841525671
ENSMUSG00000021557	0.00409876226396211	7.28557053079245	0.148575904643848	0.881895585343218	0.965118994727549	-6.23990764144237
ENSMUSG00000047804	0.00411183967088746	7.29175844061383	0.264829646399536	0.791153994296814	0.935785744618837	-6.240332969287
ENSMUSG00000033961	-0.0152093704590825	7.35653238775394	-0.493099655022699	0.621968551712598	0.858726616461983	-6.24080887554767
ENSMUSG00000018476	-0.00149971125721482	7.2683173413205	-0.118032140693604	0.90604796632783	0.973699930839626	-6.24092136296515
ENSMUSG00000036062	0.0128211057416721	7.33488879816368	0.586638539884751	0.557478752280182	0.82388237665301	-6.24123696986009
ENSMUSG00000028127	-0.0177359288624261	7.46284930971571	-0.910743812025693	0.362483850518326	0.704283248313263	-6.24128207109359
ENSMUSG00000014075	0.014156950792616	7.35940861071039	0.544863838413648	0.585876768428895	0.839262055468082	-6.24238832537829
ENSMUSG00000047446	0.00826654195454246	7.30815891702912	0.214745127351135	0.829976704159196	0.949445170012688	-6.2427847224878
ENSMUSG00000029022	0.0164385153951283	7.42914011446463	1.04573043975788	0.29574707900021	0.649455603674255	-6.24285005262446
ENSMUSG00000052572	-0.00920788920932747	7.44924612589254	-0.975183271232748	0.329526822596995	0.676006152333192	-6.24327671414086
ENSMUSG00000071379	-0.0108592454511003	7.29771727967668	-0.258308277804099	0.796181948307045	0.937685446069051	-6.24331428255529
ENSMUSG00000037656	-0.0156788089588291	7.41861368524624	-0.87190662485735	0.383310313182145	0.717649670763426	-6.24406065453508
ENSMUSG00000039515	0.0138624580352662	7.31920568204488	0.464244790266742	0.64249699378058	0.869011795857652	-6.24449589106436
ENSMUSG00000025076	0.00817659865439868	7.39738362544137	0.272220334785632	0.785466298489204	0.932762728818134	-6.24481302808055
ENSMUSG00000030759	0.0160668238215669	7.4652907070243	0.97456320627417	0.3298343986312	0.676331461501494	-6.24568114225334
ENSMUSG00000022562	-0.0063532499076171	7.25915317269015	-0.23459402081914	0.814535551245831	0.944497712988138	-6.2458185716407
ENSMUSG00000089129	0.00144824516276465	7.28184128684913	0.0691131574294476	0.944902914349165	0.985878735017123	-6.24598158593256
ENSMUSG00000026604	-0.00863851299862262	7.25967773100889	-0.237980170766555	0.811908351737936	0.943503337007195	-6.24601997648052
ENSMUSG00000098062	0.0156791934571716	7.57618948098272	1.34802550664009	0.177724562255274	0.520083236025273	-6.2462048592948
ENSMUSG00000093734	-0.00424356697883699	7.25319703813951	-0.161684977847183	0.871561892232134	0.962737178986742	-6.2462684270348
ENSMUSG00000029162	-0.00563170421813908	7.30320718106291	-0.179324885212322	0.857691458623862	0.958226742697816	-6.24640260163736
ENSMUSG00000000142	-0.01187704530345	7.41418100110572	-0.736810564264441	0.461279666190081	0.767555671952556	-6.24679303006669
ENSMUSG00000032383	0.0187743460829033	7.41616838850736	0.71417767860248	0.475157925100853	0.776822759980388	-6.24688291843067
ENSMUSG00000054509	-0.0131897771920535	7.35226321511412	-0.547988748546929	0.583729425571292	0.838080626430569	-6.24689641508586
ENSMUSG00000026020	0.0148571109288138	7.40571064403061	0.56202238339807	0.574131455034103	0.834017125253704	-6.24695619960562
ENSMUSG00000042507	-0.00982853383159377	7.32232835004061	-0.488929355699976	0.624917833144401	0.860088411981091	-6.24729026113145
ENSMUSG00000085396	0.0165202663886106	7.38591984432696	0.76392099313029	0.444958232730509	0.758357316592635	-6.24742929637095
ENSMUSG00000004565	0.00103091552393142	7.2546768119651	0.0750472817999709	0.940180749476457	0.985107660258645	-6.24752962237834
ENSMUSG00000096351	-0.0148485314422766	7.48476067527277	-1.06586712122543	0.286546401153555	0.640137766821536	-6.24754491046407
ENSMUSG00000027984	-0.0152153736734908	7.3776296665333	-0.741934419303257	0.458169518806689	0.766896584689024	-6.24758094863762
ENSMUSG00000036568	0.00373653231002358	7.29217411639138	0.359434426033222	0.719288613412271	0.906743779317614	-6.24790448734145
ENSMUSG00000097119	-0.0138942571227245	7.3387782927209	-0.586754903212589	0.557400594942564	0.823856673523524	-6.24806668672044
ENSMUSG00000093874	0.00427258405630848	7.25141315004345	0.158421101451939	0.874132780092174	0.963736922190294	-6.24842323756194
ENSMUSG00000006307	0.00901390303909455	7.47791573431311	1.0364068239268	0.300073437296115	0.652604895558172	-6.24896960315077
ENSMUSG00000031483	0.00423728685237901	7.3351828042939	0.15906342631216	0.873626728142514	0.963489280358309	-6.24905502843291
ENSMUSG00000097406	-0.00293937686739731	7.31719108533761	-0.167398283415553	0.867064921688625	0.961128544323514	-6.24934549698905
ENSMUSG00000065204	-0.013412013113105	7.21497866498924	-0.341936550503738	0.732416146862506	0.911687304366678	-6.24949659697983
ENSMUSG00000089975	-0.00696267646723481	7.19037725489898	-0.243866320010232	0.807346541537281	0.942326515620588	-6.25008819236149
ENSMUSG00000007613	0.0198781834335069	7.47176042187586	1.02936172022251	0.303370378602353	0.655192301887407	-6.25075865748574
ENSMUSG00000039166	-0.0189681060093161	7.50835400878843	-1.08707235214973	0.277068662870178	0.630284719998972	-6.25182134702633
ENSMUSG00000031310	-0.00886430302492958	7.40548567910091	-0.80320277269534	0.421904048206031	0.746210442455371	-6.25204200642763
ENSMUSG00000042523	0.0134683522954449	7.38265563632483	0.754984847492959	0.450301387905552	0.762930766634732	-6.25207033694927
ENSMUSG00000043323	-0.0157011321788261	7.34859927621825	-0.685977819629519	0.492765836963364	0.787203964135878	-6.25224905509504
ENSMUSG00000031358	-0.0163185032979811	7.37322261873854	-0.596657201948994	0.550769175942153	0.819684795545961	-6.25247090681786
ENSMUSG00000030761	-0.0103432677196169	7.41670124230691	-0.831049479699403	0.405994013734142	0.735717869824637	-6.25298163797183
ENSMUSG00000034522	0.0138907405707176	7.4663126689631	0.858162956761046	0.390852591843026	0.722845374465659	-6.25314038025092
ENSMUSG00000021311	0.01245621269151	7.44937593089103	1.02663340460819	0.304653610726468	0.656008480205116	-6.25328088064255
ENSMUSG00000071083	0.0130964795440836	7.40054596165985	0.79442960917786	0.426991298504624	0.748241957493305	-6.25336937028535
ENSMUSG00000028920	0.00433324598906815	7.3144570056145	0.309257133687777	0.757141632098155	0.921648971807038	-6.25350616099054
ENSMUSG00000040732	0.00121854754780948	7.26069615616142	0.0381113402954713	0.969600762910238	0.9935566095034	-6.25350964383934
ENSMUSG00000005506	0.0122565252949842	7.39274802813953	0.723895399332324	0.469171206337945	0.772370171611608	-6.2538408907102
ENSMUSG00000088139	0.0172712501332359	7.42423588092202	0.764313922944587	0.44472412283415	0.758357316592635	-6.25415029729907
ENSMUSG00000071984	0.00755914677240099	7.30156847834456	0.292779536988901	0.769705468751339	0.926747402679164	-6.25432638709076
ENSMUSG00000065236	-0.0154090466145052	7.42524445805546	-0.943814005617933	0.345320248720024	0.689672866651064	-6.25469273560532
ENSMUSG00000005150	0.00346720344408169	7.26738272527665	0.184108505190662	0.853937428493142	0.957703999959469	-6.25470450738419
ENSMUSG00000059839	0.00486308649545908	7.29734954298956	0.319821607880668	0.749119843044211	0.918066241705994	-6.2547555975266
ENSMUSG00000038056	-0.00456617928931902	7.28514965821997	-0.213833657761464	0.830687397126449	0.949488163241147	-6.25476494910992
ENSMUSG00000003575	0.00622318007051259	7.35296982681722	0.654319956927049	0.512942347984947	0.800284505636353	-6.25546455074889
ENSMUSG00000006931	0.00823152199285015	7.34787278502953	0.420215108538173	0.674350313297475	0.885419479729533	-6.25567596759593
ENSMUSG00000000976	-0.0126654464696383	7.45709245977076	-0.985246899542839	0.324560876986789	0.670996701766832	-6.25570153000735
ENSMUSG00000056260	0.0141283651972151	7.44123868986805	0.746908076711741	0.455161828457101	0.764671027402346	-6.25586274164684
ENSMUSG00000079020	-0.00969412864726937	7.31556013914162	-0.525416779345394	0.599321870632134	0.844628382008375	-6.25591054100853
ENSMUSG00000033396	0.00768390805830865	7.55647232994741	1.25917813580523	0.208037594800263	0.5544670159823	-6.2559230860744
ENSMUSG00000098284	0.00022243356262841	7.20415845576185	0.00629869700479086	0.994974706214444	0.998588676615258	-6.25593774169447
ENSMUSG00000002007	0.00210531084448817	7.25539275185678	0.0458958388681582	0.963395503336769	0.991251137151091	-6.25599583206383
ENSMUSG00000022994	-0.00456437573377411	7.29433378434043	-0.336557537493584	0.736467674839788	0.913543342678668	-6.25600087649968
ENSMUSG00000027433	-0.00340295320277129	7.35853020792114	-0.103799083568071	0.917333864584456	0.977307287131546	-6.25627360911974
ENSMUSG00000030782	-0.0169690460738261	7.26975125752863	-0.381901196053568	0.702554421759976	0.898761181217268	-6.25639312710072
ENSMUSG00000092571	-0.0120083242018625	7.48243039860589	-1.06353135261198	0.287603614720614	0.640704864998699	-6.25648930616953
ENSMUSG00000020096	-0.00890629962875344	7.27899847426158	-0.248642934939311	0.803649432626375	0.940974234426661	-6.2565272764276
ENSMUSG00000039765	-0.0100239084101013	7.49360466324361	-1.09083946758506	0.275407552722444	0.628820939775583	-6.25686496539226
ENSMUSG00000048004	-0.00130559620740023	7.33659329901579	-0.046104705234699	0.963229038495324	0.991162469629763	-6.25696081505296
ENSMUSG00000025423	-0.00522338545183931	7.3027843106817	-0.319240984564552	0.749560024928174	0.918341319714832	-6.25722682105338
ENSMUSG00000046410	0.00656744385081431	7.25279129321114	0.165079659199102	0.868889411710309	0.961587025056598	-6.25748753690078
ENSMUSG00000079084	-0.0232411020887753	7.46011719256826	-0.985604340751247	0.32438539683073	0.670940840614955	-6.25754202608383
ENSMUSG00000038902	-0.0035329346056221	7.29839139191513	-0.146010505296806	0.883920264758216	0.966125168729818	-6.25765733806672
ENSMUSG00000033972	0.000177438949638287	7.29702373689528	0.0131307486954466	0.989524117513546	0.99787302464142	-6.25772597953743
ENSMUSG00000027130	-0.0104565452318655	7.33519101156207	-0.606294392705314	0.544352807698729	0.817367801987953	-6.25842936713078
ENSMUSG00000036879	-0.00653205962933079	7.32778885069569	-0.217832333385108	0.827570578416651	0.948759397693324	-6.25893242249018
ENSMUSG00000028354	0.0139774809929412	7.36132830279698	0.606024784179254	0.544531804420174	0.817367801987953	-6.25899754573309
ENSMUSG00000048376	-0.021570919906428	7.43120329985106	-0.70955920613162	0.478017825784002	0.778623217253948	-6.25963007822718
ENSMUSG00000028568	0.0208226551710498	7.41348830226215	0.627438656665628	0.530406634016159	0.81112639329909	-6.26011032426929
ENSMUSG00000025626	0.0137941080461239	7.44650426833191	0.836601599974296	0.402865245226201	0.733436341119266	-6.26012183753207
ENSMUSG00000055612	-0.00602934189381621	7.279511598615	-0.312762154965812	0.754477258024824	0.920306132640626	-6.2602672581632
ENSMUSG00000040407	0.00669585412890239	7.31798741310683	0.251522260224916	0.801422944800476	0.94068402244898	-6.26039875127673
ENSMUSG00000088378	-0.0142830208295726	7.4162415504628	-1.00204293409766	0.316381921749546	0.664936613715757	-6.26071122587148
ENSMUSG00000069601	0.00707505015563825	7.3525539330383	0.537785324453589	0.590754418917274	0.84086289367805	-6.26115923557957
ENSMUSG00000060166	0.000639469628396228	7.30153638730854	0.0333625719380981	0.973387078383647	0.993800688010394	-6.26147690776679
ENSMUSG00000031922	0.0161357818698304	7.40909385696204	0.728658093575822	0.466252400526734	0.770607251268221	-6.26165948845108
ENSMUSG00000023495	-0.0188707234641132	7.37291216789258	-0.777950341177836	0.436643125039706	0.754260699542616	-6.26172852508813
ENSMUSG00000065939	-0.0181094719461399	7.41594962004622	-1.01074266700738	0.312199184037127	0.661443310619205	-6.2618483919249
ENSMUSG00000031380	-0.00187710894692739	7.27370019926661	-0.0474684220531813	0.962142206720333	0.991104699846711	-6.26185302542028
ENSMUSG00000067629	0.00614093586402209	7.32237192142639	0.538499755856802	0.590261272633679	0.84086289367805	-6.26214632746071
ENSMUSG00000015002	0.00962410991557672	7.29043066487017	0.2454001782273	0.80615885878907	0.942194851153662	-6.26224698525512
ENSMUSG00000026171	-0.0138055230130822	7.37329902946446	-0.545964422813681	0.585120062153155	0.838771876492003	-6.26238421883633
ENSMUSG00000097792	0.010678554262407	7.29882460104885	0.412317109781656	0.680128540861114	0.888901194287128	-6.26257137877538
ENSMUSG00000065431	0.0176075098075881	7.50095364550214	1.12174339342305	0.26203717441871	0.615647972359096	-6.26287772171332
ENSMUSG00000015647	0.014328836512628	7.44207365175526	0.930152945608832	0.352346597823479	0.695561324008551	-6.26330573918037
ENSMUSG00000041423	0.0189441951954361	7.412125843057	0.675365792648716	0.499481434368246	0.791395265532859	-6.26372113716536
ENSMUSG00000054453	-0.00385600473263636	7.31164352265278	-0.174873085724832	0.861187983390265	0.959161222968165	-6.26385484682386
ENSMUSG00000001911	-0.0183939741974859	7.35443618388121	-0.708513491547418	0.478666669156471	0.778989641150335	-6.26416835508781
ENSMUSG00000022656	-0.0166314074926328	7.31348208850568	-0.478444306939151	0.632359485470093	0.862788558317754	-6.26433898956146
ENSMUSG00000058246	-0.00593990610484862	7.18247756123486	-0.181200459025482	0.85621918036248	0.958226742697816	-6.26451839621536
ENSMUSG00000063171	-0.0137490712676271	7.37188875791221	-0.460117856851283	0.645455997925982	0.871182120207158	-6.26462591100307
ENSMUSG00000040669	-0.0128790904153746	7.51477326842126	-1.19705740515128	0.231353306978244	0.582810876256229	-6.26496403392256
ENSMUSG00000030314	-0.00167913332752967	7.33052495415728	-0.066654945615432	0.946859648807979	0.986115720340959	-6.26509893683312
ENSMUSG00000080582	0.000267052916748334	7.23093493507991	0.00545054629899635	0.995651379654219	0.998657956786442	-6.26537164060266
ENSMUSG00000071567	-0.00116963407162363	7.30022903888934	-0.0302488087768821	0.975870093091936	0.994111503325693	-6.2655184053655
ENSMUSG00000039086	0.0180887492631916	7.46192251331777	0.900036287684416	0.368153737000987	0.707517484394189	-6.26565683445457
ENSMUSG00000027012	0.00127630814502755	7.29684467234175	0.0775562513119635	0.938184823858473	0.984208437161342	-6.26570691783143
ENSMUSG00000055401	0.00662787505724793	7.33888010864876	0.350667561739568	0.725855758145643	0.908945448317967	-6.26586444313477
ENSMUSG00000084659	0.00472323628286553	7.11556548990993	0.0865985023186802	0.930994880155708	0.982452185310359	-6.26665432135437
ENSMUSG00000063894	0.00924503965525858	7.35246246571257	0.503179304315676	0.614865211790084	0.854758119519809	-6.26707666373804
ENSMUSG00000026748	0.0112364436029466	7.34388441015486	0.375364926070101	0.7074084803328	0.901196201945901	-6.26709352257907
ENSMUSG00000000127	-0.0122579181855471	7.32838960381882	-0.458469206897604	0.646639651777333	0.871831781901062	-6.26715115019813
ENSMUSG00000061601	0.0161292333012781	7.4445442428043	0.899493719950532	0.36844250207126	0.707756225996337	-6.267479854737
ENSMUSG00000058748	0.0127967260557975	7.41667588652001	0.765516269910307	0.444008194206297	0.758231808570124	-6.26760203235414
ENSMUSG00000034243	0.014445165198202	7.54197501480731	1.19321284651644	0.232854984907573	0.584204972944828	-6.26769589169122
ENSMUSG00000030319	-0.00652264626820198	7.33077566966855	-0.281734538121606	0.778161271101219	0.929085897297657	-6.26795430458426
ENSMUSG00000091509	0.00825368334116661	7.36294408475879	0.445810873801226	0.655757378494438	0.876368510362503	-6.26835295401566
ENSMUSG00000020888	-0.0135855362957038	7.38568829418319	-0.769183374608237	0.441828713861493	0.757404691178926	-6.26841809683418
ENSMUSG00000043614	-0.00915766126614681	7.36066866266828	-0.526570938693663	0.598520028763732	0.844342806401936	-6.26869543131644
ENSMUSG00000024604	-0.0178979244039965	7.4429191985085	-0.912598782602616	0.36150718875501	0.703764687512225	-6.26931709207227
ENSMUSG00000024858	-0.00771647320761826	7.22608773994684	-0.228463916547546	0.819296985015762	0.946394976697527	-6.26949622309352
ENSMUSG00000040524	0.00849625377103802	7.43833149530153	0.892238916836612	0.372317186817302	0.710768293279214	-6.26957245590382
ENSMUSG00000010277	-0.00373574075595773	7.31008259448107	-0.345186098640911	0.729972155305513	0.910986973640662	-6.2698221477934
ENSMUSG00000043987	0.005621782109408	7.56323355703483	1.31906162394666	0.18722208835393	0.531037044749493	-6.27023069506522
ENSMUSG00000067028	0.0154175247658719	7.5257419094461	1.10492417100621	0.269257207501603	0.623180133032901	-6.27027483479639
ENSMUSG00000050174	0.0206703120615934	7.36791140787001	0.53584964378492	0.592091501569172	0.841584900997777	-6.27058518945242
ENSMUSG00000040848	0.00806190145389785	7.30784020002012	0.330700776584295	0.740887394051989	0.914975437062896	-6.27100644268994
ENSMUSG00000013878	0.0130467492139177	7.39452134147465	0.457700184246376	0.647192080533209	0.872073347521339	-6.27127696825146
ENSMUSG00000020868	0.0192649801469731	7.45560106532221	0.902877817049581	0.366643722993871	0.707069715788523	-6.27322763699665
ENSMUSG00000029804	0.0075615219095706	7.34248270481944	0.192943059082889	0.8470131076086	0.955232383376926	-6.27345988606832
ENSMUSG00000051497	-0.0169871726816133	7.38086010236957	-0.702493405630441	0.482411346368002	0.780865930522609	-6.27362151039919
ENSMUSG00000019873	0.00701723912218277	7.29546403112924	0.209131212464434	0.834356186645725	0.95066826427097	-6.27374084080074
ENSMUSG00000050511	-0.00220039927280258	7.26845514605875	-0.117593825936933	0.906395250499032	0.973790101035815	-6.27374570165522
ENSMUSG00000098061	-0.000487103090828889	7.26045817663972	-0.0281705509964628	0.977527494226922	0.994690591403516	-6.27395853771559
ENSMUSG00000034616	-0.00714693200371919	7.38706321617828	-0.792964745324936	0.427844192382394	0.748466472117769	-6.27426393457585
ENSMUSG00000028042	-0.00587551129278285	7.25996756863502	-0.215244801603689	0.829587156114535	0.949445170012688	-6.27427452363093
ENSMUSG00000049323	-0.000333123276171854	7.28678270754307	-0.0198877828350799	0.984133857697593	0.996183876561443	-6.27432954449921
ENSMUSG00000018554	-0.0112023976376125	7.38041536729958	-0.625060301011893	0.531966226159304	0.811865902837187	-6.27448201285079
ENSMUSG00000079076	0.00248405582589317	7.18521264242423	0.0721789599840309	0.942463005468718	0.985341874471381	-6.27452188823721
ENSMUSG00000040488	-0.0112244677484847	7.37292747910728	-0.777339267652022	0.437003428967832	0.754571127094481	-6.27546857141004
ENSMUSG00000060961	0.000362353413081884	7.29779396209291	0.0098440607746086	0.992146181119915	0.997874037396135	-6.27578589443037
ENSMUSG00000034714	-0.00627413548891997	7.27571325386441	-0.172202142583925	0.863287102608158	0.959651834305182	-6.27608179474047
ENSMUSG00000021694	0.0128245522742514	7.37389680953388	0.437924306561801	0.661464196929876	0.879142396037179	-6.27642915706816
ENSMUSG00000092887	-0.00980254203653796	7.33462268048854	-0.345342623953602	0.729854501308586	0.910986973640662	-6.27666265612238
ENSMUSG00000084974	0.00994926088609915	7.3137538682964	0.390334655186833	0.696309354502088	0.896279485355091	-6.27673205298502
ENSMUSG00000022763	-0.00890210433096428	7.25699485015058	-0.399643924196607	0.689439592404007	0.893370015674958	-6.27699664921457
ENSMUSG00000012017	-0.0216586597984927	7.35535929004949	-0.552861442268464	0.580388396854679	0.836954427144167	-6.27705855597327
ENSMUSG00000062646	-0.014479771771776	7.51272464456639	-1.1480235497861	0.251025741486774	0.603013288993211	-6.27732810322145
ENSMUSG00000029096	0.0127090580963873	7.35540704759873	0.486116928205279	0.626910214457281	0.861334483949313	-6.27752170702633
ENSMUSG00000097431	-0.00459968482606588	7.37550346962986	-0.204904541813971	0.837656866041213	0.951658325314184	-6.27801192492672
ENSMUSG00000032035	0.00772341223185879	7.22322270220278	0.193533172627942	0.846551004636777	0.955108473068605	-6.27829480691533
ENSMUSG00000008028	0.00249799977403597	7.26380043043512	0.13558534317856	0.892155741085425	0.969041273395506	-6.27860408952385
ENSMUSG00000064307	-0.0116434379276038	7.34884430876306	-0.463431957204612	0.643079346941563	0.86954747000391	-6.27872357337294
ENSMUSG00000005089	0.00860532813668069	7.33764523846956	0.546246137197931	0.584926442616977	0.838771876492003	-6.27877056595996
ENSMUSG00000001802	0.00235121123690529	7.30800871642527	0.204795676097573	0.837741919171069	0.951663589452983	-6.27879627597643
ENSMUSG00000058325	-0.0151439824437487	7.33029041211748	-0.592793511775074	0.553352005393069	0.822242756434608	-6.27931127690019
ENSMUSG00000022762	0.0134942086958407	7.40342067023209	0.55943135493221	0.575897889082674	0.834547197539857	-6.27975222617384
ENSMUSG00000029636	-0.00819780661941394	7.34528692291986	-0.494856454709592	0.620727935520408	0.857882706400172	-6.27991735367255
ENSMUSG00000002602	-0.0143062781105945	7.33140587162197	-0.579004304803601	0.562618038159225	0.827175048235144	-6.27994519351965
ENSMUSG00000013236	-0.00422868673824262	7.32891511975326	-0.44465929852589	0.656589430457337	0.87666464997813	-6.27994523421293
ENSMUSG00000022272	-0.00186947291564454	7.28655528015851	-0.0757338731947408	0.939634517084289	0.985107660258645	-6.28024271592262
ENSMUSG00000040717	-0.0147766973110413	7.39073082631341	-0.758496866970062	0.448197134758396	0.761285687056067	-6.28029822294567
ENSMUSG00000031596	-0.00848428919566935	7.2314555042583	-0.281919634834535	0.778019345404307	0.929082786010888	-6.28033527599971
ENSMUSG00000047090	-0.0200671597417017	7.46011081124445	-0.986027568411391	0.324177699769333	0.670715894013829	-6.2805959893061
ENSMUSG00000004626	0.0120957419473706	7.29652905957854	0.326112757978137	0.744355668817818	0.917035361911129	-6.28073082381268
ENSMUSG00000022550	-0.0119400402600727	7.2237727090512	-0.304463818608534	0.760789987626911	0.923023772013034	-6.28092882180098
ENSMUSG00000061410	-0.00142896927113423	7.27907712371275	-0.172880237590365	0.86275408933472	0.959614749133876	-6.280935790118
ENSMUSG00000034858	0.0200749102793543	7.4023550944581	0.706554527871114	0.479883458082335	0.77909950002159	-6.28097631105283
ENSMUSG00000040164	0.00871203618570426	7.31721982605558	0.269328149281937	0.78769070894779	0.933827419392052	-6.28140512864922
ENSMUSG00000030245	0.00692720209585751	7.33889841026865	0.471512304949123	0.637299994046265	0.86457007397231	-6.28141349119472
ENSMUSG00000064451	0.0092342981347544	7.33405862950622	0.202085908447068	0.839859578372797	0.952234166547783	-6.28167713809729
ENSMUSG00000020413	-0.0170704412707039	7.42491993317849	-0.850636713753467	0.395020803517501	0.726491054542903	-6.28179002071054
ENSMUSG00000026442	0.000675901699049852	7.30250034164085	0.0732011924861766	0.941649584008249	0.985305099377507	-6.28194235086933
ENSMUSG00000031540	-0.0118918337103606	7.43862016715495	-0.901343948762018	0.367458353815524	0.70733684727029	-6.28226769847303
ENSMUSG00000034071	0.00726879504588851	7.35694930403691	0.495713702199795	0.620122956055652	0.857658577802972	-6.28258164781514
ENSMUSG00000004933	-0.00532606878397068	7.28779789472055	-0.296767341298002	0.766659155452427	0.925259464983443	-6.28331764162354
ENSMUSG00000030310	-0.00688658068703152	7.28591230813009	-0.24635531098528	0.805419515031823	0.9418559414181	-6.28337826616928
ENSMUSG00000040820	-0.0100813157757598	7.29736952223677	-0.351600191596474	0.725156168097213	0.908579546617002	-6.28348585888532
ENSMUSG00000043673	0.00655468080662747	7.26078307136944	0.208703638530712	0.834689954768357	0.95066826427097	-6.28414887677592
ENSMUSG00000003423	0.00419058125186567	7.25126920831545	0.166289270493785	0.867937499267902	0.961290728404015	-6.28420970372773
ENSMUSG00000082283	0.0163040568998261	7.38111669379172	0.559898981259142	0.57557889500398	0.834263273301685	-6.2844380195887
ENSMUSG00000012422	0.0135319115252948	7.41497851831554	0.730090274773691	0.465376668037571	0.77030605118464	-6.28462846663236
ENSMUSG00000029123	0.00886650283367896	7.35947973039144	0.39712007906047	0.691299560247979	0.894379895453339	-6.28485001167226
ENSMUSG00000029629	0.00674626021201785	7.33646171237363	0.279920942982505	0.77955226346041	0.930138916282801	-6.28508490352901
ENSMUSG00000042605	-0.00223330421946955	7.29416434826555	-0.122080049338747	0.902841597924062	0.972587174330317	-6.28523277018911
ENSMUSG00000036002	0.00214521372478682	7.26093497039444	0.111953926923596	0.910865411740389	0.97557747447783	-6.28555224063589
ENSMUSG00000041624	-0.00374464268839336	7.31232294587038	-0.256630475370658	0.797476907843715	0.938476861083681	-6.2864293410622
ENSMUSG00000023473	0.00465928711211649	7.37348752303156	0.659711120194305	0.509476240168355	0.797906764953512	-6.28649319624544
ENSMUSG00000036469	0.0192838888262816	7.42232787257748	0.641298821060276	0.521364358903215	0.80609624563916	-6.28660607807764
ENSMUSG00000075595	-0.0113271881179156	7.43374510286083	-0.940914533883709	0.346804025803259	0.690370834896022	-6.28676120441231
ENSMUSG00000024883	0.0147396154765058	7.40629254446654	0.853257581494884	0.393566263320687	0.725353573244795	-6.28697395093869
ENSMUSG00000077787	0.00841628734867506	7.32530481949207	0.229239203462469	0.818694424463004	0.946118224247308	-6.28700137894052
ENSMUSG00000022296	-0.00684105485178943	7.35011323498086	-0.473032093591861	0.636215434137886	0.864382867555635	-6.28745471284618
ENSMUSG00000022837	0.0104402960721792	7.36958352830718	0.489643737884313	0.624412185795901	0.859962008111419	-6.28767640134071
ENSMUSG00000024498	0.00985417531950628	7.3577624898855	0.355403463867397	0.72230561514203	0.907412571689285	-6.28768345537843
ENSMUSG00000090115	0.0157354335862072	7.46891092721113	0.871786555410864	0.383375816605494	0.717649670763426	-6.28783056290411
ENSMUSG00000021327	-0.00333294983938615	7.25968182477138	-0.182274401884268	0.855376387205009	0.95820813498517	-6.28796047518132
ENSMUSG00000031314	-0.0142492997371679	7.37790169211454	-0.520071174306689	0.603042014137374	0.847643510257902	-6.28828579490783
ENSMUSG00000038894	-0.00270825741331837	7.2941332690252	-0.197278235452924	0.843619577689969	0.954203794222336	-6.2882872830015
ENSMUSG00000038257	-0.000625480099072817	7.33756103093772	-0.0319292011090175	0.974530063707592	0.993930950840525	-6.28863360132382
ENSMUSG00000032409	0.0166792506043469	7.5555762402019	1.22738149996032	0.219749620202799	0.569668327095517	-6.28871197678279
ENSMUSG00000042810	-0.00837944432484594	7.49802368571862	-1.08741187361641	0.276918671413996	0.630049227560155	-6.2887990649844
ENSMUSG00000026678	-0.00145573139230937	7.27222300045143	-0.0391709253296419	0.968756018946679	0.99352451625409	-6.28900762083543
ENSMUSG00000021990	0.013503854488313	7.32227791341374	0.350040290979901	0.726326419122038	0.909114991733437	-6.28906984226711
ENSMUSG00000027854	0.00591862099584883	7.32009256536835	0.268995039888719	0.787947018575385	0.933827419392052	-6.28935901224807
ENSMUSG00000021592	0.0162660211201713	7.45943151424045	0.952449994915779	0.340924893804922	0.685795209229545	-6.28939867668409
ENSMUSG00000004263	0.00480210486179544	7.31851409526446	0.360852834394311	0.718228032753128	0.906409868901958	-6.28963762422201
ENSMUSG00000056493	-0.0102963070158841	7.4026506738766	-0.760397661811255	0.447060593403799	0.760603278374791	-6.29049832078747
ENSMUSG00000055817	-0.0123705949857777	7.5014607042098	-1.06914370403672	0.285067787033354	0.638631974841674	-6.29056589462897
ENSMUSG00000097052	-0.00280090701981273	7.33320026388024	-0.131407697196348	0.895459239864775	0.969240339098042	-6.29066397172319
ENSMUSG00000026872	0.00671032039273367	7.29483845768835	0.159163941846047	0.873547542231031	0.963489280358309	-6.29174346890841
ENSMUSG00000036792	0.00431457763120946	7.33487943404792	0.243096746974864	0.807942597730289	0.942326515620588	-6.29177743262037
ENSMUSG00000057530	-0.00718686429769821	7.36652372032534	-0.543287750879761	0.586961197067287	0.839550134507622	-6.29194358640681
ENSMUSG00000027692	0.0249018245389321	7.47295616035992	0.902895211935427	0.366634491109904	0.707069715788523	-6.29240150363167
ENSMUSG00000025224	-0.0022386605002076	7.3194274097404	-0.299598942672854	0.764498259549146	0.924187029131111	-6.29254361425569
ENSMUSG00000102742	0.012053999076274	7.49169001829036	0.96029813068134	0.336961750723792	0.681318558837467	-6.29313458470776
ENSMUSG00000003526	0.0144426995092592	7.31719328259401	0.540091832504695	0.589163002155455	0.840739935826395	-6.29371369572853
ENSMUSG00000021710	0.00798371764569339	7.3761769463142	0.334613504108171	0.737933752706643	0.913856943660639	-6.29389237738603
ENSMUSG00000038094	-0.0119775127965358	7.40067822065993	-0.633641278042749	0.526350259254985	0.809520462820043	-6.29390506435593
ENSMUSG00000091443	-0.016693489633008	7.46469246402948	-1.03264309844221	0.301831786693069	0.654129693731559	-6.2944689008888
ENSMUSG00000057789	-0.00361491548827075	7.28854637326058	-0.218794548286305	0.826820971111551	0.948759397693324	-6.29453376237668
ENSMUSG00000029635	0.0103591171186386	7.33899122833239	0.53812335399078	0.590521065658954	0.84086289367805	-6.29453603821418
ENSMUSG00000022940	0.000765705209546219	7.33131126007076	0.0380621151629734	0.969640008009766	0.9935566095034	-6.29463486065551
ENSMUSG00000020135	0.0055842562448829	7.40337132387975	0.752095651964483	0.452036660842533	0.763486798401387	-6.29487127458433
ENSMUSG00000054737	-0.00133351470433585	7.2972993736998	-0.0749149516885095	0.940286030755981	0.985107660258645	-6.29490871100727
ENSMUSG00000022212	0.000109100559606112	7.27812493861804	0.00398112738730261	0.996823721769423	0.998657956786442	-6.29532678303519
ENSMUSG00000013833	0.00974268120715482	7.31379048585655	0.426145221797145	0.670024374123935	0.883762084285661	-6.29634919396669
ENSMUSG00000021743	-0.00829182256245975	7.28367140944952	-0.221646394935332	0.824600188058276	0.948082723621959	-6.29636356201229
ENSMUSG00000031684	-0.0158280203741468	7.3715616383168	-0.702508803928624	0.482401747880247	0.780865930522609	-6.29669654547971
ENSMUSG00000034361	0.0208375825909073	7.44690863472207	0.853909279869569	0.393205085351018	0.725178925214426	-6.29678060949844
ENSMUSG00000030000	0.00656996319377434	7.38703497747484	0.660860674936884	0.508738753937366	0.797488730013043	-6.29689117845871
ENSMUSG00000034574	-0.00175260258646137	7.34313698820725	-0.0603456604839123	0.95188327406355	0.988331553817859	-6.29700466646786
ENSMUSG00000044340	-0.0129545596880849	7.34168500129815	-0.504353132257305	0.61404031692458	0.854758119519809	-6.29706955288017
ENSMUSG00000027285	0.0230433039441147	7.53544839584755	1.2014979078562	0.229627433920526	0.580487813167906	-6.29730076363314
ENSMUSG00000026556	-0.010795087966069	7.40231398388512	-0.501177567520172	0.616273034573245	0.855018386481221	-6.2973496309548
ENSMUSG00000017210	-0.0018143458095885	7.27288340427274	-0.0926528765374145	0.926183856432955	0.980208234449913	-6.29774058561655
ENSMUSG00000006476	-0.014889968113919	7.27284983859401	-0.390994857647205	0.695821329017483	0.896035030181874	-6.29800135518708
ENSMUSG00000039456	-0.00363820456569286	7.3410299416531	-0.21267858942914	0.831588228398913	0.950006167899601	-6.29923303530982
ENSMUSG00000087694	-0.00534106015974167	7.38147007830866	-0.192650700012885	0.847242066097698	0.955411123026914	-6.29972633808778
ENSMUSG00000032405	0.0118464307092099	7.39600955431074	0.530317959692519	0.595920182242251	0.843007373128756	-6.30030254028069
ENSMUSG00000020156	-0.0082380029434832	7.40898980683267	-0.708579347609158	0.478625792694007	0.778989641150335	-6.30040574962313
ENSMUSG00000070823	-0.00678407275081572	7.35706808000154	-0.565790332146574	0.571567245311579	0.832405110728591	-6.30056908744655
ENSMUSG00000029403	0.0074137155769094	7.3366541154976	0.340685178252171	0.733358032439583	0.91239195335209	-6.30128047832128
ENSMUSG00000026037	-0.00631843657476061	7.3185137073435	-0.268115781818098	0.78862367029333	0.934057807446228	-6.30152822731066
ENSMUSG00000037366	0.00760566586890565	7.30028056454402	0.256831016483738	0.797322097013909	0.938376127718279	-6.30161974293461
ENSMUSG00000070643	0.0147829254180971	7.45205208139832	0.95751536170235	0.338363586444794	0.683075268763924	-6.30244750964152
ENSMUSG00000025450	0.00439533192829167	7.31544984371982	0.191296672324573	0.848302629139944	0.955841204093477	-6.30269828454996
ENSMUSG00000001751	-0.0118250275589009	7.39182470518167	-0.534803592731936	0.592814645273702	0.841806400043526	-6.30291380288201
ENSMUSG00000037313	-0.00875519186315188	7.35860253517956	-0.292003287712234	0.770298866601262	0.927122327581009	-6.30294599214186
ENSMUSG00000054256	0.00626711521778223	7.22427498851341	0.186351437088224	0.852178381369735	0.957064104500698	-6.30305132121696
ENSMUSG00000043496	0.00128671512124701	7.29533283279529	0.0366161414290515	0.970792853632448	0.993558784553119	-6.30309278867587
ENSMUSG00000013921	0.0120020672221592	7.39708297185604	0.608580962965857	0.542835900262853	0.816935191004968	-6.30332727417735
ENSMUSG00000037012	-0.0105597238462263	7.32093767617477	-0.343622185165068	0.731148037035154	0.911238925639971	-6.30432754280165
ENSMUSG00000030592	0.0126867142947988	7.34089411163996	0.481944095168577	0.629871354714505	0.862161390347216	-6.30473455927799
ENSMUSG00000051329	0.0175505854570819	7.4837404165199	1.04891901253826	0.294277146724375	0.647801518962345	-6.30506832802465
ENSMUSG00000037089	0.000834451996509777	7.32822244657534	0.0495582053371437	0.960476864111225	0.991030846546422	-6.30510394537611
ENSMUSG00000090666	-0.00682660729167317	7.2882397559911	-0.303047637643094	0.761868914556761	0.923754892802563	-6.30513753929383
ENSMUSG00000020241	0.0160950484277436	7.46926912193669	1.01741210536835	0.309017387051332	0.658961190917794	-6.30528071392873
ENSMUSG00000045813	-0.0201775218532037	7.39531712271838	-0.692711859354304	0.488529581681174	0.785052040824151	-6.30540984114065
ENSMUSG00000023009	-0.0124167575247522	7.39771744121869	-0.688068737347023	0.491448376093057	0.786440013176983	-6.30599801804456
ENSMUSG00000034602	-0.00332142269871927	7.30654293096844	-0.19096343780989	0.848563682416718	0.95588549580411	-6.30664484820581
ENSMUSG00000003863	-0.0115028669097255	7.29117542128656	-0.36825656275589	0.712700927078265	0.903855641700777	-6.30702559527708
ENSMUSG00000000567	0.0114450590581692	7.38421017548172	0.598532578169284	0.549517652726495	0.819647274845993	-6.30704944396469
ENSMUSG00000072900	-0.0104929833567464	7.30575867517324	-0.370147835961709	0.711291438022181	0.903114894443223	-6.30713762519527
ENSMUSG00000031583	-0.0166368178045637	7.49031322161588	-1.07670118666251	0.28167705628307	0.635014554221129	-6.3077305121248
ENSMUSG00000034171	-0.00492927726840353	7.27945919698032	-0.154259749653226	0.877412516013482	0.964478537331763	-6.30786789842911
ENSMUSG00000097640	0.0132244477128101	7.29564049363164	0.440401867038281	0.659669262307099	0.877961702008408	-6.30789429995059
ENSMUSG00000047428	-0.0094916945490553	7.30485150729382	-0.433117572440446	0.664952113836212	0.880803597814317	-6.30839240399188
ENSMUSG00000054945	0.00608520863861539	7.31374716988916	0.300502868781012	0.763808826504671	0.924040338159216	-6.30906684862461
ENSMUSG00000085069	-0.0124150023466747	7.33101749796996	-0.424552362551061	0.671185276351289	0.884219778762911	-6.30934953988208
ENSMUSG00000034317	0.00398254761720551	7.36439573406483	0.152562665513333	0.878750667080693	0.964478537331763	-6.30959038669421
ENSMUSG00000024238	-0.00160548714330222	7.33407182617177	-0.0441367313366993	0.964797560739585	0.991900974375582	-6.30977456684795
ENSMUSG00000040725	-0.0167634169821653	7.48059289036839	-0.964371553142548	0.334916487497659	0.680310023978583	-6.30987300012254
ENSMUSG00000022554	-0.000729246893505398	7.32475340009622	-0.0394248980157004	0.9685535468433	0.99352451625409	-6.31004077825142
ENSMUSG00000104033	0.0198003473902935	7.5702775005489	1.28626718603619	0.198422374330923	0.544915896659015	-6.31015216377029
ENSMUSG00000026502	0.00202414060916301	7.2829142923489	0.129318778304567	0.897111749099186	0.97009420117138	-6.31035736634661
ENSMUSG00000032407	0.0209671086575991	7.5139611013863	1.04111565545453	0.297883189610798	0.651178006838047	-6.31036533274812
ENSMUSG00000002963	-0.00681353800474849	7.26541421426067	-0.276377313759241	0.782272193444743	0.932142974694375	-6.31040268943211
ENSMUSG00000011658	-0.0188152807113404	7.36872958215099	-0.638711345701339	0.523046365170774	0.807132098678051	-6.31063956903148
ENSMUSG00000028173	0.0175506075521472	7.51631577688404	1.07547106671092	0.282227087295599	0.635514839653501	-6.31098006508926
ENSMUSG00000028809	-0.0139785583557899	7.43948273494169	-0.84588484655291	0.397666292266814	0.728490689170851	-6.31106329393495
ENSMUSG00000030077	0.0100571844209316	7.35498452243144	0.31480626793815	0.752924752863715	0.919570651231983	-6.31106862811712
ENSMUSG00000055322	-0.00443937564451957	7.30070327575323	-0.318633669249804	0.750020529867078	0.918422899560861	-6.31118792621899
ENSMUSG00000028248	-0.0184030972965026	7.36503355969228	-0.591896108602195	0.553952756984826	0.822706920714237	-6.31170571827355
ENSMUSG00000040220	-0.00147393364004067	7.33942150875369	-0.0484138547621607	0.96138877306455	0.991104699846711	-6.31231532610778
ENSMUSG00000020564	0.00485681573839969	7.36343612034051	0.13231453808816	0.894741993816417	0.969077484595221	-6.31255996466126
ENSMUSG00000030098	0.0139082029385555	7.3505385353372	0.605694531733913	0.544751103316355	0.817367801987953	-6.31283679880347
ENSMUSG00000036890	0.00338936000066514	7.27903122646126	0.104068524318693	0.917120053288601	0.977307287131546	-6.31294177372226
ENSMUSG00000037926	0.0045033557723384	7.33229770100551	0.329178168415878	0.742037817230766	0.915594168730863	-6.31309341009975
ENSMUSG00000038065	-0.0215324210989865	7.37517504122539	-0.710359015273245	0.477521886272564	0.778426901975619	-6.31323039340037
ENSMUSG00000100281	-0.00538174341497832	7.3161619081187	-0.238739418026299	0.811319566912003	0.943152847751889	-6.3133605531893
ENSMUSG00000041638	0.00703172325448875	7.40334670536043	0.765013423084554	0.444307530525738	0.758231808570124	-6.31346431517594
ENSMUSG00000033565	-0.00314372322894929	7.29119636718416	-0.268389317465879	0.788413148005435	0.934053255912066	-6.31350868559773
ENSMUSG00000058740	0.00556553740761156	7.31595737848804	0.255554821186943	0.79830741167986	0.938720892242458	-6.31390847839986
ENSMUSG00000021916	-0.00393319594807373	7.29879824282041	-0.185700761161573	0.852688606693344	0.957095134493614	-6.31408276346725
ENSMUSG00000024654	-0.0145394154109537	7.36937900385828	-0.409980175455245	0.681841884926674	0.888931561734122	-6.31436868971494
ENSMUSG00000075511	0.0128532048017309	7.44457377523452	0.738032631527073	0.460536809337624	0.767555671952556	-6.3146915106283
ENSMUSG00000031937	0.0152785676591192	7.35748747670512	0.47526243967112	0.634625214365816	0.864040975110824	-6.3150804802823
ENSMUSG00000038369	-0.0127992241583126	7.42308661488144	-0.81670224155287	0.414146004140307	0.741776229843011	-6.31537740153289
ENSMUSG00000076435	-0.00291945035881724	7.30283047133935	-0.104639074842922	0.916667319957168	0.977307287131546	-6.31561042597731
ENSMUSG00000019027	0.0113661590389613	7.38627259489137	0.425489556087851	0.67050213889021	0.884009997570552	-6.31561330558884
ENSMUSG00000097994	0.000277426521906321	7.35343901491439	0.0106977205486633	0.991465136600183	0.997874037396135	-6.31576323176537
ENSMUSG00000005501	-0.000686873615887151	7.30449194568759	-0.0234251459851646	0.981312285516432	0.995951388069649	-6.31595904944473
ENSMUSG00000024247	0.0035586025445502	7.36483983684409	0.207934977010983	0.835290053862099	0.950790240136205	-6.31629292282809
ENSMUSG00000001833	0.00683014260465242	7.34403031453279	0.296208020475124	0.767086208506435	0.925526608364774	-6.31644726257593
ENSMUSG00000041143	0.0113303283255242	7.35191264521664	0.42684818119	0.669512296104677	0.883744969610965	-6.31657061812524
ENSMUSG00000078786	-0.00827992703731528	7.31507074819396	-0.464708477672264	0.642164883975787	0.868813762554107	-6.31667371128434
ENSMUSG00000088036	0.011824222451561	7.31432601398084	0.378500332647709	0.705078520408645	0.900363883400742	-6.31699487906886
ENSMUSG00000093803	-0.00178763639484458	7.34084529373522	-0.0833176131219233	0.933603058352072	0.982734912486374	-6.31735670900459
ENSMUSG00000060671	-0.000124960039509681	7.27893189087251	-0.00568577585367711	0.995463707965237	0.998657956786442	-6.31748124108323
ENSMUSG00000094807	-0.0115588059256675	7.26874659423074	-0.311327068464482	0.755567800864366	0.921066994674893	-6.31759850227891
ENSMUSG00000034518	-0.00206576463326513	7.35357104525124	-0.0644176157292855	0.948640840537848	0.986627225837078	-6.31806857024155
ENSMUSG00000044934	0.000287877546665705	7.35161062922047	0.0133822647098238	0.989323466627023	0.997860999890581	-6.31807219454242
ENSMUSG00000019996	-0.000746244577536359	7.24533097388265	-0.0261300942151927	0.979154843707111	0.995136125736754	-6.31820873637341
ENSMUSG00000044795	-0.00287412803807463	7.33817453002243	-0.362957729055793	0.716655149532174	0.90558172222169	-6.31936461313684
ENSMUSG00000102697	0.00958317445367562	7.39695702089426	0.549389944430881	0.582767758904439	0.837691037186733	-6.31955109553683
ENSMUSG00000038022	0.00641379306459466	7.38205695350263	0.225065298451894	0.821939679401347	0.946890836429572	-6.32024536016261
ENSMUSG00000000711	0.000829429923113523	7.37428744057769	0.0296175715659708	0.976373491208031	0.994117737593759	-6.32025349558843
ENSMUSG00000041057	0.0051474236320459	7.37209271490839	0.23252489353605	0.816141947016117	0.945233479044624	-6.32108245098791
ENSMUSG00000020828	-0.0139792567185948	7.43739970877656	-0.805897727024776	0.420348504681013	0.745530569814291	-6.32123065677041
ENSMUSG00000038181	0.00961459097812245	7.38424691882994	0.598799822106858	0.549339423026856	0.819647274845993	-6.32137034129614
ENSMUSG00000022353	-0.0126533758016443	7.39346798187655	-0.601182349235275	0.547751735251616	0.818889913255181	-6.32138575538837
ENSMUSG00000028364	-0.00579746992309005	7.30751392704557	-0.190318748812122	0.849068773811963	0.956011933178401	-6.32196285637411
ENSMUSG00000030486	-0.0166501883591801	7.50066777522243	-0.850952533173914	0.394845356634303	0.726341531243831	-6.32201236411457
ENSMUSG00000047988	-0.0084011698934523	7.36019526696866	-0.516557436574064	0.605492961264978	0.849557442702118	-6.32281203888755
ENSMUSG00000041058	0.0152403348353323	7.38166581371341	0.533630371765852	0.593626184088876	0.841999283728157	-6.3231638565315
ENSMUSG00000015697	-0.0107487404202375	7.43658653779125	-0.908141880034127	0.363856578124873	0.705342791852593	-6.32380410603406
ENSMUSG00000028991	0.00984232619307424	7.43447626781608	0.798547357083063	0.424599120708023	0.746959219548411	-6.32388208711803
ENSMUSG00000007817	0.0160040201650924	7.4586295030926	0.916049979465386	0.359694493276556	0.702902556910282	-6.32395719029586
ENSMUSG00000031591	0.0145300717652175	7.45475542578916	0.955258009740772	0.339503488054569	0.683918607319872	-6.32406759775888
ENSMUSG00000006920	-0.00596245874108892	7.30986666234036	-0.199287910547301	0.842047406067163	0.953932277570399	-6.32411633175684
ENSMUSG00000007783	-0.00812709538268575	7.32855818967754	-0.464683934446765	0.64218246093428	0.868813762554107	-6.32437063714446
ENSMUSG00000009073	-0.014786829525181	7.48331021170241	-0.99817167861476	0.318254953549785	0.665879731516663	-6.32445388812159
ENSMUSG00000026404	0.00863503929430376	7.36887028536948	0.303075946196346	0.761847342952357	0.923754892802563	-6.32459969574773
ENSMUSG00000021038	-0.0016749908013205	7.32093686608536	-0.0830806735845108	0.93379144393668	0.982734912486374	-6.32483204968702
ENSMUSG00000033257	-0.00897623087165744	7.32024656458084	-0.567752094167954	0.57023436393412	0.831568687689586	-6.32500207687159
ENSMUSG00000016181	-0.00520728387771108	7.32506683871309	-0.262870486591997	0.792663597282665	0.93614399407303	-6.32506698078572
ENSMUSG00000022382	-0.00403682425774221	7.27920471408194	-0.117731733748014	0.906285981881743	0.973790101035815	-6.32517735874326
ENSMUSG00000075569	-0.00476020438936864	7.32142719404752	-0.213940242975602	0.83060428311623	0.949488163241147	-6.32550121870657
ENSMUSG00000092593	-0.00160335627476371	7.26435372096298	-0.0376275979549532	0.969986433234202	0.9935566095034	-6.32573773326504
ENSMUSG00000037593	0.0116084815910229	7.37734937769489	0.42448229648246	0.671236359717141	0.884219778762911	-6.32574933339634
ENSMUSG00000056492	0.00684559370883608	7.31322429757862	0.337486146620423	0.735767709579726	0.913427598544211	-6.32583297808812
ENSMUSG00000017132	0.00818218106801183	7.30624756543634	0.340333731221916	0.733622632662445	0.91239195335209	-6.32615199871929
ENSMUSG00000024897	0.0161191355296237	7.476439677777	0.996752320103851	0.318943499407602	0.666174249811657	-6.32739864614405
ENSMUSG00000026395	0.00418742278921069	7.27696729628293	0.10937428577112	0.912910974655724	0.976031222285585	-6.327504266247
ENSMUSG00000022897	0.0127787310481109	7.39071626299939	0.502714291647723	0.615192129252326	0.854758119519809	-6.32768490103851
ENSMUSG00000049336	-0.0143227413184226	7.37341637048352	-0.48185708681659	0.629933161475852	0.862161390347216	-6.32771582738046
ENSMUSG00000096296	0.0134986339841898	7.46975688991572	0.747979870547397	0.454515148547144	0.764650252388905	-6.32772399165328
ENSMUSG00000040447	0.00519330630603498	7.27165699247411	0.149128066921421	0.881459905099005	0.964903551399761	-6.32774640738602
ENSMUSG00000028760	-0.010533302573263	7.37415372602076	-0.411972666621382	0.680380968893256	0.888901194287128	-6.32785731355829
ENSMUSG00000051817	0.00936670900408387	7.43088155752429	0.530563534525201	0.595749971672408	0.842871235706692	-6.32802983396932
ENSMUSG00000034926	0.000177709183765806	7.34515729208215	0.0165857830045551	0.986767872578348	0.997286531227525	-6.32839780349283
ENSMUSG00000064377	0.0159398006779554	7.52547775649253	1.12767734171535	0.259522119570909	0.612396750764266	-6.32844118997731
ENSMUSG00000022112	-0.000722979121833944	7.29006946180247	-0.0326595788871848	0.973947645921839	0.993930950840525	-6.32860478908637
ENSMUSG00000055912	-0.015800807093485	7.42346993287921	-0.670253987806378	0.502733597833965	0.793386302014259	-6.32932474566007
ENSMUSG00000025261	-0.00807199974575745	7.43530741340827	-0.843795735495471	0.398832728175056	0.729641631169533	-6.32933072864438
ENSMUSG00000032911	-0.0165978832161899	7.41493710402506	-0.815778248913637	0.414674309078791	0.742168045189154	-6.32941441636987
ENSMUSG00000054263	0.0268919167936623	7.41454278885373	0.923469690450521	0.355816767019025	0.698239197355039	-6.32942135230081
ENSMUSG00000023923	-0.00966282513497951	7.46196921582996	-0.949246689026473	0.342551042484639	0.687434433689569	-6.32950980317249
ENSMUSG00000027194	0.00363042325358176	7.3415248660899	0.305095495887292	0.760308889984448	0.922935619160995	-6.32988077506027
ENSMUSG00000040276	0.00344005561693184	7.3027583673434	0.164375550711858	0.869443602668127	0.961688139329499	-6.33005494860894
ENSMUSG00000033991	0.0138162557369492	7.5574849711988	1.16186852953115	0.245356423534245	0.597542458543518	-6.33016239780745
ENSMUSG00000036646	0.00603209971548146	7.36023772727764	0.289363732798224	0.772317658935844	0.927530022268176	-6.33019633425112
ENSMUSG00000021294	0.0147572350708698	7.49368666032404	0.947803066366939	0.34328551215062	0.688401416885057	-6.33032343420936
ENSMUSG00000071477	0.014107598679459	7.3821497795152	0.538391642773572	0.590335887025561	0.84086289367805	-6.33036462954024
ENSMUSG00000028245	-0.0108371410078103	7.35522894150954	-0.301489929498043	0.763056199838859	0.92395992492392	-6.33050230558652
ENSMUSG00000062300	-0.00169182152013114	7.36137241022317	-0.0599551203208384	0.952194297751682	0.988407684590484	-6.33080057076946
ENSMUSG00000001909	0.00208713234155322	7.30096744313197	0.126448946203487	0.899382752625045	0.971155731131758	-6.33136024243567
ENSMUSG00000084088	0.00843207704945304	7.42031113983345	0.686772925046212	0.492264628056556	0.786753769201431	-6.3315373579517
ENSMUSG00000085436	0.0154782702033183	7.39357439207909	0.589764971319137	0.555380689967716	0.823024526678577	-6.3315699648017
ENSMUSG00000032109	-0.0185401794536286	7.46531685274527	-0.882683632184917	0.377458915778492	0.71408013361058	-6.33166298066351
ENSMUSG00000086914	0.00843748638417274	7.52699174753105	1.03761973711757	0.299508243166676	0.652012325121033	-6.33182068742428
ENSMUSG00000042436	-0.0111498349474255	7.31293664589386	-0.370081045241749	0.71134119765151	0.903114894443223	-6.33213247152913
ENSMUSG00000039509	0.0092103111731392	7.36749585258583	0.42625906309334	0.669941434838972	0.883744969610965	-6.33241507478489
ENSMUSG00000037326	0.00552059995768239	7.41797977183257	0.802961414404162	0.422043526168082	0.746210442455371	-6.33334681968029
ENSMUSG00000028015	0.0116410101422888	7.50985806661066	1.00831265117704	0.313363823536346	0.662220296212812	-6.33336551898956
ENSMUSG00000015377	0.0143116708186612	7.38025982712422	0.57141263314041	0.567751251907979	0.830035420158065	-6.33354690531215
ENSMUSG00000048779	-0.0144512886333654	7.30677942504957	-0.322229794081538	0.747295024196463	0.917963991585129	-6.33388786469961
ENSMUSG00000057738	0.0166585174575244	7.4758917813288	0.905770283044125	0.365110614710362	0.7061794752194	-6.33435892797829
ENSMUSG00000000374	0.00835157758956129	7.42791955514385	0.779586124860925	0.435679469857789	0.754058551441967	-6.33442319758035
ENSMUSG00000097165	0.0123740336713016	7.39680062836354	0.551692325335695	0.581189200135365	0.83727002754481	-6.33444415914371
ENSMUSG00000060002	0.0193081485990332	7.50218695078639	1.00896352387949	0.313051598078237	0.662054100508132	-6.33455213200994
ENSMUSG00000024764	0.014411130945069	7.48749908248523	1.00446410613682	0.315214170637472	0.663534636062007	-6.33471671315881
ENSMUSG00000055491	0.00831069122995931	7.34921524546522	0.525427437943485	0.599314463439826	0.844628382008375	-6.3348924998612
ENSMUSG00000029097	-0.00990239106638491	7.31060591661572	-0.270371577167608	0.786887996705652	0.933714988564259	-6.33512172986001
ENSMUSG00000070644	0.00858000390803149	7.3634617778048	0.411816475914453	0.680495446359533	0.888901194287128	-6.33566443981606
ENSMUSG00000038507	-0.017941126882536	7.41542934121861	-0.563945654586866	0.572821926560912	0.83311732249655	-6.33573357114145
ENSMUSG00000044566	0.00806586964436118	7.34457879277307	0.248646402539961	0.803646750281784	0.940974234426661	-6.33582244935577
ENSMUSG00000025821	0.000556341220338652	7.37629949671021	0.0313477851064885	0.974993706133965	0.993930950840525	-6.3359624008929
ENSMUSG00000026988	-0.0133447573941083	7.3798268401389	-0.53568914195599	0.592202431496186	0.841584900997777	-6.33626561382979
ENSMUSG00000068959	-0.00278750659828209	7.35719341355513	-0.0967242663709447	0.922950090335475	0.978863085113566	-6.33642528572427
ENSMUSG00000033577	-0.00473493719152174	7.31170781045128	-0.126726804649814	0.899162836690611	0.971113800481468	-6.33646172531251
ENSMUSG00000051113	-0.0200601863546304	7.45943453333447	-0.803380962717339	0.421801091752873	0.746210442455371	-6.33650423344806
ENSMUSG00000086331	0.00327773139482357	7.3037043095678	0.184576795076719	0.853570106041099	0.957529662229457	-6.33657297734705
ENSMUSG00000022240	-0.00275445819882592	7.33138948463946	-0.0847831458117397	0.932437927556963	0.982721427457692	-6.33664506365392
ENSMUSG00000046516	0.00724772045005295	7.35424174486995	0.324155408964673	0.745836895127628	0.917526233929805	-6.33667527562029
ENSMUSG00000039307	0.0124592660802652	7.37986160800533	0.554574922974626	0.579215659157135	0.836272738637799	-6.33670159880315
ENSMUSG00000022089	-0.00973077797501798	7.36469502229796	-0.286624667627208	0.774414190047003	0.92826639191572	-6.33688100809096
ENSMUSG00000017421	0.00742780736502091	7.33773547448186	0.301058073606115	0.763385459314408	0.92395992492392	-6.33724140503915
ENSMUSG00000050640	0.00059742030469323	7.35178646947434	0.0162175481417501	0.987061624070915	0.997374604292374	-6.3373190710877
ENSMUSG00000022696	0.000360095916564163	7.29232378671536	0.0122884695681259	0.990196063790037	0.997874037396135	-6.33732656970786
ENSMUSG00000009739	-0.0140291514562403	7.35904950640197	-0.655996306608791	0.511863267637801	0.79923777716294	-6.3374436216247
ENSMUSG00000005686	0.00150317550509094	7.28393152705932	0.0411376493302072	0.967188160851079	0.993048995524657	-6.33748338922723
ENSMUSG00000097787	-0.0106572235494049	7.37847458034583	-0.432337702023491	0.665518699463096	0.881248415599243	-6.33777877486426
ENSMUSG00000036617	0.00856211852035482	7.32027165509317	0.302696863920421	0.762136225517725	0.92382968133862	-6.33790029077358
ENSMUSG00000035109	0.0262457898292769	7.4212386426573	0.838506690430555	0.401795015585175	0.732392689070154	-6.33847267466703
ENSMUSG00000097488	-0.0130036791532566	7.40134354715206	-0.477324639768022	0.63315638055225	0.863441380761155	-6.33895236621939
ENSMUSG00000015599	-0.000696810913143331	7.29619779868391	-0.0568686631501002	0.954652584945682	0.989364644321877	-6.33895907812379
ENSMUSG00000031785	-0.00674074985604012	7.32070823651731	-0.166792262486518	0.867541722339988	0.961199107988283	-6.33901880622074
ENSMUSG00000031749	0.00597891748194979	7.32633756149284	0.330589220003674	0.740971662204715	0.914975437062896	-6.33943759335905
ENSMUSG00000028842	-0.00728326655419398	7.36719604603962	-0.537540346824889	0.590923561805905	0.84086289367805	-6.33964152766579
ENSMUSG00000048807	0.0186824457724297	7.33050229453868	0.504710102900754	0.613789556462052	0.854758119519809	-6.33970117957802
ENSMUSG00000020064	0.00997211965986633	7.38346673195208	0.679780989939419	0.496681477843119	0.790211384384904	-6.33981546254218
ENSMUSG00000055652	0.00646702113114372	7.2733914930172	0.159215057107172	0.873507274229288	0.963489280358309	-6.34002178571426
ENSMUSG00000062115	0.00358065468062208	7.35057060686903	0.446390214862975	0.655338946485169	0.876154761507338	-6.34009739531403
ENSMUSG00000067787	-0.00948980293652024	7.41373599083465	-0.448326122869327	0.653941512781269	0.8754086720269	-6.34012080676064
ENSMUSG00000073968	0.01642683601108	7.51896261068255	1.06463475086806	0.287103867922448	0.640444652744361	-6.34053446342989
ENSMUSG00000000131	-0.00899722076893994	7.4246636314303	-0.798522811387241	0.424613357110156	0.746959219548411	-6.34092432359474
ENSMUSG00000025602	0.0138900413626928	7.51286090717157	0.99079243457324	0.321845343247968	0.669055376227531	-6.34110497949479
ENSMUSG00000050079	0.00504547901322017	7.34697075086005	0.305560224896046	0.759955002572602	0.922935619160995	-6.34151787209374
ENSMUSG00000028284	0.011482778544937	7.52472424261497	1.11275907712965	0.265877075842383	0.619809421865936	-6.3416409391053
ENSMUSG00000077265	-0.0133444385061772	7.42205042922711	-0.816520771853631	0.414249730380151	0.741830384954971	-6.34176288893241
ENSMUSG00000027247	0.00907351826717129	7.3751480472282	0.358975621857796	0.719631789055252	0.906749625482283	-6.34260815297553
ENSMUSG00000010110	-0.00450631214200659	7.29506262235242	-0.216931326898978	0.828272644206705	0.949017198525691	-6.34306858592346
ENSMUSG00000021458	0.00387138508708063	7.27909097415251	0.122383796144544	0.902601061846085	0.972587174330317	-6.34321201083779
ENSMUSG00000015224	0.00610865231214941	7.34533101699383	0.239093801989659	0.811044783999054	0.943152847751889	-6.34346183697527
ENSMUSG00000029328	0.00570908743156284	7.39594322613549	0.370441132713245	0.711072944125463	0.90311259732581	-6.3437031899675
ENSMUSG00000020841	-0.00673670906533808	7.31057581617065	-0.135019921125598	0.892602743755751	0.969041273395506	-6.34378326958362
ENSMUSG00000015829	0.0114841334585218	7.4958379370839	0.986507910967396	0.323942078819224	0.670330693625006	-6.3442627533405
ENSMUSG00000010290	-0.000183940512213709	7.36777264091254	-0.0120334052113272	0.990399548256788	0.997874037396135	-6.34461994254392
ENSMUSG00000016534	-0.000509221245271974	7.32691933802236	-0.042532310931459	0.966076423277596	0.992427954750541	-6.34506756548305
ENSMUSG00000001119	0.011567706878111	7.32104214932883	0.305386493675737	0.760087291624273	0.922935619160995	-6.34579632219708
ENSMUSG00000032875	-0.000798325989846305	7.30546586238833	-0.0394789854319976	0.968510427535047	0.99352451625409	-6.34611073601027
ENSMUSG00000050954	-0.00637827224910215	7.4547479766378	-0.839376443521971	0.401306979148308	0.732140967559959	-6.34618936540024
ENSMUSG00000041747	-0.0150381807931268	7.38804484454245	-0.417433294262339	0.676383337544913	0.886630774314088	-6.34627103396926
ENSMUSG00000004591	0.00761231089095382	7.35511428835856	0.396889796418833	0.691469361904125	0.894379895453339	-6.34633963350501
ENSMUSG00000024457	0.00852054377822586	7.38657142420623	0.430281404364969	0.667013540985135	0.882034211074282	-6.34645864504729
ENSMUSG00000038893	-0.00875053547133753	7.35849181508542	-0.326483500338317	0.744075215412028	0.916856472830708	-6.34661261700062
ENSMUSG00000036661	0.00873087162579811	7.30202608295522	0.278161362578451	0.780902502847905	0.931176440950914	-6.34661397469181
ENSMUSG00000097610	-0.00957031363692185	7.36978405074197	-0.344299280868847	0.730638861763234	0.91105134399748	-6.34708844600132
ENSMUSG00000025145	-0.0062922122027036	7.30932769575753	-0.284360295449112	0.776148626555758	0.928737878281616	-6.34739550356958
ENSMUSG00000034007	-0.000241649843874647	7.35008850917523	-0.00655565465330578	0.994769700396085	0.998588676615258	-6.34752000209035
ENSMUSG00000053046	0.00400154065605474	7.33966175581938	0.243524115201854	0.807611575095596	0.942326515620588	-6.34789174220253
ENSMUSG00000086920	-0.0121525938703861	7.30761153661958	-0.348218682391147	0.727693814752974	0.909811247077413	-6.34789972423975
ENSMUSG00000078607	0.00399694185958577	7.36628918032852	0.179710480754592	0.857388735205412	0.958226742697816	-6.34836404518524
ENSMUSG00000048939	-0.00341932072763473	7.35196435231965	-0.135122572112151	0.892521588977455	0.969041273395506	-6.34857677756376
ENSMUSG00000094952	0.0091310585393849	7.40803293064389	0.782875167472039	0.433745583225275	0.753225053165876	-6.34864590425855
ENSMUSG00000034112	-0.00727723721489948	7.3525640039356	-0.272472090037016	0.785272753458421	0.932762728818134	-6.34969056974651
ENSMUSG00000097397	0.00993076752422617	7.34799776782473	0.565720108537752	0.571614984855809	0.832405110728591	-6.34997849599573
ENSMUSG00000048546	0.00248160166674261	7.30206820357084	0.0551201826207979	0.956045399681327	0.989845709464926	-6.35018887808908
ENSMUSG00000031214	-0.0105071501494214	7.45743244702745	-0.846783241407457	0.397165314984335	0.727867983314087	-6.35078511259091
ENSMUSG00000037606	-0.00478984994410148	7.36721854296224	-0.265807440114866	0.790400861784199	0.9354272768916	-6.35138454953592
ENSMUSG00000027167	-0.0136957292603155	7.49198269816405	-0.98488456299695	0.324738823517378	0.671262230408387	-6.35154440833783
ENSMUSG00000024565	-0.0082844375270632	7.26533451278921	-0.165780229126294	0.868338069830651	0.961290728404015	-6.3518804620768
ENSMUSG00000005580	0.0079480374885712	7.39428515530505	0.612963538723906	0.539934406972005	0.816374561138223	-6.35199343174082
ENSMUSG00000101995	0.00963264231590699	7.41537437179929	0.583984215588315	0.55926302052727	0.824990537733514	-6.3521078284867
ENSMUSG00000102411	-0.0082777949375572	7.57997179406798	-1.26862797871319	0.204645717818247	0.551059909072451	-6.3521477681179
ENSMUSG00000066191	0.0138137826501863	7.37981406176292	0.616224921038178	0.537780252600359	0.815468122236527	-6.35231629396296
ENSMUSG00000031972	0.00843955468556423	7.38900098112938	0.261442285429292	0.793764568064563	0.936465368414493	-6.35231882685746
ENSMUSG00000038290	-0.00480094105947337	7.43497974517142	-0.704451218260649	0.481191782268421	0.780404481108543	-6.3529144025226
ENSMUSG00000031503	-0.00221129271480081	7.32997986441546	-0.117110412633708	0.906778287769373	0.973790101035815	-6.35318242421667
ENSMUSG00000087466	0.00493407115049749	7.32781426049929	0.194209765045144	0.846021247214059	0.955102570808516	-6.35330785483761
ENSMUSG00000027300	-0.000357451478937953	7.3329445940286	-0.0106720200935008	0.991485640176977	0.997874037396135	-6.35348799013494
ENSMUSG00000003762	-0.0144184827922782	7.33804760277397	-0.530606477525605	0.595720209693005	0.842871235706692	-6.35503702252116
ENSMUSG00000040187	-0.00598480349796304	7.37911715450932	-0.430179057288021	0.667087977604048	0.882034211074282	-6.35528464009558
ENSMUSG00000027882	0.011801036195104	7.42783658918671	0.618031342103068	0.536588965743895	0.81486034918859	-6.35533392360589
ENSMUSG00000028552	0.000762680240467439	7.33006462564322	0.0318431182319972	0.974598708809047	0.993930950840525	-6.35535305198652
ENSMUSG00000041757	0.00262713664423586	7.33711318000297	0.286953695133503	0.774162258989493	0.928118481508493	-6.35623857378741
ENSMUSG00000090589	-0.00782807981829059	7.29027650519904	-0.377992796369897	0.705455489996023	0.900363883400742	-6.35656506733433
ENSMUSG00000059939	-0.0103963731002343	7.39552069340461	-0.744085731928719	0.456867201567452	0.765661992441473	-6.35686436757208
ENSMUSG00000041164	-0.00386779600654386	7.31422623444327	-0.292634349516565	0.769816445964832	0.926760022588456	-6.35687316629247
ENSMUSG00000022758	-0.0104292688458392	7.34193358012825	-0.54165714369939	0.588084115866532	0.839996253994779	-6.35738353282948
ENSMUSG00000020691	0.000621464618010492	7.40757198294474	0.0214366553219891	0.982898375464067	0.995951388069649	-6.35744273058729
ENSMUSG00000032842	0.00723751717637189	7.33837293823632	0.309429560410865	0.757010492506189	0.921594488150021	-6.35812610876278
ENSMUSG00000018537	-0.00894392912887287	7.33744768708589	-0.407966355244781	0.683319652995758	0.889694535697708	-6.35831001219501
ENSMUSG00000071847	0.000268513662770253	7.34010198228172	0.0119394185042603	0.990474528844288	0.997874037396135	-6.35885725687526
ENSMUSG00000061186	-0.00569883234331403	7.35507165349101	-0.249053399384694	0.803331936050199	0.940974234426661	-6.35893509641245
ENSMUSG00000003847	0.0196635987771936	7.45399296631084	0.872486977511463	0.382993800712149	0.717637906739161	-6.35927683004396
ENSMUSG00000100370	-0.0154084661825369	7.51788435314959	-1.05600336336594	0.291028824113641	0.644038595512938	-6.35978509909374
ENSMUSG00000055833	0.0179430353351471	7.48273973531506	0.961555554169911	0.336329543608299	0.681223071457648	-6.36010330041963
ENSMUSG00000040040	0.0123742071814776	7.42816384580664	0.587992393525575	0.556569744593719	0.823535193977782	-6.3615913176697
ENSMUSG00000039068	0.00549928662092913	7.3427895545806	0.210253286450682	0.833480427539078	0.95066826427097	-6.36196230750981
ENSMUSG00000065563	0.0279680770189268	7.35991405421591	0.810032514139915	0.417968444048675	0.743947899903326	-6.36208873425541
ENSMUSG00000097032	0.00661120984818719	7.39737130219682	0.355444250442858	0.722275066407452	0.907412571689285	-6.36252800885365
ENSMUSG00000074305	0.00190684246079709	7.31331272895711	0.147772816861065	0.882529320591736	0.965491207018701	-6.36266146688677
ENSMUSG00000037239	-0.00227014862102326	7.33860748502719	-0.334813511735628	0.737782874369609	0.91383966991822	-6.36313709083972
ENSMUSG00000032637	-0.00366093165477199	7.390610270574	-0.644924609880222	0.519012083786807	0.804753640437046	-6.36352162497028
ENSMUSG00000029576	0.000814716016416028	7.3185151697304	0.0436105396776677	0.965216971412818	0.992045103437658	-6.36359919653241
ENSMUSG00000025159	-0.00557113518173313	7.36333196572534	-0.284372046773975	0.776139622526064	0.928737878281616	-6.3636399370194
ENSMUSG00000045275	0.0145211854097198	7.54387864752587	1.11927337488002	0.26308902074296	0.616587889927926	-6.36382156268356
ENSMUSG00000030270	-0.0105406172068614	7.28375848461817	-0.227512735592004	0.820036397940368	0.946425784493675	-6.36383507235424
ENSMUSG00000043140	0.0146840903595873	7.50734725972929	1.01537889185655	0.309985094523348	0.659268130299719	-6.3638439842541
ENSMUSG00000102496	0.0151776547979958	7.51494772792819	1.00103253714778	0.316870083340337	0.665603565287274	-6.36419899608499
ENSMUSG00000006711	0.000862145669340286	7.36181129569504	0.0795987456224693	0.936560273018328	0.984155212529857	-6.36427126344081
ENSMUSG00000040938	-0.00453601697902961	7.32969407835224	-0.23675494184281	0.812858722627491	0.943813600171721	-6.36458152607718
ENSMUSG00000033706	0.0107765684282253	7.38222979477694	0.370751603227819	0.710841682357956	0.903072669547335	-6.36483268220246
ENSMUSG00000026042	0.00430660795777715	7.31481608566435	0.105988056809557	0.915597007030385	0.977097257233409	-6.36505139620857
ENSMUSG00000020715	0.00826366985481819	7.43645524511121	0.722885115080793	0.469791653804318	0.77266648821803	-6.36553814329279
ENSMUSG00000041540	0.0112970572515048	7.3555105897216	0.374681305493896	0.707916852444255	0.901196201945901	-6.36590601424927
ENSMUSG00000061080	0.00887307301873008	7.37599838735573	0.258928215016449	0.795703610899032	0.937685446069051	-6.36603509800967
ENSMUSG00000084603	-0.00563629197622983	7.38648283562493	-0.224772281616465	0.822167618291883	0.946890836429572	-6.3660728112221
ENSMUSG00000070002	0.00361919260745847	7.27090752746414	0.157122027588583	0.875156405190993	0.96396452546078	-6.36620935287088
ENSMUSG00000043290	0.0113520229189641	7.4684425427215	0.846901080322168	0.397099632029277	0.727845993112469	-6.36627665538161
ENSMUSG00000031885	-0.00545578838663641	7.36849531903549	-0.199713007941313	0.84171493226277	0.953779444347567	-6.36648194245271
ENSMUSG00000028909	0.000310205753470072	7.29357270666849	0.0114956278737891	0.990828576656454	0.997874037396135	-6.36672297513389
ENSMUSG00000028988	-0.0175555371362446	7.36672906074706	-0.633149756827238	0.526671123729634	0.809592641216142	-6.36738936984459
ENSMUSG00000038534	-0.0134205686117923	7.39292509555827	-0.565229936261319	0.571948267505923	0.832650554154978	-6.36740792074846
ENSMUSG00000038346	-0.010041765942856	7.43017438471617	-0.786001816207923	0.431911791941389	0.751329237251905	-6.36742801990852
ENSMUSG00000027575	0.0136658959683711	7.4345315623782	0.701986095990133	0.482727634528066	0.781098134494751	-6.36775510397602
ENSMUSG00000103041	-0.00747094021960493	7.32163238978241	-0.299592010455874	0.764503547539344	0.924187029131111	-6.36796697911806
ENSMUSG00000059897	-0.00479658398104199	7.36590698576454	-0.40868227171119	0.682794164535299	0.889443051764949	-6.36798008583871
ENSMUSG00000044361	-0.0100394185960537	7.37633593308422	-0.313924840276432	0.753594075597815	0.920139452175358	-6.36802499706895
ENSMUSG00000055761	0.01671352014709	7.41560435711117	0.618946814134692	0.53598574362546	0.814309134028909	-6.36807967869562
ENSMUSG00000037275	0.0047996201479874	7.35960897911109	0.380306020587922	0.703737944076792	0.899611450668786	-6.36833576396318
ENSMUSG00000020154	-0.0106073916159541	7.38995314100747	-0.615527438152484	0.538240579337379	0.815723873759913	-6.369419452829
ENSMUSG00000033862	-0.000847796707730275	7.31345693366669	-0.0584957336048872	0.953356608087115	0.988990446921958	-6.36986726798117
ENSMUSG00000093409	0.0102476117339902	7.32790643593084	0.311125003110003	0.755721392424851	0.921120672259162	-6.3703986906125
ENSMUSG00000044712	-0.00306000461968736	7.29340729276102	-0.150834718112721	0.880113509911723	0.964482619413445	-6.37054693594369
ENSMUSG00000049971	0.0247120063993203	7.44440082766653	0.734477311039294	0.462699836905212	0.768147877902654	-6.37056419198646
ENSMUSG00000040479	0.00506597756846805	7.30562572276227	0.178932449701134	0.857999573464543	0.958226742697816	-6.37155282774182
ENSMUSG00000020770	-0.0069457245187321	7.46102791531034	-0.795742695200831	0.426227618048076	0.74771149016922	-6.37163675512143
ENSMUSG00000029782	0.00436782931889113	7.35446530235754	0.174059113948278	0.861827588230427	0.959397296322031	-6.37195768322983
ENSMUSG00000022105	-0.0135178462677965	7.41074092695151	-0.703459349854374	0.481809428740415	0.780730516895249	-6.37218728964926
ENSMUSG00000019809	-0.0128464114646736	7.43674964107435	-0.573579796949506	0.566283609092272	0.82948067978317	-6.37238790724305
ENSMUSG00000038518	0.00102490755503837	7.34211992816785	0.0354846956714505	0.97169497515903	0.993558784553119	-6.37253292936204
ENSMUSG00000014601	0.00446909180817823	7.36603091881168	0.190440654182781	0.848973260437335	0.956011933178401	-6.3744031860168
ENSMUSG00000036291	0.00215810300036701	7.34342070333254	0.107659485254656	0.914271070262198	0.976653574741166	-6.37445203301364
ENSMUSG00000034121	0.0134633620722679	7.43646748030109	0.576983224839114	0.563982428025115	0.828020119916514	-6.37486680764693
ENSMUSG00000097296	0.000102924154779416	7.33476368577718	0.00423120085951894	0.99662420584155	0.998657956786442	-6.37521827367183
ENSMUSG00000028910	0.0073814001661221	7.33928957683975	0.316059110013062	0.751973711851643	0.919209884581292	-6.37531009634948
ENSMUSG00000022194	0.005195607873409	7.30077832160803	0.198553735575743	0.842621679491317	0.954009580838688	-6.37536325420465
ENSMUSG00000089687	-6.79041035791528e-05	7.23694211520067	-0.00197880330046041	0.998421240583772	0.999158191602803	-6.3755128232953
ENSMUSG00000038736	0.0162192864406601	7.43201112499539	0.695809779483201	0.486587355377137	0.783416620853014	-6.37587316195802
ENSMUSG00000060429	-0.0093127380321727	7.39627851931925	-0.386092067859286	0.699448493718432	0.897682949435299	-6.37649009218586
ENSMUSG00000019232	0.0101566784646634	7.36407842640738	0.258688157487776	0.795888827807133	0.937685446069051	-6.3765543314289
ENSMUSG00000015879	0.00189662594311013	7.34223669037579	0.0663291175837622	0.947119031964832	0.986115720340959	-6.3767563711018
ENSMUSG00000058006	-0.00715189362711399	7.44523018597652	-0.804201870575272	0.421326969591493	0.746210442455371	-6.3769673416506
ENSMUSG00000007603	0.00523485976848548	7.3306556300429	0.2248175470936	0.82213240512701	0.946890836429572	-6.37701766900327
ENSMUSG00000029176	-0.00137282116447768	7.37765262936514	-0.0841068541675688	0.93297557648087	0.982721427457692	-6.37716385743781
ENSMUSG00000040563	0.0111872699424422	7.39569684340044	0.568734357093501	0.5695675416488	0.830969195058047	-6.37737208124487
ENSMUSG00000030451	-0.00101375777237056	7.33484072566288	-0.0904876537409253	0.927904119526366	0.980928321230105	-6.37763509514919
ENSMUSG00000075704	0.003826586754057	7.27985760437175	0.15209656515646	0.87911824809968	0.964478537331763	-6.37777445649785
ENSMUSG00000020546	-0.000748775473880414	7.32387437648158	-0.0313895971986484	0.974960363355536	0.993930950840525	-6.37778575172606
ENSMUSG00000031959	8.74551144658398e-05	7.32123056529139	0.00506661815798124	0.995957687096211	0.998657956786442	-6.37788826114738
ENSMUSG00000037455	0.0051424309710546	7.37802148458679	0.409061324089259	0.682515999274501	0.889337041630339	-6.37840800703231
ENSMUSG00000041353	0.00941190399230951	7.45245574981894	0.668122500213454	0.504092964617411	0.793899810246463	-6.37840850875658
ENSMUSG00000031399	0.000263838147949613	7.35891582181428	0.0135393138208866	0.989198178551528	0.997860999890581	-6.37846016153358
ENSMUSG00000053641	0.00465960372867968	7.33870492475364	0.189141583807388	0.849991201422959	0.956011933178401	-6.37886781857425
ENSMUSG00000088151	0.0134500837478289	7.38851238942063	0.597178888940029	0.550420889843032	0.81967540395528	-6.37896666431703
ENSMUSG00000070639	0.00505843583008136	7.36910547367122	0.420755322278475	0.673955785709355	0.885220758153551	-6.37926837472874
ENSMUSG00000028030	-0.00800914425608479	7.39436172154793	-0.597278823899939	0.55035418413904	0.81967540395528	-6.37999702688944
ENSMUSG00000088901	-0.0125473373671197	7.36617681556939	-0.562630348614792	0.573717346745208	0.833941889128183	-6.38104211196817
ENSMUSG00000080486	0.000243962182403301	7.41040634473733	0.0102819531237487	0.991796832549424	0.997874037396135	-6.38148645696516
ENSMUSG00000044770	0.00812002657375377	7.36312232324125	0.324406158712499	0.745647087321496	0.91745922587393	-6.3821195312412
ENSMUSG00000042997	-0.0116484875212537	7.43059092908785	-0.548327836907491	0.583496635141315	0.837953046928962	-6.38239860691771
ENSMUSG00000052949	0.00568863375405826	7.37154781726566	0.377099738773625	0.706118978862964	0.900736570296579	-6.38260822382722
ENSMUSG00000065623	-0.0109848939747135	7.31945676605955	-0.294460861069447	0.768420656239143	0.926294630142221	-6.38331091729816
ENSMUSG00000025723	0.0158329864445435	7.44343542847016	0.747508510354337	0.454799485654593	0.764671027402346	-6.38343286851613
ENSMUSG00000036943	0.0064106889256923	7.35689791417301	0.377992811491397	0.70545547876354	0.900363883400742	-6.38368110571337
ENSMUSG00000036461	0.00557618029937856	7.35826679639982	0.164765744838517	0.869136480039402	0.961619129291149	-6.38370474402135
ENSMUSG00000040410	0.0088303628132218	7.41271859195328	0.284597236743417	0.775967084633152	0.928737878281616	-6.38382628401349
ENSMUSG00000029920	-0.00118354680356791	7.37947594153941	-0.0662230158216217	0.947203498008578	0.986115720340959	-6.38407878934849
ENSMUSG00000034587	-0.0029033932414082	7.35803792366412	-0.0967845678862868	0.922902204338007	0.978863085113566	-6.3841942236771
ENSMUSG00000026062	-0.00447434196957186	7.33728718394378	-0.112912861021972	0.910105161308248	0.97528526184132	-6.38491505952803
ENSMUSG00000022577	0.0072595051517732	7.39417510195584	0.355184292292702	0.722469780029726	0.907453476096988	-6.38516713779167
ENSMUSG00000023118	-0.000737724471275847	7.32966222475654	-0.0796442989876397	0.936524043953958	0.984155212529857	-6.38530646801382
ENSMUSG00000027635	-0.012293441345034	7.43959076589171	-0.644324210273947	0.519401221292414	0.805239532143589	-6.38555233184043
ENSMUSG00000042672	-0.0146134927745303	7.42291798932291	-0.582043942528538	0.560569046975832	0.826018382664747	-6.38628141864719
ENSMUSG00000100214	-0.00968361343833024	7.44620495267691	-0.70274236568088	0.482256170523964	0.780801189391438	-6.38656921800479
ENSMUSG00000038807	-0.000483630413239844	7.30635747687981	-0.0151894525487236	0.987881774522106	0.997533970543468	-6.38665259537727
ENSMUSG00000045103	-0.00168806437041802	7.34347109396853	-0.0564462346440117	0.954989072959594	0.989510267572501	-6.3873041319735
ENSMUSG00000033124	-0.00106026282097549	7.34228589165298	-0.101780129772053	0.91893616907262	0.977904916207968	-6.38760547735465
ENSMUSG00000005198	0.0149351630782579	7.48476652587565	0.910735542032177	0.362488208456114	0.704283248313263	-6.38792340046686
ENSMUSG00000013787	0.00295753039051228	7.30876367617773	0.112788967847083	0.910203380166734	0.975305257907261	-6.38860552449128
ENSMUSG00000022414	-0.000851016667588134	7.33583003849715	-0.0481605408992794	0.96159064043807	0.991104699846711	-6.38898666529579
ENSMUSG00000054474	-0.00543085979928826	7.4210510943525	-0.353144665871851	0.723998122349047	0.908145582786658	-6.38923420437482
ENSMUSG00000019359	0.00121033206758803	7.35250584605097	0.0406090456559138	0.967609547646741	0.993357217392804	-6.38933272700217
ENSMUSG00000038453	-0.00660079612633613	7.33347945408482	-0.374611484340138	0.707968782042026	0.901196201945901	-6.38953494908459
ENSMUSG00000039577	-0.010964146224401	7.3531813531285	-0.547638332360941	0.583970038222693	0.838080626430569	-6.38955763469827
ENSMUSG00000055818	0.00499778747621793	7.37535252047146	0.178878254146208	0.858042125991332	0.958226742697816	-6.38995257573934
ENSMUSG00000026640	-0.000673555524354441	7.3363050182288	-0.026325905417334	0.978998672225474	0.995136125736754	-6.39023616859903
ENSMUSG00000030237	0.00527719690286688	7.35564462379251	0.307965640355014	0.758124102863708	0.922295182818861	-6.39025953128039
ENSMUSG00000022228	0.0133407410239732	7.33307879211088	0.344764251329238	0.730289273195002	0.911042695421132	-6.39042743400565
ENSMUSG00000045930	-0.00668329845222981	7.31492291288321	-0.170738943836426	0.864437454647462	0.960320761039318	-6.3912565668498
ENSMUSG00000065799	-0.0122804189693611	7.39220914663409	-0.704263128098201	0.481308874769068	0.780404481108543	-6.39127245975648
ENSMUSG00000097960	0.0087819773725677	7.46161987317544	0.81434530425963	0.415494401983193	0.74247499273223	-6.39166568441406
ENSMUSG00000014303	-0.00589446205491395	7.31828580784364	-0.308552698338462	0.757677464855068	0.922052873934568	-6.39170326092389
ENSMUSG00000052353	0.0169906721592961	7.49870816446025	1.02311846319485	0.30631212890944	0.657013106115202	-6.39185847687852
ENSMUSG00000025142	-0.00389761372003417	7.36342026059401	-0.190706293221698	0.848765138808373	0.956011933178401	-6.3919549056709
ENSMUSG00000048304	0.0117763296429176	7.43987463956523	0.668598806090542	0.503789029956617	0.793879596837665	-6.39200280676712
ENSMUSG00000065734	-0.0125637626681012	7.43471546442642	-0.473313864365617	0.636014440939209	0.864382867555635	-6.39258181436513
ENSMUSG00000057894	0.00265817273309299	7.34880321564376	0.128559321010776	0.897712654286238	0.970549552630682	-6.39369439767402
ENSMUSG00000049791	-0.00925257614813102	7.3798859288013	-0.565728260678366	0.571609442755104	0.832405110728591	-6.39381859546128
ENSMUSG00000031639	-0.00321912745958119	7.3249240006409	-0.112276304160741	0.910609819408417	0.97557747447783	-6.39383299015259
ENSMUSG00000021097	0.0119603140154778	7.4348134036914	0.797876918952853	0.424988072330078	0.746959219548411	-6.3947924455273
ENSMUSG00000067931	0.015708850162091	7.47306925108352	0.847159956486017	0.396955358476338	0.727799233699925	-6.39521944202729
ENSMUSG00000024045	0.0122808752478383	7.36895417909851	0.433861868249918	0.664411552091466	0.880551168704776	-6.39526748706171
ENSMUSG00000033697	-0.0120279258466995	7.41423834094755	-0.729542105526227	0.465711747729286	0.770507353629767	-6.39557188728212
ENSMUSG00000100396	-0.00268692489081968	7.30029855882053	-0.0967059685242973	0.922964620881934	0.978863085113566	-6.39612868071486
ENSMUSG00000090338	0.0133318598369536	7.49235662614451	1.0007003007848	0.317030707416284	0.665603565287274	-6.39647522985876
ENSMUSG00000065485	0.00348320253823076	7.3321444111467	0.134299424784439	0.893172392115081	0.969041273395506	-6.39675393308528
ENSMUSG00000070570	-0.00184881802324988	7.31914410165215	-0.0568058927596662	0.954702584574651	0.989364644321877	-6.39684125826243
ENSMUSG00000090582	-0.0225374243799266	7.41226990484576	-0.819350993308615	0.412633754859064	0.740893715849449	-6.39703622867145
ENSMUSG00000085213	-0.0218137257309028	7.45661998458812	-0.721435926516259	0.470682437741588	0.773302235388053	-6.39731412251145
ENSMUSG00000084507	0.00675694013581651	7.37682541743391	0.359347328616544	0.719353756053723	0.906743779317614	-6.39732986408474
ENSMUSG00000022708	-0.000395902624696909	7.34428631192205	-0.0149221231334491	0.988095035366398	0.997533970543468	-6.3973768401757
ENSMUSG00000082163	-0.0135331935114475	7.40696793543374	-0.533963557900998	0.593395661311089	0.841994597180089	-6.39786152323737
ENSMUSG00000026730	0.0169117030267829	7.40788703289082	0.628251171645343	0.529874365064773	0.810865405942559	-6.39844050526184
ENSMUSG00000027582	0.00638576181878747	7.3813855942336	0.497669030043782	0.618743998252587	0.856625255622238	-6.3986072057677
ENSMUSG00000035367	-0.0100984173111218	7.46725584845792	-0.86736860732695	0.385790777359009	0.719272739196018	-6.3990226999879
ENSMUSG00000039795	0.0138734130485494	7.52901807817705	1.02270583353675	0.306507219266962	0.657223608859952	-6.39926971430938
ENSMUSG00000097452	-0.00986030375379698	7.3934199470019	-0.574117801486383	0.565919544974325	0.829216166730996	-6.39933279947536
ENSMUSG00000006958	-0.000612440750204613	7.31389168032242	-0.0170447645985744	0.986401732337158	0.997065137331484	-6.39941634014952
ENSMUSG00000030861	0.00420599781414044	7.37297763043406	0.151405493067354	0.879663296668621	0.964478537331763	-6.39962441486103
ENSMUSG00000062906	-0.00314304519251873	7.33080283435927	-0.194187711736815	0.846038513387407	0.955102570808516	-6.40026147872635
ENSMUSG00000059149	0.00481391435886103	7.3480481220864	0.185187632540792	0.853091018266013	0.957229829152578	-6.4004341595712
ENSMUSG00000006019	0.0162493391856326	7.48863980450123	1.01057286751501	0.312280471402385	0.661443310619205	-6.40069702979088
ENSMUSG00000024517	-0.00624518991639977	7.34824199710627	-0.17664505906267	0.85979591305064	0.95850175601806	-6.40131154216406
ENSMUSG00000020898	0.00302528574409688	7.37500016818528	0.167488545964568	0.866993909725174	0.961128544323514	-6.40159338671723
ENSMUSG00000038156	0.0142499638263924	7.43983445646013	0.666270285293846	0.505275797342031	0.794817178369097	-6.40187275987374
ENSMUSG00000037344	0.00201066969178409	7.32630605704493	0.103234882057027	0.917781598906801	0.977477055614958	-6.40195053099806
ENSMUSG00000044296	-0.00273073894905274	7.37265008891298	-0.103697290123583	0.917414643040911	0.977316549882037	-6.40230000797012
ENSMUSG00000079418	0.0124499014937474	7.48082366264784	0.827587390778092	0.407952320554992	0.737567350591356	-6.40238027560945
ENSMUSG00000029055	0.00868261151325278	7.31114981068078	0.231783840508427	0.816717462247306	0.945233479044624	-6.40261325738213
ENSMUSG00000029033	0.00503519637560235	7.31742817865069	0.203863571228343	0.838470218959621	0.95185290368036	-6.40310902578056
ENSMUSG00000030536	-0.0165952991814375	7.39425612140219	-0.620712259251448	0.534823423193257	0.813454787037713	-6.40420335074567
ENSMUSG00000024580	0.0126171285111125	7.39873549004754	0.597894068056446	0.549943601831535	0.819647274845993	-6.40440075900429
ENSMUSG00000056267	0.00733909330444682	7.40729117600343	0.425032568634782	0.670835211378919	0.884057522927234	-6.40495759153852
ENSMUSG00000066880	0.00529155347683652	7.38735291588841	0.314273189841095	0.753329529983661	0.9199821444351	-6.40526017751872
ENSMUSG00000035004	0.00887779198276295	7.42847058196418	0.444430364574292	0.656754893776948	0.87666464997813	-6.40529013885091
ENSMUSG00000090053	0.00733793888593048	7.41927769981905	0.600010085255356	0.548532634369073	0.819463342797737	-6.40580918456138
ENSMUSG00000062127	-0.00913126936724318	7.40489910915571	-0.538382779663461	0.59034200410576	0.84086289367805	-6.40605691193139
ENSMUSG00000042590	-0.00149158414996631	7.33949494993119	-0.0614234204876015	0.951024991068173	0.98789433258522	-6.40627390707386
ENSMUSG00000041671	-0.00808150064697788	7.41107288647661	-0.42079074259719	0.673929920760009	0.885220758153551	-6.40718135061024
ENSMUSG00000088224	0.0218074902237486	7.4039510674135	0.546116425250969	0.585015588666481	0.838771876492003	-6.40725776303074
ENSMUSG00000103037	0.00854435189495995	7.53116237769482	1.04916349239417	0.294164644094097	0.647659019913571	-6.40762691978854
ENSMUSG00000022141	-0.00629399523905594	7.34708603375122	-0.305230288742059	0.76020624113619	0.922935619160995	-6.40772311033695
ENSMUSG00000021910	0.00761899078684714	7.45054886063513	0.76933613065902	0.441738059058593	0.757345043590845	-6.40812070750266
ENSMUSG00000015127	0.00828744728325059	7.40681585766165	0.548426447211924	0.583428945467425	0.837953046928962	-6.40869565128132
ENSMUSG00000068740	0.00537547319477394	7.3608841826204	0.339678866527964	0.734115756807997	0.912462544077999	-6.40882080243284
ENSMUSG00000041245	0.00167143923496393	7.37396495228121	0.0558173747464537	0.955490010011182	0.989845709464926	-6.40902748403184
ENSMUSG00000039298	-0.0117267803799006	7.44178446995088	-0.705008848438771	0.480844729778569	0.780286396928526	-6.40988991406225
ENSMUSG00000097636	0.0216315896772494	7.42456627966972	0.691023207532491	0.489590031804062	0.785322438078583	-6.40999104358239
ENSMUSG00000038457	0.00182179705215635	7.31100521148419	0.0615195783708101	0.950948417698001	0.98789433258522	-6.41042198856648
ENSMUSG00000002496	0.00231541125104417	7.34387434636204	0.250093345009522	0.802527677639836	0.94090887698382	-6.41053073596
ENSMUSG00000028868	-0.0187493517722581	7.40842084617622	-0.761405637181876	0.446458561177847	0.759865073116903	-6.41060047740915
ENSMUSG00000097715	0.0124992028375548	7.42928140647797	0.604255046301923	0.545707483016108	0.817988065752614	-6.41210667301264
ENSMUSG00000028782	-0.00855910322109121	7.35947469956036	-0.462076157887491	0.64405119570105	0.870258382375295	-6.41233730527477
ENSMUSG00000021823	-0.00853137858407393	7.45331210655374	-0.801675357408704	0.422787178312232	0.746210442455371	-6.4124155337406
ENSMUSG00000034126	0.0120396829524241	7.4764338328044	0.882737857897587	0.377429613775256	0.71408013361058	-6.41245627735294
ENSMUSG00000042109	-0.00890661388931413	7.31510931505058	-0.237500136939879	0.812280665679658	0.943612480960055	-6.4125342011958
ENSMUSG00000056185	-0.00484156756251508	7.36304281515879	-0.30109523558567	0.763357124257156	0.92395992492392	-6.41268912672099
ENSMUSG00000027655	0.00459707914993146	7.32005937745599	0.142725232631069	0.886514192946615	0.967041550242997	-6.41337354216133
ENSMUSG00000017677	-0.0140468850124691	7.51326020744754	-0.98896496828391	0.322738571982638	0.669539334761617	-6.41361710698163
ENSMUSG00000028476	-0.0162351757536516	7.39673525160055	-0.613712444162901	0.539439370467059	0.816258680506272	-6.41490394287339
ENSMUSG00000045980	-0.00321435794258385	7.35017201975113	-0.253733683318142	0.799714017570453	0.939396176773654	-6.41538439348305
ENSMUSG00000041354	0.00670445259961827	7.3247371944722	0.256181289193509	0.797823693003744	0.938477670461979	-6.41590924838584
ENSMUSG00000073557	-0.00919697119333129	7.45706329332012	-0.824727757114161	0.409574090695559	0.738572791525739	-6.41611353309615
ENSMUSG00000028680	-0.00502387310348329	7.37715698261394	-0.149757709534458	0.880963133268814	0.964711910254308	-6.41713214755852
ENSMUSG00000028517	-0.0011994486830238	7.35054532059606	-0.0299614993762859	0.976099214987165	0.994111503325693	-6.41756823693574
ENSMUSG00000034731	-0.000558175835503327	7.3622269863211	-0.0341787354164295	0.972736285120001	0.993711552586192	-6.41764854898765
ENSMUSG00000085037	-0.0123318605484979	7.4437573160624	-0.3749505447751	0.707716618010801	0.901196201945901	-6.4178081818021
ENSMUSG00000026219	0.0179467998733456	7.50769174115938	0.962021432998662	0.336095503100862	0.680929891070157	-6.41872124856787
ENSMUSG00000015165	0.0121810568926168	7.40405020252271	0.663162522218408	0.507263709340943	0.796620749098613	-6.41875231280823
ENSMUSG00000094724	0.0107353759931241	7.41180069644916	0.265531278964406	0.79061355140344	0.935526977502917	-6.41915467643621
ENSMUSG00000041297	0.0117726969233107	7.40884823781317	0.472536319308679	0.636569145722413	0.864382867555635	-6.42036196180831
ENSMUSG00000060530	0.00796710059977102	7.57245255658496	1.10429683265819	0.269529123623746	0.623490165175012	-6.42044132341485
ENSMUSG00000027284	-0.00178818275569625	7.35611409840177	-0.101721781870222	0.918982480709223	0.977904916207968	-6.42117569210238
ENSMUSG00000032340	-0.0063706169075699	7.37071431221932	-0.335001268769075	0.737641246622254	0.91383966991822	-6.42196734791654
ENSMUSG00000020651	0.0139586828645184	7.39638390882606	0.505310664020893	0.613367783441255	0.854758119519809	-6.4220913386653
ENSMUSG00000024271	0.00900899420025336	7.43375438133527	0.422008689583147	0.673040775121658	0.885071467419926	-6.42262818732383
ENSMUSG00000044791	0.00274716576709544	7.38119339923138	0.133073051813594	0.894142129994126	0.969077484595221	-6.42270323503091
ENSMUSG00000028226	0.0174068068995803	7.45712667427833	0.700230013474518	0.483823354607731	0.78165837008718	-6.42336255975744
ENSMUSG00000033004	0.00298400875726745	7.36654016645747	0.235115764551942	0.814130611077655	0.944363912912582	-6.42414823974065
ENSMUSG00000014932	0.0118103949068606	7.44723364219306	0.753975054332232	0.450907447865304	0.763061844802467	-6.42420338657914
ENSMUSG00000018387	0.00489845564410452	7.33891377087985	0.18560345052987	0.85276491780169	0.957101352563089	-6.42472485636779
ENSMUSG00000034902	-0.00779201188407885	7.34400185542071	-0.288482293041299	0.772992148615305	0.927700057619395	-6.42480715305561
ENSMUSG00000022637	0.00798145519243842	7.37610524289012	0.270230682311975	0.786996374338149	0.933761866043286	-6.4253384853929
ENSMUSG00000041977	0.0117093312726722	7.58496518587885	1.18839637067316	0.234746035583622	0.585483363966085	-6.42540969032883
ENSMUSG00000059273	0.00115331396168195	7.33949774374177	0.111213176591181	0.911452740308487	0.97594670069082	-6.42557860191182
ENSMUSG00000023031	0.00276206428972081	7.38331317602017	0.0827858952599237	0.934025821087137	0.982734912486374	-6.4257507991447
ENSMUSG00000074282	-0.0153064141820254	7.43038196948681	-0.581398681541578	0.561003708886261	0.826120156954483	-6.42578097872673
ENSMUSG00000036087	-0.00407148898600873	7.33689375814789	-0.218180501354191	0.827299322227628	0.948759397693324	-6.4258605638478
ENSMUSG00000103897	0.00904749801448101	7.48596178245592	0.83719795058795	0.402530047541652	0.733239605611946	-6.42631616501852
ENSMUSG00000087143	0.0053184743590835	7.36238055117513	0.218781229076643	0.826831346280092	0.948759397693324	-6.42631645121524
ENSMUSG00000056476	-0.00799482756398184	7.46700647765842	-0.789084470725375	0.430108210355959	0.749758714139368	-6.42672889955823
ENSMUSG00000035769	0.00776441698826691	7.38055722621494	0.316622196606471	0.751546391542225	0.919209884581292	-6.42699952176165
ENSMUSG00000029505	-0.00540702032634677	7.44552303281859	-0.748836756693451	0.453998508617912	0.764599323272037	-6.42722671986246
ENSMUSG00000086464	0.0176796251037175	7.57026734517094	1.25198234489879	0.210647630009958	0.558246387360476	-6.42775225007814
ENSMUSG00000040174	0.0131683931522213	7.45261405386695	0.544041313430242	0.586442591550002	0.839296911954378	-6.42777464037461
ENSMUSG00000021036	0.0123521695135249	7.38992421509188	0.571618589992599	0.567611695887731	0.830035420158065	-6.42838040823415
ENSMUSG00000034354	0.0142311194826625	7.50837135842982	0.929522773072084	0.352672886462736	0.695800202948454	-6.42843922853883
ENSMUSG00000028431	0.0131385149947851	7.42061802686144	0.461119337823892	0.644737419380059	0.870739110663895	-6.42846915623752
ENSMUSG00000074056	1.99517476957567e-05	7.34191807905732	0.000958838132920916	0.99923500456727	0.999456155803987	-6.42855341062044
ENSMUSG00000028550	-0.00641831688781558	7.34685494721158	-0.313475081043464	0.753935677116637	0.9202182251354	-6.42885868317648
ENSMUSG00000096687	0.0181638049974699	7.409955233754	0.598745072653887	0.549375934080615	0.819647274845993	-6.42899246576979
ENSMUSG00000029528	0.00592950076143595	7.3403394851835	0.275219055682294	0.783161799702116	0.932151326281596	-6.42900836983915
ENSMUSG00000014245	0.00831105557325351	7.38361526801347	0.555920124196449	0.578295759210972	0.836116161400192	-6.42969273387072
ENSMUSG00000084950	-0.00801417107862701	7.41170463962115	-0.561310889726207	0.574616260244855	0.834017125253704	-6.4300796038805
ENSMUSG00000002055	0.00672083264781875	7.34398678536933	0.249444762757623	0.80302924449298	0.940927361233759	-6.43052124223072
ENSMUSG00000031958	0.000545296472293622	7.31102779474691	0.0180934506857284	0.985565182047862	0.996672894362967	-6.4316290389737
ENSMUSG00000097820	-0.004965487660054	7.35725747768909	-0.280320029142384	0.779246111327646	0.92993739788577	-6.43183919225144
ENSMUSG00000038127	0.0103405284774514	7.48105321534053	0.817691765143817	0.413580672979135	0.741513721799936	-6.43210252426624
ENSMUSG00000035133	0.0103505932234658	7.42668958426541	0.573960735086009	0.566025819150943	0.829282262378267	-6.43230113563049
ENSMUSG00000026837	0.0114712586961003	7.45084014867217	0.893837949394714	0.371461003445824	0.710152393736172	-6.43247220414426
ENSMUSG00000027293	0.00250693438047378	7.36521050334849	0.0856378752027547	0.93175846553993	0.982560572123385	-6.43293244541497
ENSMUSG00000039958	-0.00717394192639276	7.43279801358551	-0.207078235843288	0.835959030365831	0.951232794624859	-6.43392761221663
ENSMUSG00000024454	0.00694200945866541	7.40617386969002	0.340290489931712	0.733655190695124	0.91239195335209	-6.43501606283141
ENSMUSG00000028950	0.000225264173490558	7.3725226779455	0.0140224885172693	0.988812721016053	0.997716965954874	-6.43522488155461
ENSMUSG00000033918	-0.0139505362599905	7.43707881300864	-0.504574991603302	0.61388446251516	0.854758119519809	-6.43610100940862
ENSMUSG00000036949	-0.00171520569572792	7.38585187868593	-0.0427839931891721	0.965875804782473	0.992297049423413	-6.43699914379274
ENSMUSG00000048038	0.0110688229715006	7.57328932670463	1.1153758359409	0.264754693225366	0.618780232847701	-6.43705017766149
ENSMUSG00000052631	0.0112053147206694	7.42476405157573	0.358447088335941	0.720027190823183	0.906816648067426	-6.43710902363926
ENSMUSG00000008167	0.0105864354307004	7.38232975697141	0.47250112874762	0.636594255680559	0.864382867555635	-6.43716263133257
ENSMUSG00000015961	-6.73926890817356e-05	7.3879386482708	-0.00281681868935185	0.997752643706826	0.998961800803297	-6.43745743231126
ENSMUSG00000020668	-0.00120743124975764	7.36319576679561	-0.0795342019537449	0.936611605493283	0.984155212529857	-6.43763199799936
ENSMUSG00000030533	0.00255952241831725	7.37535831841429	0.133720157131467	0.893630420376472	0.969041273395506	-6.4378834746288
ENSMUSG00000090290	0.011167125967237	7.50590924663363	0.947533986663435	0.343422522612919	0.688571807392186	-6.43790455654599
ENSMUSG00000030020	0.0144327709256649	7.40654739034777	0.59006125049326	0.555182065458137	0.82296281110846	-6.43809080200373
ENSMUSG00000074925	-0.010897429713296	7.41975735152824	-0.506545037590208	0.612501287085876	0.85405798867026	-6.4386446669698
ENSMUSG00000028582	-0.00661229626481141	7.39718925334047	-0.388841453321417	0.697413601741508	0.896635165007306	-6.43885446922975
ENSMUSG00000037014	-0.00269613573861616	7.36535762926519	-0.205622131097029	0.837096285147368	0.951404688338307	-6.43885794856513
ENSMUSG00000006464	-0.00673900684698392	7.44687494746903	-0.768718808524821	0.44210448131156	0.757425994902902	-6.4390962395431
ENSMUSG00000064647	-0.00723414447908777	7.33100110155908	-0.304792121626251	0.760539934131449	0.922964610928475	-6.4391729931728
ENSMUSG00000042055	-0.0140552419199107	7.50342833235162	-0.80627637290073	0.420130218371088	0.745377506137678	-6.43921708223574
ENSMUSG00000020892	-0.0109651821596799	7.3975986021042	-0.443486163708948	0.657437498207026	0.877057719245386	-6.43925972781758
ENSMUSG00000031392	-0.0103461059724799	7.48131028324881	-0.835851313892681	0.403287204826975	0.733436341119266	-6.43927353616812
ENSMUSG00000025422	-0.00237884075174399	7.30748230973916	-0.0978484922095202	0.922057378212336	0.978863085113566	-6.43936363587045
ENSMUSG00000093187	-0.0102405532697443	7.43662145474608	-0.529094113853273	0.596768773457616	0.843393991693776	-6.43973551985761
ENSMUSG00000038260	-0.00881601936365417	7.34620547031198	-0.324257958168158	0.745759267503606	0.917513988095635	-6.43975916478689
ENSMUSG00000030551	0.0190433811434687	7.41149118988966	0.599896967486837	0.548608016416564	0.819463342797737	-6.43978801504079
ENSMUSG00000040463	0.0105274670930067	7.52256593690653	0.955481179559291	0.339390683718727	0.68382506908285	-6.44030493665469
ENSMUSG00000073650	-0.0086555646307902	7.32600203672977	-0.351572257504691	0.725177118859908	0.908579546617002	-6.44039466415472
ENSMUSG00000015083	0.00106495926815509	7.34931787681308	0.0607423993930949	0.951567321241111	0.988331553817859	-6.44068807684772
ENSMUSG00000036499	0.0161468931562441	7.44788650294754	0.606094798675885	0.544485318043231	0.817367801987953	-6.44080499688449
ENSMUSG00000035203	-0.00595233171408704	7.30807294716444	-0.176276266576642	0.860085602341793	0.958652887816982	-6.44163253480849
ENSMUSG00000031292	0.0048246628729407	7.38119495943192	0.313320606561052	0.754053014826078	0.9202182251354	-6.44287456114021
ENSMUSG00000036402	-0.0182950435575266	7.45072357313325	-0.792308611899567	0.428226537236429	0.748555173761516	-6.44345724289039
ENSMUSG00000000282	0.011341349629606	7.47176492597473	0.739309622188162	0.45976128186236	0.767555671952556	-6.44360566450443
ENSMUSG00000028649	-0.00239042024784286	7.37796131548018	-0.195704917621632	0.844850821911523	0.954309224517297	-6.44396934437975
ENSMUSG00000042272	0.00606926888043358	7.38482022064735	0.390799582928043	0.695965664108482	0.896097101043001	-6.44397570962469
ENSMUSG00000022617	-0.00917069287576489	7.40200641159188	-0.514964873459155	0.606605294174608	0.850090918717089	-6.44520761382867
ENSMUSG00000053510	0.00316230032941611	7.39534232051029	0.281054965921538	0.778682406787442	0.929484945358256	-6.4454702910258
ENSMUSG00000025862	-0.00124315938571407	7.37466506550801	-0.0678329155367679	0.945921945033642	0.98611182327466	-6.44550420394843
ENSMUSG00000032826	-0.00620258499639537	7.40523151239834	-0.426897783380134	0.669476168679126	0.883744969610965	-6.44600139591123
ENSMUSG00000022710	0.00939205047150704	7.41124498859474	0.395964782232362	0.692151588497891	0.894609445085478	-6.44600553391104
ENSMUSG00000038545	-0.000893437999281765	7.36780651028899	-0.0691181866644252	0.944898911419314	0.985878735017123	-6.44616994652661
ENSMUSG00000053414	0.000483608633015997	7.36735369746566	0.0280420949410483	0.977629940605777	0.994690591403516	-6.44687858373133
ENSMUSG00000036622	0.000693042327976734	7.33274780874207	0.0318134650400196	0.974622355208845	0.993930950840525	-6.44696183316417
ENSMUSG00000038213	-0.00452852212954991	7.39061523241711	-0.408792050718679	0.682713599449087	0.889443051764949	-6.44705806304974
ENSMUSG00000021374	-0.00114294496198397	7.3423621021579	-0.0940863512930942	0.925045154390097	0.979808787952754	-6.44715015680514
ENSMUSG00000028668	0.0103353074345511	7.42906080947851	0.5609911586561	0.57483418512681	0.834017125253704	-6.44744921230459
ENSMUSG00000091735	-0.0169988750324359	7.46606134643984	-0.782282441696343	0.434093726132863	0.753288460118949	-6.44747300648935
ENSMUSG00000039046	0.014996215806196	7.39441955495316	0.481701747017639	0.630043514221885	0.862161390347216	-6.44814686418266
ENSMUSG00000050332	0.00912840342756294	7.46281914828167	0.605915377159422	0.544604449554545	0.817367801987953	-6.44899628589973
ENSMUSG00000033478	0.000149699197795172	7.38554246802384	0.00930706086437795	0.992574599311626	0.997874037396135	-6.44944274619123
ENSMUSG00000022475	-0.00343611854171755	7.36386391239746	-0.264515760818509	0.791395801859341	0.935787919205385	-6.44961860046676
ENSMUSG00000043909	0.000721652378024906	7.37782975990612	0.0829935002108478	0.93386075456517	0.982734912486374	-6.4496768795473
ENSMUSG00000019852	0.00935881593906096	7.5138551933238	0.943570792219652	0.345444555077321	0.689672866651064	-6.44972768212855
ENSMUSG00000102205	0.0177454356692257	7.45443572925897	0.766321125289655	0.443529317042692	0.75801972525713	-6.45019688373416
ENSMUSG00000104283	0.0187640619348155	7.45584693916666	0.734337932282796	0.462784749088311	0.768172824209026	-6.45045280488094
ENSMUSG00000021706	0.0163974749446103	7.44813144109632	0.886302212158012	0.375506617227033	0.712745069856406	-6.45074211907443
ENSMUSG00000021287	0.00799054061609272	7.41233211630672	0.266788263803272	0.789645592148617	0.935023138720607	-6.45099903906552
ENSMUSG00000026546	0.00563442916329926	7.39469362393462	0.240158839157916	0.810219113736397	0.943152847751889	-6.4512733250338
ENSMUSG00000091586	0.00432677384142721	7.37392615552844	0.177774198639759	0.858909082891475	0.95850175601806	-6.45242465905377
ENSMUSG00000025409	0.00969551842902927	7.48148894980612	0.895764113021946	0.370431285364521	0.709320290781525	-6.45248951624563
ENSMUSG00000027346	0.0023209976264571	7.37469592746656	0.0965041885143235	0.923124858589367	0.97893378100635	-6.45251206546171
ENSMUSG00000022843	0.0040971499506437	7.34057895429709	0.222327849265333	0.824069734736891	0.947645247121524	-6.45253314276142
ENSMUSG00000064302	-0.000526246999536184	7.37386853277359	-0.0316334858204002	0.974765876849223	0.993930950840525	-6.4526785908573
ENSMUSG00000004356	-0.00145241482501479	7.32988728327712	-0.0967871467763421	0.92290015642352	0.978863085113566	-6.45281051195598
ENSMUSG00000041685	0.0108426310517622	7.40922189616272	0.609499052354807	0.542227434397451	0.816935191004968	-6.45367694729166
ENSMUSG00000025935	0.00607009391839775	7.41635967584828	0.342089072262388	0.73230137398332	0.911687304366678	-6.453719193518
ENSMUSG00000035900	-0.0078554489651621	7.36599845898802	-0.457341294962993	0.647449955859201	0.872073347521339	-6.45390973185931
ENSMUSG00000024268	0.00691548075288839	7.37077552375122	0.204357870141534	0.838083981410152	0.951713116980368	-6.45404834632943
ENSMUSG00000102555	0.0187273805786656	7.4983121314737	0.912120176305346	0.361759021958291	0.703906875733166	-6.45453726081374
ENSMUSG00000006010	-0.00209775169408122	7.36886040858436	-0.104734437914083	0.916591651744087	0.977307287131546	-6.45504824382324
ENSMUSG00000002413	0.0156145963310586	7.4199161002086	0.625035733171911	0.531982348488388	0.811865902837187	-6.45528585690432
ENSMUSG00000028211	-0.0103986408146381	7.37136324181517	-0.510082293737816	0.61002123419615	0.852470407465615	-6.45528683659733
ENSMUSG00000047409	-0.000199547120629084	7.30669114249878	-0.0071826702993243	0.994269456574475	0.998541132758277	-6.45571015177624
ENSMUSG00000040506	0.00453295828481615	7.38722468788566	0.367133347082357	0.713538479236957	0.904073959499492	-6.45613983576774
ENSMUSG00000028469	-0.00735190521950368	7.40236933121583	-0.470228107768196	0.638217036109904	0.865231614305645	-6.45642448543787
ENSMUSG00000027751	-0.00679031447068468	7.50735899804444	-0.956712151109504	0.33876890399608	0.683283070571087	-6.45648835035954
ENSMUSG00000026427	0.0111583146566323	7.4318203859122	0.713144490055983	0.475796890553718	0.777250530364711	-6.45679886343191
ENSMUSG00000027957	0.0137401313179684	7.49379218805763	0.84427016196555	0.398567655850229	0.729501091794235	-6.45698302703447
ENSMUSG00000097767	0.00431409180913445	7.37255800099914	0.321243369493339	0.748042323228587	0.917963991585129	-6.45733074225186
ENSMUSG00000030166	0.016721534435856	7.48654277067409	0.711799455776908	0.476629419667411	0.777819159785992	-6.45781544481876
ENSMUSG00000090093	-0.00539768642622374	7.39330065572649	-0.187909503209102	0.850956880975023	0.956576850365588	-6.45788816256154
ENSMUSG00000037270	0.00917707505291077	7.42678929205769	0.609200987013263	0.542424940585855	0.816935191004968	-6.4580083783541
ENSMUSG00000022721	0.00879172312242549	7.39783127388912	0.318900171521598	0.749818439979584	0.918341319714832	-6.45905493946612
ENSMUSG00000047888	0.00607698015721514	7.41180546978455	0.587469371186247	0.556920827821195	0.82377619284309	-6.45915372572552
ENSMUSG00000054594	0.0103128803497343	7.33094345655903	0.421398754698551	0.673485992737048	0.885220758153551	-6.46073469778971
ENSMUSG00000024055	-0.00610723815648218	7.42006973948128	-0.406183243217044	0.684629138536207	0.890041061634443	-6.46084267964396
ENSMUSG00000056608	-0.00071680694582632	7.35313246832506	-0.0582589324597642	0.953545214827592	0.988990446921958	-6.46109054403916
ENSMUSG00000021936	0.00412482671546677	7.38286775309081	0.152404463283072	0.878875427278533	0.964478537331763	-6.46111477568027
ENSMUSG00000044164	0.00215547366669355	7.20649461268952	0.0655677321914208	0.947725172734316	0.986161451798536	-6.46234383330206
ENSMUSG00000052752	0.00131388863796378	7.37520091670488	0.063929527218047	0.949029453881566	0.986923080174287	-6.46285211510434
ENSMUSG00000032338	0.0030621178325152	7.39303992041163	0.218309983180454	0.827198448741416	0.948759397693324	-6.4631993410276
ENSMUSG00000038775	0.0161144324691289	7.41994587346686	0.810812110079252	0.41752058542706	0.743579038104006	-6.46348270832612
ENSMUSG00000026740	-0.00218898428751579	7.34563083595815	-0.132437875180175	0.894644449667067	0.969077484595221	-6.46363039741339
ENSMUSG00000090671	-0.0132209225509987	7.45325228851513	-0.85039828505701	0.395153288830488	0.726531479560521	-6.46367500246122
ENSMUSG00000031711	-0.0140971393107447	7.46958721964802	-0.720286508907601	0.471389621883518	0.773407739812159	-6.46383650227856
ENSMUSG00000042185	-0.0111238896364387	7.57185215909234	-1.17594875922499	0.239683548777254	0.590949182455357	-6.46388279318696
ENSMUSG00000020752	-0.00764904536740563	7.38962105516943	-0.442854104895996	0.65789460119457	0.877286033861334	-6.46407630717834
ENSMUSG00000086155	0.0075552494455966	7.40959477924419	0.341202867926905	0.732968327860215	0.912195817665777	-6.46422794636621
ENSMUSG00000024830	-0.00163585300923952	7.33648782661775	-0.11404285579961	0.909209398360703	0.97485654590545	-6.46461544075003
ENSMUSG00000022829	0.00734677624503011	7.40086646252542	0.459657358441662	0.645786524081614	0.871201362537167	-6.46568212945266
ENSMUSG00000032498	0.0106956194498942	7.47204976486433	0.780815113285721	0.434956269480212	0.753877466524487	-6.46575734524939
ENSMUSG00000096910	0.00736223858906371	7.41868593876371	0.501357169861226	0.616146662352475	0.855018386481221	-6.46589838544039
ENSMUSG00000079057	-0.0136085328517499	7.47353328723959	-0.773077874276323	0.439520807929536	0.755952004883473	-6.4661663586497
ENSMUSG00000028312	0.0175382435857614	7.40259108328785	0.592415246982126	0.553605189510599	0.822280801860726	-6.46654715103835
ENSMUSG00000059791	0.00087883140956091	7.33410264829035	0.0411307191205986	0.967193685344675	0.993048995524657	-6.46661550677414
ENSMUSG00000055053	0.00677568371675363	7.43981770292896	0.679344189123779	0.496958107356407	0.790211384384904	-6.46661733907956
ENSMUSG00000032434	0.0106719822529628	7.36770879088763	0.336053201965145	0.736847923673319	0.913609489585257	-6.46810781775585
ENSMUSG00000044816	0.00446354401598281	7.42604832672458	0.250725261692033	0.802039076997293	0.940835193348385	-6.46836357692522
ENSMUSG00000026495	0.00547264529425195	7.43389561502258	0.180604937855742	0.856686595520804	0.958226742697816	-6.46876166347379
ENSMUSG00000031391	-0.00510134871350587	7.47055715280689	-0.737563951452631	0.460821626293926	0.767555671952556	-6.47016667590547
ENSMUSG00000053877	0.00876946437858539	7.51601998541417	0.964808627450434	0.334697509044155	0.680310023978583	-6.47089263490779
ENSMUSG00000041119	-0.00566793377381014	7.34047651278303	-0.198820912645463	0.842412683238707	0.953932277570399	-6.47102502777144
ENSMUSG00000022999	0.0114853828463968	7.3833239125201	0.564426571551256	0.57249469869181	0.832909445741342	-6.4712529400667
ENSMUSG00000071350	0.00566434268516058	7.40580520382369	0.325162816328911	0.74507442058804	0.917106727550975	-6.47173760221919
ENSMUSG00000026987	-0.0233039467235985	7.50694976796659	-0.877397605516779	0.380322061134746	0.715207934372313	-6.47227763648895
ENSMUSG00000040254	0.0081497581240022	7.38462522238902	0.320353849638	0.748716411978366	0.917963991585129	-6.47309641612836
ENSMUSG00000021244	0.00250887847297054	7.38244766295448	0.0977068056256196	0.922169881653805	0.978863085113566	-6.47373331645077
ENSMUSG00000021948	-0.0163592369372525	7.41738167210492	-0.462202668657297	0.643960485889286	0.870258382375295	-6.47445101591152
ENSMUSG00000034300	-0.0102370050165002	7.37145605139896	-0.457494464606765	0.647339892581177	0.872073347521339	-6.474673601583
ENSMUSG00000028542	-0.0121127008474611	7.50805522290268	-0.945811937794242	0.344300185621828	0.689210381907685	-6.4748618792604
ENSMUSG00000025558	-0.0138849106283887	7.40430980986641	-0.571504256333032	0.56768916615645	0.830035420158065	-6.47515092755321
ENSMUSG00000023966	0.00190958480986048	7.39520684164776	0.0974236257487902	0.922394739723876	0.978863085113566	-6.47561949078581
ENSMUSG00000006494	0.00251307963291936	7.38219484835324	0.0819855670883269	0.934662187836284	0.983023034883589	-6.47646403227975
ENSMUSG00000026893	-0.000293367529389243	7.40554364990822	-0.0155166927617107	0.98762072128779	0.997494377694783	-6.47666717587328
ENSMUSG00000031355	0.0130235428115313	7.42847529392896	0.451687815157683	0.651517761229928	0.87380332443915	-6.47672744024608
ENSMUSG00000055204	-0.00656781100567372	7.44343540000264	-0.623162235936981	0.533212535923071	0.812757954096973	-6.47681764017533
ENSMUSG00000039057	0.00145166817819753	7.37531403900989	0.0725298349172531	0.942183796814373	0.985305099377507	-6.47687407391143
ENSMUSG00000058392	0.008841626753604	7.39208296181636	0.456428000615042	0.648106382784611	0.872507828199162	-6.47693991069159
ENSMUSG00000038384	0.00562893864493219	7.46151555129067	0.768672928913484	0.442131720894968	0.757425994902902	-6.47765500307204
ENSMUSG00000057551	0.0140646319791982	7.49402150755532	0.88302725092894	0.377273257888129	0.71408013361058	-6.4778225213868
ENSMUSG00000014355	-0.00908975672696322	7.49409155352327	-0.87521297999813	0.381509239086858	0.716212971643402	-6.47839871063933
ENSMUSG00000034832	-0.00655373949247728	7.4286370296539	-0.679268304843066	0.497006173861498	0.790211384384904	-6.47878584177115
ENSMUSG00000087413	-0.000966962979859431	7.38432965931304	-0.046772127403781	0.962697119091028	0.991104699846711	-6.47881944336171
ENSMUSG00000054939	-0.0067439854640341	7.4172138320756	-0.407698973736926	0.683515952569951	0.889699432118222	-6.47919539153897
ENSMUSG00000087403	0.00400445236458324	7.45466109939004	0.550082729533429	0.582292561020427	0.837349115635978	-6.47988732170223
ENSMUSG00000028613	0.00561371542952926	7.39847226955173	0.479784507415838	0.631406192649502	0.862703331647884	-6.48082621058168
ENSMUSG00000045098	0.0138120622993858	7.47873368888621	0.735334459314243	0.462177837055154	0.768046267572095	-6.48101907603951
ENSMUSG00000025555	-0.00646033528444345	7.45679497514326	-0.767840917123172	0.442625868525559	0.757580506151556	-6.4811246491569
ENSMUSG00000038738	-0.00448740856340102	7.4040094393853	-0.475325292806954	0.63458042494212	0.864040975110824	-6.48122293121952
ENSMUSG00000101111	-0.00179883279913362	7.39119317527771	-0.178831685697466	0.8580786903005	0.958226742697816	-6.4813416483077
ENSMUSG00000034610	-0.0110724698551046	7.52614396041891	-0.962425351539295	0.335892674056974	0.680929891070157	-6.48169547912074
ENSMUSG00000030539	0.00114262376335361	7.34704935912833	0.0422387699064736	0.966310410535917	0.992442735099308	-6.48241585169613
ENSMUSG00000022211	0.000324348809759734	7.35119054565226	0.0280542602464071	0.977620238505603	0.994690591403516	-6.4824931716536
ENSMUSG00000049164	0.0112035577606981	7.4713753695952	0.604693679679984	0.545415971162065	0.817908411711234	-6.48251886939617
ENSMUSG00000036760	0.00459343395642797	7.47499170873039	0.751237273548118	0.452552937182667	0.763813360179584	-6.48255045059773
ENSMUSG00000031576	0.00402746013853328	7.39407037158601	0.175840318635195	0.860428067044097	0.958828285865972	-6.48265543860476
ENSMUSG00000020566	0.00483606887850119	7.41909744010641	0.273087376803092	0.784799787670179	0.932529889472296	-6.48277441391769
ENSMUSG00000090086	0.00258599066478382	7.37456457301962	0.236547513676984	0.813019645355632	0.943813600171721	-6.48296428614682
ENSMUSG00000031902	-0.00805334998567808	7.41972886392717	-0.329530900795105	0.74177125501408	0.915515218523522	-6.48314800722645
ENSMUSG00000037876	-0.00968553808819728	7.41655205052352	-0.514066971115144	0.607232840654001	0.850326673578491	-6.48397543000755
ENSMUSG00000043153	0.00589477067809607	7.42385858826269	0.220609001279418	0.825407863185589	0.948759397693324	-6.48402713552604
ENSMUSG00000030770	0.00219196598235527	7.35223686119507	0.0729637766169993	0.941838497631968	0.985305099377507	-6.48439201595119
ENSMUSG00000021313	0.00292014592051082	7.40219078873447	0.269466539323826	0.787584232070405	0.933827419392052	-6.48468177179439
ENSMUSG00000070136	-0.00764868929268836	7.40532050821317	-0.453649046883304	0.650105427353593	0.873093446726635	-6.48484098947541
ENSMUSG00000038112	0.00232948489475326	7.42586089790275	0.121092047016911	0.903624055245994	0.972636943555509	-6.48487592538175
ENSMUSG00000079499	0.0172611068848054	7.40949037746647	0.561564557437139	0.574443391185422	0.834017125253704	-6.48491015935578
ENSMUSG00000028064	0.00298033165247613	7.36642180283866	0.157486430456282	0.874869247219948	0.963877560036409	-6.48514217065144
ENSMUSG00000032878	0.00858402717208495	7.40847054641367	0.373854191768026	0.708532106868247	0.901365436950331	-6.48589917759772
ENSMUSG00000039844	-0.00864842935589927	7.44913728646558	-0.768745981433487	0.442088348700454	0.757425994902902	-6.4859042999975
ENSMUSG00000038766	0.0135358445837017	7.41037665659815	0.667774797377204	0.504314897724772	0.794042664423697	-6.486105017197
ENSMUSG00000022788	0.00563016012380935	7.3958570982965	0.209046919001697	0.83442198453304	0.95066826427097	-6.48725479012354
ENSMUSG00000036916	0.0121055121173059	7.5365149536158	0.917155038736517	0.359115284749042	0.702378105976271	-6.48725700033398
ENSMUSG00000033671	0.0082369771237234	7.47200123318919	0.709417332902394	0.478105826853482	0.778637693751292	-6.48738844387017
ENSMUSG00000030397	0.00192719202023017	7.36723128237165	0.15236856207487	0.878903739825799	0.964478537331763	-6.4874500516484
ENSMUSG00000036606	0.00577964955201171	7.4065721062151	0.348537632718213	0.727454331004275	0.909811247077413	-6.48864205917117
ENSMUSG00000021257	0.015658231996917	7.42576659012196	0.526316836298323	0.598696522325055	0.844342806401936	-6.48922757268142
ENSMUSG00000020747	0.0100203815436002	7.45071219012277	0.689560106919656	0.490509840188155	0.785953109444841	-6.48976392787694
ENSMUSG00000010048	-0.00265426419800807	7.27590957870493	-0.0962670080421404	0.923313212530872	0.97893378100635	-6.49000140164882
ENSMUSG00000051169	0.00926703091195602	7.39878033965816	0.419909877182365	0.674573268736715	0.885540702704529	-6.49088070294337
ENSMUSG00000078429	-0.00678959547309699	7.40144015245204	-0.520440887097265	0.602784387208423	0.847599120698175	-6.49155780576216
ENSMUSG00000021260	0.00981661144450108	7.51584394489809	0.802914893609266	0.422070413066121	0.746210442455371	-6.49231926143238
ENSMUSG00000097133	0.0128764775422754	7.55709989120273	1.01812914937047	0.308676587115324	0.658438824435111	-6.49253394848533
ENSMUSG00000075289	0.000421756797979178	7.40177526676372	0.0114140086122492	0.990893691165866	0.997874037396135	-6.49286139344321
ENSMUSG00000022560	0.00284583960264406	7.39428614347136	0.128158508877972	0.898029812441454	0.970549552630682	-6.49294872354257
ENSMUSG00000021338	-0.0175058519436622	7.49609522095599	-0.740087538532587	0.459289205235404	0.767534548314541	-6.49320533218954
ENSMUSG00000044066	-0.00337770198882303	7.38006530613529	-0.163968774895515	0.869763797756886	0.961848088906025	-6.49409003422012
ENSMUSG00000093176	0.00847959127342612	7.45789041624746	0.356039122852809	0.721829563326364	0.907255513078599	-6.49429200896809
ENSMUSG00000048827	0.0161145209058322	7.49714019859267	0.804751549649497	0.421009672783693	0.746052691622181	-6.49443478386506
ENSMUSG00000033111	-0.0150918022984738	7.52943338521771	-0.915442733571153	0.3600130264231	0.702996823184021	-6.49612038306478
ENSMUSG00000103839	0.00298730459376539	7.40855670409893	0.13243693984729	0.894645189391911	0.969077484595221	-6.49648266881344
ENSMUSG00000005980	0.00171233473164278	7.38418124726277	0.0838103329018668	0.933211319261925	0.982734912486374	-6.49655760930789
ENSMUSG00000030084	-0.00367813247477056	7.39147913627721	-0.271383348561013	0.786109854163988	0.933200017752855	-6.49744171600095
ENSMUSG00000087620	0.00723714349295523	7.42774076969687	0.522507989589341	0.601344882554303	0.846587402526387	-6.49749109576391
ENSMUSG00000092730	-0.0141149727263032	7.48684588876398	-0.751551079166041	0.452364158464496	0.763641233737875	-6.49767584316095
ENSMUSG00000089987	0.0183295628165254	7.5051209985323	1.00693309566292	0.314026277831914	0.662759694091701	-6.49767637565766
ENSMUSG00000036473	0.00995510659583587	7.4403570509593	0.569931616197821	0.568755270071291	0.83026585347617	-6.49772219382349
ENSMUSG00000046572	0.00119143842603631	7.42230678122327	0.049611196052081	0.960434638166698	0.991030846546422	-6.4984187938156
ENSMUSG00000047146	-0.013451995007733	7.49703959134382	-0.81575272247386	0.414688909812246	0.742168045189154	-6.49848837202603
ENSMUSG00000020777	0.0101781075602387	7.49593767073685	0.63885484188499	0.522953011545734	0.807079901028692	-6.49889502813974
ENSMUSG00000073879	0.0166940480285902	7.4978468892135	0.840812081876232	0.400502192039265	0.731609905641115	-6.49905000269806
ENSMUSG00000038664	0.00799010289723689	7.45005360211316	0.597368902124814	0.550294061131036	0.81967540395528	-6.4994771613577
ENSMUSG00000042447	0.00864000405667298	7.43230593211042	0.313035696919685	0.754269445045708	0.9202182251354	-6.49986027227548
ENSMUSG00000045259	0.0046867406040052	7.4239341122093	0.230975070121112	0.817345680849719	0.945446014927096	-6.4999546250976
ENSMUSG00000021662	0.00402880225618052	7.35481995976777	0.174250131596256	0.861677481735417	0.959359238304721	-6.50075404767912
ENSMUSG00000031939	-0.00239434048129628	7.38796916372668	-0.117311882461802	0.906618648534554	0.973790101035815	-6.50085284810364
ENSMUSG00000035547	-0.00731061707451186	7.41423779005299	-0.32029469576301	0.748761246309505	0.917963991585129	-6.50262571626369
ENSMUSG00000099284	-0.0036286757515871	7.40642685388077	-0.153633331840195	0.877906405947975	0.964478537331763	-6.50267480881609
ENSMUSG00000031858	-0.00387232218114253	7.44621464385286	-0.691585477563761	0.489236796362861	0.785322438078583	-6.50273978039333
ENSMUSG00000030929	0.0164345383111675	7.41392203281435	0.541677026159623	0.588070417815244	0.839996253994779	-6.50399343235598
ENSMUSG00000039242	0.0033381379790125	7.42338771268405	0.154391300612212	0.877308802648323	0.964478537331763	-6.50453450244243
ENSMUSG00000047003	-0.0125645827942407	7.44791013956933	-0.593628303905792	0.552793454598818	0.821795357176619	-6.50488979207738
ENSMUSG00000082179	-0.0124257317720788	7.48207693841084	-0.782485831341365	0.433974245163147	0.753288460118949	-6.50568046481518
ENSMUSG00000027309	-0.0144214454692388	7.4838004919429	-0.8404521388996	0.400703876929633	0.731876217529493	-6.5057185157658
ENSMUSG00000035933	0.00974877304270105	7.46154779022581	0.665315407121207	0.505886157621152	0.795568590623575	-6.50580579504126
ENSMUSG00000034290	0.00497804207709329	7.36966721887914	0.20435675881601	0.838084849739047	0.951713116980368	-6.5061455125899
ENSMUSG00000025464	0.00713793847717437	7.42426210694579	0.361953807573657	0.717405180695062	0.905724875674052	-6.50715681455788
ENSMUSG00000096916	-0.00136516649751872	7.42299866772172	-0.059607157445598	0.952471419298024	0.988563691559566	-6.50757098115854
ENSMUSG00000028926	0.00383162243417967	7.38136255835254	0.167143588812169	0.867265302535676	0.961128544323514	-6.50775382863974
ENSMUSG00000090626	0.00191373580529142	7.4077022116886	0.10383002311952	0.917309312590906	0.977307287131546	-6.50834206283153
ENSMUSG00000100480	-0.00233006364646826	7.34639783032266	-0.107240691485908	0.91460327523866	0.976777566418728	-6.50847529513053
ENSMUSG00000037487	-0.0100519184964361	7.4668884900731	-0.759720030399917	0.447465581012506	0.760814941982387	-6.50863466375808
ENSMUSG00000032245	-0.00144456803862258	7.39805989901809	-0.0672307494259016	0.946401280279198	0.986115720340959	-6.50914541702154
ENSMUSG00000102302	0.0136471884777647	7.48650115407655	0.735711195133193	0.461948510509132	0.767962752030265	-6.50922135642746
ENSMUSG00000039262	0.00622202573907149	7.41669352978327	0.504400414811313	0.614007099847155	0.854758119519809	-6.50926126546776
ENSMUSG00000079286	0.0199793121712775	7.55856767456903	0.953856048444901	0.340212679291388	0.684667286007516	-6.50937159861234
ENSMUSG00000043004	0.0118057463071883	7.45591765228102	0.439048408105336	0.660649569589369	0.878497287193374	-6.50971559035046
ENSMUSG00000032413	0.0113683723121989	7.54740280512925	0.998616570559647	0.318039332414693	0.665775213695143	-6.51090985008565
ENSMUSG00000085072	0.00151572364030539	7.39566289787289	0.0972283477066474	0.922549803240847	0.978863085113566	-6.51119392765451
ENSMUSG00000070371	-0.0128622403233951	7.48687449475666	-0.811902138529625	0.416894865530121	0.743299404403308	-6.5112658589244
ENSMUSG00000026792	-0.00455855684026218	7.42072721517299	-0.44515960518427	0.656227889610504	0.876478940728915	-6.51140481212578
ENSMUSG00000097033	0.00760170266774551	7.45581034404004	0.371859465510252	0.71001668042462	0.902278203505201	-6.51158471856695
ENSMUSG00000097343	-0.01857227669118	7.46210753934678	-0.452365833906777	0.651029360518527	0.873392540639215	-6.51202488404661
ENSMUSG00000046658	0.00777915403826146	7.43565391263606	0.369046204376223	0.71211231958396	0.903755389770601	-6.51280854158303
ENSMUSG00000022231	-0.00685373524496402	7.4249307744087	-0.414185719772318	0.67875974000968	0.888162585505434	-6.51306442195723
ENSMUSG00000021010	0.00194917077754386	7.40383758868299	0.111111680841241	0.911533218370806	0.97594670069082	-6.51312380128661
ENSMUSG00000025246	0.0141115316706548	7.46933741767955	0.581101014224067	0.561204279089664	0.826254418613762	-6.51358713528556
ENSMUSG00000089886	-0.00793874311958831	7.46582885092282	-0.659927071389478	0.509337655969894	0.797781878424194	-6.51417141096529
ENSMUSG00000065547	0.0210601345217496	7.41202319283725	0.699592758240944	0.484221308028096	0.781742378452599	-6.51450814985901
ENSMUSG00000060924	0.00522226393420588	7.42602057498827	0.349578682390077	0.726672844601152	0.909434100359869	-6.51653907410082
ENSMUSG00000033209	-0.00801839364531709	7.4878702456401	-0.769972007257837	0.441360805405695	0.757293545312119	-6.5167774324538
ENSMUSG00000046111	-0.0136741533397711	7.54006844501091	-0.964355509079298	0.334924527485116	0.680310023978583	-6.5169204555212
ENSMUSG00000038884	0.00687327084375866	7.41207847142492	0.394495887504622	0.693235457284511	0.894961562546506	-6.51803890387544
ENSMUSG00000038080	-0.00591528534442531	7.33972492958485	-0.247553909958853	0.80449195656724	0.941509342515697	-6.51810633875724
ENSMUSG00000062931	0.0105475762236589	7.49529652507874	0.788584120883678	0.430400654384622	0.749758714139368	-6.5181964730546
ENSMUSG00000077549	0.015461539179169	7.39726488788525	0.68962238530391	0.490470668668072	0.785953109444841	-6.5191523317253
ENSMUSG00000037112	0.00608933988529436	7.48693552496711	0.80160988956676	0.422825055091223	0.746210442455371	-6.51951114689302
ENSMUSG00000074519	-0.00457524383722241	7.43021799955158	-0.291880536918824	0.770392714839802	0.927122327581009	-6.51990199677218
ENSMUSG00000079608	-0.0117850605757424	7.46259032166651	-0.861433551337693	0.389049620327364	0.72207183468835	-6.52123645200492
ENSMUSG00000073600	0.00348802269252246	7.39363206622656	0.214897560013662	0.829857862609869	0.949445170012688	-6.52125474748998
ENSMUSG00000034973	-0.00436426381673183	7.41903313546794	-0.354968533426387	0.722631401200972	0.907453476096988	-6.52144163821612
ENSMUSG00000051278	0.016744949084055	7.50451140290428	0.876207703658901	0.380968400532355	0.715992455561085	-6.52177833261754
ENSMUSG00000055629	-0.003399879963494	7.38753014506495	-0.159681584850619	0.873139764319496	0.963466021235964	-6.52224439355656
ENSMUSG00000036264	-0.00366085228773283	7.39986494115459	-0.203429136425109	0.838809711764605	0.952033034929297	-6.52238960011171
ENSMUSG00000002341	-0.00228092861708795	7.34432959868845	-0.0884673042157548	0.929509585470831	0.981563280614808	-6.52284535621662
ENSMUSG00000020363	0.00845342810384242	7.45548223580878	0.433688416433085	0.664537509823518	0.880551168704776	-6.52292221901466
ENSMUSG00000034560	0.00927182271647364	7.4373683178479	0.484661638485872	0.627942242646366	0.861687243047461	-6.52307439076315
ENSMUSG00000027303	0.0105391926845781	7.45793254289813	0.430672125353017	0.666729401331583	0.88200646823251	-6.52328122077987
ENSMUSG00000032305	-0.00778556508286155	7.40678979866697	-0.395938601504329	0.692170901235187	0.894609445085478	-6.52371890152757
ENSMUSG00000022456	0.011782837534339	7.45116928566817	0.64223543800202	0.520756191761893	0.806094444701308	-6.52381332794705
ENSMUSG00000097451	-0.0108452140394082	7.52850830067579	-0.89623658946562	0.370178972766623	0.709320290781525	-6.52384290303912
ENSMUSG00000042082	-0.00944841261115936	7.51652761387112	-0.895612374756232	0.370512339527567	0.709320290781525	-6.5240977858606
ENSMUSG00000040543	-0.016401943086759	7.44173860954927	-0.689866868116805	0.490316911463284	0.785953109444841	-6.52437839897397
ENSMUSG00000035773	0.0155647989456007	7.40516382472421	0.562177499092806	0.574025786366411	0.834017125253704	-6.52500985699434
ENSMUSG00000037646	0.00424196910056374	7.4159632433747	0.275918493894966	0.782624558472507	0.932142974694375	-6.52501572392183
ENSMUSG00000009995	0.00720732266572455	7.41329802803244	0.448801469956391	0.653598569113271	0.875122397791599	-6.52507222495229
ENSMUSG00000036529	-0.00305907381329806	7.37576757490694	-0.23421781798893	0.814827563743462	0.944497712988138	-6.5253670505133
ENSMUSG00000031563	0.00828650079958582	7.4410805883845	0.391019947322262	0.695802785068056	0.896035030181874	-6.52538907212738
ENSMUSG00000026842	-0.00477005571611677	7.42802715770521	-0.58467702738622	0.558797036903896	0.824618158721117	-6.52568363090344
ENSMUSG00000021028	0.00520906197882454	7.40418360822998	0.273139724334429	0.784759552227328	0.932529889472296	-6.52584669250745
ENSMUSG00000061751	-0.00216036040334711	7.37564291886972	-0.120324543362231	0.904231951329723	0.972830122559793	-6.52606037504409
ENSMUSG00000103046	-0.00640550967341813	7.41733264931464	-0.213606730671021	0.830864358755232	0.949579278091835	-6.52613310405756
ENSMUSG00000097801	0.000637436523882151	7.43156603324724	0.036854328606967	0.970602947546679	0.993558784553119	-6.52627229470323
ENSMUSG00000043535	0.0112760376840138	7.44724161490449	0.540777545644145	0.588690263883385	0.840330869417871	-6.5262998928632
ENSMUSG00000039781	0.00736329301118044	7.40864199656878	0.331544522671578	0.740250141788967	0.914975437062896	-6.52645633833277
ENSMUSG00000034751	0.00179716774798422	7.39855134591884	0.0934163795694303	0.925577337439409	0.979897029739093	-6.52800568421652
ENSMUSG00000047485	-0.00463281692369577	7.40141906624435	-0.383563791037567	0.70132164561596	0.898704320385911	-6.52824630593537
ENSMUSG00000034893	0.017502661761581	7.39404768509202	0.643424282172343	0.519984774448049	0.805708979653332	-6.52825482438043
ENSMUSG00000036550	0.00275494819405875	7.39701830581513	0.22979077057918	0.818265806304485	0.945945412847562	-6.52828602948165
ENSMUSG00000060534	0.00588357634048453	7.45654852790042	0.584698753635366	0.558782426930215	0.824618158721117	-6.52873815905311
ENSMUSG00000041642	-0.000159157546247179	7.38627040143039	-0.0180548609560425	0.985595965292505	0.996672894362967	-6.52881174473092
ENSMUSG00000071337	0.0150819976523682	7.51062434268526	0.853466027088369	0.393450718764688	0.725275981646722	-6.52964282419914
ENSMUSG00000057788	0.00526308041412893	7.42367081840442	0.285959012024664	0.774923944460101	0.928621074685349	-6.52967935904307
ENSMUSG00000041313	0.00193456367980271	7.35648175107267	0.114587662966413	0.908777563145004	0.97469613971959	-6.52990436364749
ENSMUSG00000035161	0.00200980864515188	7.3884862261971	0.0984227097213371	0.921601448102726	0.978624339579032	-6.53026497280933
ENSMUSG00000030788	-0.00572950574459519	7.40640913057893	-0.290558572658119	0.771403626014073	0.927457894915527	-6.53093728258262
ENSMUSG00000020598	0.0110166388461588	7.43836249605177	0.522397188484918	0.601422003693471	0.846587402526387	-6.53101537698701
ENSMUSG00000026276	-0.00872238693472305	7.43916766093541	-0.515026233068564	0.606562420358006	0.850090918717089	-6.53155853131677
ENSMUSG00000037674	0.00256548843813942	7.39780863932658	0.167535504692718	0.866956966461351	0.961128544323514	-6.53168342554378
ENSMUSG00000042211	-0.00620177924150234	7.43587830928944	-0.348390267420166	0.727564976882238	0.909811247077413	-6.53188961288616
ENSMUSG00000039798	0.00308561888135728	7.37460227214194	0.135510135319839	0.8922151957844	0.969041273395506	-6.5319859064398
ENSMUSG00000049878	0.0170736472316904	7.48549059883565	0.678876607865595	0.497254321366309	0.790211384384904	-6.53224069271804
ENSMUSG00000003581	-0.00467874630337484	7.38465472935333	-0.23151437001146	0.816926762458155	0.945233479044624	-6.53230488804379
ENSMUSG00000031393	0.0101702444477265	7.48119666063211	0.735959065195899	0.461797661764141	0.767962752030265	-6.53238621162654
ENSMUSG00000034487	-0.000497732091973901	7.45544731401916	-0.0167411089209459	0.986643965183702	0.997235640372792	-6.53287957481894
ENSMUSG00000005360	0.0032033670296796	7.40462080152775	0.109525790830965	0.912790820486781	0.976026530292265	-6.53390678921694
ENSMUSG00000024978	-0.0121821956344474	7.54766467453214	-0.992222207595651	0.321147625630213	0.668219691266794	-6.53423489802759
ENSMUSG00000076269	0.00144132528709839	7.37134018568676	0.0836437442496511	0.933343764517745	0.982734912486374	-6.53485995959597
ENSMUSG00000016493	0.00892135308798103	7.56914391110774	1.0378789143128	0.29938756377749	0.651936396876396	-6.53519687423106
ENSMUSG00000025475	0.00200127660255767	7.39565358191632	0.09552067581213	0.923905931066025	0.979230504486645	-6.535564276167
ENSMUSG00000020014	0.000447667413514985	7.40335868086978	0.0264704440406605	0.978883394296395	0.995136125736754	-6.5363970492081
ENSMUSG00000044519	0.00118065542031776	7.37578723943204	0.0445243113430916	0.964488639240563	0.99177745974586	-6.53787869873094
ENSMUSG00000072825	0.00819722901775677	7.42354599253591	0.473656610874684	0.635769988567368	0.864382867555635	-6.53816336146986
ENSMUSG00000086370	0.0121783974669762	7.51844085896995	0.997638599883757	0.318513441386204	0.665969106170933	-6.53858755043052
ENSMUSG00000025199	-0.0089477585299429	7.40751873112929	-0.598672791309012	0.54942413855216	0.819647274845993	-6.53992275589432
ENSMUSG00000055897	0.00841420887998101	7.52415312484294	0.888617789337008	0.374260595452158	0.711972099500541	-6.53998016816641
ENSMUSG00000012429	0.00858894461900661	7.4676319526611	0.485551785921794	0.627310902186429	0.861466448905004	-6.54041525226206
ENSMUSG00000020656	0.00946357204552939	7.41794161898531	0.378956020116944	0.704740122921451	0.900298368658158	-6.54044850845014
ENSMUSG00000035967	-0.0101628676710313	7.48112501015138	-0.746464036674434	0.455429897202681	0.764671027402346	-6.54076067384471
ENSMUSG00000051339	0.0125939663692032	7.41208105042321	0.457625773835071	0.647245543706668	0.872073347521339	-6.54077330248675
ENSMUSG00000070327	0.00587215833810628	7.4516345386892	0.315855341343517	0.752128368437297	0.919260472304415	-6.54089502854613
ENSMUSG00000034269	0.00730005619353324	7.56830311269911	1.06103562545836	0.288736134346775	0.64217265575354	-6.54125283981413
ENSMUSG00000020097	0.00476670356532338	7.41848642038761	0.269181938650776	0.787803207275182	0.933827419392052	-6.54136924499422
ENSMUSG00000033063	0.00269741520399958	7.44754671140543	0.137810042187505	0.8903973068287	0.968527828260497	-6.54158739918185
ENSMUSG00000047909	0.0125013193282113	7.52734402651451	0.88744304413947	0.37489241074491	0.71238377754424	-6.54205820192198
ENSMUSG00000041115	0.00859000011451982	7.4729656664539	0.687989374832088	0.491498346846023	0.786440013176983	-6.54218215484585
ENSMUSG00000022514	0.0177096736100006	7.48376950594146	0.768393074201391	0.442297896674874	0.757538514795091	-6.54259494722453
ENSMUSG00000047098	-0.00606686434425274	7.42188308129715	-0.409875274262999	0.681918832744821	0.888931561734122	-6.5427299349254
ENSMUSG00000025766	0.00162495745258706	7.45647773843908	0.0686525012944367	0.945269571269792	0.985878735017123	-6.54298155171941
ENSMUSG00000047181	0.000376204138611058	7.38769345848615	0.0216587140951441	0.982721250122867	0.995951388069649	-6.54321699784839
ENSMUSG00000020431	-0.00542792796169067	7.37187332326946	-0.215495730050734	0.829391547094084	0.949445170012688	-6.54332754116464
ENSMUSG00000021918	-0.0110418809583628	7.47701580665415	-0.544608050759416	0.586052700148062	0.839296911954378	-6.54349196911732
ENSMUSG00000072915	0.00715174473034352	7.45735868986915	0.331795825258	0.740060376068075	0.914975437062896	-6.54362722472246
ENSMUSG00000037286	0.0109011577125777	7.49355883178203	0.717321618778	0.473216486598966	0.774863420931013	-6.5444449625582
ENSMUSG00000087177	0.00838865051178228	7.52399943727182	0.847508690586276	0.396761056466581	0.727799233699925	-6.54454167431553
ENSMUSG00000059049	-0.0122788621043819	7.41374987094664	-0.436530086697902	0.662475134137846	0.880042145801475	-6.54461591189869
ENSMUSG00000040010	-0.000866730619655698	7.37508561237089	-0.0347584619883239	0.972274033161403	0.993558784553119	-6.54497025780021
ENSMUSG00000071753	-0.00229825999801481	7.37211640642032	-0.106708547451679	0.915025415974222	0.976834253447399	-6.54570619944211
ENSMUSG00000050211	0.0116523921258525	7.4952916829304	0.651143175084135	0.514990516730881	0.801369078534979	-6.5471312033715
ENSMUSG00000027671	-0.0001897283723995	7.38966869536252	-0.00720706476779545	0.994249994293981	0.998541132758277	-6.54760363936267
ENSMUSG00000038836	-0.00996195743011796	7.47844945361726	-0.578642502651769	0.562862166243164	0.827239593487786	-6.5477975410407
ENSMUSG00000026224	-0.00751756863495068	7.44446867395646	-0.422777205932075	0.672479965290925	0.884763063504547	-6.54794304919701
ENSMUSG00000064210	0.00524054907011529	7.40497603651046	0.300858137240882	0.763537911111344	0.92395992492392	-6.54932596399107
ENSMUSG00000049411	-0.0130059425749742	7.40563504579265	-0.484202171811871	0.628268227781827	0.861715794867578	-6.54932808326044
ENSMUSG00000022255	0.0107536738579395	7.45460957539674	0.537188934390463	0.591166230673181	0.841031663742601	-6.54962365351237
ENSMUSG00000098051	-0.00945069926084852	7.40516893261366	-0.320246799007116	0.748797549186341	0.917963991585129	-6.55087102968395
ENSMUSG00000023192	0.000389529610818506	7.39939471078514	0.0148635688901079	0.98814174686603	0.997533970543468	-6.5508904215302
ENSMUSG00000028456	-0.00200965885403459	7.38155582797268	-0.083440258624484	0.933505546983037	0.982734912486374	-6.55096598454589
ENSMUSG00000104516	0.00115684896574564	7.37183658188778	0.0467854026534096	0.962686539204278	0.991104699846711	-6.55126843118937
ENSMUSG00000060380	-0.0104707944978273	7.48568634428308	-0.632081599988351	0.527368759597123	0.809927311145687	-6.55140609871359
ENSMUSG00000043467	0.00908840376777942	7.48974264884219	0.728728063304846	0.466209595046219	0.770607251268221	-6.55196398602907
ENSMUSG00000031824	0.0165956910647553	7.53753920282365	1.01355505830207	0.310854849200945	0.659970254535925	-6.55202659171581
ENSMUSG00000086448	0.00935939736522151	7.438912015261	0.349465432690142	0.726757844158763	0.909434100359869	-6.55294190552293
ENSMUSG00000021952	0.00588047016244442	7.47536289734347	0.613827295210449	0.539363472505673	0.816258680506272	-6.55315934305921
ENSMUSG00000005142	-0.00505245350021166	7.42132462639519	-0.305247459480468	0.760193165401249	0.922935619160995	-6.55321676590549
ENSMUSG00000025616	0.00947221486388372	7.44272506771867	0.405304291091095	0.685274974628409	0.890535618327611	-6.55341109569727
ENSMUSG00000021470	-0.00920996217099646	7.44948410854785	-0.494724215738499	0.620821282499496	0.857924263390904	-6.5535121198054
ENSMUSG00000042308	-0.00407545560892952	7.42355351536666	-0.25998695391961	0.794886876113789	0.9373290931157	-6.55421714026151
ENSMUSG00000035713	0.00684258480009348	7.37747802349219	0.275714473409774	0.782781256704737	0.932142974694375	-6.5545291746381
ENSMUSG00000029212	-0.00632313300703302	7.41643981307984	-0.239682656562573	0.810588248328827	0.943152847751889	-6.5545490943212
ENSMUSG00000030230	0.00346726813874021	7.41973754188173	0.123782376237458	0.901493646690068	0.972196218726053	-6.55469766087116
ENSMUSG00000100891	-0.000289060374218941	7.395114400881	-0.0134586483127484	0.989262530530399	0.997860999890581	-6.55549833718026
ENSMUSG00000042460	0.0108989831061725	7.45445683590351	0.554584122588139	0.579209365777099	0.836272738637799	-6.55553805238392
ENSMUSG00000020690	0.0135656357130056	7.41922359065851	0.488645927531973	0.625118495596315	0.860180306840033	-6.55594608007746
ENSMUSG00000029608	-0.00400948026885839	7.4081072686644	-0.234273189819987	0.814784581943697	0.944497712988138	-6.55615436109018
ENSMUSG00000007570	0.00703178811159599	7.43880086342667	0.381976358254115	0.702498673783784	0.898761181217268	-6.55676299372479
ENSMUSG00000020253	-0.0124367811744852	7.43826685479393	-0.498351248735756	0.618263191952914	0.856305320474403	-6.55758751364564
ENSMUSG00000021786	0.00300707739715822	7.44507479404595	0.145774671323147	0.884106429298632	0.966125168729818	-6.55767288711002
ENSMUSG00000040875	0.0032251518850579	7.43398951745418	0.133490776981743	0.893811801603999	0.969041273395506	-6.55849143069078
ENSMUSG00000024352	0.00708170278790465	7.46813860109932	0.2757619936823	0.782744757902024	0.932142974694375	-6.55912222685358
ENSMUSG00000003812	-0.00409744472552998	7.46182655790069	-0.153782608883825	0.877788706330838	0.964478537331763	-6.559770483437
ENSMUSG00000040044	0.002410771283607	7.4323776634184	0.12668494931008	0.899195963337318	0.971113800481468	-6.5612271501113
ENSMUSG00000015846	0.00472126349473267	7.39559369458774	0.205985719774969	0.836812281158464	0.951404688297396	-6.56137725990306
ENSMUSG00000025020	0.00323308912223563	7.40601763516242	0.172744786333122	0.862860555147594	0.959614749133876	-6.56156548658507
ENSMUSG00000085687	-0.0114290417031535	7.55477061107261	-0.963405121696868	0.335401006741858	0.680833424810563	-6.56158611867101
ENSMUSG00000025207	0.0122897024064752	7.50872022704527	0.806601372483319	0.419942911862561	0.745377506137678	-6.56190264438193
ENSMUSG00000024393	-0.00586556586407294	7.42179760412734	-0.515325968822759	0.606353005392823	0.850060391595068	-6.56283762953226
ENSMUSG00000040690	0.00450350501456054	7.41546948619246	0.275882508206621	0.782652196692426	0.932142974694375	-6.56308286478628
ENSMUSG00000034342	0.00724563965980263	7.54047717252948	0.926986127143013	0.353988236106369	0.696773011778477	-6.56313632717984
ENSMUSG00000088119	0.00458493174557173	7.35304423109736	0.146220356616991	0.883754616006973	0.966125168729818	-6.56363714624984
ENSMUSG00000027652	0.00471614940452447	7.43007144485185	0.391032315470224	0.695793643752761	0.896035030181874	-6.56374014837152
ENSMUSG00000095832	0.0105337982361684	7.43459347175454	0.526455433164306	0.598600253266734	0.844342806401936	-6.56379005596687
ENSMUSG00000080645	0.00882966031914556	7.37614024631399	0.211666785253035	0.832377510695652	0.950507394088407	-6.56404687682425
ENSMUSG00000085311	0.0096397535450965	7.49672609919748	0.833150610295637	0.404808266816238	0.734919340117218	-6.56481386097984
ENSMUSG00000100594	0.00244121965903066	7.38397209630512	0.0688811064317858	0.94508761271245	0.985878735017123	-6.56554489140445
ENSMUSG00000025959	-0.00213660080195499	7.42773054430846	-0.135902955347726	0.891904663166931	0.969041273395506	-6.56571097362706
ENSMUSG00000027620	0.00588751768974483	7.43123187433014	0.409436981261097	0.682240368123523	0.889148794676413	-6.56596458297724
ENSMUSG00000074264	-0.00171643715274339	7.39028848103266	-0.0847502510938891	0.932464078003544	0.982721427457692	-6.56612936244893
ENSMUSG00000053214	-0.00405261432757786	7.42714137693035	-0.320020994536512	0.748968702973498	0.917963991585129	-6.56722945415156
ENSMUSG00000070733	-0.00780110670380374	7.52726907767571	-0.94113428629845	0.34669142760693	0.690327856586099	-6.56756314517541
ENSMUSG00000001901	-0.00452167762159128	7.39584492279283	-0.298006363183887	0.765713389184171	0.924858987132205	-6.56946372987994
ENSMUSG00000036599	0.00634382667112732	7.4331922202419	0.208964527273698	0.834486299082858	0.95066826427097	-6.57040792651912
ENSMUSG00000031133	0.00289377187221707	7.38541167120606	0.133441364340275	0.893850875135286	0.969041273395506	-6.57045488348177
ENSMUSG00000082738	0.00103723155740987	7.36225638037616	0.034923412291952	0.972142509747593	0.993558784553119	-6.57051272795586
ENSMUSG00000028137	-0.00601508237611714	7.44753396321559	-0.545873633921713	0.58518246681627	0.838771876492003	-6.57067889594815
ENSMUSG00000076144	0.0152692578607088	7.50696803521876	0.960446679136148	0.336887023771516	0.681318558837467	-6.5706980230939
ENSMUSG00000006471	-0.00495447580631492	7.43455991765958	-0.354471191990261	0.723003998074176	0.907637796841638	-6.57072981386658
ENSMUSG00000031109	0.000955430847569438	7.37494014690443	0.0359359615143638	0.97133516858813	0.993558784553119	-6.5708115888314
ENSMUSG00000068270	-0.00667741878482975	7.44293022504668	-0.443251568514376	0.657607141783642	0.877111424328836	-6.57181399416028
ENSMUSG00000056972	-0.0059811561994767	7.46395380785414	-0.319717993724229	0.749198388972525	0.918079515337084	-6.57275895007805
ENSMUSG00000049571	0.00278098636694413	7.42339293196669	0.15958406268813	0.873216585701986	0.963466021235964	-6.57301689169892
ENSMUSG00000065422	-0.00705886241116449	7.38255228345851	-0.442751589582099	0.657968752020879	0.877286033861334	-6.57357842291468
ENSMUSG00000084799	0.0117375673025526	7.47253781275436	0.574881002205205	0.565403285012302	0.829059066056674	-6.57362959696108
ENSMUSG00000034462	-0.000441785076437107	7.37971154657836	-0.022037242591111	0.982419318562936	0.995951388069649	-6.57474652104472
ENSMUSG00000087616	-0.00171522969934035	7.413858528152	-0.085199706013677	0.932106779332888	0.982721427457692	-6.5757365240983
ENSMUSG00000074182	0.00694845298432423	7.43092705458322	0.420374278850151	0.674234059107667	0.885352578535762	-6.57574493213866
ENSMUSG00000024240	0.010885987403265	7.47050677425889	0.488829854505386	0.624988275176111	0.860088411981091	-6.57595869894866
ENSMUSG00000104459	0.013843780831734	7.43848551635869	0.478692936151264	0.632182587742502	0.862731922676251	-6.57644537213568
ENSMUSG00000037992	0.010617808722345	7.35150188568192	0.3200310684347	0.748961066962716	0.917963991585129	-6.57669824519178
ENSMUSG00000085465	0.00811378406007002	7.48913598589007	0.629884135149713	0.528805451875055	0.810406586608797	-6.57710861745521
ENSMUSG00000046994	0.0148540714221426	7.5367613087069	0.857412032579593	0.391267267259671	0.723414920156364	-6.57740521252085
ENSMUSG00000041488	0.0128934720721992	7.48336331324504	0.691162895750842	0.489502262521189	0.785322438078583	-6.57762025295843
ENSMUSG00000053550	-0.000672329415389861	7.38360051455818	-0.0702054698804167	0.944033540588571	0.985878735017123	-6.57790205017322
ENSMUSG00000022768	0.0147807028474141	7.51912034360818	0.800682135005572	0.423362026254306	0.746319380048873	-6.57794541368212
ENSMUSG00000099681	-0.00598189503689728	7.3925628908019	-0.302130231910836	0.762568093611887	0.92395992492392	-6.57827039129875
ENSMUSG00000032374	-0.00240116937057167	7.43878580431375	-0.0966844807515442	0.922981684621023	0.978863085113566	-6.57832579866884
ENSMUSG00000004698	-0.00216045879181959	7.44172860592591	-0.0697831764016664	0.944369637000067	0.985878735017123	-6.57844358968429
ENSMUSG00000021193	0.00586060402451949	7.46208703581785	0.41307506064356	0.679573196566048	0.888576853991946	-6.57873247511904
ENSMUSG00000025743	-0.00106280227033295	7.41361066708889	-0.0906915680704089	0.927742095690464	0.98091923367163	-6.57875905356287
ENSMUSG00000005442	0.0014598169788389	7.39752057932575	0.131310966236044	0.895535752167072	0.969240339098042	-6.57970032717705
ENSMUSG00000014444	-0.000988043090779378	7.39005449245793	-0.0592837742796557	0.952728970442629	0.988679631171922	-6.57995407056403
ENSMUSG00000002996	-0.0080940251197168	7.46848403879748	-0.468005910373007	0.639805210011849	0.866494759498616	-6.58007925348042
ENSMUSG00000037795	0.00609733383188171	7.41943154127087	0.260543141561661	0.794457910596896	0.937120267258806	-6.58008028161537
ENSMUSG00000044700	0.00161680788040197	7.39877243194474	0.182692673636039	0.855048186616383	0.95800603296856	-6.58067091356669
ENSMUSG00000045411	-0.00994863827404746	7.52149104261283	-0.714227293804726	0.475127252917991	0.776822759980388	-6.58127106585995
ENSMUSG00000001998	0.0119883153060876	7.58379488660719	1.04158439696119	0.297665747251935	0.651060083230725	-6.58130302285607
ENSMUSG00000072258	0.0146043068729362	7.51309834515521	0.857246877134476	0.391358505247624	0.723484948752016	-6.5817516456028
ENSMUSG00000033808	0.00342350817032688	7.41769850893834	0.230423149767683	0.817774456631937	0.945699938844746	-6.58209450216897
ENSMUSG00000097413	-0.00937718340288818	7.44978520027358	-0.406727883280407	0.684229063807164	0.890041061634443	-6.58230616566726
ENSMUSG00000052384	-0.000502422925189983	7.36128899496232	-0.023772902014097	0.981034910516414	0.995951388069649	-6.58260134464689
ENSMUSG00000025195	0.000766272232732845	7.41732824555195	0.10993637006939	0.912465212304707	0.976026530292265	-6.5826401998319
ENSMUSG00000011831	0.00713997040647385	7.41509407291256	0.259836468124871	0.795002950522037	0.9373290931157	-6.58400769753154
ENSMUSG00000015968	0.00480654132872349	7.47772760267669	0.54394604839415	0.58650814168894	0.839296911954378	-6.58447002034309
ENSMUSG00000068284	0.00270711093338516	7.40334130777734	0.180625025152864	0.856670828498225	0.958226742697816	-6.58454107590262
ENSMUSG00000027200	0.00309980216882444	7.42960221453118	0.225513205231446	0.82159128010823	0.946890836429572	-6.58487764095611
ENSMUSG00000068062	-0.00069910821550323	7.4524286745222	-0.0352720183984161	0.971864550554988	0.993558784553119	-6.58562414235367
ENSMUSG00000064452	0.00479614118830973	7.46862009161305	0.465031017627638	0.641933911317318	0.868770210584967	-6.5860218334719
ENSMUSG00000024617	-0.00890026020466905	7.39485672230586	-0.327050580951765	0.743646304797513	0.916494555080873	-6.58680777768923
ENSMUSG00000091109	-0.00702845436721056	7.37328724542085	-0.452291861497685	0.651082638164961	0.873392540639215	-6.58683798021908
ENSMUSG00000036198	-0.00431945751113894	7.45236951030992	-0.195896401736876	0.844700950290376	0.954309224517297	-6.58687218231139
ENSMUSG00000027878	0.00175783986451439	7.39543053469434	0.103514782220592	0.917559474803737	0.977394041435345	-6.58846088153062
ENSMUSG00000023809	0.00330321789494192	7.39059573662381	0.159354419670736	0.873397487705679	0.963489280358309	-6.58965988144063
ENSMUSG00000104010	0.0123914035830106	7.4884066690601	0.883299670309378	0.377126109185012	0.71408013361058	-6.58989957197736
ENSMUSG00000087385	0.0144713584817975	7.48832409175634	0.691492117764555	0.489295438371202	0.785322438078583	-6.59014401516402
ENSMUSG00000030534	0.0124021191973807	7.5374548878939	0.897545088862655	0.369480763523912	0.708947097630512	-6.59026123136089
ENSMUSG00000061411	0.00740203551917595	7.4146089801555	0.404015565865913	0.686222319647629	0.891127723037398	-6.59075518720615
ENSMUSG00000031930	-0.00150108054081066	7.44882618960534	-0.113341973943252	0.909764983861113	0.975201365339822	-6.5907630311968
ENSMUSG00000049811	0.00294955922181206	7.45658183438931	0.146504887337764	0.883530026262581	0.96611824308961	-6.5912884512964
ENSMUSG00000063142	0.00878192289529878	7.45461395576783	0.5351962996435	0.59254311627161	0.841584900997777	-6.59240200331286
ENSMUSG00000026972	-0.000542608174666448	7.41717188633335	-0.0299239464864719	0.976129162602064	0.994111503325693	-6.59263059388366
ENSMUSG00000022967	0.0153471344885476	7.49027281708219	0.797079537255025	0.425450940657902	0.747232583248097	-6.59268003442487
ENSMUSG00000074415	0.00829185556135403	7.55562614602278	0.991995710018657	0.321258088673356	0.668346964283161	-6.59288673854625
ENSMUSG00000068267	-0.00403822559170486	7.37091819448534	-0.177528617141002	0.859101948344031	0.95850175601806	-6.5929064375928
ENSMUSG00000026103	0.0110040509699445	7.48180584476786	0.750645359487531	0.452909141127102	0.764065831383403	-6.59326883485806
ENSMUSG00000026034	0.00745418810700915	7.41429770625681	0.519620634572346	0.60335603067755	0.847787445738027	-6.59435293587565
ENSMUSG00000100826	0.01449783509472	7.527081555735	0.816342993589802	0.414351361538992	0.741914389823779	-6.59629998833461
ENSMUSG00000030213	-0.0101303550090641	7.50171144622756	-0.740569667469511	0.45899676286052	0.767144737532413	-6.59671181676089
ENSMUSG00000006800	-0.00309586429675512	7.42015688565198	-0.183773052493018	0.854200574105529	0.957840656994687	-6.59685671293495
ENSMUSG00000058486	-0.00333567283523539	7.34871607275512	-0.122700601476377	0.902350194294024	0.97250110765011	-6.59698972186683
ENSMUSG00000085389	0.00105343190760898	7.42938482361271	0.0605076777091527	0.951754246730565	0.988331553817859	-6.59785481181048
ENSMUSG00000040661	-0.000843938475767914	7.41580382711636	-0.0972532242248822	0.92253004949715	0.978863085113566	-6.59792401585332
ENSMUSG00000026925	-0.00533894429038995	7.48695469613855	-0.590935373513674	0.554596258888416	0.82296281110846	-6.59800971397789
ENSMUSG00000086889	-0.0087099785977891	7.45735294990443	-0.530813581894522	0.595576683928435	0.842871235706692	-6.59865515805886
ENSMUSG00000032449	0.00983514081007009	7.50926056626791	0.771348496516074	0.440544792832651	0.756834022839594	-6.598808558082
ENSMUSG00000045114	-0.00692609106146058	7.46333262839564	-0.451690233299043	0.651516019091828	0.87380332443915	-6.59893555464105
ENSMUSG00000042446	0.000373154557331112	7.41802354902583	0.0246033472890474	0.980372545264632	0.995647263572875	-6.598984066824
ENSMUSG00000004233	0.000476883427189989	7.3871908437178	0.0301524713990497	0.975946919464635	0.994111503325693	-6.59905479549829
ENSMUSG00000029655	0.00364148687572019	7.38329604400791	0.180591797299442	0.856696909903493	0.958226742697816	-6.59923669673319
ENSMUSG00000058230	0.000295186524657431	7.41054819989625	0.0210142253535573	0.983235329355198	0.995951388069649	-6.59976283734435
ENSMUSG00000034663	-0.00809692870013912	7.39498487904137	-0.282370763128676	0.777673467016317	0.929077899542344	-6.59978335917818
ENSMUSG00000085263	-0.00852282516445246	7.44422811652531	-0.513484375760843	0.607640173222615	0.850545681246357	-6.60008650396723
ENSMUSG00000037300	0.00252521279660289	7.43259562074486	0.184604928564506	0.853548039392101	0.957529662229457	-6.60110447235518
ENSMUSG00000102692	-0.000772719354038998	7.40762262363303	-0.0353806185100001	0.971777959540473	0.993558784553119	-6.60315116088406
ENSMUSG00000089736	-0.0088760829083272	7.49999932878135	-0.622334516313818	0.533756496272141	0.812757954096973	-6.60342977450516
ENSMUSG00000040481	0.00333784206730758	7.43746188124695	0.269352754840151	0.78767177721592	0.933827419392052	-6.60367077926942
ENSMUSG00000002266	0.0036957192425362	7.46541639516041	0.453544542268538	0.650180652191283	0.873093446726635	-6.60385847756176
ENSMUSG00000050908	0.00802781045197598	7.58535322114476	0.993004597275396	0.320766244543733	0.667836109263504	-6.60402647979392
ENSMUSG00000029547	-0.00625392580101281	7.44365567549366	-0.537584492306964	0.590893080257075	0.84086289367805	-6.60483795780986
ENSMUSG00000025813	0.0097931327574603	7.43190949035973	0.576951335429267	0.564003968684836	0.828020119916514	-6.60579199416834
ENSMUSG00000037266	0.00300480766591438	7.44387239655939	0.165459553019784	0.868590430948629	0.961491595591241	-6.60609915571859
ENSMUSG00000032666	0.00254269899929582	7.42297476982505	0.211870333196384	0.832218714592138	0.950406109538427	-6.60676458855285
ENSMUSG00000021268	0.00224915360041056	7.42936345131085	0.250366158512373	0.802316727603646	0.940835193348385	-6.60709253810937
ENSMUSG00000034601	-0.00474617163980184	7.43057238677842	-0.310852894684615	0.755928239566936	0.921120672259162	-6.60719862903013
ENSMUSG00000025995	0.00993701627379284	7.5007086254313	0.70828804472327	0.478806617089934	0.779023963877766	-6.60770416708152
ENSMUSG00000041688	-0.00373408887605375	7.39546683152434	-0.169560102559172	0.86536445694901	0.960524749610127	-6.60804199245744
ENSMUSG00000096936	0.00449776666966351	7.41791322088173	0.152164391263341	0.879064756731752	0.964478537331763	-6.60817390335932
ENSMUSG00000045875	0.0120913755913117	7.5582811410125	0.98202738480104	0.326144232801611	0.673038585741893	-6.60835838773046
ENSMUSG00000041718	-0.0137389432116066	7.53844397134699	-0.913567703723375	0.360997698246709	0.703710227695446	-6.60850731971613
ENSMUSG00000102918	-0.00907315560577793	7.54473518254993	-0.957664491863263	0.338288366417336	0.68302511867256	-6.6089145120756
ENSMUSG00000029127	0.00605727558887637	7.47699586217453	0.552233152190485	0.580818688804297	0.837114891337159	-6.61035965497676
ENSMUSG00000077737	-0.000708135116567199	7.4386990943699	-0.029809135010058	0.976220722472213	0.994111503325693	-6.6107393705418
ENSMUSG00000028228	0.00440087508868992	7.44376239667776	0.23319455244664	0.815621963054073	0.944983983514538	-6.6113505044593
ENSMUSG00000016487	0.00836427716319754	7.47124940321238	0.482083806069735	0.629772115891143	0.862161390347216	-6.61155034950278
ENSMUSG00000041670	0.00659353058171508	7.41289663560252	0.265426636889964	0.790694147130528	0.935526977502917	-6.6120012498521
ENSMUSG00000028614	0.00909543184739281	7.5060084662344	0.721661237912766	0.470543882640516	0.773195244314643	-6.61280454993756
ENSMUSG00000024773	-0.00403579746538263	7.42891720481896	-0.41258573881054	0.67993169872917	0.888874165593491	-6.61290857316566
ENSMUSG00000024851	0.00204785796334406	7.39913249691389	0.109637173879328	0.912702487166876	0.976026530292265	-6.61302427318336
ENSMUSG00000042579	0.0113019239013985	7.39237705899384	0.357420393248129	0.720795486832718	0.906949060175152	-6.61309354328939
ENSMUSG00000057378	-0.00174214027386821	7.42933110669206	-0.0876904850212857	0.930126959753991	0.981985774828268	-6.61373416973237
ENSMUSG00000040249	-0.000573887995313882	7.41407346555379	-0.065866295312154	0.947487482278302	0.986160809026486	-6.61401366805026
ENSMUSG00000036636	0.007507390224335	7.47638648857989	0.586157387152278	0.557801983048078	0.824067144396911	-6.61421792521292
ENSMUSG00000028139	0.00639900817407124	7.47137426385613	0.304681476573807	0.760624204647231	0.922964610928475	-6.61513007543393
ENSMUSG00000040586	0.00578627309547386	7.45673707598199	0.387501513174424	0.698405055575108	0.896938121008554	-6.61520484155422
ENSMUSG00000005533	0.000532342699653299	7.41316875859762	0.0431079716516072	0.965617561427778	0.992215509078047	-6.61548880112648
ENSMUSG00000001173	0.00852162296853809	7.46570257613244	0.440648903046158	0.659490397688907	0.877896005092411	-6.61570659618172
ENSMUSG00000063952	-0.00105063925258264	7.43546476083519	-0.150230464967479	0.880590172173713	0.964711910254308	-6.61601444868216
ENSMUSG00000020674	-0.00681680666569573	7.39570786355453	-0.250878396187016	0.801920684407953	0.940835193348385	-6.6170153313098
ENSMUSG00000031808	0.0045068454690611	7.38387410254479	0.191318299146427	0.848285687434039	0.955841204093477	-6.61707011980489
ENSMUSG00000103567	0.00181101860617083	7.46025636905271	0.140353306396008	0.88838773502357	0.96797220481498	-6.61886298140956
ENSMUSG00000085941	0.0064555882238464	7.49394285261935	0.609242680127878	0.542397311437855	0.816935191004968	-6.61948923355167
ENSMUSG00000037773	-0.00842836621370591	7.47674084719124	-0.603065165474288	0.546498656354575	0.818198555340011	-6.62081656363501
ENSMUSG00000006522	-0.0082587843997759	7.43377734779771	-0.424086991382407	0.671524594949899	0.88445020966881	-6.62087153381849
ENSMUSG00000050390	0.0183286238942237	7.52351948585328	0.833344954062154	0.404698696096339	0.734918955488102	-6.62179077507495
ENSMUSG00000021782	0.00195571748252465	7.43037462922074	0.214869005460668	0.829880124388253	0.949445170012688	-6.62274491627494
ENSMUSG00000028653	-0.00456820160835125	7.48312673467468	-0.238458783155589	0.811537182613478	0.943152847751889	-6.62283639538157
ENSMUSG00000033543	-0.0026929039844088	7.47098897422615	-0.239830720404143	0.810473465390739	0.943152847751889	-6.62344652711721
ENSMUSG00000021364	0.0138215901646079	7.511795313544	0.705798262371888	0.480353655239372	0.779676147220807	-6.6256934636223
ENSMUSG00000020781	0.00808539251896079	7.4437645757055	0.418432206767444	0.67565303302905	0.886318611228006	-6.62627614355165
ENSMUSG00000039801	-0.00162687893408719	7.43264959438516	-0.193133723097539	0.846863797684852	0.955232383376926	-6.62636395818983
ENSMUSG00000063047	0.00854825413558036	7.49230773105088	0.640525085267185	0.521867039196967	0.806413644567184	-6.62643731567111
ENSMUSG00000036353	0.00383515490666309	7.45111431299597	0.221569631393114	0.824659946870759	0.948082723621959	-6.6281310540782
ENSMUSG00000029426	-0.00265865605706939	7.44138620163101	-0.157086365059161	0.875184508981239	0.96396452546078	-6.62868265755785
ENSMUSG00000021703	-0.00675067338581847	7.43468747203486	-0.368135336556745	0.712791305580816	0.903855641700777	-6.6291973481879
ENSMUSG00000033769	0.00193287065306613	7.43998685901563	0.111946505656932	0.910871295697732	0.97557747447783	-6.62964505783971
ENSMUSG00000069769	0.0115861732735683	7.49111958758281	0.617551375812222	0.536905361212339	0.815066945170405	-6.62968439452867
ENSMUSG00000037572	0.0103148963144415	7.47950380498072	0.589967411946239	0.555244970730851	0.82296281110846	-6.62974716493807
ENSMUSG00000072647	-0.00640472775356837	7.41214693380425	-0.322388932301314	0.747174485936241	0.917963991585129	-6.63014849292473
ENSMUSG00000072893	-0.00502192660087886	7.42547557411209	-0.275088519631797	0.783262076416088	0.932173096410218	-6.63089275640544
ENSMUSG00000020100	-0.00894063883381335	7.47100623323579	-0.581439782043283	0.560976017824124	0.826120156954483	-6.63126857128822
ENSMUSG00000039087	-0.00977239266203878	7.45934795513025	-0.469886878642371	0.638460800209144	0.865365543260579	-6.63181247561545
ENSMUSG00000032086	0.0047925374895792	7.4613063489636	0.423226043950469	0.672152518763623	0.884503916276541	-6.63216849531127
ENSMUSG00000062519	0.00631102179304133	7.4938802903771	0.635832096393353	0.524921311617183	0.808369280202836	-6.63251225142829
ENSMUSG00000021962	0.00653220468769344	7.49549429851794	0.501767227884214	0.615858179023146	0.854899681703267	-6.63297709413338
ENSMUSG00000037210	0.0033733436034824	7.46268296036069	0.225292301324396	0.82176310335388	0.946890836429572	-6.6338488125358
ENSMUSG00000033444	0.0117510090178543	7.54260611688783	0.866568686670159	0.386229025736001	0.71989182443342	-6.63477038147445
ENSMUSG00000025036	-0.00726687466218223	7.427585902324	-0.45981322044839	0.645674645130359	0.871182120207158	-6.63640479064733
ENSMUSG00000103039	0.00997983782404699	7.53188569925588	0.691252367232583	0.489446050007721	0.785322438078583	-6.63648099580012
ENSMUSG00000040761	-0.00162983026445662	7.41788961829403	-0.196394181438111	0.844311372228085	0.954309224517297	-6.63656575224906
ENSMUSG00000047155	0.00745103219380194	7.49850826876058	0.326868324703795	0.743784145381337	0.916581116440662	-6.63660158836154
ENSMUSG00000024900	0.00726046311720552	7.44699114411461	0.418711031573859	0.675449238796636	0.886261567754263	-6.63688543242156
ENSMUSG00000032680	-0.00306663624569659	7.44596080969921	-0.128153294701785	0.898033938468204	0.970549552630682	-6.63694116094323
ENSMUSG00000029228	0.00372744186632712	7.44074016009674	0.22389399661298	0.822850929363557	0.947086939555354	-6.63700214961997
ENSMUSG00000070357	-0.00430824519066775	7.42262658125369	-0.261479034132551	0.793736234084242	0.936465368414493	-6.63726064481549
ENSMUSG00000027677	0.00991895227237993	7.55702623557689	0.96836758472635	0.332917873858195	0.679081366748334	-6.63836676412528
ENSMUSG00000037400	0.00635269298135288	7.46265375035998	0.346451411338968	0.729021251177161	0.910540380503399	-6.63894230021781
ENSMUSG00000030309	0.0069459751690113	7.48106553142213	0.401211537381742	0.688285270924979	0.892565442678228	-6.63909331244632
ENSMUSG00000029832	-0.00249925755586133	7.46867829559218	-0.156963711108922	0.875281167401482	0.96396452546078	-6.63931263763139
ENSMUSG00000102171	0.00833187873231633	7.42983331613417	0.210290683947751	0.833451242999518	0.95066826427097	-6.64000901682874
ENSMUSG00000037994	-0.00835116505183287	7.43645826319251	-0.366052696618502	0.714344617790301	0.904421861914324	-6.64041691996539
ENSMUSG00000022847	-0.000519079514257115	7.37816971524544	-0.0266407797428618	0.978747542268277	0.995136125736754	-6.64055315485852
ENSMUSG00000092495	-0.00410147932247273	7.4527387485772	-0.170452100169117	0.86466300201329	0.960320761039318	-6.64182237236307
ENSMUSG00000031983	0.00319145307753743	7.4385452195026	0.162604979699928	0.870837469768402	0.962407435207042	-6.64221283724452
ENSMUSG00000022779	-8.26117910026625e-05	7.42541914125501	-0.00494099539292729	0.996057912201475	0.998657956786442	-6.64243100672407
ENSMUSG00000032740	0.00743075354567591	7.44504112116744	0.331212811215196	0.740500650744715	0.914975437062896	-6.64248951485629
ENSMUSG00000019699	0.00209317878846704	7.42574039490471	0.0948238266811438	0.924459389514569	0.979510816117422	-6.64289665532317
ENSMUSG00000029428	0.00807114465804304	7.45322382031256	0.507351177371756	0.611935691446703	0.853474344680012	-6.64359575728169
ENSMUSG00000040054	0.000369583115686467	7.41799977478408	0.0398055811122033	0.968250062468998	0.99352451625409	-6.64417879605079
ENSMUSG00000034848	-0.00230687358008641	7.39149954857146	-0.139512707201571	0.88905185956475	0.968018399612824	-6.64507554333127
ENSMUSG00000026944	-0.00405473162622538	7.46764663911815	-0.564879311719731	0.572186724187025	0.832812395197301	-6.64617266764981
ENSMUSG00000030303	0.00445444304914666	7.4507410019714	0.176627652974561	0.85980958524057	0.95850175601806	-6.64620754165596
ENSMUSG00000039809	0.000190332060952869	7.44897373625762	0.00870871508725936	0.993051961714625	0.997983729666214	-6.64649593200322
ENSMUSG00000039834	-0.00240497693157415	7.46446006773906	-0.43905912988383	0.660641801537047	0.878497287193374	-6.64656658365279
ENSMUSG00000045466	0.00666904728001239	7.44325685994039	0.310075525862793	0.756519264051088	0.921387727452807	-6.64712869536069
ENSMUSG00000023795	-0.00635468177391729	7.42598583446169	-0.264993757137508	0.7910275765567	0.935760569143681	-6.64742847510075
ENSMUSG00000060600	-0.00456314515333212	7.43038969143742	-0.273783497528109	0.784264781334186	0.932508324040924	-6.64790439772003
ENSMUSG00000031256	0.00900529171983067	7.49483115577928	0.52773011176862	0.597715194088777	0.84407663358109	-6.64943986305526
ENSMUSG00000000934	-0.00691978822147643	7.48400193641823	-0.397829485992076	0.690776568223498	0.894154148810161	-6.64993972698479
ENSMUSG00000023007	-0.004860883396959	7.44642589750639	-0.410390185686565	0.681541163260325	0.888901194287128	-6.65000857028767
ENSMUSG00000092486	-0.00305024613420191	7.48899749405692	-0.227183060553401	0.820292712518388	0.9464325245787	-6.65015953557158
ENSMUSG00000027552	0.00702041266633646	7.52039135529235	0.769952385032337	0.441372444142627	0.757293545312119	-6.65053763703946
ENSMUSG00000033955	0.00542216385314997	7.44913148671708	0.293003733113263	0.769534108819387	0.926747402679164	-6.65064778253143
ENSMUSG00000087042	-0.000727316757202168	7.39741142993592	-0.0511131849971998	0.959237816586973	0.990454418916107	-6.65081637575179
ENSMUSG00000049538	0.00728274153934017	7.48508915618893	0.438566138615626	0.660999017214356	0.878868753103093	-6.65114040327467
ENSMUSG00000040701	-0.00280127799751462	7.42582282668664	-0.120948469904667	0.903737770241505	0.972682121849196	-6.65174332312746
ENSMUSG00000042073	-0.000797267938611235	7.43184529194183	-0.0659832282905975	0.947394391501247	0.986160809026486	-6.65187736158687
ENSMUSG00000086753	-0.00558887490292825	7.45698151047133	-0.278631449064741	0.780541710322204	0.930828085895721	-6.65249130163731
ENSMUSG00000029027	0.00570991518725261	7.43827347413553	0.333228802453367	0.738978597012159	0.914649609119121	-6.65335900118907
ENSMUSG00000004562	0.00538800236914483	7.41431436828864	0.27799789735679	0.781027973866381	0.931197576062504	-6.65376228714068
ENSMUSG00000056342	0.0133840211403511	7.54972430699641	0.826085283099136	0.408803725843231	0.738134805195241	-6.65510270581125
ENSMUSG00000072769	0.00411350326504145	7.38361012764578	0.209740922971152	0.8338802926958	0.95066826427097	-6.65518894038431
ENSMUSG00000090546	-0.00070276648714529	7.43143928678022	-0.0422676151203868	0.966287417326176	0.992442735099308	-6.65543853264113
ENSMUSG00000026723	-0.00204247497870114	7.49483353300783	-0.102907477850454	0.918041429571998	0.977523419629086	-6.6554439510591
ENSMUSG00000029504	-0.00232479680942532	7.46939640409602	-0.144558116162036	0.885066864971737	0.966450162259807	-6.65713558664004
ENSMUSG00000024743	0.00107508800913081	7.4054757921251	0.0527431994759513	0.957939085197273	0.990421366937477	-6.65784034407954
ENSMUSG00000026565	0.00034224903011193	7.40796260951087	0.026776371761563	0.978639400666435	0.995136125736754	-6.65933473826621
ENSMUSG00000028514	-0.00570347106629399	7.493850901766	-0.579669656693489	0.562169221667144	0.827032712648492	-6.66041816434711
ENSMUSG00000037234	-0.00633765117389462	7.44720531626387	-0.332035884445573	0.739879115336281	0.91492895345944	-6.66139788610698
ENSMUSG00000028246	0.00980435981232741	7.5463067572212	0.847484392024639	0.396774592884016	0.727799233699925	-6.66261070403555
ENSMUSG00000029208	0.010514232722306	7.53386857646137	0.710354635363351	0.477524601366444	0.778426901975619	-6.66294944810849
ENSMUSG00000033400	0.00240325425654397	7.46460262870703	0.131563283366067	0.895336176281128	0.969240339098042	-6.66438044363366
ENSMUSG00000019564	-0.0028516512371155	7.40570284848258	-0.159285193783475	0.873452021913781	0.963489280358309	-6.66447052562555
ENSMUSG00000077212	-0.00847663841270219	7.44096128070537	-0.474353414812388	0.63527313908111	0.864302909435245	-6.66510361957149
ENSMUSG00000098247	0.00444686371149405	7.45948597729513	0.397500389711409	0.691019167655133	0.894314421064174	-6.66788866356722
ENSMUSG00000102533	-0.0102945377585018	7.43091603261324	-0.362650329610174	0.716884779093636	0.90558172222169	-6.66803769495591
ENSMUSG00000100158	0.00162226364196538	7.46345302130257	0.131736807378196	0.895198927421661	0.969240339098042	-6.66803870948763
ENSMUSG00000032228	-0.00487065029437161	7.45931835622741	-0.194764552654554	0.845586912295518	0.954894832325724	-6.66804630165101
ENSMUSG00000104018	0.00449596754419535	7.54077211027153	0.753569659372935	0.451150888621963	0.763061844802467	-6.66808428999546
ENSMUSG00000018909	0.00429652896331945	7.4444057137214	0.357029041008885	0.721088417648911	0.907103634794004	-6.6682300686541
ENSMUSG00000038780	0.000626530311524043	7.44471406528406	0.0888167509130211	0.929231877771509	0.981346455742804	-6.66828821548426
ENSMUSG00000035248	0.00267387516536299	7.44250707750381	0.223630332570641	0.823056087846363	0.947086939555354	-6.66860054145461
ENSMUSG00000067736	-0.00763699793341654	7.50686685433821	-0.672843148012712	0.501084959186188	0.792454202338311	-6.66908965768772
ENSMUSG00000073423	-0.00595994942545897	7.45544094994611	-0.287511259493889	0.773735395276001	0.928010566942246	-6.67032223422917
ENSMUSG00000036097	0.00612051495277033	7.44385892926517	0.43727113754348	0.661937727600074	0.879685523505372	-6.6717857993035
ENSMUSG00000034471	-0.00243720924933655	7.43088711336479	-0.14330553607688	0.886055917821808	0.966852807551555	-6.6727536015419
ENSMUSG00000077797	0.00447914001164662	7.47289587806933	0.21090884750272	0.832968869171854	0.95066826427097	-6.67292364060244
ENSMUSG00000021256	-0.0043607436717501	7.44925117285921	-0.221633845007913	0.824609957844818	0.948082723621959	-6.67322783175884
ENSMUSG00000009733	-0.00376655125708947	7.43058026951757	-0.301028068573436	0.763408337614406	0.92395992492392	-6.67366076737036
ENSMUSG00000078129	-0.00659579877353078	7.50571045275415	-0.736818718079467	0.461274707519983	0.767555671952556	-6.67438764478433
ENSMUSG00000020044	-0.00922730378281766	7.57618229471248	-0.993289794446624	0.320627296934576	0.667751903508293	-6.67440202912123
ENSMUSG00000097583	0.00669307156203747	7.44854594407092	0.325962040206607	0.744469691148824	0.917053342239358	-6.67535936692676
ENSMUSG00000065470	-0.0101894888666951	7.49887898652252	-0.546688568707169	0.584622423926218	0.838674301512185	-6.67547448820435
ENSMUSG00000020131	-0.00729026463806637	7.48135979042448	-0.548921405399601	0.5830892436115	0.83780457448969	-6.67579388365576
ENSMUSG00000064514	0.00541865863273649	7.44421031224543	0.403980771176524	0.686247904155237	0.891127723037398	-6.67589434378957
ENSMUSG00000049504	-0.00545299550395573	7.4874210109822	-0.47868151911371	0.632190710413671	0.862731922676251	-6.67722179786115
ENSMUSG00000052713	0.00620719404527481	7.50369935409889	0.531879821638985	0.594838017086165	0.842800702191373	-6.67761131948186
ENSMUSG00000029098	-0.00189501892167598	7.44620512721257	-0.114328545692997	0.908982946155318	0.97469613971959	-6.67807845137041
ENSMUSG00000029206	0.00696362851417121	7.43489264651664	0.315144517938049	0.752667947933062	0.919369226176543	-6.67838626341024
ENSMUSG00000032558	0.00430491402139488	7.49289802011499	0.394739559792781	0.693055612725332	0.894961562546506	-6.67889111161703
ENSMUSG00000059142	0.0107089328773471	7.50118097523667	0.51730121919772	0.60497377620912	0.849092593979633	-6.67903990829631
ENSMUSG00000048280	0.0112988046398259	7.50894981271647	0.673596275804414	0.500605946266084	0.792251128688639	-6.67956919362144
ENSMUSG00000036202	0.00236117452064732	7.44213176524783	0.134948381910739	0.892659302563527	0.969041273395506	-6.67964502248212
ENSMUSG00000023088	0.0101453932769822	7.59265215658062	1.02852731986691	0.303762447260788	0.655589184966851	-6.67969776597091
ENSMUSG00000038406	-0.000362222883512509	7.41916052025108	-0.025970586541006	0.979282061482503	0.995136125736754	-6.68036766642104
ENSMUSG00000040649	-0.00435436651698495	7.47486504144968	-0.249303631421427	0.80313839607507	0.940973934841497	-6.68110175782178
ENSMUSG00000024260	-0.00399854547333156	7.46453954278543	-0.259686164159669	0.795118889211069	0.9373290931157	-6.68151963950303
ENSMUSG00000035569	-0.00250800261234918	7.46165688193842	-0.347135528622431	0.728507298870409	0.910376308109312	-6.68173005653116
ENSMUSG00000045482	0.00184427531516462	7.44536115265194	0.209734337162104	0.833885432755819	0.95066826427097	-6.68304261831647
ENSMUSG00000034308	0.0075672197364236	7.48779667403385	0.33532763269523	0.737395086970299	0.91383966991822	-6.68313143389851
ENSMUSG00000098066	0.00166672471533058	7.44447424255666	0.0987176286046396	0.921367291796022	0.978605385207243	-6.68334558620848
ENSMUSG00000031862	0.000440409270652253	7.44554044539219	0.0372317883118227	0.970302003216717	0.9935566095034	-6.68454359338518
ENSMUSG00000045409	0.00553625834548921	7.47541810945924	0.343553363598653	0.731199797420467	0.911238925639971	-6.68634649617466
ENSMUSG00000025893	0.00266025223800082	7.45728214368557	0.17151886579993	0.863824251965407	0.959899123690434	-6.68642612112956
ENSMUSG00000092526	-0.00110827405758496	7.42775190068354	-0.0579896798824027	0.953759671559195	0.988992246806851	-6.68741787189369
ENSMUSG00000035529	0.0023994270091805	7.46250469215484	0.0740657778538553	0.940961654649032	0.985305099377507	-6.68794612641315
ENSMUSG00000028434	-0.0020528101210493	7.4447437282609	-0.106681535270273	0.915046844914895	0.976834253447399	-6.68816590555296
ENSMUSG00000005267	0.00818486064468527	7.50716858630673	0.538053259034836	0.590569451097189	0.84086289367805	-6.68971998857508
ENSMUSG00000064797	-0.0020711314220252	7.38301856617343	-0.108506523221556	0.91359920968122	0.97629889982814	-6.69032016810569
ENSMUSG00000027896	0.00780416295724873	7.50776785442518	0.596686789927496	0.550749419660275	0.819684795545961	-6.69105971570019
ENSMUSG00000025239	0.00225253561272787	7.41432264091327	0.101830901692332	0.91889587083416	0.977904916207968	-6.69154800733182
ENSMUSG00000040724	0.00716146787278849	7.50619559531169	0.60324211107109	0.546380966047442	0.818198555340011	-6.69208825546585
ENSMUSG00000020773	-0.0118085210794838	7.40472211200672	-0.380088575682017	0.703899330547364	0.899732923876795	-6.69389063665103
ENSMUSG00000085519	0.0159488335701958	7.49122359882116	0.626237829041737	0.531193778991107	0.811312995282093	-6.69425754025424
ENSMUSG00000030428	-0.00112138386199145	7.37870868184414	-0.0466788535696373	0.962771455098839	0.991104699846711	-6.69439528306409
ENSMUSG00000079537	-0.0078805870978691	7.48563260741413	-0.525070984973864	0.599562202920443	0.844820655497336	-6.69473478278637
ENSMUSG00000030380	0.0014737744719362	7.46628214402531	0.110762913954897	0.91180976970428	0.97594670069082	-6.69491160887072
ENSMUSG00000021589	0.000328080155302501	7.47775848075746	0.0190524828849175	0.98480016368617	0.996408829103294	-6.69500457098275
ENSMUSG00000055024	-0.00473549280069463	7.4691516863492	-0.419396616280327	0.674948243244892	0.885775654042614	-6.69557397301769
ENSMUSG00000062234	0.0100486914000024	7.4933141757022	0.517479425572924	0.604849411877259	0.849092593979633	-6.69696550997117
ENSMUSG00000021254	-0.00221487429186773	7.457543047662	-0.245504259868139	0.806078283434435	0.942194851153662	-6.69835525930871
ENSMUSG00000038569	-0.00458746937108234	7.48859325341621	-0.282737174322221	0.777392573342791	0.929077899542344	-6.69866644812612
ENSMUSG00000027254	-0.000636022814469506	7.43341708849868	-0.0568985779280133	0.954628756451962	0.989364644321877	-6.69960643134414
ENSMUSG00000027936	-0.00143829020126152	7.39434372025257	-0.0723333945729437	0.942340113303584	0.985305099377507	-6.70006523900656
ENSMUSG00000039477	-0.00307650508930291	7.47011445899285	-0.371306124968932	0.71042869915386	0.902632583931031	-6.70012555609821
ENSMUSG00000089844	-0.00445945443619422	7.49268981666383	-0.254338233382766	0.799247004392939	0.939174110379569	-6.70043115672301
ENSMUSG00000070604	0.00419870706613779	7.47272541203895	0.227804637601899	0.819809467051845	0.946422543075948	-6.7006886543389
ENSMUSG00000029625	-0.00521765330334656	7.48149395191041	-0.528108610284694	0.597452502349818	0.843865092911641	-6.70121558151696
ENSMUSG00000032400	-0.00849845631740642	7.52440684532548	-0.414356381598286	0.678634778926681	0.888120688483392	-6.70141989440333
ENSMUSG00000021893	-0.0019426582156381	7.43796125723326	-0.131495832477591	0.895389527423853	0.969240339098042	-6.70280881512027
ENSMUSG00000012126	0.000402478830011432	7.4754604082503	0.0183938458152243	0.985325555900328	0.996672894362967	-6.70304002943214
ENSMUSG00000002109	0.00928082134602359	7.50758413376373	0.68436423416143	0.493783829880896	0.788263412872388	-6.70333973246944
ENSMUSG00000040653	0.00664775804018358	7.50553944434908	0.330782386559192	0.740825749081372	0.914975437062896	-6.7041222722659
ENSMUSG00000020863	-0.00953686902999529	7.55581126001471	-0.84007530230611	0.40091509311813	0.732068260268768	-6.70437629549224
ENSMUSG00000041992	0.00700000718012017	7.49803369549074	0.550768797974069	0.581822148719045	0.837348372534072	-6.70518135484881
ENSMUSG00000009418	0.00254751033599465	7.46240627465788	0.249635440021236	0.802881779982227	0.940927361233759	-6.70573097704631
ENSMUSG00000057110	-0.00893255197334142	7.55918334055776	-0.921677179601405	0.356751153297814	0.699166252733705	-6.70673523529988
ENSMUSG00000082286	0.00167233609040718	7.45494798637363	0.0577684808301354	0.953935856690616	0.989023655655837	-6.70717833393282
ENSMUSG00000031938	0.00810247355533988	7.57365266894384	0.999933377591435	0.317401690554718	0.665775213695143	-6.70770751341771
ENSMUSG00000046093	-0.00388152163720878	7.42466939681095	-0.159674810052974	0.873145101009506	0.963466021235964	-6.70818310017877
ENSMUSG00000034377	0.00892018090447078	7.52002470976448	0.692285030354719	0.488797507393774	0.785296433848179	-6.71232664766578
ENSMUSG00000029602	-0.00653820875775857	7.4527349466614	-0.310913106839271	0.755882466921278	0.921120672259162	-6.71348296592284
ENSMUSG00000022974	0.00840994195506806	7.51890678620017	0.682080156647643	0.495226751537691	0.789405069728138	-6.71492970899225
ENSMUSG00000029178	0.00105818850170625	7.47536060902912	0.055361968702339	0.955852788229564	0.989845709464926	-6.71502443243141
ENSMUSG00000036099	-0.00329782885912699	7.47349714165115	-0.249475808017347	0.803005234471303	0.940927361233759	-6.71502915426787
ENSMUSG00000024713	0.00535243499040217	7.47814490076752	0.263287717378721	0.792342040609556	0.936081110865367	-6.71557852269957
ENSMUSG00000079038	0.000757714592522163	7.46783281581889	0.0477244504872064	0.961938169329897	0.991104699846711	-6.71626465723203
ENSMUSG00000103793	0.00504388111132048	7.48683608741384	0.410226948037634	0.681660883718535	0.888901194287128	-6.71688065732762
ENSMUSG00000072501	0.00412508380462651	7.47217267521166	0.218882116991691	0.826752759102764	0.948759397693324	-6.71775653295823
ENSMUSG00000024104	0.00499751204738796	7.50459969244507	0.358836149461481	0.719736122612871	0.906749625482283	-6.71782486508678
ENSMUSG00000067889	0.00164704895211898	7.42241137896805	0.109741340181904	0.91261987812792	0.976026530292265	-6.71834490737916
ENSMUSG00000020327	0.00163197538246074	7.41772227689334	0.101360136876618	0.919269530088865	0.978057562225001	-6.71858554526222
ENSMUSG00000050944	-0.00146057890681561	7.46843759759684	-0.0737751893151556	0.941192863927444	0.985305099377507	-6.72004217963573
ENSMUSG00000053646	0.0027007154178742	7.45494361117941	0.220844564388407	0.825224446478642	0.948651267200053	-6.72004808261351
ENSMUSG00000086968	0.00014324963946688	7.43077469292894	0.011094291485987	0.99114875683048	0.997874037396135	-6.72104003167437
ENSMUSG00000035266	-0.0028077335464598	7.46687688646483	-0.166337910354322	0.867899225770378	0.961290728404015	-6.72214359870664
ENSMUSG00000030527	0.00700683390151813	7.48488346398989	0.508046506057922	0.611448027767925	0.853320881160837	-6.72269020466489
ENSMUSG00000034055	0.00105644748805744	7.43605905742512	0.0526741189828254	0.957994123573733	0.990421366937477	-6.7227132951848
ENSMUSG00000002799	0.000997822164898743	7.44664998074921	0.0726075338572106	0.942121968859215	0.985305099377507	-6.72287949501769
ENSMUSG00000086502	-0.00594596531596281	7.463304821283	-0.423347623843732	0.672063831737949	0.884473056756272	-6.72289289946988
ENSMUSG00000037533	-0.00368394109097459	7.46036241879073	-0.178361323877039	0.858448022971298	0.958402362931889	-6.72325899023006
ENSMUSG00000034218	-0.0101763964119286	7.53929632036627	-0.748492926174835	0.454205773570665	0.764599323272037	-6.72570458806054
ENSMUSG00000078868	0.010011072652758	7.51927842934782	0.653140492369973	0.513702289157353	0.800888375450423	-6.7261289707594
ENSMUSG00000024620	0.00503909440292283	7.45688461592461	0.282196047902737	0.777807415306407	0.929077899542344	-6.72635715169541
ENSMUSG00000054874	0.00141575382328618	7.45557624710435	0.174871980517512	0.861188851781279	0.959161222968165	-6.72730344867644
ENSMUSG00000085583	-0.0100979531788123	7.53502712725829	-0.665375273708816	0.505847879361801	0.795568590623575	-6.72956952028581
ENSMUSG00000030091	0.000128766033618888	7.4556650120475	0.016077288422391	0.987173513728286	0.997399098228489	-6.73133207068486
ENSMUSG00000087314	0.0076095843841486	7.57977582812907	0.890910519823885	0.373029391177095	0.711326650573706	-6.73189276882673
ENSMUSG00000039318	-0.000220167863074217	7.48556288358098	-0.0112394423688389	0.991032957457461	0.997874037396135	-6.73229934210668
ENSMUSG00000062822	-0.00626760721915431	7.48288371533754	-0.354663629113531	0.722859820767973	0.907540832481913	-6.73326556155986
ENSMUSG00000036403	0.00556683303978112	7.51177806679781	0.49922287913577	0.617649132102822	0.856071042021065	-6.73351519173883
ENSMUSG00000044229	0.000968666933657047	7.48699678292069	0.0862620039454822	0.931262349525028	0.982452185310359	-6.73463386975133
ENSMUSG00000071550	-0.00617992688928748	7.52240227864927	-0.608453577793822	0.542920351957012	0.816971601757288	-6.73477514305363
ENSMUSG00000034525	-0.00352563814725215	7.4942570492741	-0.38232632460333	0.702239124025624	0.898704320385911	-6.73533136764326
ENSMUSG00000006763	-0.00912181993635475	7.48382216606719	-0.613063203295195	0.539868514240743	0.816365973240686	-6.73578101689181
ENSMUSG00000100572	0.00564114212123545	7.50443360902817	0.432409358481618	0.665466632171534	0.881248415599243	-6.73676162049948
ENSMUSG00000032525	-0.00194634848773845	7.45159974497058	-0.196082204982201	0.844555530372478	0.954309224517297	-6.73677001528868
ENSMUSG00000025188	0.00246355514211771	7.46812520664071	0.19360096585231	0.846497920857097	0.955108473068605	-6.7371330370808
ENSMUSG00000030757	0.00851147261038765	7.57531386558121	0.794269567576911	0.427084431943268	0.748308442528668	-6.73819596954105
ENSMUSG00000029420	0.00606102576882428	7.49427459776995	0.451140135139469	0.651912383631109	0.873986759346443	-6.73868795892103
ENSMUSG00000025324	8.34989095848115e-05	7.44331499127573	0.00411645701057491	0.996715751813697	0.998657956786442	-6.74033702247062
ENSMUSG00000020175	-0.00223135175090405	7.4899442893686	-0.286328418922795	0.774641043236981	0.928364117758949	-6.74041344983204
ENSMUSG00000019518	0.00107435232931152	7.46618748615087	0.0723144890905936	0.942355157370418	0.985305099377507	-6.74047100186162
ENSMUSG00000035392	0.00313254570533239	7.47573314128456	0.232293986009638	0.816321263368513	0.945233479044624	-6.74103528150375
ENSMUSG00000079645	0.00544618305132882	7.47056290414494	0.342249527735799	0.732180637435478	0.911687304366678	-6.74141462592919
ENSMUSG00000068263	-1.50874397562006e-05	7.45477713171351	-0.00107361481818381	0.99914343164682	0.999438294692902	-6.74148384818718
ENSMUSG00000014164	0.00587993259942365	7.48972318697047	0.481149103651022	0.630436176712874	0.862333906766863	-6.74242950643845
ENSMUSG00000096401	0.00934512569445278	7.47415725096122	0.580177831898892	0.561826546087741	0.826793043727081	-6.74322049430069
ENSMUSG00000047021	0.00217845856888488	7.4525415311049	0.110924432864978	0.911681693514283	0.97594670069082	-6.74566956754934
ENSMUSG00000052812	0.00662012703061432	7.51212767826704	0.502450051009497	0.615377932190062	0.854758119519809	-6.74575357229843
ENSMUSG00000039308	-7.19224826726261e-05	7.46576993143353	-0.00567350542979772	0.995473497592813	0.998657956786442	-6.74651396220673
ENSMUSG00000040209	-0.00327298580412805	7.46609330863913	-0.290328951632002	0.771579257741947	0.927457894915527	-6.74653067804134
ENSMUSG00000021339	0.00211782666512939	7.480792487823	0.240312820550468	0.810099757088018	0.943152847751889	-6.74702112449923
ENSMUSG00000036862	0.00500041468530199	7.48574557663748	0.357365597217077	0.720836499708774	0.906949060175152	-6.74705025992491
ENSMUSG00000043154	0.00931435480251697	7.51948004637814	0.493255057897301	0.621858765966547	0.858726616461983	-6.74707955762179
ENSMUSG00000033713	-0.00413581401640606	7.50152511696951	-0.459831249521677	0.64566170423984	0.871182120207158	-6.74810551082513
ENSMUSG00000025059	-0.00876775833524324	7.50800465463199	-0.521724020060537	0.60189064654913	0.846688561760167	-6.74886601695651
ENSMUSG00000097494	0.000396102435018086	7.43945952891074	0.023974414074999	0.980874182767704	0.995951388069649	-6.7499094418128
ENSMUSG00000054387	-0.00101227851721664	7.44106574342867	-0.0646184888749496	0.948480910006953	0.986536569073592	-6.75007114304044
ENSMUSG00000040797	0.00206411942703255	7.45186197717154	0.173040167377998	0.862628386404205	0.959592686484099	-6.75054435014453
ENSMUSG00000034160	-8.83631550747666e-05	7.45217416085489	-0.00461008084407172	0.996321924718442	0.998657956786442	-6.75059646239833
ENSMUSG00000037552	0.00306881789029045	7.46153492829719	0.255844074665015	0.798084058938126	0.938620766804805	-6.75080046137983
ENSMUSG00000059645	-0.0040636619520189	7.45382138232913	-0.184243943196226	0.853831188857901	0.957664068376524	-6.75080602900436
ENSMUSG00000039873	0.00234943153105505	7.46074844206218	0.108730409492293	0.913421636017407	0.976207673113984	-6.75089453967625
ENSMUSG00000038002	0.00485689546547796	7.51589230979218	0.53770534210898	0.590809639651905	0.84086289367805	-6.75412602295014
ENSMUSG00000032580	-0.00746540007102503	7.55326674553817	-0.817888570890176	0.413468289119673	0.741513721799936	-6.75469346595341
ENSMUSG00000025085	0.00132861524240457	7.48206823964175	0.100244390246538	0.920155200598157	0.97817735767712	-6.7548833942588
ENSMUSG00000028703	0.00652147919737356	7.54774884754174	0.64659529817851	0.517930052375334	0.803719314421973	-6.75618253990386
ENSMUSG00000097379	0.00158936877157512	7.50667299679538	0.0735271936355596	0.941390187751872	0.985305099377507	-6.75739488484472
ENSMUSG00000041633	0.00572550338908684	7.50549175648198	0.364951098825279	0.715166710882859	0.904916983257229	-6.75807209455208
ENSMUSG00000091890	-0.00332623122959852	7.48911448060861	-0.181807534774829	0.855742748123251	0.958226742697816	-6.7597110302981
ENSMUSG00000102854	0.00895185494753736	7.55126307466261	0.728497317491167	0.466350767010138	0.770607251268221	-6.76019896322598
ENSMUSG00000078485	0.0023992485815949	7.47592802675346	0.143849996146681	0.885625983453666	0.96655104516283	-6.76056042551625
ENSMUSG00000054457	-0.00454961746667948	7.50654772447326	-0.303609075365267	0.761441123945961	0.923565822012823	-6.76147602116868
ENSMUSG00000085440	-0.00386488566309762	7.43750634655016	-0.276827555913915	0.781926459380537	0.932069538973212	-6.76410249382765
ENSMUSG00000059540	0.00305972314706437	7.46136671420474	0.264389938862402	0.791492736769908	0.935820923094655	-6.76414460200836
ENSMUSG00000088170	-0.00508106809602182	7.49739496295267	-0.395552596529553	0.692455668753859	0.894721619838447	-6.76417173396453
ENSMUSG00000038623	-0.00160197371258874	7.46034827660605	-0.108350422185912	0.913723022563746	0.97629889982814	-6.76425450081302
ENSMUSG00000079065	-0.00889134984686457	7.58161745081016	-0.85788801170989	0.391004391025429	0.72302748684162	-6.76486434844608
ENSMUSG00000020790	0.000135550356590741	7.4753826933472	0.00964596027447173	0.992304225317596	0.997874037396135	-6.76532345837474
ENSMUSG00000020620	0.00400335057467416	7.52172596034689	0.323197860478987	0.746561863980371	0.917963991585129	-6.76663157947251
ENSMUSG00000019841	0.00945675366648668	7.51168858909627	0.472710141614709	0.636445122259819	0.864382867555635	-6.76716650293167
ENSMUSG00000041936	0.00181161414192044	7.46366759716271	0.186803865115804	0.851823647922601	0.957029245898235	-6.76739165608473
ENSMUSG00000056553	0.00387608844787124	7.48200442857263	0.233722141901135	0.815212351898899	0.944706101663167	-6.76778227038436
ENSMUSG00000063297	0.00478989964202814	7.49181044777903	0.313278996616129	0.754084622413202	0.9202182251354	-6.76822644373397
ENSMUSG00000026490	0.000824082816375693	7.47236481927701	0.0863010975771484	0.931231275130041	0.982452185310359	-6.76912795667185
ENSMUSG00000040225	0.00188934776807326	7.47683644091534	0.13911316840506	0.889367546882121	0.968159031905154	-6.76967939486879
ENSMUSG00000036281	0.00771544261410995	7.52341229778747	0.654553755702587	0.512791778637356	0.80020573404933	-6.77040086939325
ENSMUSG00000010608	0.00649317019470974	7.51495449712887	0.444820780863195	0.656472728308583	0.87666464997813	-6.77122078995353
ENSMUSG00000063108	0.00945215941327948	7.53439737877745	0.583471638874844	0.559607899841599	0.825319689552093	-6.77219127162336
ENSMUSG00000025077	-0.00273340390521248	7.46271606419631	-0.160490179292355	0.872502854309645	0.963305675792359	-6.77292413812265
ENSMUSG00000034796	0.0106017570788657	7.50723067792232	0.554217198519069	0.579460400417629	0.836272738637799	-6.7745831444286
ENSMUSG00000055670	0.00235039318098362	7.49092302224291	0.214779718297807	0.82994973557078	0.949445170012688	-6.77712341891177
ENSMUSG00000034781	-0.00868073742651809	7.52341653028112	-0.532564492056826	0.594363913666707	0.842592154789924	-6.77713116656297
ENSMUSG00000028344	0.00256751471006922	7.46227781392599	0.23885968218102	0.811226313654102	0.943152847751889	-6.77734316765174
ENSMUSG00000039234	-0.000833328459370009	7.48004311235601	-0.0387616567538244	0.969082300272195	0.9935566095034	-6.78078057606958
ENSMUSG00000001280	-0.00549529341675292	7.50933005611885	-0.356795821468076	0.721263004130748	0.907103634794004	-6.7814080450048
ENSMUSG00000100131	0.00689924360134775	7.52830115708383	0.594345388910005	0.552313881400407	0.821532814484555	-6.78301194910312
ENSMUSG00000033054	0.00609432577614832	7.52926681480265	0.334187397768837	0.738255225200618	0.914171553865191	-6.78309111550272
ENSMUSG00000063810	0.0016218733787623	7.4749905116389	0.123575334069709	0.901657573515952	0.972295663861392	-6.78504287605202
ENSMUSG00000103388	0.00927536717325594	7.49988948190917	0.65231394296061	0.514235192560036	0.801195212678576	-6.78556381250934
ENSMUSG00000085286	0.00819871619273371	7.54855752774767	0.724641290228515	0.46871342226428	0.772133870368484	-6.7866255625718
ENSMUSG00000086506	-0.00114387060197263	7.46747332652292	-0.121351143417346	0.903418852433091	0.972636943555509	-6.78671066482666
ENSMUSG00000085882	-0.00641066819606184	7.51693433866964	-0.472079136036887	0.636895397903502	0.864458605389585	-6.78681412437156
ENSMUSG00000068748	-0.00527268228641731	7.48656008507991	-0.261952405112888	0.793371280013121	0.936465368414493	-6.78863707327752
ENSMUSG00000036591	-0.00403114669087135	7.49073995564926	-0.350304583337421	0.726128099643536	0.909114991733437	-6.78958469405394
ENSMUSG00000046329	0.00139232441217452	7.46832998024287	0.161736087345096	0.871521645057714	0.962737178986742	-6.78974086791491
ENSMUSG00000031665	-0.00748135247873005	7.4672742626428	-0.453035616106348	0.650547039968208	0.873105995633436	-6.79113182481212
ENSMUSG00000009741	0.00377411986244347	7.51377066256491	0.390613708847548	0.69610306105881	0.896103807618244	-6.79196596360095
ENSMUSG00000031502	-0.00444923087313587	7.4650009653775	-0.250457713886773	0.802245936647842	0.940835193348385	-6.79217994140706
ENSMUSG00000020593	0.000336710495397519	7.47419040895908	0.0218610162149742	0.982559884432019	0.995951388069649	-6.79266370031465
ENSMUSG00000025241	-0.00871211816077633	7.53228120486507	-0.676378995557475	0.498838157749816	0.791023127809592	-6.79304963227384
ENSMUSG00000031822	0.000281643472833437	7.4711005129004	0.0319734606888068	0.974494769847427	0.993930950840525	-6.79311697188651
ENSMUSG00000048148	0.000802921708276116	7.48116334146902	0.100382554278281	0.920045521727124	0.97817735767712	-6.79768666858076
ENSMUSG00000029863	-0.00418298250132221	7.4576473763753	-0.209531620128119	0.834043651826987	0.95066826427097	-6.79936709472308
ENSMUSG00000018501	0.00425106626892013	7.49348628490056	0.258435916452981	0.796083457321308	0.937685446069051	-6.80049360219791
ENSMUSG00000024169	0.000298740510351614	7.47588256848253	0.0523742023994192	0.958233077890671	0.990421366937477	-6.80150666852877
ENSMUSG00000055065	0.00418201855113676	7.49724938086049	0.322890870398599	0.746794336563595	0.917963991585129	-6.80181102397841
ENSMUSG00000025571	0.0105232958812858	7.58960155998831	0.827075460282213	0.408242367597397	0.737821793452362	-6.80276113694769
ENSMUSG00000004996	0.00297689948790669	7.47572490036257	0.219766819909399	0.826063689500409	0.948759397693324	-6.80347811508032
ENSMUSG00000089389	0.00206211187152139	7.50794668902762	0.136801763188084	0.891194198833265	0.969005712180271	-6.80361018006738
ENSMUSG00000099179	0.000369855964814647	7.48820866474331	0.017702351233146	0.985877165270501	0.996683514036049	-6.80456194065821
ENSMUSG00000056673	-0.00162337872358709	7.45504752215766	-0.079514034753113	0.936627644801719	0.984155212529857	-6.80554151832221
ENSMUSG00000027201	-0.00517390179092647	7.50275485533386	-0.213206565014309	0.831176435682932	0.94985587617913	-6.80572404006028
ENSMUSG00000040840	0.000145084625760461	7.48302164700002	0.0215262305605855	0.982826925608164	0.995951388069649	-6.80637253810194
ENSMUSG00000030447	-0.0104824645010195	7.46840748743347	-0.527713411936772	0.597726785588733	0.84407663358109	-6.80825261408758
ENSMUSG00000046169	-0.00369558140061788	7.51178058003521	-0.248585475120335	0.803693880709598	0.940974234426661	-6.81402472147363
ENSMUSG00000039850	-0.00747712730682437	7.56580734470263	-0.737614485821453	0.460790911812464	0.767555671952556	-6.81432803234839
ENSMUSG00000020692	-0.0033010903593631	7.48342341278585	-0.186611232911529	0.851974680628528	0.957064104500698	-6.81623130515941
ENSMUSG00000044676	-0.00161173075882193	7.51742370280321	-0.217473775138796	0.827849951134859	0.948759397693324	-6.81719224739678
ENSMUSG00000026554	-0.00360982242558361	7.50292763645108	-0.288813058480172	0.7727390222698	0.927594259379529	-6.81801040293318
ENSMUSG00000031986	0.000929204747815326	7.51884279701034	0.0900519541220489	0.928250322588184	0.980948602376853	-6.82020379222373
ENSMUSG00000038256	-0.00910815398994735	7.56247249655014	-0.72912836874086	0.465964741590857	0.770526889436375	-6.82064399232412
ENSMUSG00000091507	0.0064841131767146	7.56611090274312	0.709524247950122	0.478039508808221	0.778623217253948	-6.82252079625359
ENSMUSG00000034543	-0.00878860432250939	7.55533604137199	-0.668852346426436	0.503627283272955	0.793879596837665	-6.82291656981579
ENSMUSG00000022961	-0.0053996488960717	7.5107880523838	-0.448962563710871	0.653482363092008	0.875092946817643	-6.82301330743252
ENSMUSG00000030760	0.00855815749876943	7.51642189652629	0.42650406607982	0.669762951119262	0.883744969610965	-6.82406133982209
ENSMUSG00000042476	-0.00283323161595472	7.53734623863358	-0.174794041977537	0.861250090604398	0.959161222968165	-6.82698018191821
ENSMUSG00000000148	0.00524159111443101	7.54258661110824	0.5747282683031	0.565506582305069	0.829059066056674	-6.82728936244357
ENSMUSG00000022960	-0.00702922331244604	7.53043723280799	-0.445600612056833	0.655909267845209	0.876398724100261	-6.82909996496511
ENSMUSG00000014602	0.00492811014056294	7.53566723764968	0.547606716841136	0.583991749234998	0.838080626430569	-6.83259584394544
ENSMUSG00000008200	-0.000222964105224044	7.52031544400589	-0.0154057176137853	0.987709250667684	0.997494377694783	-6.83416646752456
ENSMUSG00000001855	0.00660479743102993	7.57961943791402	0.73774732742672	0.460710176955289	0.767555671952556	-6.83468517081096
ENSMUSG00000038119	-0.00576598049476207	7.54612302375513	-0.597948947403219	0.549906985513187	0.819647274845993	-6.84051438193712
ENSMUSG00000027365	0.00896215304551706	7.55283585374341	0.702226447643033	0.482577770416301	0.781042068915388	-6.84130945442788
ENSMUSG00000041879	0.00635739923981316	7.53308257051	0.551458505085117	0.581349420678855	0.83727002754481	-6.84591145351683
ENSMUSG00000025245	0.00141094091790439	7.47866269939997	0.0953543919016999	0.924037995390137	0.979293921793128	-6.84759618650979
ENSMUSG00000042249	0.00131400965602069	7.47459770394687	0.0636946391084005	0.949216474809906	0.986923080174287	-6.84869229352462
ENSMUSG00000020532	-0.00868412247492412	7.56725709783354	-0.700573200160339	0.483609114793902	0.781605398979216	-6.84887563124133
ENSMUSG00000079654	-0.00153292063325683	7.51372183481219	-0.103844082248968	0.917298156034561	0.977307287131546	-6.85134180577589
ENSMUSG00000078700	0.00293921868251257	7.50700982866359	0.333711617139777	0.738614228168818	0.914365568436161	-6.85232725792858
ENSMUSG00000024298	-0.00072523083779874	7.49932928286064	-0.0698675133065295	0.944302513855518	0.985878735017123	-6.85315621892808
ENSMUSG00000072640	0.00529806246965325	7.53943163987919	0.442621560173739	0.658062809036999	0.877286033861334	-6.85363065111248
ENSMUSG00000054640	0.00274331099252567	7.50582113870036	0.239345228259454	0.810849846738419	0.943152847751889	-6.85413645774127
ENSMUSG00000039840	0.00238087993131231	7.50902631596417	0.279191420684451	0.780111992427913	0.930479316735959	-6.85418185908884
ENSMUSG00000026153	0.0106606638081903	7.56032271087593	0.652036297943251	0.514414263876179	0.801290049360435	-6.85483582224778
ENSMUSG00000029823	0.00889635385908516	7.56939083477035	0.681923898134686	0.495325547096523	0.789405069728138	-6.85551745582246
ENSMUSG00000018900	0.0058414651139751	7.46332042345453	0.434036767862718	0.664284552594229	0.88047413863257	-6.8567652983204
ENSMUSG00000000794	-0.00118998106261703	7.50881794124282	-0.127274927281103	0.898729038158742	0.970868031893389	-6.85688900133298
ENSMUSG00000085269	0.00519695256777641	7.58699972081728	0.787699092761032	0.430918217456915	0.75031914248686	-6.8590990285977
ENSMUSG00000020287	0.00113671251229785	7.52230269706153	0.102113443777748	0.918671617844511	0.977887241480402	-6.8608711116239
ENSMUSG00000038630	0.00919789839085006	7.57995811644817	0.680220028147934	0.496403514140784	0.790211384384904	-6.86163302844158
ENSMUSG00000037415	-0.000977782728100784	7.47155413058639	-0.125397712996311	0.900214839353714	0.971665108841483	-6.86234627218254
ENSMUSG00000005102	0.0020962473400159	7.51863789693375	0.306481727528251	0.75925343441604	0.92272840299504	-6.86440938604286
ENSMUSG00000020312	0.000407896356434456	7.51169540268584	0.0475485476591382	0.962078351750315	0.991104699846711	-6.86520956177047
ENSMUSG00000052613	-2.66962040251784e-05	7.5212214417245	-0.00209910029531898	0.998325263514036	0.999158191602803	-6.86690497609242
ENSMUSG00000028708	-0.00102636541418022	7.48272561915577	-0.072740987481261	0.942015775629212	0.985305099377507	-6.86742701844852
ENSMUSG00000000823	0.00634946551152016	7.55796675309212	0.627565705196895	0.530323388115965	0.81112639329909	-6.86755037586536
ENSMUSG00000020170	0.00247576381178938	7.52846158472868	0.161463062022152	0.871736648048517	0.962773336122662	-6.86849658747055
ENSMUSG00000019842	-0.000975467837961652	7.5159296147076	-0.103078581205236	0.917905639451396	0.977523419629086	-6.86997640086303
ENSMUSG00000020697	-0.00167200020077107	7.52039960551811	-0.227764985004068	0.819840292947114	0.946422543075948	-6.87297073146905
ENSMUSG00000100862	-0.00417115599408291	7.52444330498842	-0.338956031371386	0.734660191252133	0.912846126339259	-6.87465050599845
ENSMUSG00000074829	-0.00345946877437076	7.51230828401744	-0.265976042631727	0.790271017723198	0.9354272768916	-6.87522167295926
ENSMUSG00000015709	0.00774693910336932	7.5492473590481	0.606964997734547	0.54390771093911	0.817367801987953	-6.88053608646239
ENSMUSG00000050103	0.00490086681183843	7.50851720243082	0.431497258347312	0.666129506258999	0.881621013156079	-6.88323695978388
ENSMUSG00000022983	1.30469143089229e-05	7.4974378259941	0.00131753268449861	0.998948825339427	0.999317359547845	-6.8839425669296
ENSMUSG00000062960	-0.00637409001076517	7.46336394663603	-0.368191449616767	0.712749470769704	0.903855641700777	-6.88485713535667
ENSMUSG00000025262	0.00253629076276063	7.51916871993049	0.216710151181325	0.828445005707756	0.949134475864945	-6.88488367779151
ENSMUSG00000002617	0.00892383726724688	7.63267103872707	0.871305764048565	0.383638179181529	0.717649670763426	-6.88852607364056
ENSMUSG00000050545	0.00125890779052185	7.53079056662388	0.101781872218236	0.91893478607023	0.977904916207968	-6.88920196314687
ENSMUSG00000050919	-0.00425301991406091	7.50985114524939	-0.47877373175779	0.632125106837066	0.862731922676251	-6.89097147000545
ENSMUSG00000065694	0.00157088544639095	7.4971862901769	0.0690626837405579	0.944943088058355	0.985878735017123	-6.89150627505601
ENSMUSG00000104154	0.00458568902900769	7.51280486481593	0.243343581546671	0.807751405170434	0.942326515620588	-6.89229683439655
ENSMUSG00000041710	-0.00207937967762106	7.52211639408015	-0.151103580485683	0.879901433047089	0.964478537331763	-6.89450540296848
ENSMUSG00000003119	-0.00627763966581796	7.55365117591499	-0.479084213276991	0.631904239793927	0.862731922676251	-6.89632218166796
ENSMUSG00000056919	0.000618869406099343	7.49897726669117	0.0404344155186943	0.96774875948271	0.993357217392804	-6.89783094537033
ENSMUSG00000103509	6.38028081283437e-05	7.51053415858196	0.00548277547655478	0.995625666441452	0.998657956786442	-6.8988623311348
ENSMUSG00000101643	0.00793244619000966	7.62481697067706	0.850879491707664	0.394885929104461	0.726341531243831	-6.90054564852566
ENSMUSG00000023092	0.00327964949327963	7.52637781902994	0.2966721989739	0.766731793590306	0.925264767022463	-6.90385785621129
ENSMUSG00000087153	-0.000119251182940872	7.53560123266043	-0.00963759807379893	0.992310896671884	0.997874037396135	-6.90721522503125
ENSMUSG00000026004	-0.00582809827263464	7.53501170744083	-0.46298426877329	0.643400186459109	0.869799554094386	-6.90724639117853
ENSMUSG00000020196	-0.000887067174199174	7.52046827985093	-0.154578376648237	0.877161317536918	0.964478537331763	-6.91186717157487
ENSMUSG00000004815	0.00292520329268431	7.51838237860326	0.244788286743376	0.806632599426292	0.942326515620588	-6.91417366777324
ENSMUSG00000063077	-0.00206159505155146	7.51901176415767	-0.176775095265927	0.859693773127247	0.95850175601806	-6.9181288813037
ENSMUSG00000055254	0.00159908681991006	7.52521974328396	0.136946975499684	0.891079423674322	0.968980977396252	-6.92052171990946
ENSMUSG00000015222	0.00138726033864067	7.50606595818779	0.0848087842193626	0.932417545739188	0.982721427457692	-6.92184554319049
ENSMUSG00000036304	0.0103152492594774	7.58622672921887	0.649328674581364	0.516162284940741	0.801985819301693	-6.92555127167957
ENSMUSG00000023083	0.00431719387379292	7.52981662872978	0.382639969210579	0.702006541510432	0.898704320385911	-6.92632536000824
ENSMUSG00000054659	0.00132504607975914	7.55822211202338	0.0858885858130801	0.931559174053393	0.982560572123385	-6.92766483787575
ENSMUSG00000103831	0.00464336767145568	7.56505910688296	0.532102313468644	0.594683932566601	0.842764164078391	-6.92778891007376
ENSMUSG00000026707	-0.00225565821184759	7.49114434200214	-0.108376143960989	0.91370262097182	0.97629889982814	-6.92793492454247
ENSMUSG00000104271	-0.00694224541535871	7.58101085981533	-0.613352680138876	0.539677150911508	0.816258680506272	-6.92825602837833
ENSMUSG00000057672	-0.000226570811556748	7.51237787360927	-0.0296968893051851	0.976310236493577	0.994117737593759	-6.9314252451589
ENSMUSG00000055436	0.00249641408053414	7.52622902730147	0.246398117858177	0.805386383398925	0.9418559414181	-6.9330444994868
ENSMUSG00000020961	-0.00131846879867847	7.53411966442335	-0.123991411864443	0.901328145794384	0.972178704749736	-6.93392725631692
ENSMUSG00000035696	0.00481822335459459	7.55022572864543	0.561090117793862	0.574766731580792	0.834017125253704	-6.93438252773911
ENSMUSG00000058997	0.00508120472575335	7.55428836877345	0.575130469595474	0.565234584245386	0.82901887637375	-6.93611236258813
ENSMUSG00000005871	-0.00148998884183538	7.51293091977053	-0.0779591985363694	0.937864308733453	0.984208437161342	-6.93908511201324
ENSMUSG00000088290	-0.00285068692627277	7.52387941143185	-0.315999202091015	0.752019179803488	0.919209884581292	-6.93954742038144
ENSMUSG00000028018	0.004551201305798	7.50955148914457	0.301006685938993	0.763424641616319	0.92395992492392	-6.94075571771465
ENSMUSG00000032185	0.00380795702299608	7.54745281099303	0.38249132242741	0.702116766748653	0.898704320385911	-6.94236089992541
ENSMUSG00000026761	0.00252578105087231	7.53965333553675	0.243683715006949	0.807487964191904	0.942326515620588	-6.9427210022921
ENSMUSG00000038740	0.00115551280194293	7.50975449849413	0.1063927175585	0.915275969757615	0.976880390299437	-6.94350385063816
ENSMUSG00000103697	0.00314848292470593	7.54713672368612	0.394807547648271	0.69300543675398	0.894961562546506	-6.94718670398701
ENSMUSG00000096954	0.00625514539062877	7.59194756095235	0.688444054365138	0.491212094017627	0.786287316492443	-6.94822172312463
ENSMUSG00000064120	0.00491928039810219	7.53671054723804	0.431638181463285	0.666027072505155	0.881621013156079	-6.94886022457455
ENSMUSG00000029016	8.02813666194169e-05	7.53827074955298	0.00629246916884648	0.994979674907473	0.998588676615258	-6.95097762006463
ENSMUSG00000066800	0.00613789719541558	7.5445798154376	0.530740023012029	0.595627659292723	0.842871235706692	-6.95185290466701
ENSMUSG00000055485	0.000616421268620826	7.53268277249435	0.0749921264638572	0.940224630702646	0.985107660258645	-6.95670620474091
ENSMUSG00000058704	0.0012964980413166	7.51986583909511	0.113443591507904	0.909684429389144	0.975201365339822	-6.95676311724063
ENSMUSG00000025369	-0.00551243527614265	7.56239548422342	-0.482103341025313	0.629758240441416	0.862161390347216	-6.95710422566496
ENSMUSG00000058281	-0.00534015276443434	7.57137488040773	-0.380802106055697	0.703369802015277	0.899395244338689	-6.9670084119989
ENSMUSG00000035293	0.00410883472573875	7.5400068092735	0.415848297137214	0.67754275323793	0.887462530035731	-6.96745791607223
ENSMUSG00000019947	0.000610062034851033	7.51289738870939	0.046560809405564	0.962865532663726	0.991104699846711	-6.96925312124118
ENSMUSG00000084984	0.00187809511131132	7.51953777517284	0.150006533181186	0.880766830715249	0.964711910254308	-6.9697541966459
ENSMUSG00000031189	-0.000614233699802291	7.53548170284688	-0.0673184825116807	0.946331441925045	0.986115720340959	-6.97002351955848
ENSMUSG00000097225	-0.00679197401539078	7.56466031020009	-0.504977228211863	0.613601939027224	0.854758119519809	-6.97181988461456
ENSMUSG00000024483	0.00139531721182884	7.53263923255747	0.168193663270104	0.866439212068855	0.960914751511618	-6.97185372810314
ENSMUSG00000034156	-0.00304658689358028	7.53194473033406	-0.31321408082736	0.754133934319218	0.9202182251354	-6.97358630740089
ENSMUSG00000040852	0.00414476021131893	7.54408431176516	0.474290350585656	0.635318099677803	0.864302909435245	-6.97467874566042
ENSMUSG00000020181	0.00221701529388163	7.53033610677169	0.153595220274351	0.877936455989164	0.964478537331763	-6.97702135763288
ENSMUSG00000061436	0.00243490986660611	7.55793138725755	0.321747943680082	0.747660036492435	0.917963991585129	-6.97805837872754
ENSMUSG00000026141	-0.00583721176831808	7.54481140042494	-0.425439882426551	0.670538340095557	0.884009997570552	-6.98101483140676
ENSMUSG00000032410	-0.000927333785260664	7.54259284886851	-0.0666563241361243	0.946858551415734	0.986115720340959	-6.98338774063898
ENSMUSG00000086330	0.00405439215453285	7.55429947140944	0.44978253037089	0.652891005175494	0.87456500743836	-6.9861171051182
ENSMUSG00000047773	0.00318242484143649	7.53062670246287	0.219368896309782	0.82637360417316	0.948759397693324	-6.98628730617629
ENSMUSG00000089820	-0.00855882178397227	7.59881335068986	-0.656622356609605	0.511460578118861	0.799076114097202	-6.98743493846513
ENSMUSG00000006276	-0.00348564657855643	7.55943641808043	-0.414006578064367	0.678890919690595	0.888162585505434	-6.98794856422265
ENSMUSG00000045215	-0.00592338554576521	7.56062443899424	-0.395715735301394	0.692335311050285	0.894702803561237	-6.98862858012936
ENSMUSG00000024050	-0.00793504640334852	7.59059770845139	-0.61997795024868	0.535306717488949	0.813733431518687	-6.98888975294501
ENSMUSG00000036270	-6.0682411535673e-05	7.51802044845541	-0.00486971452000671	0.996114781961327	0.998657956786442	-6.98897684395785
ENSMUSG00000028894	-0.0016186938752254	7.52523669748502	-0.152949588032297	0.878445547986019	0.964478537331763	-6.99381608812519
ENSMUSG00000031295	0.00180201963408866	7.52704141111036	0.139618663109617	0.888968143645878	0.968004986872606	-6.99529281422407
ENSMUSG00000051951	0.00485659587913112	7.54962195992157	0.293452715302244	0.769190971904646	0.926665292081322	-7.00778425433248
ENSMUSG00000087159	0.00198828799038164	7.55135720919182	0.24298552316054	0.808028752969863	0.942326515620588	-7.00835321002092
ENSMUSG00000033632	0.00260752868337288	7.55447118732377	0.26186809629006	0.79343627614145	0.936465368414493	-7.00956176917304
ENSMUSG00000021767	-0.00284005450868818	7.5529949688338	-0.212936588491681	0.831386997144562	0.949975215523128	-7.01826555333029
ENSMUSG00000054008	0.00524558109590778	7.58017213578717	0.526734401369286	0.598406503907881	0.844342806401936	-7.02026622902476
ENSMUSG00000039512	0.00475793388865586	7.58768288892797	0.509680870566621	0.610302456854792	0.85268762469469	-7.0243872435995
ENSMUSG00000032743	0.00243981902615431	7.58578219125706	0.531469270830191	0.595122387867962	0.842800702191373	-7.02709006707924
ENSMUSG00000025512	-0.00124106033830973	7.53629488380057	-0.154637557838023	0.877114661757616	0.964478537331763	-7.02761404620321
ENSMUSG00000041954	0.00185547308009504	7.5619078221277	0.309455083752545	0.756991081256934	0.921594488150021	-7.02893836426505
ENSMUSG00000027981	-0.00461194887611249	7.58234535813641	-0.45304358041788	0.650541305624124	0.873105995633436	-7.02913358625735
ENSMUSG00000014547	-0.00230316681384402	7.54476034034095	-0.344699171996769	0.73033819979309	0.911042695421132	-7.0318285349319
ENSMUSG00000027674	-0.000992704001392397	7.54381483360246	-0.081146654780775	0.935329278905572	0.983648337217014	-7.03556764157377
ENSMUSG00000025278	0.00297713902862728	7.54784667774763	0.32722477478984	0.74351456950291	0.916415503029132	-7.03866900533722
ENSMUSG00000104237	-0.00363815920552391	7.58189153638122	-0.469146128748123	0.638990104774495	0.865750542649961	-7.03913668395463
ENSMUSG00000037791	-0.00257025293230928	7.57645150729055	-0.320654536042514	0.748488526713537	0.917963991585129	-7.04027869272678
ENSMUSG00000056771	-0.00322546741068219	7.55570195892939	-0.346820151043064	0.728744215364387	0.910376308109312	-7.0413008038143
ENSMUSG00000033624	0.00165833777578861	7.56993231929426	0.2200492273935	0.825843758639171	0.948759397693324	-7.04320643562214
ENSMUSG00000020464	-0.0023701931896456	7.5801181486769	-0.2852124455114	0.775495775350655	0.928737878281616	-7.04590397737232
ENSMUSG00000028556	-0.00287540248070695	7.57181561398871	-0.305101226291885	0.760304526021551	0.922935619160995	-7.04619481444417
ENSMUSG00000097090	0.00274396427166224	7.56836835480989	0.397206358664651	0.691235944950497	0.894379895453339	-7.05639150620166
ENSMUSG00000005621	-0.000164165751353806	7.55405520893717	-0.0211843672014363	0.983099614289013	0.995951388069649	-7.05686586607154
ENSMUSG00000039715	0.00105189396198035	7.57534444623766	0.0843326666577852	0.932796053116685	0.982721427457692	-7.05796886204136
ENSMUSG00000073514	0.00365643527930004	7.56652027020514	0.310708948156061	0.756037669674329	0.921122775814388	-7.06179739052951
ENSMUSG00000030096	0.00663298388426714	7.64194270688759	0.666571882991612	0.505083096078714	0.794809540950106	-7.06560841124202
ENSMUSG00000097123	0.00333564934301567	7.53408943609563	0.254783380016658	0.798903175806342	0.938975424993299	-7.06604141271823
ENSMUSG00000024831	0.00227647515429563	7.53857827236425	0.166166076665148	0.868034438815303	0.961290728404015	-7.06837621536952
ENSMUSG00000101872	-0.00422651931818852	7.59084099509687	-0.522203101985011	0.601557104911605	0.846587402526387	-7.0713750953762
ENSMUSG00000018474	-0.00351525829591814	7.56539916176465	-0.344709976843611	0.730330076640543	0.911042695421132	-7.07736942069833
ENSMUSG00000096996	-0.00364351579902511	7.58924663716112	-0.508818077785788	0.610907093240686	0.853015955940033	-7.08083085954917
ENSMUSG00000038024	0.00141122105566094	7.57379398704226	0.123101411918402	0.902032819882885	0.972349684033612	-7.08572704754119
ENSMUSG00000028572	-0.00159638223515124	7.56140343964082	-0.119754275681691	0.904683664375285	0.973082199254273	-7.09093057445029
ENSMUSG00000035545	0.00101073402091956	7.56317085523033	0.216155724287692	0.828877105044069	0.949388847696839	-7.09305286166578
ENSMUSG00000020640	0.00267767607880831	7.5757040225984	0.287147422816898	0.774013935951191	0.928118481508493	-7.09978899753144
ENSMUSG00000035183	-0.00526686206302429	7.56580507940651	-0.418449608712915	0.675640313177396	0.886318611228006	-7.102662319393
ENSMUSG00000047036	0.00298575276542401	7.60201406570344	0.483627137544728	0.628676308701335	0.8617177477342	-7.10513353881924
ENSMUSG00000032178	0.000436126070089138	7.580611947536	0.0790484457083603	0.936997942614252	0.984208437161342	-7.10917815224868
ENSMUSG00000010505	0.00245673770946819	7.57902873485839	0.238499591886087	0.811505536957324	0.943152847751889	-7.11102503658921
ENSMUSG00000014791	-0.000216414161066325	7.57082457863288	-0.0181663408080983	0.985507037245545	0.996672894362967	-7.11244528150561
ENSMUSG00000085133	0.00220848447433042	7.57580140522961	0.206475517480742	0.836429727246367	0.951318285688503	-7.1216888964336
ENSMUSG00000102602	-0.00167341280733702	7.58148933430945	-0.275465050432653	0.782972838364872	0.932142974694375	-7.12448732524788
ENSMUSG00000067150	0.000483870611530435	7.57652664939223	0.079009277598364	0.937029094883754	0.984208437161342	-7.12919834774317
ENSMUSG00000072294	-0.0018909968809071	7.58535575012125	-0.244339591396815	0.806980034931027	0.942326515620588	-7.13833089286477
ENSMUSG00000041415	0.00295096256702987	7.59875797291388	0.253706512715757	0.799735008466135	0.939396176773654	-7.14060561782059
ENSMUSG00000087885	0.00046646891109603	7.57800092689946	0.0468159548838369	0.962662190222873	0.991104699846711	-7.14453833428127
ENSMUSG00000026082	0.00273983558555546	7.5948940016695	0.230178549993992	0.817964498709657	0.94579192774938	-7.14617565549386
ENSMUSG00000045659	0.00187230241483327	7.59493768796146	0.235050478396365	0.814181278804778	0.944363912912582	-7.14804046278713
ENSMUSG00000038593	0.00303008668891014	7.61875235673608	0.436572189290368	0.662444596876797	0.880042145801475	-7.16039046908818
ENSMUSG00000104344	0.00320289517556827	7.60393241195288	0.355336072819429	0.722356091329286	0.907412571689285	-7.17063758185912
ENSMUSG00000029004	0.00224415275646894	7.59261525618961	0.228438081173923	0.819317066360194	0.946394976697527	-7.18226056185832
ENSMUSG00000079487	-0.00148204679070307	7.60336268435527	-0.18079218627344	0.856539621768251	0.958226742697816	-7.20415528922311
ENSMUSG00000062627	-0.00298208535741473	7.61600525672097	-0.237622316629684	0.812185899155819	0.943583240853007	-7.23566393152115
ENSMUSG00000085334	-0.000119167645634022	7.57979546193541	-0.0133849809844302	0.989321299679573	0.997860999890581	-7.24170800597336
ENSMUSG00000029093	-0.00190398005137471	7.61413335477603	-0.150001727498257	0.88077062195689	0.964711910254308	-7.2557465840811
ENSMUSG00000037519	0.000361870479213877	7.6146233294633	0.055023669237706	0.95612228481975	0.989845709464926	-7.26697021832935
