logFC	AveExpr	t	P.Value	adj.P.Val	B
ENSMUSG00000083811	0.567308817361191	7.26452047570884	11.4860973313588	3.41065423438927e-30	4.46522852366243e-26	57.424659558382
ENSMUSG00000100071	-0.273264539009963	7.31489789979277	-10.0511947768138	1.44697763927353e-23	9.47191562668454e-20	42.6559125584522
ENSMUSG00000027639	0.378748658962852	7.13717269942513	9.7737858456821	2.21551704063376e-22	9.66851636532574e-19	39.8167010818474
ENSMUSG00000036904	0.186594747625586	7.51046424135066	9.67901955682395	5.53476449494535e-22	1.81152841919561e-18	39.0899096670147
ENSMUSG00000035352	0.326922602116271	6.90446440414937	9.61582893264615	1.01437648529737e-21	2.65604338910264e-18	38.3557991509615
ENSMUSG00000097415	0.38912124386931	7.34021447183937	9.53279033425435	2.23592666084654e-21	4.51886505130839e-18	37.6559004754907
ENSMUSG00000104212	-0.417482017209027	6.85282309227634	-9.52460972185119	2.41613621747317e-21	4.51886505130839e-18	37.5281830112984
ENSMUSG00000042660	0.387382887757508	7.02821352519752	9.42974337118085	5.90887769952694e-21	9.66987835527584e-18	36.6425626301313
ENSMUSG00000068263	0.14638714876162	7.49310106949181	9.4084289975368	7.21538814802682e-21	1.04959846259964e-17	36.5738661531718
ENSMUSG00000069874	0.586020406665064	6.96377712253755	9.37910069511384	9.49137471264567e-21	1.24261077737957e-17	36.2128680255054
ENSMUSG00000022885	0.51294317403239	6.94321736357205	9.28486241383469	2.27793657009878e-20	2.71115868870302e-17	35.3651094916489
ENSMUSG00000022831	0.147895491173307	7.37041937536158	9.16156329677511	7.07144943692592e-20	7.71495133568618e-17	34.3202695320928
ENSMUSG00000028268	0.544455491755409	7.02789321958484	9.09407921241052	1.30656971807124e-19	1.31581621146067e-16	33.6664672291404
ENSMUSG00000058600	0.189576346779347	7.14960601451605	9.06788422131007	1.65624116912421e-19	1.54882209901244e-16	33.3962829344416
ENSMUSG00000084808	0.380109435883973	7.11541371766265	9.03475236440479	2.23349508502121e-19	1.94939451020651e-16	33.1264431455834
ENSMUSG00000009733	-0.180749123479409	7.40453781609221	-8.98368683075985	3.53391182191972e-19	2.89162334828581e-16	32.7574775861961
ENSMUSG00000028270	0.471157204924351	7.08476492184005	8.9171166463431	6.40356501009653e-19	4.93149841836375e-16	32.1180519190089
ENSMUSG00000031574	0.277637622407531	6.83585076386802	8.87634951547688	9.19649451703244e-19	6.68891701205493e-16	31.7787237023452
ENSMUSG00000097162	0.238722161983533	7.39879018972258	8.85163551837107	1.14442807142573e-18	7.88571174268722e-16	31.6136623710765
ENSMUSG00000044641	0.464648691028777	7.18514939989549	8.82752768009888	1.41574033341895e-18	9.26743622256047e-16	31.3663489938739
ENSMUSG00000077338	-0.264854545775099	7.35871296921864	-8.70098260749315	4.28605838739154e-18	2.67205125751096e-15	30.3356317187046
ENSMUSG00000030615	-0.173047283323657	7.1606833164828	-8.60375193294672	9.9360899364959e-18	5.91287679311838e-15	29.4867700372783
ENSMUSG00000029298	0.429403697088548	7.18586366809645	8.57382882811958	1.28472755832309e-17	7.31289269285476e-15	29.2253593956003
ENSMUSG00000046718	0.345154698289441	7.05633621318775	8.51441050121791	2.13458469493817e-17	1.16441595108877e-14	28.7146318450132
ENSMUSG00000052102	-0.380818291830545	7.21662198255295	-8.42179225451074	4.67865342841189e-17	2.45011722739074e-14	28.0174238553525
ENSMUSG00000048696	0.339800545540555	7.22616254332184	8.38451471698628	6.40167097761239e-17	3.20427599388764e-14	27.669682614405
ENSMUSG00000076493	0.236876699651419	7.52028140851939	8.38072971599624	6.60826854834756e-17	3.20427599388764e-14	27.6455735327374
ENSMUSG00000044258	0.515982242754513	6.83746719104152	8.37329324918683	7.03351610392423e-17	3.288671172592e-14	27.5949750765973
ENSMUSG00000026439	-0.378571282169111	6.79578574280096	-8.36596158102444	7.47916778169706e-17	3.37645739993027e-14	27.516980967675
ENSMUSG00000072889	0.328075073213006	7.30504944688469	8.35466187245947	8.22111691943724e-17	3.58769542364241e-14	27.4470791579443
ENSMUSG00000026694	0.286335700874909	7.5075419970233	8.31178888258612	1.17572862631648e-16	4.96536747604365e-14	27.1063334254984
ENSMUSG00000001123	0.296768096032157	7.02404376542005	8.24084788897072	2.11709195123757e-16	8.6615524455007e-14	26.5003475380885
ENSMUSG00000017756	0.483244645110632	7.11976881613226	8.21397650093849	2.64211430876292e-16	1.01736942736248e-13	26.3024636907401
ENSMUSG00000078862	0.143831343850183	7.61210573569258	8.2242129625462	2.42848548559932e-16	9.63446423559587e-14	26.2125519456681
ENSMUSG00000061232	0.473112422683617	6.97676032361733	8.11939534619905	5.73092881939791e-16	2.14369486010164e-13	25.5550960004833
ENSMUSG00000071451	0.234540948753317	7.3307078200305	8.11521244446158	5.92941179820581e-16	2.15632942394751e-13	25.5411455725807
ENSMUSG00000025358	0.313132894973996	7.04869299171854	8.10309504230422	6.5434376947961e-16	2.31531584595326e-13	25.415932077083
ENSMUSG00000091549	0.220833149230804	6.90655476087049	8.06874889362947	8.64519650476458e-16	2.97849770106258e-13	25.1536708286792
ENSMUSG00000077457	-0.180853641842245	7.43594376151366	-8.06142328526275	9.17303397670274e-16	3.07931694417929e-13	25.0618983495604
ENSMUSG00000044813	0.354533086533862	6.88761911470768	8.04578723023157	1.04081921316202e-15	3.4066012846793e-13	24.9831680906357
ENSMUSG00000027883	0.251505059745488	6.88072512206884	8.03496968732756	1.13572128059521e-15	3.62655195257379e-13	24.8968510686016
ENSMUSG00000079144	0.170003447338342	7.55544744452195	7.98576783469667	1.68666083235304e-15	5.25756276599191e-13	24.4286792854343
ENSMUSG00000097769	0.313509821703362	7.06850022327173	7.97286138216882	1.87032284758222e-15	5.6944806326852e-13	24.4019082252044
ENSMUSG00000026288	0.250257119394807	7.27500472856227	7.96042085442969	2.06594976037709e-15	6.14713960519475e-13	24.3233826656785
ENSMUSG00000078853	0.407328410311949	7.00937910564669	7.91983423286273	2.85511316363126e-15	8.3064758973912e-13	24.001457106409
ENSMUSG00000087912	0.247549067537555	7.22026692710057	7.79843671180736	7.44415067254966e-15	2.11867001315261e-12	23.0806336293898
ENSMUSG00000092985	0.344431877106496	7.24435971677048	7.75811736109092	1.02022364592206e-14	2.84186552604502e-12	22.7801124283442
ENSMUSG00000057963	0.263934038253095	6.77008407440645	7.73804490046112	1.19285786708492e-14	3.25351983247411e-12	22.6386902043906
ENSMUSG00000033880	0.260560266722132	6.97883049342708	7.72481825926236	1.32201241557411e-14	3.5322013356523e-12	22.5195730443873
ENSMUSG00000038507	0.324709685500498	7.11129945292591	7.70617900130485	1.52767127496834e-14	4.00005446637711e-12	22.3807195763575
ENSMUSG00000091619	0.295816657984596	7.47382701769016	7.66879792440636	2.03953398255035e-14	5.23560370579396e-12	22.102876827689
ENSMUSG00000031548	0.367961885622199	7.03641381739924	7.64977098608207	2.36150461407025e-14	5.88851247340249e-12	21.9661398955918
ENSMUSG00000020453	0.148785101192509	7.4149620979924	7.62018315547247	2.96402762014495e-14	7.18612029684031e-12	21.7472958779643
ENSMUSG00000052395	0.126668965608196	7.59454613888954	7.6485479727721	2.38383105018585e-14	5.88851247340249e-12	21.7394407369977
ENSMUSG00000037860	0.167646799414558	7.38108382893216	7.58772962346614	3.79942467984776e-14	8.8825121265298e-12	21.5205890558765
ENSMUSG00000053769	-0.230103815459003	7.10538393109748	-7.57748035067135	4.10849926714154e-14	9.27387455265812e-12	21.4405097787841
ENSMUSG00000041075	0.351144992003007	7.02960309541876	7.57391228986703	4.22179666849227e-14	9.36809525150861e-12	21.4058437815178
ENSMUSG00000034255	0.202046115882187	7.60671835821147	7.58906124304103	3.76098631338459e-14	8.8825121265298e-12	21.3062243625219
ENSMUSG00000078201	0.16454956970413	7.57290503472828	7.58328899201797	3.9304214504205e-14	9.0275574787553e-12	21.2967753231797
ENSMUSG00000069132	-0.278125106941516	7.22812323889823	-7.5127193770662	6.71878763224898e-14	1.46603946135673e-11	20.9689455904316
ENSMUSG00000036352	-0.251977551678835	7.16189867758771	-7.49700494018588	7.5659175202388e-14	1.60842189428184e-11	20.8552012911042
ENSMUSG00000046805	0.411266702849804	7.2103291202793	7.4961129944214	7.61703005235822e-14	1.60842189428184e-11	20.8433165682371
ENSMUSG00000060802	0.375928931055465	6.91720094236157	7.48151112542281	8.50370408776479e-14	1.7671506970955e-11	20.7365263685454
ENSMUSG00000046879	0.399911383811319	6.71526483104208	7.46947474746504	9.31026390202826e-14	1.90453085945866e-11	20.6550965128024
ENSMUSG00000023079	0.24745680290599	7.37759871332135	7.45660317529265	1.02560511467065e-13	2.06572648634895e-11	20.5586776270376
ENSMUSG00000039158	0.307730228312162	6.96668228597845	7.44029300304566	1.15911043492942e-13	2.29925360819635e-11	20.4356323370881
ENSMUSG00000002814	0.205540858484875	7.51910233136391	7.40294678658848	1.53249015144165e-13	2.99453150189165e-11	20.0669546326501
ENSMUSG00000030247	0.473099470641468	7.13009902708801	7.38754537768928	1.7188650791177e-13	3.30932082585426e-11	20.0593381785939
ENSMUSG00000035929	0.412739179605866	7.0792433437609	7.36132800730552	2.08864146285723e-13	3.85133718756717e-11	19.8695977809837
ENSMUSG00000090050	0.194347416375098	7.46920880501756	7.36494987447539	2.03324872236447e-13	3.80275603902795e-11	19.8504412929705
ENSMUSG00000055897	0.0949105579772791	7.59672997520478	7.36752456490085	1.99475194741014e-13	3.78482499934689e-11	19.6830003840687
ENSMUSG00000073418	0.344300275489375	7.10860859756848	7.33292486582998	2.57762426825971e-13	4.68698012778557e-11	19.6647749081183
ENSMUSG00000030801	-0.291775433649791	6.903365396514	-7.31812583488509	2.87532315476341e-13	5.15667544413185e-11	19.560655897011
ENSMUSG00000099314	-0.302873170673093	7.29207604298942	-7.29170656111177	3.49300592394667e-13	6.17978831842024e-11	19.3059900424212
ENSMUSG00000031974	0.305260769515169	7.14496655878969	7.27385014518192	3.98250563134362e-13	6.95186183007342e-11	19.2473384810401
ENSMUSG00000032698	0.162749025511313	6.95748491818386	7.26618500315168	4.21274875208695e-13	7.2570140345161e-11	19.1921327820575
ENSMUSG00000037353	-0.20956298771436	7.23516904944655	-7.2338770861681	5.33556487953694e-13	9.07184615622047e-11	18.9613886384091
ENSMUSG00000052906	0.241312008113886	7.2707994682112	7.22873486273353	5.53953066061552e-13	9.29788915497158e-11	18.9356868427338
ENSMUSG00000079654	0.244338155429108	7.4446128944661	7.21419258069758	6.15870273120632e-13	1.020629571607e-10	18.7989169684123
ENSMUSG00000032359	0.35582896741808	7.12223270865843	7.20776841117595	6.4534117790696e-13	1.05610083764474e-10	18.7839192223069
ENSMUSG00000029130	-0.388091998116405	7.04184745724631	-7.20054931554945	6.80112930793569e-13	1.09926401110486e-10	18.7379916669854
ENSMUSG00000028108	0.30612972884037	7.22639788419474	7.19683033874287	6.98737269619819e-13	1.11559369925155e-10	18.7104605018074
ENSMUSG00000061517	0.36624733764846	6.91040659940443	7.18867862254515	7.41329745992089e-13	1.16933602825644e-10	18.6548033235529
ENSMUSG00000092229	-0.30739694273228	7.29848198545462	-7.17109190803323	8.42089100153712e-13	1.29701535284852e-10	18.5022684214673
ENSMUSG00000021108	0.255361864741912	6.85903211767689	7.15912436892076	9.18221374928358e-13	1.39783188843745e-10	18.4485660648728
ENSMUSG00000044328	0.308571449646514	7.01145966942347	7.1383695128703	1.06658726825842e-12	1.58679096773173e-10	18.3014398124655
ENSMUSG00000059791	0.131119512862693	7.45356998570672	7.14069489478355	1.04885913953261e-12	1.5783521672139e-10	18.2717193513626
ENSMUSG00000054474	0.123382924298964	7.61803505031404	7.17968735496807	7.91267988868565e-13	1.23324767979372e-10	18.2667474451141
ENSMUSG00000032531	0.35631500882061	6.81315762819867	7.09687354155139	1.43719499326432e-12	2.11412998335016e-10	18.0173888737254
ENSMUSG00000027349	-0.226654533202741	6.88342650060442	-7.09337396022944	1.47368991133862e-12	2.14372759102725e-10	17.9900843832253
ENSMUSG00000055541	0.188350089761943	7.42206771240667	7.08475992306722	1.56743904123348e-12	2.23053390519877e-10	17.9080899974056
ENSMUSG00000045917	0.2220527044497	7.45071681714126	7.08680014773168	1.54471922598834e-12	2.2223586930373e-10	17.9060085054717
ENSMUSG00000030538	0.310550731530729	7.087505208146	7.07814913316988	1.64333242654559e-12	2.31338797078869e-10	17.8857503836505
ENSMUSG00000048174	0.34431952578833	7.14238979173219	7.07094870728195	1.7300996672843e-12	2.40962391958363e-10	17.8378282237467
ENSMUSG00000070871	0.389273836374724	6.88019128057497	7.05594511039734	1.92559068761291e-12	2.59895188476579e-10	17.7367056437249
ENSMUSG00000066090	0.322727474187094	7.15508675411954	7.0560521690133	1.92412178433742e-12	2.59895188476579e-10	17.7361283800633
ENSMUSG00000045374	0.193701052273516	7.48951246214326	7.06246202976392	1.83814998269522e-12	2.53316416562588e-10	17.6824925617059
ENSMUSG00000039512	0.267674409317629	7.24790324456614	7.03888575011654	2.17427136930601e-12	2.90464905785248e-10	17.6198960150981
ENSMUSG00000016493	0.155128794672191	7.50070837587402	7.03084594113796	2.30214159951428e-12	3.044407860691e-10	17.4625655348313
ENSMUSG00000006519	0.344851332536282	7.26965151581861	6.98932662470463	3.08938639349972e-12	3.96531830036258e-10	17.2825255852468
ENSMUSG00000048406	0.176335459222488	7.44922730160078	6.99517688105082	2.9642604073579e-12	3.84238586664649e-10	17.2764584049152
ENSMUSG00000097787	0.141612671680255	7.53563369547119	7.01537639303123	2.56927108735324e-12	3.36368970756286e-10	17.2721863732009
ENSMUSG00000093157	-0.245535731518975	7.12480279029978	-6.98451583850564	3.19614943679135e-12	4.02346042562235e-10	17.2458958730339
ENSMUSG00000025436	0.288504568167337	7.35163658430866	6.98601909166625	3.16240566125698e-12	4.01963251623072e-10	17.2455481033679
ENSMUSG00000026107	-0.141325433989982	7.17992431857036	-6.9796332923017	3.30820334381666e-12	4.12485696926168e-10	17.2163714454926
ENSMUSG00000026617	-0.225817959404132	6.86874153299335	-6.97329229889256	3.45949515975999e-12	4.27280288977149e-10	17.172200491256
ENSMUSG00000036862	0.224310126314694	7.060215938298	6.97106175066409	3.51431147593391e-12	4.2999407329838e-10	17.1561257984918
ENSMUSG00000032431	0.223937000387961	7.44859358470344	6.96659090626742	3.62676085526857e-12	4.39644010344223e-10	17.0932844325224
ENSMUSG00000018143	0.280216684486327	6.9188403189213	6.9419369829163	4.31319703932442e-12	5.18058492099407e-10	16.9618477604457
ENSMUSG00000073599	0.232135638517702	7.07483612718536	6.91617360406454	5.16651739954251e-12	6.14909507225551e-10	16.786835512192
ENSMUSG00000004609	0.28377201483377	7.29746600606736	6.91286795755292	5.28733859704124e-12	6.2362015236454e-10	16.7649841649812
ENSMUSG00000025723	0.202718556428001	7.13188509461759	6.87789069404529	6.74815434278571e-12	7.81830412882748e-10	16.5307886739196
ENSMUSG00000039463	0.158453804485899	7.5357591361063	6.90445828224119	5.60733896604227e-12	6.55457872709155e-10	16.5139084400548
ENSMUSG00000036478	0.243972030887718	6.8013019261006	6.86690209844902	7.28392064789311e-12	8.36500781773829e-10	16.4571718482975
ENSMUSG00000038642	0.245044841421042	7.19550510813124	6.85020104766886	8.17896350971809e-12	9.31121654515037e-10	16.3477469546136
ENSMUSG00000043872	-0.232186134725657	6.8329032735328	-6.82740895110816	9.57638350831678e-12	1.08081045595589e-09	16.1967461843997
ENSMUSG00000017057	0.337598826515805	6.93553849177459	6.82174450084042	9.95847838436589e-12	1.11432819665058e-09	16.1592445490224
ENSMUSG00000040820	0.268999249870514	7.32720664278854	6.81634191776861	1.03368096196196e-11	1.14584566019377e-09	16.1201231392286
ENSMUSG00000021643	-0.334025726330625	7.09366413794935	-6.80696033533358	1.10275184478625e-11	1.20310226266179e-09	16.0570781413144
ENSMUSG00000005360	0.317605569924214	6.7143097929092	6.79992373874224	1.15750666385657e-11	1.25240307795126e-09	16.0070958156006
ENSMUSG00000003644	0.256676872964065	7.3240671466432	6.79748868033682	1.17706843133754e-11	1.26312950025173e-09	15.994629215061
ENSMUSG00000076618	0.441911379645803	7.33784690259065	6.78807886204905	1.2557518923539e-11	1.33661006298352e-09	15.9258022074299
ENSMUSG00000030203	0.330951727854593	6.92261940198977	6.78571498800894	1.2763144938645e-11	1.33676074829393e-09	15.9212032120849
ENSMUSG00000025511	0.24332303297227	7.45378693353405	6.78590115208836	1.27468321466758e-11	1.33676074829393e-09	15.859119230566
ENSMUSG00000029086	0.467506695222753	7.02516101915869	6.77378683006528	1.38521199338472e-11	1.43930122360259e-09	15.8425022472853
ENSMUSG00000001761	0.458747394959435	7.04779200069266	6.7707388897477	1.41446712759993e-11	1.45812627043608e-09	15.8226707441996
ENSMUSG00000024909	0.227623150754448	7.272616087909	6.75870883227893	1.53596078407889e-11	1.55882159574891e-09	15.7436893337394
ENSMUSG00000085269	0.131756142960245	7.63270727071128	6.81524694135093	1.04151874093384e-11	1.14584566019377e-09	15.7302295755375
ENSMUSG00000012076	-0.264607994646044	6.99799607095085	-6.75545925910518	1.5704955874446e-11	1.58160986390959e-09	15.7226979873578
ENSMUSG00000018169	0.253202400718875	7.24417974851287	6.74779283310622	1.65501251622545e-11	1.65400182155905e-09	15.6722808672322
ENSMUSG00000027324	0.386953461482912	7.26833098214409	6.74151275492915	1.72755175074404e-11	1.71341723641977e-09	15.6275673430481
ENSMUSG00000065738	-0.101825661967811	7.45823839464021	-6.76242177404212	1.49741162234064e-11	1.53157132497529e-09	15.5769009498063
ENSMUSG00000015243	0.397216415518141	7.1108255386741	6.72374910852445	1.950015555319e-11	1.90837279688836e-09	15.5153002548037
ENSMUSG00000081339	0.303085245140831	7.20141378274984	6.72291195913704	1.96116466605688e-11	1.90837279688836e-09	15.5100066869327
ENSMUSG00000020263	0.213849739648269	7.24497381315131	6.72241255118581	1.96784545966948e-11	1.90837279688836e-09	15.5066560562844
ENSMUSG00000021585	0.48493576370415	7.13211407328873	6.72018440797945	1.9979248514634e-11	1.91423364327023e-09	15.4910490125386
ENSMUSG00000028044	0.183952288553902	7.25849718517346	6.71662815869538	2.04686865074132e-11	1.94185538952938e-09	15.4686921852285
ENSMUSG00000027227	0.259620861985072	7.40675536011768	6.71980204326458	2.00313175319296e-11	1.91423364327023e-09	15.4542163919332
ENSMUSG00000022807	0.298264393514467	6.94365647751851	6.71199728511866	2.11236557935772e-11	1.9753635832108e-09	15.4387677468771
ENSMUSG00000059820	0.202483131997218	7.33522538998451	6.71205211788872	2.1115781725567e-11	1.9753635832108e-09	15.4296698500502
ENSMUSG00000042472	0.223610162684883	6.97881790299846	6.70917826867979	2.15323681785373e-11	1.99930329215185e-09	15.4205327011316
ENSMUSG00000023348	0.257721399047868	7.06237765761699	6.70611830612161	2.19847805283129e-11	2.02693483575122e-09	15.4005186358595
ENSMUSG00000029726	0.204563592291922	7.17595481293278	6.70116582434661	2.27367977510185e-11	2.08160948361073e-09	15.368395169072
ENSMUSG00000024014	0.236226041137604	6.76297967352727	6.69315320990866	2.4007152298978e-11	2.16759750274635e-09	15.3084393672716
ENSMUSG00000053113	0.218060208288308	6.56849997192616	6.69458459320981	2.37752253864584e-11	2.16156424138551e-09	15.3042293163002
ENSMUSG00000023249	0.213160611922495	7.44000372440252	6.6705846557533	2.79705986338047e-11	2.50815806379295e-09	15.1084450286427
ENSMUSG00000073411	0.361178809562372	7.02413996839558	6.65735562177978	3.05845726991119e-11	2.72389949508009e-09	15.084419249269
ENSMUSG00000038235	0.397945769045263	7.21382367659246	6.65286201911713	3.15257615744056e-11	2.78875182791972e-09	15.0537937073861
ENSMUSG00000070327	0.231534008666809	6.97922573953806	6.65046037781724	3.20403541865052e-11	2.8152504497297e-09	15.0401546237521
ENSMUSG00000024013	0.225959560141099	7.33320770992718	6.64557125170262	3.31134698163244e-11	2.8901436455688e-09	14.9963041376508
ENSMUSG00000042745	0.272773702374187	6.84359206305713	6.6330383558351	3.60275912599754e-11	3.12366374023575e-09	14.9249395017847
ENSMUSG00000015843	0.163707383052736	6.62596562747616	6.62948404876015	3.68987548584893e-11	3.17814801715356e-09	14.8887665257811
ENSMUSG00000046807	0.301832165941419	7.2428690651996	6.62601726118787	3.77683173546869e-11	3.22748567252722e-09	14.8811855665073
ENSMUSG00000021650	-0.267109010481748	6.85362364858074	-6.61924889099627	3.95241960374429e-11	3.31699214437309e-09	14.8391763238505
ENSMUSG00000041765	-0.170214858233463	7.33002415089117	-6.62375192501587	3.83473261068897e-11	3.23898834446065e-09	14.7931163798206
ENSMUSG00000021943	0.217539408137779	7.27762191702419	6.59462682356489	4.66118466113702e-11	3.88689360405133e-09	14.6776833332565
ENSMUSG00000101856	0.14130041597882	7.55314762550671	6.62524545669899	3.79646191238307e-11	3.22748567252722e-09	14.6310005205339
ENSMUSG00000029413	0.278026057156864	6.88798695286316	6.58165306379021	5.0832298463782e-11	4.21176642646701e-09	14.5957799993245
ENSMUSG00000044811	0.297036093404675	6.88139053522628	6.57377088857536	5.35766793090798e-11	4.38391178446546e-09	14.5459873090218
ENSMUSG00000093793	-0.334944615428732	7.16830610096267	-6.57086033772263	5.46262825695862e-11	4.44203286584486e-09	14.4990090465887
ENSMUSG00000020432	0.289907968138889	6.99648806798426	6.56476065851963	5.68916340809363e-11	4.59768687276307e-09	14.4906080854974
ENSMUSG00000029141	-0.305763370423212	6.96163525809421	-6.55629738999761	6.01876785880325e-11	4.83421526426087e-09	14.4361044278716
ENSMUSG00000081219	0.134889747694263	7.50573889504517	6.58071618318598	5.11511504589256e-11	4.21176642646701e-09	14.3954711815101
ENSMUSG00000030649	0.283079821530986	7.43928058302898	6.55503422725053	6.06953797541222e-11	4.8452677545181e-09	14.3624519851837
ENSMUSG00000050229	0.324448935590161	6.90764417704191	6.54172398996872	6.63064222207041e-11	5.19810586654765e-09	14.3416776555642
ENSMUSG00000024335	0.191806899220031	7.38477666440001	6.5461047370855	6.44058454667661e-11	5.11031108394486e-09	14.340445764508
ENSMUSG00000026478	0.319836010499569	7.01902310601666	6.52608381049885	7.35501240595118e-11	5.69774097152147e-09	14.2448605877331
ENSMUSG00000015812	-0.253967008484992	7.19745434523923	-6.52886686006753	7.2206864451132e-11	5.62697779401322e-09	14.2188831788903
ENSMUSG00000044066	0.29748499064064	7.3200027356431	6.52420070711471	7.44728511499995e-11	5.73528568973996e-09	14.2184906312942
ENSMUSG00000024308	0.324519629015972	7.17133525435753	6.50845512016667	8.26445716539904e-11	6.2542354456303e-09	14.1326786333485
ENSMUSG00000027353	0.177113352646902	7.555094780844	6.54386959325603	6.53688003684455e-11	5.1554718941186e-09	14.1258684860842
ENSMUSG00000021234	-0.244126667198689	7.18404972389836	-6.50859038145255	8.25707717615095e-11	6.2542354456303e-09	14.1188407306558
ENSMUSG00000025184	-0.24184272968209	7.33821111901436	-6.51517580164953	7.90546195985502e-11	6.05253263031707e-09	14.1017179908278
ENSMUSG00000028744	0.30992896271665	7.13871068644496	6.49742595574784	8.88843478090476e-11	6.68778092825317e-09	14.0641445799319
ENSMUSG00000040280	0.26438790763498	7.38079865231881	6.47585595730297	1.02447549396887e-10	7.63631637765865e-09	13.8963078068088
ENSMUSG00000034786	0.243892002827835	7.39816067709755	6.475544549644	1.02657476509924e-10	7.63631637765865e-09	13.8900971218733
ENSMUSG00000007041	0.299870689709644	7.02957469816711	6.4684464320922	1.07558180946754e-10	7.95565935002767e-09	13.8814505963996
ENSMUSG00000086129	-0.271412625467383	7.16693946479505	-6.45877807159627	1.14603070662628e-10	8.42912023098385e-09	13.8028726621544
ENSMUSG00000023968	-0.226126211415855	6.98255510446751	-6.45256954738965	1.19362740178427e-10	8.73015080679309e-09	13.7824197163146
ENSMUSG00000059412	-0.267837389392438	7.20561366749113	-6.4339273004584	1.34845859558768e-10	9.80778885190775e-09	13.63325329313
ENSMUSG00000010362	0.283012334945189	7.07293939970703	6.42804457024226	1.40127202548022e-10	1.00799194272456e-08	13.6294873842002
ENSMUSG00000017837	0.153551611102259	7.16250113602179	6.41920620898105	1.48444170664431e-10	1.05621254474931e-08	13.574850486199
ENSMUSG00000054920	0.333188531267459	6.77896018698418	6.42051375958615	1.47184020619317e-10	1.05296896062737e-08	13.5644764742606
ENSMUSG00000100480	0.201981411512083	7.44273139789246	6.42937015101833	1.38919765321347e-10	1.00482738540722e-08	13.5460332758717
ENSMUSG00000029802	0.252354317119928	7.23698465183001	6.411063346519	1.56532547113337e-10	1.10178715419775e-08	13.521529472031
ENSMUSG00000044461	0.253572541248391	6.82331722557223	6.41130174219961	1.56289738889919e-10	1.10178715419775e-08	13.5169609423122
ENSMUSG00000025888	0.275170808177251	7.40494166200501	6.40139160712587	1.6670037306074e-10	1.16708090059423e-08	13.4204445533534
ENSMUSG00000030256	0.415716764681704	7.10216885116087	6.39098627339459	1.78360307483803e-10	1.23549901882431e-08	13.3961817429008
ENSMUSG00000024397	0.326217022770701	7.29197997533518	6.39172021009156	1.77512390733007e-10	1.23549901882431e-08	13.3887888680936
ENSMUSG00000021097	0.289800064241859	6.83240040617242	6.38977258657062	1.79771172124958e-10	1.23830306996338e-08	13.3819214086037
ENSMUSG00000023022	0.321464001065347	6.93151161009651	6.38901547536636	1.80656802904832e-10	1.23830306996338e-08	13.3813435501489
ENSMUSG00000070583	-0.290293423429592	7.10262714236117	-6.38403499163585	1.86589927551588e-10	1.27231006849239e-08	13.3417070814542
ENSMUSG00000032044	0.28274993090964	7.0661097141705	6.36783899664201	2.07230471831674e-10	1.39848522537128e-08	13.2556359246512
ENSMUSG00000018899	0.263524773406842	7.2784299280357	6.36788018823755	2.07175247614151e-10	1.39848522537128e-08	13.2460031896816
ENSMUSG00000037552	0.411603457472689	7.05934581096513	6.36216188433826	2.14980801201077e-10	1.44334802529462e-08	13.2176136873558
ENSMUSG00000071719	-0.216593647613299	6.78392174535515	-6.35682285710904	2.22527607651467e-10	1.47884844638224e-08	13.1859043981445
ENSMUSG00000042228	0.310708383543414	6.88755821605368	6.35705601888189	2.22192690144639e-10	1.47884844638224e-08	13.1830552688269
ENSMUSG00000065448	0.368624954467548	7.12993146246386	6.34955973195738	2.33211079593283e-10	1.53427108242978e-08	13.1404123993382
ENSMUSG00000024132	0.267491153097843	6.93815684829549	6.34477742081471	2.40517384378666e-10	1.57442679814275e-08	13.1106276796534
ENSMUSG00000046841	0.127867469170047	7.4302201957814	6.35342090958547	2.27470689017468e-10	1.50406376798823e-08	13.0690522533679
ENSMUSG00000053841	0.278972974075596	6.79598659133587	6.33347864121087	2.58679156725989e-10	1.68488931336151e-08	13.0313989305129
ENSMUSG00000104453	-0.2997486204208	7.12656625005202	-6.326907248424	2.69851212607668e-10	1.7489564729998e-08	12.9869664008755
ENSMUSG00000025277	-0.234644512397034	6.8328443167241	-6.31914399030614	2.8365779217003e-10	1.80576274115282e-08	12.955405725997
ENSMUSG00000079139	0.313205921137962	6.99957894756088	6.31875362909815	2.84369955997175e-10	1.80576274115282e-08	12.9530643328036
ENSMUSG00000026121	0.303051194601614	7.08882115880471	6.31765406165785	2.86385377103904e-10	1.80576274115282e-08	12.9464691959669
ENSMUSG00000101122	0.248074599554467	7.21002084129584	6.31737899642412	2.86891727894734e-10	1.80576274115282e-08	12.9429309895803
ENSMUSG00000103653	0.129303934843733	7.34453351838208	6.32125818218564	2.79830885934011e-10	1.79585586208239e-08	12.9296647524236
ENSMUSG00000052763	0.196057402602402	7.2840145098561	6.31279152384122	2.95466575114173e-10	1.85083655569127e-08	12.9018574311276
ENSMUSG00000039410	0.28128477701424	6.77821147387724	6.31192782178306	2.97108767591116e-10	1.85226094538233e-08	12.8959484505503
ENSMUSG00000061787	0.272086365558841	7.14069663810114	6.30853761656752	3.03641316233193e-10	1.87512835477593e-08	12.8906640590196
ENSMUSG00000062646	0.120618192308553	7.45296362048863	6.32612133060053	2.71218507905968e-10	1.74915896822903e-08	12.8823473698193
ENSMUSG00000020399	0.281751574159312	7.33082549858019	6.31006345971567	3.00684006595382e-10	1.86566588357665e-08	12.8771607634421
ENSMUSG00000064563	0.328102139005318	7.22519956702777	6.30101965144298	3.18632094065478e-10	1.9584654345095e-08	12.8390032533527
ENSMUSG00000025492	0.274209928466555	7.1547553443583	6.29844479703442	3.2393065446293e-10	1.98172903188256e-08	12.8289817774339
ENSMUSG00000021482	0.173188799539249	6.89272773780142	6.29561822753363	3.29846294662083e-10	2.00853380917023e-08	12.8085823598248
ENSMUSG00000093232	0.417473211332846	6.9659686458343	6.27283800286015	3.81533931472303e-10	2.29364215049406e-08	12.6692029061624
ENSMUSG00000030220	0.207858458323523	6.8873918017701	6.27267810844592	3.81923303397269e-10	2.29364215049406e-08	12.6676371919265
ENSMUSG00000024590	0.259087238626049	6.97582060125862	6.26831159618198	3.92707823889212e-10	2.32639404088577e-08	12.6437126978749
ENSMUSG00000097815	0.146609622551515	6.74889661798719	6.26871385508627	3.91702007745778e-10	2.32639404088577e-08	12.6347049060517
ENSMUSG00000048310	0.203438654779132	7.47601994925187	6.28551564727778	3.51864719963266e-10	2.13269116377735e-08	12.631574165676
ENSMUSG00000009876	0.358284186282869	7.1493544876376	6.26427192953253	4.0294954732756e-10	2.36565716305489e-08	12.6188022772612
ENSMUSG00000043131	0.348794818981325	6.82134096260141	6.26561693372916	3.99510942823123e-10	2.3560348033515e-08	12.6144237973369
ENSMUSG00000040084	0.225080069068662	7.15616911284778	6.26255437393945	4.07382645142456e-10	2.38099649257344e-08	12.6110956966379
ENSMUSG00000024696	0.217876850358319	7.44360345152258	6.27093590193015	3.8619112068532e-10	2.30868226119279e-08	12.5831659339844
ENSMUSG00000029781	0.371639558434591	6.98405132297269	6.25701819533327	4.21998371870473e-10	2.4338337817305e-08	12.5730196293331
ENSMUSG00000024457	0.110434975742487	7.28164330969778	6.25706222827237	4.21880127739797e-10	2.4338337817305e-08	12.5655926678217
ENSMUSG00000020611	0.320293626930247	7.01485339507612	6.25450320974821	4.28805977873567e-10	2.44083820100902e-08	12.5595562051745
ENSMUSG00000002983	0.24269285131258	6.84636167552795	6.25510693299524	4.2716209443123e-10	2.44083820100902e-08	12.5573018956374
ENSMUSG00000040253	0.392028810259563	6.96241237672767	6.25202493066465	4.35619066291041e-10	2.45824345512169e-08	12.5416044461229
ENSMUSG00000100618	0.305102283792235	7.30937755004555	6.25258216819656	4.34078002395834e-10	2.45824345512169e-08	12.5248827810412
ENSMUSG00000040025	0.223457468192585	6.63989581682199	6.24623581872575	4.51948448962799e-10	2.53944596301329e-08	12.48325060193
ENSMUSG00000026728	0.329797676100884	6.93573505091375	6.24041340111216	4.68974064908494e-10	2.62384976828291e-08	12.4691190083564
ENSMUSG00000090799	-0.193800845394079	7.40176930983904	-6.26185565394519	4.09199672188378e-10	2.38099649257344e-08	12.4371858416304
ENSMUSG00000077167	0.293714364445677	7.24969291240504	6.22547716689653	5.15564396754086e-10	2.86007164504428e-08	12.3744908732001
ENSMUSG00000032565	0.168614724838482	7.51604318802004	6.25494934853822	4.2759058815977e-10	2.44083820100902e-08	12.3276248399812
ENSMUSG00000049882	-0.203476720543673	7.32354534417548	-6.22566852929161	5.14939843295816e-10	2.86007164504428e-08	12.2926101345743
ENSMUSG00000026247	0.175174175480561	6.60880784343881	6.21468520756241	5.52008915312556e-10	3.03651290725714e-08	12.2873729508587
ENSMUSG00000027551	0.158209019303941	7.44039536182515	6.22410309295644	5.20070759036711e-10	2.87289720561545e-08	12.2619438654794
ENSMUSG00000068523	0.258287941039895	6.84412431305607	6.20209495098034	5.97710640020449e-10	3.27415384901578e-08	12.2339588351536
ENSMUSG00000036940	0.236178748247674	7.21245062904191	6.19275417798066	6.33982786123839e-10	3.44464635964427e-08	12.1858405375766
ENSMUSG00000021871	0.272517427964146	7.10676821365361	6.19073064560695	6.42119117843406e-10	3.45951583983781e-08	12.1766632944278
ENSMUSG00000057130	-0.254035789974457	6.69430510076512	-6.19206859240086	6.36728092754288e-10	3.44464635964427e-08	12.1757829436598
ENSMUSG00000020037	0.19210602970508	6.80839528566516	6.19253094852431	6.34875398418162e-10	3.44464635964427e-08	12.1751158379928
ENSMUSG00000076431	0.206141866404487	7.01229044033552	6.17453181858708	7.11030596347005e-10	3.76875002727732e-08	12.0789163846619
ENSMUSG00000074346	0.377053260227281	7.0419545029766	6.16293728072544	7.64733572686476e-10	4.03705319903683e-08	12.0071721363126
ENSMUSG00000019916	-0.183960915766647	6.62309086329248	-6.16213778952133	7.68579075634769e-10	4.04105913984353e-08	11.9896685860198
ENSMUSG00000022070	0.211349104155392	7.49307463080676	6.18152325496244	6.80445748726556e-10	3.65098186160986e-08	11.972468254985
ENSMUSG00000029313	0.288873644388318	6.90987972878348	6.15639342635236	7.96769324347906e-10	4.17252159774511e-08	11.9645479848203
ENSMUSG00000004730	0.297258899630968	7.31737216959724	6.15401967509723	8.08710748130169e-10	4.21818371096421e-08	11.9415966026921
ENSMUSG00000001855	0.198886714697333	7.54941452015109	6.17797477207489	6.95804997866018e-10	3.71815470696405e-08	11.8459343967753
ENSMUSG00000097093	0.203639286743236	7.54293738864872	6.17589420830177	7.04967291630023e-10	3.75180153740661e-08	11.8210048789862
ENSMUSG00000052160	0.233502181535323	7.35604930311694	6.13207129881639	9.27724371716164e-10	4.80069860652491e-08	11.7919550097764
ENSMUSG00000064120	0.150389113035436	7.48758020284478	6.15238916597999	8.17014183009296e-10	4.24458320791972e-08	11.7896202248588
ENSMUSG00000029231	0.350659173623376	7.01603251650207	6.12038357259456	9.97903651569524e-10	5.14352543557016e-08	11.7528728942022
ENSMUSG00000097488	0.225170797491925	7.37195742477919	6.10653363273593	1.08778643215908e-09	5.56300780071354e-08	11.6221829978653
ENSMUSG00000033083	0.246566013539817	7.03340274440058	6.09414738806337	1.17482405476338e-09	5.96154904068303e-08	11.6007352836108
ENSMUSG00000022912	0.348670204814383	7.11340015156708	6.08892595390384	1.21351694627813e-09	6.13411732072327e-08	11.5679148142304
ENSMUSG00000064845	0.258392648736585	7.43787361990111	6.09822241810403	1.14546488528594e-09	5.83518532224263e-08	11.5459719261566
ENSMUSG00000035181	0.27906624666357	6.86750675762846	6.08545597830311	1.23991523588348e-09	6.21952883838562e-08	11.5382482291244
ENSMUSG00000079614	0.168540063332072	7.50452102026866	6.11237250318264	1.04896990501765e-09	5.38553490058475e-08	11.5348923869626
ENSMUSG00000052962	-0.206146814669017	6.97605608725445	-6.08255396181328	1.26242197733666e-09	6.3082551630884e-08	11.5319892360771
ENSMUSG00000000530	0.387205369595793	6.96398297156027	6.0755248781512	1.3186001472225e-09	6.56392134123078e-08	11.4839640778908
ENSMUSG00000021036	0.181269604120828	7.17200818350264	6.07178539096048	1.34947286637194e-09	6.66690519492129e-08	11.4689155909573
ENSMUSG00000072692	0.18205322848008	7.42169175367586	6.0861940178757	1.23425403105338e-09	6.21494375944262e-08	11.4560067813148
ENSMUSG00000038742	-0.259001486735659	7.15242564444424	-6.07428668048864	1.32874549504676e-09	6.5893697049819e-08	11.4501498944301
ENSMUSG00000000275	0.30274178995418	6.91034882248942	6.05873719307119	1.46281618784689e-09	7.19969531251562e-08	11.3855180194407
ENSMUSG00000029484	0.294877633628404	6.88876956384662	6.05802750081724	1.46924010418093e-09	7.20422900521976e-08	11.3793917435141
ENSMUSG00000079018	0.336392965211611	7.03649751486179	6.0565138252878	1.48303345017759e-09	7.24472907825558e-08	11.3764560178876
ENSMUSG00000103088	0.279077688653347	6.97623531807995	6.05278811954683	1.51752386688461e-09	7.36473670872075e-08	11.354709309323
ENSMUSG00000040374	0.232941714402992	7.09440111541794	6.0471850827171	1.5708703757479e-09	7.58886898866846e-08	11.3249402091786
ENSMUSG00000079227	0.339617457269579	7.06315216527399	6.0439316607646	1.60268053902901e-09	7.7140785356499e-08	11.3028359632654
ENSMUSG00000020077	0.217820069166783	7.02436668002731	6.04248135625969	1.61706234780741e-09	7.75479130311158e-08	11.2964657438377
ENSMUSG00000075602	0.357332979211233	7.13075281532771	6.03299164033955	1.71431941445402e-09	8.16140719055711e-08	11.2371161430952
ENSMUSG00000021477	0.188286039698662	7.12725877323996	6.03164104327054	1.72861668956193e-09	8.19965568831332e-08	11.2338417820708
ENSMUSG00000002608	-0.254622501029024	7.04041081443057	-6.00710732347256	2.00949780625108e-09	9.32920045370182e-08	11.0801942083327
ENSMUSG00000045934	0.282134565751847	7.30773576432845	6.00729858031705	2.00714502556546e-09	9.32920045370182e-08	11.0714431327503
ENSMUSG00000043015	0.197643978897214	7.35251089102677	6.00876014679629	1.98925372875565e-09	9.30118207745321e-08	11.0681982700703
ENSMUSG00000028465	0.285714011796367	7.00712047605969	5.99087141586204	2.21933588411545e-09	1.01949282087156e-07	10.9917347006561
ENSMUSG00000053158	0.273764139690544	7.25800281027121	5.99006643597864	2.23027724709653e-09	1.02093670346111e-07	10.9804934206845
ENSMUSG00000038451	0.0662615130687563	7.58623962047944	6.05264648218242	1.51885037530905e-09	7.36473670872075e-08	10.9619787964098
ENSMUSG00000066150	0.354886443827865	7.00454227488891	5.98380924469238	2.31713647194896e-09	1.04968687511266e-07	10.9466859097918
ENSMUSG00000095193	0.157125911262216	7.32678906375042	5.98810126665461	2.25720925640597e-09	1.02966493327063e-07	10.9435232391591
ENSMUSG00000001436	0.212468248263221	7.43334541979972	6.00153286235356	2.07926616890602e-09	9.61899388103097e-08	10.9345286037734
ENSMUSG00000032245	0.116080607717826	7.56889076561871	6.04124338101396	1.629438073602e-09	7.7856216275903e-08	10.9341965695188
ENSMUSG00000039308	0.163032947761173	7.4807659199473	6.00966464889576	1.97825950951129e-09	9.2970601104554e-08	10.9178573823453
ENSMUSG00000035561	-0.121227716121717	7.42711530142577	-6.00941641926462	1.98127083013829e-09	9.2970601104554e-08	10.8963658085809
ENSMUSG00000032014	0.246254786833043	6.97802678424896	5.97447878023407	2.45280962820465e-09	1.09973231686491e-07	10.8959683631588
ENSMUSG00000074896	0.183881553343169	6.63611248520419	5.97939687756301	2.38035925628554e-09	1.07460908218242e-07	10.8929463262944
ENSMUSG00000022091	0.304600048427107	6.93597976104287	5.97183383154638	2.49265716470219e-09	1.1137838771427e-07	10.8739236909106
ENSMUSG00000018126	0.263118192329062	7.3571968478736	5.97683902725897	2.41777576375027e-09	1.08774983845425e-07	10.8660090849674
ENSMUSG00000050088	0.0895083474545064	7.52559815164067	6.01355003268043	1.93170242290282e-09	9.12990906882443e-08	10.8650353693213
ENSMUSG00000028413	0.22709507824116	6.84765774914234	5.96975907326394	2.52435519835701e-09	1.12030027989458e-07	10.8618446575253
ENSMUSG00000031835	0.105666116506899	7.48491255818956	5.99654878495679	2.14364009775748e-09	9.88187892952147e-08	10.8321145637243
ENSMUSG00000062488	0.197896468410598	6.58180487648506	5.97075366450758	2.50911119398624e-09	1.11732257658734e-07	10.8283336622931
ENSMUSG00000020460	0.231740422163512	7.15924402110302	5.95128213646214	2.82452015619131e-09	1.24089321761264e-07	10.762592942677
ENSMUSG00000043510	-0.18449412661708	7.34874325702456	-5.96680388338327	2.57018335597271e-09	1.13678515190523e-07	10.756143455465
ENSMUSG00000050370	0.322608106147717	7.05241540165998	5.94977295869563	2.85051858400043e-09	1.24812673249945e-07	10.7540218430093
ENSMUSG00000064844	-0.254954686563579	7.21273010388913	-5.95480063324875	2.7648011520269e-09	1.21874668964095e-07	10.7476017556395
ENSMUSG00000030536	0.297126723809113	7.04630863352297	5.94383912817956	2.95501872002103e-09	1.28104601361851e-07	10.7210821125163
ENSMUSG00000021242	0.227151850629013	6.95670775136054	5.943837063096	2.9550557295508e-09	1.28104601361851e-07	10.7182177221736
ENSMUSG00000024165	0.26699484211793	6.96008276958377	5.94250111393515	2.97909288876393e-09	1.28296987170057e-07	10.7083066354147
ENSMUSG00000037355	0.149645575089266	7.5463543677076	5.98639879066056	2.28079710312486e-09	1.03681234979551e-07	10.677615157183
ENSMUSG00000020472	0.219637871887286	7.36723024771656	5.94433712139761	2.9461070708563e-09	1.28104601361851e-07	10.6762973763718
ENSMUSG00000033458	0.219361950617354	6.9779791201016	5.93192760532966	3.17617476711093e-09	1.3572721233436e-07	10.6523290009117
ENSMUSG00000038776	0.101042660456754	7.20496182569311	5.93158718646752	3.18272641205686e-09	1.3572721233436e-07	10.6478535617475
ENSMUSG00000036192	0.172237259054097	7.19486775074705	5.92618479932548	3.28847874249382e-09	1.39781700314056e-07	10.6188014383298
ENSMUSG00000007872	0.191120366402934	7.39790436026158	5.91657245911807	3.48516380049336e-09	1.47186337019546e-07	10.5089382444487
ENSMUSG00000021423	0.265589266010695	7.0947958830989	5.9057500282474	3.72032924453405e-09	1.56110738684102e-07	10.5034081202028
ENSMUSG00000026880	0.324911882058812	7.11012130178555	5.90519590222996	3.73277705431248e-09	1.56132642795716e-07	10.497891594982
ENSMUSG00000033216	-0.106001667206534	7.45934006462774	-5.94316103529697	2.96719550179142e-09	1.28206348216017e-07	10.4717802680099
ENSMUSG00000030406	0.174958383994156	7.45909795965263	5.91902334780999	3.43395292477685e-09	1.45492918094429e-07	10.4527368750038
ENSMUSG00000005917	0.22220696433688	7.26867669528215	5.89375433459599	3.99905181822932e-09	1.66208210807169e-07	10.4183750511735
ENSMUSG00000079610	0.16962919684683	7.55848317486242	5.94191013643161	2.98978674824287e-09	1.28335370845887e-07	10.4116877140883
ENSMUSG00000031935	0.244069802345701	7.19182816884015	5.88130137757642	4.30988286466044e-09	1.77446326027825e-07	10.3586553998665
ENSMUSG00000044224	-0.151347429434828	7.12308150979521	-5.87746963962291	4.41016925960036e-09	1.8099666440968e-07	10.3316123908631
ENSMUSG00000036905	0.298100557653933	7.09027956112737	5.86604336515175	4.72289936480475e-09	1.93225620262574e-07	10.2750729300975
ENSMUSG00000044229	0.153075646508437	7.55813996994471	5.91400480806585	3.53961194229639e-09	1.49005143242908e-07	10.2722552199475
ENSMUSG00000100017	0.147382884916106	7.48072458233491	5.90062718913405	3.83696525072582e-09	1.59979455613065e-07	10.2700073344481
ENSMUSG00000026227	0.300909602018898	6.91255354295641	5.86370870073776	4.78940283212341e-09	1.95336018312024e-07	10.2505706451651
ENSMUSG00000043068	0.265094886673827	7.19280135420311	5.86140012462567	4.85605903173267e-09	1.96828250289301e-07	10.2467199210218
ENSMUSG00000032673	0.191263654932992	7.28312794601552	5.86244240833597	4.82585381043172e-09	1.96211422627864e-07	10.2350930130559
ENSMUSG00000036896	0.276931038760513	7.15900738573971	5.85135537311662	5.15674691938923e-09	2.07729632826596e-07	10.1896374966504
ENSMUSG00000024866	0.157121856618604	7.4789106525829	5.88129268546362	4.31010782744029e-09	1.77446326027825e-07	10.1753898399666
ENSMUSG00000044881	-0.229012711553252	7.09657018092398	-5.84911408002297	5.22627184963038e-09	2.0860472882732e-07	10.1688958368653
ENSMUSG00000034898	0.180563421978862	7.1603117148459	5.8391332438433	5.54711329215861e-09	2.2073801586912e-07	10.1242106307451
ENSMUSG00000060487	0.268146037800627	7.39835541800109	5.85049823726171	5.183228327532e-09	2.07978686771064e-07	10.1230760275417
ENSMUSG00000064326	0.168600209460995	7.36657553386565	5.85012820590784	5.19470138818651e-09	2.07978686771064e-07	10.1217813620919
ENSMUSG00000027495	0.134507120584037	6.83673712451849	5.82807126054091	5.92511223496415e-09	2.336493053619e-07	10.0489488800223
ENSMUSG00000050248	-0.25692965143805	7.18085341999359	-5.83500235029514	5.68544099784801e-09	2.25556950132806e-07	10.0299698138399
ENSMUSG00000026189	0.113216041804842	7.50732990445987	5.85694727606225	4.98718727181883e-09	2.0151930790942e-07	10.0084706278268
ENSMUSG00000081344	0.234811270279326	7.38789624827212	5.82970253877651	5.86783456163092e-09	2.32089698129523e-07	10.0047771081862
ENSMUSG00000031207	0.329558740842855	6.88677403956839	5.81851458469599	6.27175838377522e-09	2.46576158439595e-07	9.98952884284833
ENSMUSG00000050332	0.298541509268963	7.15863403081118	5.815530969132	6.38396764818289e-09	2.49659402192994e-07	9.9850365455364
ENSMUSG00000098221	0.147637986106104	7.56796186009659	5.88225468209078	4.28527939651355e-09	1.77446326027825e-07	9.98333850384212
ENSMUSG00000022125	0.295088854404408	7.04531706004634	5.81389793154011	6.44620831379862e-09	2.50426585294515e-07	9.97761585485692
ENSMUSG00000049401	0.230285291203826	7.21286494833577	5.81318667179919	6.47350105914529e-09	2.50742828006894e-07	9.96912013214038
ENSMUSG00000002996	0.273936727291208	6.91312122052523	5.81173942751729	6.52938284654606e-09	2.52161298604664e-07	9.95738234366313
ENSMUSG00000042694	0.254643753913837	7.21918352535829	5.8108454527799	6.56413567557179e-09	2.52757836072312e-07	9.95291389114411
ENSMUSG00000085208	0.324202299168666	6.9904068811544	5.80958033751822	6.61362410830099e-09	2.53910926158488e-07	9.9505437432173
ENSMUSG00000030064	0.299666532752853	6.78540562939987	5.80909081873101	6.6328702067066e-09	2.53910926158488e-07	9.9213087203912
ENSMUSG00000050708	0.172196876584205	7.24395475408729	5.80523915114938	6.7862166321777e-09	2.59023755534899e-07	9.92034531634048
ENSMUSG00000020376	0.268266731569905	7.11822862501352	5.80093446349851	6.96168128932632e-09	2.6494863790657e-07	9.90706792798922
ENSMUSG00000036606	0.186508786404744	7.22287419522431	5.80027484487035	6.98895522486557e-09	2.65215657402725e-07	9.8988821493083
ENSMUSG00000015656	-0.234235962048163	6.64275667002407	-5.79926154077213	7.03105595964383e-09	2.66042152091494e-07	9.88494066707672
ENSMUSG00000033323	0.271141667381109	7.31080350229087	5.79555424193428	7.18719943918942e-09	2.71166613999619e-07	9.83672484310997
ENSMUSG00000002111	0.285065575094066	7.28713431105078	5.78893891091309	7.47424330091806e-09	2.8118618763109e-07	9.81786089505517
ENSMUSG00000028334	-0.218883709523662	6.95946027035235	-5.78456749281567	7.67000868758947e-09	2.8772422274476e-07	9.81373980338724
ENSMUSG00000038213	0.277848996840609	7.30735127004766	5.78406681400094	7.69274640423854e-09	2.87752674069403e-07	9.76609412970186
ENSMUSG00000049439	0.258660959465132	7.15243708338326	5.77545846398382	8.09409370295335e-09	3.01902777091354e-07	9.76392531159062
ENSMUSG00000029469	-0.182990548288331	7.23826948731488	-5.77291275912777	8.2166342532452e-09	3.05602771714449e-07	9.70711134380521
ENSMUSG00000096974	-0.123136784842301	7.48490691918349	-5.81541624300953	6.38832109186167e-09	2.49659402192994e-07	9.69961026686899
ENSMUSG00000026707	0.128462994953179	7.55532349400438	5.8146830485057	6.41621147714197e-09	2.50003097198639e-07	9.66902357884526
ENSMUSG00000026999	-0.251859947471983	6.9429141907796	-5.75375103453788	9.19871715674205e-09	3.41160354153164e-07	9.6404066011429
ENSMUSG00000029708	0.161987460961078	6.9325802856123	5.75011056745941	9.39778903054949e-09	3.46579870388603e-07	9.61875083326768
ENSMUSG00000071847	0.264133644002156	7.18094939290888	5.7492678276651	9.44446627602724e-09	3.47322900240867e-07	9.61431681697526
ENSMUSG00000027339	0.299862319941804	6.79713525240728	5.74787167456232	9.52229221449843e-09	3.48228630369311e-07	9.5779380979997
ENSMUSG00000059498	0.246457775504805	6.68393332053549	5.74831881074103	9.49729981939138e-09	3.48228630369311e-07	9.57078235445261
ENSMUSG00000065469	0.324133885031161	7.31424003075554	5.74328069114763	9.78262960573678e-09	3.56686210424354e-07	9.55212209401436
ENSMUSG00000029090	0.254721528223977	6.80820084949637	5.73704346921951	1.01474319271149e-08	3.65978453966361e-07	9.52403144345047
ENSMUSG00000029999	0.296153133662361	6.65365819677872	5.73953102645373	1.00003812931172e-08	3.62534505960322e-07	9.50944508227794
ENSMUSG00000002847	0.27932746816836	7.20917414101435	5.72863251757271	1.06603775604465e-08	3.82371679510589e-07	9.49824153443869
ENSMUSG00000078439	-0.269595931528614	7.13077601032575	-5.7243705820455	1.09298286442518e-08	3.90965345930451e-07	9.45986128245997
ENSMUSG00000052551	0.212519462093251	7.48043974722796	5.75045630902696	9.37870422995975e-09	3.46579870388603e-07	9.45941737828982
ENSMUSG00000074749	0.23464548747214	7.19191062738488	5.7203523860175	1.11899264038271e-08	3.99178519016089e-07	9.45232300746186
ENSMUSG00000050530	-0.230312049946861	6.68088543902772	-5.71913922781011	1.12696297161029e-08	4.00929326747879e-07	9.43447080359417
ENSMUSG00000019857	0.209455059497516	6.80718623231621	5.71724623726434	1.13951008746105e-08	4.0429447330732e-07	9.41834427334074
ENSMUSG00000033948	0.157410411020585	7.02646802184894	5.71291835469222	1.16870839493132e-08	4.13533251525429e-07	9.41760375962042
ENSMUSG00000096296	0.119157397022929	7.44212619690141	5.73452604235488	1.02983877920425e-08	3.70402453223682e-07	9.39412490983042
ENSMUSG00000030352	0.351446690522277	6.9342814494587	5.70731755608044	1.20757577820002e-08	4.24988765811685e-07	9.36962296445524
ENSMUSG00000015202	0.295076997468447	7.05373245071751	5.7003387842992	1.25776663246973e-08	4.39111486727832e-07	9.34268083365618
ENSMUSG00000001029	0.295196781905374	7.11539658780966	5.69755328126916	1.27836088267043e-08	4.45114379678756e-07	9.32713071990419
ENSMUSG00000030714	-0.132460577466529	7.27558035244245	-5.71215344056732	1.17394400585097e-08	4.14266170474417e-07	9.32668546039782
ENSMUSG00000029622	0.290323321615332	7.09064541363915	5.69531356734238	1.29515725347336e-08	4.48576686837915e-07	9.3165908905854
ENSMUSG00000024400	0.344469151762393	7.25135809001433	5.69626049699592	1.28802990046288e-08	4.47291444479046e-07	9.30207781150241
ENSMUSG00000022758	0.294180861716699	7.40371138299822	5.70082781268552	1.25418449413909e-08	4.39031641638206e-07	9.26446246182751
ENSMUSG00000030868	-0.234163867583452	7.15907697581688	-5.69149040397611	1.3243252241047e-08	4.57468755513951e-07	9.25748039738723
ENSMUSG00000022574	0.213431085757412	7.15641160284844	5.68121937157651	1.40588270471935e-08	4.80569618020514e-07	9.23949087364147
ENSMUSG00000019978	0.256519566089819	6.96240395903828	5.68228524257962	1.39719723356641e-08	4.80107773801875e-07	9.23835362096821
ENSMUSG00000028706	0.249708158686903	7.00370418302966	5.68051247048879	1.4116719469792e-08	4.81291904423222e-07	9.23446260072702
ENSMUSG00000028345	-0.223994925516884	6.99911182885631	-5.67785750501282	1.43362266663583e-08	4.87506180560941e-07	9.21388273594178
ENSMUSG00000047123	0.325158847728067	6.72927056861207	5.67713295111359	1.43967050976182e-08	4.88294464088128e-07	9.18769646818117
ENSMUSG00000059824	0.21712413293056	7.42453819344601	5.69077717394875	1.32983686025654e-08	4.58163794065227e-07	9.17568024955933
ENSMUSG00000035183	0.143209882085889	7.59649220713312	5.7428387334913	9.80805344888232e-09	3.56686210424354e-07	9.13772342152617
ENSMUSG00000008682	0.256708578750739	7.10950658871042	5.65730844590884	1.61510679059158e-08	5.42178925703206e-07	9.10693637970976
ENSMUSG00000038305	-0.219550038891203	7.24635485334695	-5.66604377366524	1.53538386184232e-08	5.17917350305913e-07	9.07304571042106
ENSMUSG00000031015	0.337203251721658	7.26704709829266	5.653451383789	1.65157484797153e-08	5.53003015591898e-07	9.07139206705822
ENSMUSG00000030757	0.14751257323504	7.61725590035633	5.73912483440591	1.00242507758659e-08	3.62534505960322e-07	9.07123537067634
ENSMUSG00000025195	0.176685233246662	7.48533073367888	5.68151089812682	1.40350194149624e-08	4.80569618020514e-07	9.04531192017637
ENSMUSG00000034269	0.241632321650443	7.55833824555232	5.70117217657621	1.25166797627402e-08	4.39031641638206e-07	9.03459218119558
ENSMUSG00000040158	0.271337919965558	7.02185899939574	5.64246461461522	1.75989264680363e-08	5.8478463279069e-07	9.02327248721275
ENSMUSG00000059511	0.173298467749254	7.28362204339422	5.64757601034678	1.70866778603072e-08	5.69208108262449e-07	9.02246346787958
ENSMUSG00000026047	0.233146325503861	7.05263402097373	5.64038338042764	1.78117477544369e-08	5.90357978736932e-07	9.01622571266246
ENSMUSG00000025366	0.353727852988161	7.23378863705449	5.63701120162187	1.81618947352853e-08	5.98930795653286e-07	8.98422553121051
ENSMUSG00000086290	0.253077019279631	7.26816222777424	5.63706548564857	1.81562056172304e-08	5.98930795653286e-07	8.97297083545538
ENSMUSG00000018796	0.128669751945868	7.49974962371838	5.66820115598506	1.51629111817517e-08	5.12953057342359e-07	8.93820964288522
ENSMUSG00000022978	0.164394106637243	7.29935658245635	5.62738362715546	1.91987572834533e-08	6.29950201390902e-07	8.90316582966737
ENSMUSG00000034006	-0.19426518601497	6.89504814211519	-5.61418654093176	2.07139196282459e-08	6.77966589432488e-07	8.87226799293641
ENSMUSG00000003134	0.12234543872051	6.99909864618014	5.61305309237885	2.08493361713445e-08	6.79003754117517e-07	8.8686544477525
ENSMUSG00000048939	0.250855245356625	7.27048118236447	5.61366787229685	2.0775780215906e-08	6.78295547597608e-07	8.85778836586504
ENSMUSG00000031753	-0.235188065487409	7.05263904473072	-5.6074341271915	2.15334464263581e-08	6.99543128074146e-07	8.82425036115783
ENSMUSG00000038119	0.171427505843164	7.47489209985107	5.63333110854683	1.85516429658578e-08	6.10246506806558e-07	8.80986400119161
ENSMUSG00000084592	0.193452258783972	7.16762013492714	5.60272492656555	2.21235377232832e-08	7.13402354367546e-07	8.80671919544109
ENSMUSG00000059447	0.230218346902664	6.72734228018555	5.60631507097035	2.16722709388781e-08	7.00956171950799e-07	8.79227697855088
ENSMUSG00000024145	-0.0847358357202737	7.46822546472307	-5.64947215065595	1.69003599197621e-08	5.64437530789606e-07	8.78685829160794
ENSMUSG00000028163	0.261336563955455	6.90223480299625	5.59228179403219	2.34886828072672e-08	7.5215280890134e-07	8.74073539957613
ENSMUSG00000030513	0.294501998074987	6.84400493263473	5.59086637916807	2.36798886293216e-08	7.56139273012386e-07	8.71910829551814
ENSMUSG00000030060	-0.236964992759208	7.0925203776028	-5.58747465098038	2.41442405494121e-08	7.677504953247e-07	8.70902483165251
ENSMUSG00000019338	0.128796486885064	7.61514012053403	5.66565182736299	1.53887755323098e-08	5.17917350305913e-07	8.67555800309157
ENSMUSG00000070426	-0.293856952761233	7.0840673339769	-5.58184226082035	2.4934952098827e-08	7.88522688110731e-07	8.65894972956517
ENSMUSG00000001151	0.141375791034986	7.4526562904119	5.60622064550067	2.16840245676805e-08	7.00956171950799e-07	8.6539044715481
ENSMUSG00000005846	0.352832267207718	7.03783788259482	5.57268569770062	2.62743542531483e-08	8.28876737065585e-07	8.64159651034236
ENSMUSG00000049866	0.14797970927611	7.3754884866438	5.58642480056113	2.42897556825184e-08	7.69979373839058e-07	8.63321691875915
ENSMUSG00000038506	-0.201500597681766	7.31597205516359	-5.59221558119801	2.34975938619499e-08	7.5215280890134e-07	8.63191820890585
ENSMUSG00000062006	0.261940729900364	7.24979432994012	5.5716844414162	2.64249833188003e-08	8.31624715408014e-07	8.6189197377225
ENSMUSG00000022797	0.169587926639178	7.4263069350972	5.58735486417083	2.41608008000135e-08	7.677504953247e-07	8.58594789360886
ENSMUSG00000041355	-0.23504810256467	7.04271463686958	-5.55968171241663	2.82972193172998e-08	8.86285156225094e-07	8.56475363117706
ENSMUSG00000034330	0.243228338279688	7.2914668796722	5.55633107342034	2.88424491819954e-08	9.01206073247455e-07	8.53968377427265
ENSMUSG00000089706	-0.142085736319384	7.00635994404572	-5.54736788246426	3.03515731557266e-08	9.43854621745302e-07	8.50949250473424
ENSMUSG00000040751	0.255931913057124	7.28278598142984	5.54875672005218	3.01128189306035e-08	9.3865958437967e-07	8.48265148725115
ENSMUSG00000026754	-0.221403449248682	7.2660978549176	-5.54016533491213	3.16195263108507e-08	9.80954593511036e-07	8.39800789639126
ENSMUSG00000079003	0.292042733481055	7.0723462925272	5.52656081145155	3.41561805831781e-08	1.04914389084078e-06	8.39587277801808
ENSMUSG00000050912	0.312250713682032	7.00310336853947	5.52569879521586	3.43233950684001e-08	1.04914389084078e-06	8.38462571263372
ENSMUSG00000035692	0.221764392821098	6.691667300031	5.53161269985539	3.31919860020563e-08	1.02730373697144e-06	8.38394213052426
ENSMUSG00000063239	0.139325784674394	6.64806957503299	5.53034229139037	3.34319383351588e-08	1.03228994500919e-06	8.37068179932805
ENSMUSG00000021583	0.245720956784835	7.18670260075646	5.52097715067594	3.52534873742356e-08	1.07085535198026e-06	8.36518943043504
ENSMUSG00000041445	0.348920241441123	6.98301513707777	5.5203313775905	3.53825804325231e-08	1.07228875699674e-06	8.35556755839341
ENSMUSG00000069835	0.122642165699846	7.59147494215975	5.59751403961877	2.27947947606061e-08	7.33241899277286e-07	8.34792570075786
ENSMUSG00000085042	0.225605999588388	6.90710047907003	5.51059731677312	3.73849214922367e-08	1.12515722339394e-06	8.30197185338948
ENSMUSG00000036368	0.200085604776239	7.42713000734142	5.52684004164566	3.41021850008387e-08	1.04914389084078e-06	8.29475398074898
ENSMUSG00000024663	0.224691469668812	7.30633466550544	5.51008269947731	3.74937850033541e-08	1.12584548913741e-06	8.28076952292978
ENSMUSG00000031780	0.270099212507818	7.20797030582527	5.50806543878877	3.79234946670019e-08	1.13354884059449e-06	8.280401613288
ENSMUSG00000017314	-0.238519283503092	6.92748707265104	-5.50406576474501	3.87896620786627e-08	1.15155160075703e-06	8.27380180697405
ENSMUSG00000045251	0.0965103163680876	7.54775665726667	5.56400771393795	2.76080522313501e-08	8.66773668615912e-07	8.23524954020285
ENSMUSG00000034292	-0.190405912963818	7.34532901646085	-5.52526929611904	3.44070057681448e-08	1.04914389084078e-06	8.23446551042932
ENSMUSG00000071547	0.150307049938299	7.11206137188129	5.494428526964	4.0956261008415e-08	1.20494240252173e-06	8.22906150090688
ENSMUSG00000091542	0.298029684677889	7.44264306355847	5.51477399744166	3.65126464543269e-08	1.10143679119827e-06	8.22828022895952
ENSMUSG00000069920	0.19305036296635	7.25169350880443	5.49644638571724	4.04931151895468e-08	1.19669495273487e-06	8.22522938177066
ENSMUSG00000079055	0.176002134172388	7.46715161547263	5.51911404256773	3.56271796406673e-08	1.07720793500142e-06	8.2051547441559
ENSMUSG00000046679	0.16719524893159	7.21898883204307	5.49180391248441	4.15663646040982e-08	1.21470277990369e-06	8.20486371148825
ENSMUSG00000042997	0.175781443423076	7.48318249289707	5.52540773612106	3.43800340586897e-08	1.04914389084078e-06	8.19279587940903
ENSMUSG00000020475	0.179549607110443	7.33349060584124	5.49734128668654	4.02893442429226e-08	1.19336673038086e-06	8.18903067952629
ENSMUSG00000020415	-0.131381971823646	7.32220169040031	-5.5065847673579	3.82419382462748e-08	1.14046345221009e-06	8.18131069879881
ENSMUSG00000087590	0.150863666803557	7.33546977132439	5.49322873209053	4.12340733352808e-08	1.21039571324102e-06	8.15894064343853
ENSMUSG00000074466	0.25159524266994	7.10152919452849	5.47522835179697	4.5628063408392e-08	1.31868124976306e-06	8.12326778953402
ENSMUSG00000097032	0.252919051987229	7.31378868721443	5.48487226952708	4.32203423713919e-08	1.26022432589368e-06	8.1196724488588
ENSMUSG00000030978	0.241020702839548	6.89653894151403	5.47551515915526	4.55546177058826e-08	1.31868124976306e-06	8.11182775060955
ENSMUSG00000050565	0.275408922318597	6.84292228860457	5.47636408048415	4.53378969377038e-08	1.31610586853308e-06	8.10296993293516
ENSMUSG00000094158	0.153543982664265	7.46712430378895	5.50910802439744	3.77008137443523e-08	1.1294715184006e-06	8.10099079222659
ENSMUSG00000084755	-0.159785380005467	7.35518681363366	-5.49482454497659	4.08649622414011e-08	1.20494240252173e-06	8.09253570243829
ENSMUSG00000054426	-0.11306515031256	7.46946339740915	-5.52500481331687	3.44585909762858e-08	1.04914389084078e-06	8.07751884265468
ENSMUSG00000017344	0.216760006600101	7.27646234529809	5.4664825045038	4.79236651186385e-08	1.36990529199392e-06	8.05656783728705
ENSMUSG00000044037	0.179552102899019	7.35553023403247	5.47077459569619	4.67834263839336e-08	1.34612883124936e-06	8.04892662304349
ENSMUSG00000067995	0.173726603518318	7.13146674198673	5.45839017973941	5.01472104895429e-08	1.42413726622363e-06	8.03552117302971
ENSMUSG00000022971	0.243518814783533	7.36885471942891	5.46755474467551	4.76363138974916e-08	1.36766364374114e-06	8.01202693285299
ENSMUSG00000025225	0.224033676882509	7.101510585512	5.4464480156702	5.36122974383162e-08	1.50620643361038e-06	7.97174207817015
ENSMUSG00000006360	0.213447337805304	7.26412940326107	5.44574207239665	5.38242392627098e-08	1.50892278464111e-06	7.95298847133342
ENSMUSG00000020700	0.260882015570179	7.44160042101462	5.46657164565395	4.78997121379944e-08	1.36990529199392e-06	7.95070300692973
ENSMUSG00000069136	-0.231047948243328	7.16103350004675	-5.44832195408899	5.30536109451062e-08	1.50016819544996e-06	7.94525996163769
ENSMUSG00000022358	0.264670393237971	6.88745602247032	5.44498723541665	5.40517587209754e-08	1.512063301656e-06	7.94481075686736
ENSMUSG00000040848	0.284886573459738	6.73642861068063	5.4470627081221	5.34284105018998e-08	1.50620643361038e-06	7.93196518496346
ENSMUSG00000085433	0.141619734034895	7.45775877708288	5.47431681705792	4.58622526650036e-08	1.32252998213706e-06	7.92861266880982
ENSMUSG00000097835	-0.109742554816986	7.51937050986889	-5.50589755938963	3.83906138388225e-08	1.14229526449515e-06	7.91443915258424
ENSMUSG00000080951	0.239441961240794	7.31842173018541	5.44117830717921	5.52141241977417e-08	1.54128638378856e-06	7.90225539052647
ENSMUSG00000078787	0.289401116620983	7.00801484155172	5.42940915704045	5.89608578064803e-08	1.6357465328733e-06	7.87877990324552
ENSMUSG00000025793	-0.206461547992964	7.0390151894135	-5.42937270808878	5.89728355878549e-08	1.6357465328733e-06	7.87380485534447
ENSMUSG00000028626	0.124659453174556	7.28027385061807	5.43059323309045	5.85730290599138e-08	1.63157041798381e-06	7.85028304616338
ENSMUSG00000051811	0.204096592526982	7.31005104256502	5.42889299563786	5.91306976777618e-08	1.63665770401112e-06	7.84443653907801
ENSMUSG00000025193	-0.130497909693818	7.49290993170729	-5.49187487048314	4.15497547628701e-08	1.21470277990369e-06	7.82615239252444
ENSMUSG00000028517	0.312828903135301	7.12316798118878	5.41853431051286	6.26411385835408e-08	1.71984067014313e-06	7.8201282236901
ENSMUSG00000020717	0.341360144458741	7.05256459011319	5.4172912730932	6.30757228470575e-08	1.72758862659765e-06	7.81034521286829
ENSMUSG00000065734	0.280591576644593	7.19642779123702	5.41633138044811	6.34133134369933e-08	1.73320897602738e-06	7.80412168443209
ENSMUSG00000040483	0.251683502478061	7.09672940606923	5.40765879611465	6.65438666847451e-08	1.80745291003461e-06	7.76604184406443
ENSMUSG00000034310	0.182073453292333	7.50495181644529	5.45914814793418	4.99347678613292e-08	1.4211869148707e-06	7.76257751101292
ENSMUSG00000042215	-0.234215305064735	6.98104050517371	-5.4064242447982	6.70015051663935e-08	1.81611533258473e-06	7.75255533596001
ENSMUSG00000061838	0.208002451430406	7.04642457945446	5.40205855733532	6.8644420113477e-08	1.85297473840338e-06	7.7378941932403
ENSMUSG00000039849	0.110133625500339	7.53704433928681	5.46444431181536	4.84745242369506e-08	1.38263283509838e-06	7.73380180643946
ENSMUSG00000026655	0.276463244245665	6.76094270541596	5.40472314606413	6.7637088344014e-08	1.82955529049552e-06	7.70131046112699
ENSMUSG00000030096	0.122426541398939	7.5509716322511	5.45731485905225	5.04501044485221e-08	1.42963802476202e-06	7.66994536025884
ENSMUSG00000052456	-0.182385741227435	7.31645245625452	-5.41448870655252	6.40662885539586e-08	1.74740802030922e-06	7.65608181897229
ENSMUSG00000089844	-0.142704145846784	7.39243367331566	-5.42079008513121	6.18598860981127e-08	1.70498869220314e-06	7.65403227062699
ENSMUSG00000078958	-0.214312436908325	7.11671361329736	-5.38426395535829	7.57540539302167e-08	2.0364929652041e-06	7.61793562296628
ENSMUSG00000039108	-0.211571759195886	6.94060778520954	-5.37898161302746	7.79984543176937e-08	2.08865471789814e-06	7.61451374637912
ENSMUSG00000039461	0.0910507219538559	7.61567366636815	5.48307699510449	4.36590172494415e-08	1.27018634184375e-06	7.61348459790123
ENSMUSG00000038208	-0.176734161944458	7.47045058375449	-5.44659026882508	5.35696875305336e-08	1.50620643361038e-06	7.60989684741147
ENSMUSG00000050002	0.322086507109383	7.11643939884737	5.37857701953208	7.81729920386562e-08	2.08865471789814e-06	7.60807020313028
ENSMUSG00000035184	-0.141359210938816	7.4190527676636	-5.42156779014955	6.15927355171226e-08	1.70120694808053e-06	7.59371626677488
ENSMUSG00000028322	0.21052034758497	7.04878730427574	5.36698312862804	8.33383731931621e-08	2.21761378423756e-06	7.55398160810429
ENSMUSG00000030339	0.204230637561691	7.04567507675208	5.36506593903507	8.42237885841877e-08	2.23210089098013e-06	7.54356546767407
ENSMUSG00000042831	-0.211183958423012	7.27544098606583	-5.38850155384361	7.39989013054851e-08	1.99340250183418e-06	7.53836501002202
ENSMUSG00000023988	-0.155856022508298	7.09645886354945	-5.36649785412282	8.35616314527771e-08	2.21904437926929e-06	7.53607133844016
ENSMUSG00000039167	0.300023453836562	6.90532784006315	5.36038505572517	8.64240089402759e-08	2.27658576468027e-06	7.50078604072958
ENSMUSG00000074637	0.228318730317838	6.86787848979629	5.36143524719319	8.59255807982574e-08	2.26801956413465e-06	7.50077805589267
ENSMUSG00000048776	0.17383917653184	6.91954793037858	5.35785448994631	8.7636563141035e-08	2.30389133462335e-06	7.49946662978773
ENSMUSG00000028609	0.313033325754803	7.06960744513591	5.35392190189652	8.95536769666705e-08	2.34019309151228e-06	7.48169975186374
ENSMUSG00000098066	0.237614128555382	7.28360868144484	5.35512682828445	8.89620076175196e-08	2.33404930606927e-06	7.46460543988353
ENSMUSG00000093661	-0.201409916239355	7.08160057889899	-5.35219276170643	9.04094202949887e-08	2.35784886554182e-06	7.46019940430864
ENSMUSG00000027854	0.259411666129904	7.10342202788831	5.34833002350314	9.23497716837314e-08	2.40366443515589e-06	7.4550523839088
ENSMUSG00000024236	0.188301249288818	6.78638309341001	5.35435189073548	8.93420984276873e-08	2.33933350523057e-06	7.4529746812871
ENSMUSG00000035944	0.102783857635796	7.54826468898374	5.41847596311519	6.26614726289545e-08	1.71984067014313e-06	7.43908971066225
ENSMUSG00000046792	0.202498732624223	7.45980745752231	5.37864689399088	7.81428218689702e-08	2.08865471789814e-06	7.42046352620844
ENSMUSG00000000708	0.220655748625553	6.85334928307991	5.34589179788546	9.35952505238572e-08	2.42163837916668e-06	7.41945996831969
ENSMUSG00000062352	-0.21173960652159	6.89864815607281	-5.3416128680792	9.58204135231799e-08	2.46945049969581e-06	7.4186780135494
ENSMUSG00000016206	0.294890641454807	7.27618247971622	5.34700017549794	9.30270728137514e-08	2.41170383619333e-06	7.41517663875305
ENSMUSG00000060591	0.185207353194301	7.03598585099287	5.33897414681942	9.72180660138973e-08	2.49922989941693e-06	7.40887086383997
ENSMUSG00000010307	0.121411020790561	7.54834646305003	5.41018028564305	6.5618562198496e-08	1.78602539771873e-06	7.40103149538884
ENSMUSG00000029127	0.202668320343936	7.45963874252091	5.36717672456384	8.32494676161572e-08	2.21761378423756e-06	7.37132378642212
ENSMUSG00000037275	0.264521210641358	7.26542062909109	5.33871250946609	9.73577183549215e-08	2.49922989941693e-06	7.36980645288875
ENSMUSG00000058173	0.286468830132155	7.40787764634895	5.34752379222022	9.27598188932884e-08	2.40954672410899e-06	7.35841316362313
ENSMUSG00000010911	-0.233838108666642	7.10011165269536	-5.3321647128268	1.00916631043262e-07	2.58551963526104e-06	7.35481326656888
ENSMUSG00000042659	0.177107610040972	7.10165013743212	5.32779481239172	1.03361535331004e-07	2.64298675889356e-06	7.35144206389409
ENSMUSG00000079669	-0.216375744372535	7.26392828838558	-5.34471908219066	9.42000676275672e-08	2.43247985282073e-06	7.34528691741609
ENSMUSG00000036461	0.270175357801831	7.16703484165115	5.31936185939132	1.08242787979301e-07	2.74634608570738e-06	7.30323425683229
ENSMUSG00000001930	0.297242254421593	7.1545138299682	5.31665305106247	1.09857549171715e-07	2.77655411922025e-06	7.28742738787962
ENSMUSG00000090008	0.167179289356127	7.31874118616277	5.32372970142958	1.05687333074307e-07	2.69194273270199e-06	7.28059235436135
ENSMUSG00000024026	0.248231822703076	7.22041266256592	5.31809904630783	1.08992690100977e-07	2.76002378878529e-06	7.28031052529608
ENSMUSG00000006456	-0.206698218063634	6.96964437741236	-5.31220588576182	1.12559264493655e-07	2.83935624422146e-06	7.26748541059513
ENSMUSG00000027671	0.222970087026892	7.17650450890188	5.31133802245456	1.13093952315694e-07	2.84735773791744e-06	7.26262465336323
ENSMUSG00000073879	0.351088889671868	7.41691365237183	5.32627752439911	1.04223775599919e-07	2.65983951297104e-06	7.24446976608027
ENSMUSG00000020467	0.346210754477215	6.94155273740475	5.31017025727152	1.13817289843756e-07	2.85458995906984e-06	7.24423732665739
ENSMUSG00000032555	0.234229201760656	7.10373831878478	5.30686971783136	1.15886009254113e-07	2.90091708060201e-06	7.24227311277943
ENSMUSG00000051439	0.10315446601804	6.80233433680588	5.3107537909599	1.13455279209935e-07	2.85097219849611e-06	7.2401929278304
ENSMUSG00000020328	0.189843073657229	7.29133892537688	5.30602020237543	1.16424331705923e-07	2.908830821935e-06	7.2041924237661
ENSMUSG00000079215	0.208296390818636	6.77489322282646	5.30300392391263	1.18355315167584e-07	2.95144340223621e-06	7.18004545926099
ENSMUSG00000033170	0.388024156759731	7.04971177932412	5.29515750291037	1.23524819305964e-07	3.06866590958953e-06	7.16994646209508
ENSMUSG00000038058	0.309900001086493	7.02807200510774	5.29388767700513	1.24381712175626e-07	3.07680840157843e-06	7.16742804100184
ENSMUSG00000035232	0.313425286288327	7.11875182937818	5.29302572394639	1.24966642617128e-07	3.0810984654302e-06	7.16225281761544
ENSMUSG00000022677	0.188681357134689	7.23594618180981	5.29426757018868	1.24124754705117e-07	3.07680840157843e-06	7.15089553546617
ENSMUSG00000002870	0.224942907830151	6.99120989824623	5.28345260947681	1.31644669276881e-07	3.23174038388269e-06	7.11608133866582
ENSMUSG00000051504	0.246376044622353	7.28981990059727	5.28840960419039	1.28144776054685e-07	3.15351768441341e-06	7.11497065593209
ENSMUSG00000020868	0.116348240889618	7.55979842855208	5.36273834448038	8.5310991282443e-08	2.25634646034292e-06	7.11248715056026
ENSMUSG00000079593	-0.159172118602097	7.29040853187698	-5.30109692582563	1.19592106887414e-07	2.97661570982893e-06	7.10769602375173
ENSMUSG00000000171	-0.212449171692491	7.07810225609431	-5.28321171129658	1.31817091734903e-07	3.23174038388269e-06	7.09373252772654
ENSMUSG00000035697	0.298987251188759	7.09267324298522	5.27427246222004	1.38372143834691e-07	3.37349740611504e-06	7.07091060805494
ENSMUSG00000044576	0.218835470165673	6.96519188533297	5.26710425226408	1.43855317433221e-07	3.50065765025229e-06	7.02770661314809
ENSMUSG00000020439	0.227009047573793	7.1298342096886	5.26443652929428	1.45949133503417e-07	3.53235783822664e-06	7.02344717858853
ENSMUSG00000022827	0.234576375587402	7.35941510929096	5.27534905783246	1.37566291523951e-07	3.36010800117829e-06	7.01874742615064
ENSMUSG00000032741	0.207845644730594	7.39762425344932	5.27885843830856	1.34970856497305e-07	3.30287561357518e-06	7.00750130589347
ENSMUSG00000032714	0.263181227736434	7.20391234859537	5.26024426567871	1.49299212522647e-07	3.58646842265411e-06	6.99513785863875
ENSMUSG00000015947	0.170257239803015	6.71909247009042	5.2666446879701	1.44213931879153e-07	3.50287346226691e-06	6.99127942858802
ENSMUSG00000039239	0.306646155681419	7.129045648634	5.25840059209245	1.50795950616703e-07	3.61578861808402e-06	6.98856620309754
ENSMUSG00000064105	0.175479304566011	7.03995317695624	5.2535014828545	1.54844037391811e-07	3.70606606496085e-06	6.97043508632969
ENSMUSG00000055334	-0.265295052277839	7.09392293950972	-5.25276558718286	1.55461110252963e-07	3.71404535662735e-06	6.93470259953046
ENSMUSG00000071856	0.3028562620446	7.20442873640216	5.24910990995206	1.58561944465764e-07	3.77435086717416e-06	6.92692605873372
ENSMUSG00000020891	0.163541736753523	7.56103395961279	5.32283011373143	1.06208824545786e-07	2.69997268146298e-06	6.9144465649049
ENSMUSG00000087259	-0.234010160650422	7.06855793248026	-5.24317618669935	1.63722840151729e-07	3.8901259950389e-06	6.90155373219082
ENSMUSG00000052151	0.191244258135555	7.13922256753898	5.23926477698603	1.67213264014073e-07	3.94442531976981e-06	6.89667655698073
ENSMUSG00000091971	-0.15533134939153	6.74179413189538	-5.23948388362893	1.67015851524175e-07	3.94442531976981e-06	6.88141756139848
ENSMUSG00000021236	0.28592078133404	6.91632031907207	5.23926943857706	1.6720906162713e-07	3.94442531976981e-06	6.87604630301271
ENSMUSG00000050105	0.19105166556482	6.92218391698197	5.23638832095108	1.69825938226888e-07	3.99644711729532e-06	6.87099483391559
ENSMUSG00000031583	0.119817162941828	7.45011194414015	5.26441338167505	1.45967429764789e-07	3.53235783822664e-06	6.86589856921304
ENSMUSG00000053600	0.267431877433969	7.21713048210394	5.23616643863998	1.70029105127826e-07	3.99644711729532e-06	6.84836028638382
ENSMUSG00000027954	0.252537982736087	7.15110102444201	5.23006744953709	1.75706595288688e-07	4.10776918842767e-06	6.84611607229729
ENSMUSG00000022325	-0.198759665098652	7.00735401842908	-5.22793471898185	1.77734861998037e-07	4.14040002362686e-06	6.83558622939398
ENSMUSG00000001864	0.242588528297327	6.80923249193428	5.23485047930975	1.71238905364059e-07	4.01766980112233e-06	6.83213251762771
ENSMUSG00000036887	0.225521361118548	7.27377225227447	5.23171454091768	1.74155517069495e-07	4.07879075040042e-06	6.8281311099096
ENSMUSG00000064373	0.28415766723884	7.00951061810269	5.22311847031659	1.82398845059861e-07	4.24150209506873e-06	6.80631182167969
ENSMUSG00000004789	-0.201506393037968	7.09407214260699	-5.21993753143866	1.8554387778932e-07	4.3001947295055e-06	6.78220481041356
ENSMUSG00000002325	0.154559255102209	6.75767384653957	5.21990155621618	1.85579745048167e-07	4.3001947295055e-06	6.76404774248777
ENSMUSG00000061882	0.0715418166970041	7.5665126317733	5.2936280372665	1.24557627011654e-07	3.07680840157843e-06	6.76026576637546
ENSMUSG00000036459	0.129493637643725	7.50740375160612	5.26032543079672	1.49233652105674e-07	3.58646842265411e-06	6.74945207992596
ENSMUSG00000030528	0.169368400982179	7.44868800963846	5.24035882374402	1.66229785696714e-07	3.94253687380684e-06	6.73939457572092
ENSMUSG00000103723	-0.150003672977696	7.42386280529722	-5.26279459649513	1.47252462785793e-07	3.5503300972221e-06	6.73540796127314
ENSMUSG00000024219	0.243188598884247	7.09617499279254	5.20747112975642	1.98382650309805e-07	4.5887379114063e-06	6.73319309331557
ENSMUSG00000023143	0.265771954557028	7.14451673182025	5.20407602451904	2.02025382069822e-07	4.66475538281853e-06	6.71174797538939
ENSMUSG00000043644	0.136860238170174	7.42260554485038	5.22865149488061	1.77050681689736e-07	4.13181376948667e-06	6.68573643793601
ENSMUSG00000039449	-0.204033690354367	6.98372488530058	-5.19434410322666	2.12829050469977e-07	4.89693836336192e-06	6.66173863925528
ENSMUSG00000096349	0.286543350287386	7.09509437184593	5.19130342430943	2.16317616966516e-07	4.95110182049935e-06	6.64821654549209
ENSMUSG00000041815	0.223344923338117	6.93100611324939	5.19184148501192	2.15696301803319e-07	4.94552711595281e-06	6.64723276395107
ENSMUSG00000056313	-0.196544246849541	6.92804161493768	-5.18830197610133	2.19815348180015e-07	5.00856587995808e-06	6.63550990453331
ENSMUSG00000026333	-0.188833699921244	7.15256231036451	-5.19068863438811	2.17029651319278e-07	4.95872983433157e-06	6.62372209540841
ENSMUSG00000034903	0.337050101593776	6.98066412139817	5.18816525677894	2.19975968604942e-07	5.00856587995808e-06	6.6216012010684
ENSMUSG00000042787	-0.151383842528109	6.58540022613331	-5.19318864667538	2.14148249626482e-07	4.91864716510509e-06	6.61127830890387
ENSMUSG00000028138	0.136959927023037	7.22505282739642	5.18220128842663	2.27094028657074e-07	5.15271234519656e-06	6.59217397406651
ENSMUSG00000021962	0.251570587983749	7.06315523149345	5.17044709194146	2.41780124103534e-07	5.44816761577188e-06	6.54484387834712
ENSMUSG00000087177	0.102300835085742	7.57582395822453	5.25138598774374	1.56624365934791e-07	3.7350203985761e-06	6.53973114567139
ENSMUSG00000087595	0.203510463145697	7.34672463166294	5.18127006567767	2.28225356782351e-07	5.16942278718778e-06	6.5259022994901
ENSMUSG00000050213	0.204189961520158	6.91788722501079	5.16718855626581	2.46011298257665e-07	5.52449385384107e-06	6.52294861565055
ENSMUSG00000019804	-0.252630401447342	6.81769712358398	-5.16645216934657	2.4697735368285e-07	5.53669094934224e-06	6.51738988165714
ENSMUSG00000032434	0.311513945693563	7.22771867637575	5.1678448889276	2.45153343249349e-07	5.5146865460833e-06	6.51682678027961
ENSMUSG00000037820	0.257069272742918	7.03392809153758	5.16500518891137	2.48886316121975e-07	5.56044308987865e-06	6.51555120452745
ENSMUSG00000053684	0.132022872771054	7.45860470733068	5.20273075201168	2.03486589361908e-07	4.69022258437693e-06	6.48946755554
ENSMUSG00000043061	0.059879208682605	7.60017911998253	5.26395919604171	1.46326874841492e-07	3.5345229620384e-06	6.48896771438036
ENSMUSG00000022575	0.146857104558884	7.39222976910794	5.1781687395323	2.32032523310199e-07	5.24657995712802e-06	6.47746322563563
ENSMUSG00000031453	0.198674177925749	7.05005799711015	5.15370454900427	2.64293375485627e-07	5.8745821253953e-06	6.46452785614776
ENSMUSG00000036975	-0.212279924683286	6.77803217513895	-5.15404901879389	2.63810404909139e-07	5.8738194235892e-06	6.45361972983041
ENSMUSG00000036513	0.256195305676958	7.18935339050277	5.15333693419133	2.64809739261619e-07	5.87608323120868e-06	6.44780293787927
ENSMUSG00000024187	0.267811176449607	6.87999359330798	5.15435242668508	2.63385712356395e-07	5.8738194235892e-06	6.44043880148747
ENSMUSG00000061175	0.272433446413159	7.24819274193516	5.15271457346448	2.6568615011932e-07	5.88555512244016e-06	6.43831535502585
ENSMUSG00000039680	-0.173427008382764	6.88413006008447	-5.14845136377927	2.71765409699618e-07	5.99992030992815e-06	6.43594814186412
ENSMUSG00000028164	0.221875336099584	7.10500571093662	5.14342353216588	2.79107789604443e-07	6.13100533808955e-06	6.41153606464356
ENSMUSG00000041915	0.217717896958558	7.00339046188098	5.14374795659078	2.78628289714848e-07	6.13100533808955e-06	6.4094981722282
ENSMUSG00000097715	0.249309020288586	7.24288637218042	5.14345772163518	2.79057219953783e-07	6.13100533808955e-06	6.38514369634783
ENSMUSG00000041598	0.241217361235219	7.16020175568187	5.13498110830426	2.91869745998105e-07	6.37922990752453e-06	6.36819587215933
ENSMUSG00000000290	0.230351237946942	6.96339797333581	5.13394770837378	2.93470069863135e-07	6.4035169244136e-06	6.35599661418439
ENSMUSG00000038886	0.202200879895799	7.12941740363832	5.12814971221956	3.02607232181985e-07	6.56310967242443e-06	6.33469785889964
ENSMUSG00000030309	0.144329230844738	7.39631920690816	5.15166055948885	2.67176812426574e-07	5.90857910183903e-06	6.33415385926302
ENSMUSG00000048572	0.186205991516606	6.85102178355336	5.12803587285576	3.02789355495291e-07	6.56310967242443e-06	6.31453119258876
ENSMUSG00000043673	-0.187733668369932	7.26658169787226	-5.14182350052313	2.81484323624672e-07	6.17285220250287e-06	6.31157734893116
ENSMUSG00000034194	0.103833060415574	7.47375177229082	5.16510372088139	2.48755874435655e-07	5.56044308987865e-06	6.29414668310036
ENSMUSG00000054453	0.296629485939389	7.07357761753133	5.11887527720915	3.17796932008041e-07	6.87702055181698e-06	6.28456892518158
ENSMUSG00000103677	0.220994197428499	7.17355491282762	5.11416663885639	3.25787978991513e-07	6.99215773927358e-06	6.26234875029263
ENSMUSG00000021555	-0.209505271676901	7.08585104494853	-5.11573157543596	3.23110829968587e-07	6.96081253285694e-06	6.25950265849731
ENSMUSG00000085527	-0.268484886436011	7.09249887470885	-5.11730483554522	3.20440861861671e-07	6.92279168893235e-06	6.25926667230028
ENSMUSG00000038188	0.282573703695299	7.27171612670744	5.11524880879567	3.23934428366124e-07	6.9637923418215e-06	6.24907440137383
ENSMUSG00000028029	-0.163387521099535	7.08060857865522	-5.11106394802684	3.31159250901583e-07	7.0496535167537e-06	6.23460635567068
ENSMUSG00000030255	0.209552990571976	7.1310993480424	5.10587746097737	3.4032940874777e-07	7.22138187897213e-06	6.22541069045965
ENSMUSG00000032625	0.244693090065189	6.66564237734896	5.11564162464829	3.23264132292776e-07	6.96081253285694e-06	6.20867098228466
ENSMUSG00000046688	0.218056921349289	7.33759535409499	5.11380423316882	3.26410996900434e-07	6.99406345568001e-06	6.20501905614545
ENSMUSG00000025089	0.217876552222353	6.71810982913926	5.11149706555219	3.30404349840568e-07	7.045038677708e-06	6.1998302609777
ENSMUSG00000035413	0.259606434755125	7.01425968519638	5.10214641439414	3.4707735129272e-07	7.35264835457005e-06	6.19872296714829
ENSMUSG00000073647	0.227816907498153	7.23099207548964	5.10069954635898	3.49728754101426e-07	7.39684789773162e-06	6.1785479373614
ENSMUSG00000069094	-0.130910353084764	7.05059091414674	-5.096460965864	3.57609045174383e-07	7.53915880744447e-06	6.17723655964028
ENSMUSG00000064267	0.134570428494061	7.36102060220479	5.11259658586405	3.28495400018515e-07	7.01576146336443e-06	6.17704994033911
ENSMUSG00000065746	0.224547913212388	7.37509806831891	5.10910492706145	3.34594574789115e-07	7.11122106029073e-06	6.16565579188917
ENSMUSG00000024588	0.146047277397837	7.44225817822607	5.12806474635426	3.02743152868506e-07	6.56310967242443e-06	6.15171397498849
ENSMUSG00000020086	0.165580214347766	7.24635175287255	5.09655598199133	3.57430529239392e-07	7.53915880744447e-06	6.14956842824122
ENSMUSG00000004748	-0.128028837455849	7.37195009405704	-5.13843825777179	2.86577040284106e-07	6.27402443377845e-06	6.14678435947431
ENSMUSG00000051669	0.231123028612963	6.93207248622572	5.08934706247637	3.71221910657584e-07	7.77605960692654e-06	6.13018158465431
ENSMUSG00000029513	0.0887824891443207	7.58216167189971	5.18683629658319	2.21543178143419e-07	5.0354918198848e-06	6.1197894167712
ENSMUSG00000032497	-0.16679396754287	7.22689924923165	-5.09429061663805	3.61710206664774e-07	7.6133601698637e-06	6.10900820730533
ENSMUSG00000029587	0.198940758568249	6.83690169142962	5.08255176985012	3.84691377344736e-07	8.03250320924608e-06	6.08545378903563
ENSMUSG00000029710	0.300936788961036	7.28584141979144	5.08339830727519	3.82988017012275e-07	8.00971105227588e-06	6.08387841879734
ENSMUSG00000037089	0.0794336692799131	7.58476716587398	5.17259456468869	2.39030190220703e-07	5.39548836270595e-06	6.08031187156931
ENSMUSG00000058135	0.203737236496909	6.94333693690704	5.07714468884136	3.95745017797657e-07	8.25014932007472e-06	6.0708794601359
ENSMUSG00000086370	-0.166024228642784	6.90195477880487	-5.07461382871284	4.01023559841877e-07	8.33365150071406e-06	6.0682432851214
ENSMUSG00000005505	-0.233857593330066	6.91016985568605	-5.07488379888667	4.00457269208677e-07	8.33365150071406e-06	6.06674258913725
ENSMUSG00000030966	0.220206871769967	7.12432689383081	5.07119059707596	4.08271521903889e-07	8.47082530073806e-06	6.05275326217281
ENSMUSG00000026817	-0.10545766480445	7.41414371621059	-5.13066198183746	2.9861486137862e-07	6.50493471741912e-06	6.04893779317637
ENSMUSG00000065147	-0.171750342199468	6.90580237698456	-5.06652635063153	4.18350839948227e-07	8.59819340125932e-06	6.02890666404638
ENSMUSG00000022548	0.274864716517254	7.07009078757521	5.06696849058824	4.17385177329876e-07	8.59183449937538e-06	6.0283145551549
ENSMUSG00000025902	0.278269266666307	7.01051519553835	5.06737936274494	4.16489734241837e-07	8.59183449937538e-06	6.02738084507337
ENSMUSG00000037108	0.220067996569123	7.07977164866577	5.0656520630826	4.20266692260565e-07	8.62403061924031e-06	6.02642391306239
ENSMUSG00000034595	0.272577917624174	6.99288955885872	5.06427285236402	4.23306223354449e-07	8.65741914748003e-06	6.00925687069291
ENSMUSG00000030157	0.194306162517552	7.14003195154638	5.06137353661373	4.29765116921444e-07	8.75036533551408e-06	6.00551758081608
ENSMUSG00000037071	0.296107261101509	6.85054272532525	5.06714421375184	4.17001984112929e-07	8.59183449937538e-06	5.99605533529216
ENSMUSG00000037791	0.146336517086057	7.41248033940807	5.0901821834912	3.69598310576948e-07	7.75445686229713e-06	5.99509619264135
ENSMUSG00000046324	0.25870388322261	6.80971647487813	5.06795098198892	4.15247046837928e-07	8.58833228625932e-06	5.99410483639165
ENSMUSG00000024827	0.249752026748468	6.7966675180571	5.06497341670096	4.21759664598616e-07	8.64112289346648e-06	5.98210137791627
ENSMUSG00000030301	-0.220856920848925	7.36469566222659	-5.11282138410807	3.28106426402088e-07	7.01576146336443e-06	5.97912614591848
ENSMUSG00000001305	0.192707786680669	7.39047529171303	5.06981052626677	4.11229145663158e-07	8.51868983389568e-06	5.92377758655133
ENSMUSG00000100158	0.189878361323061	7.06153191475358	5.04194256151236	4.75572245876499e-07	9.54937399235449e-06	5.91056686263922
ENSMUSG00000020100	0.246150948484325	7.12248045990136	5.03992905360682	4.80579761831053e-07	9.5910826858112e-06	5.89770273565427
ENSMUSG00000037656	0.200952731518886	7.31515755612405	5.05105311177142	4.53536961995767e-07	9.22004022740464e-06	5.8945572952084
ENSMUSG00000089872	-0.22154757566006	6.69859874163916	-5.04255720906998	4.74053696138654e-07	9.54817075361117e-06	5.89275769270767
ENSMUSG00000027007	0.250413570721063	6.76296567833854	5.04862258216828	4.59317268826267e-07	9.30864037689394e-06	5.89223620026178
ENSMUSG00000071757	0.186149842522905	6.90682578005221	5.03885951921346	4.83260299229342e-07	9.62989929605867e-06	5.8782449902945
ENSMUSG00000038495	0.239237782486112	6.80322847855472	5.0436664765644	4.71324968713647e-07	9.52251001604795e-06	5.8748751368634
ENSMUSG00000058388	-0.237199951183658	7.13885219373122	-5.04313334333221	4.72634545752357e-07	9.53425496608606e-06	5.86157432409392
ENSMUSG00000019810	0.304805697280464	6.85248168958662	5.03388454420175	4.95919657383243e-07	9.83724265827488e-06	5.85408973588782
ENSMUSG00000075010	0.276784182436642	7.32207221415844	5.04010590929852	4.80137898783566e-07	9.5910826858112e-06	5.85162585233771
ENSMUSG00000026365	0.322062314374196	7.01785561207398	5.02785134814881	5.11701318843101e-07	1.01349374679181e-05	5.83030839130316
ENSMUSG00000022696	-0.137837108571801	7.4228704874065	-5.09168733156643	3.66689373084476e-07	7.70577411303684e-06	5.80569630488143
ENSMUSG00000020513	-0.203623043773589	6.89372397294565	-5.01913009391595	5.35373448877732e-07	1.0571808737115e-05	5.79491982133684
ENSMUSG00000024965	0.133720852328442	7.40344666602299	5.04003505527136	4.80314876126322e-07	9.5910826858112e-06	5.78708151355107
ENSMUSG00000056076	0.105656303290716	6.86455882403456	5.0179045458405	5.38783444892412e-07	1.06231217779088e-05	5.78062387566573
ENSMUSG00000040521	0.147255903592007	7.42116450674598	5.05001958245103	4.55986281460862e-07	9.2554610804428e-06	5.75683779967354
ENSMUSG00000044350	0.112870306347244	7.37094965614089	5.03560733984633	4.91500031553335e-07	9.76436784991846e-06	5.75649301942271
ENSMUSG00000020009	0.167266908063239	7.0415794013306	5.00964089712476	5.62329340448585e-07	1.10045078103929e-05	5.75277711517282
ENSMUSG00000059439	0.154320049013624	7.412369512761	5.04456834596001	4.69117602217207e-07	9.49256205290212e-06	5.74416154694652
ENSMUSG00000039725	0.173684637670128	7.32109043646057	5.0248936730676	5.1961390051437e-07	1.02761105521664e-05	5.74048775913565
ENSMUSG00000022494	-0.212908189906336	6.90355517404438	-5.00694534415956	5.70222264582846e-07	1.11091516189265e-05	5.73461536929204
ENSMUSG00000037646	0.223865796072112	7.42568064301646	5.03645722191732	4.89333780538742e-07	9.73610616233011e-06	5.7255872863452
ENSMUSG00000066043	0.25581933437268	6.93097980403076	5.0071811731218	5.69527484814092e-07	1.11091516189265e-05	5.7203806327088
ENSMUSG00000028859	0.200812946425538	6.85613892359177	5.00776964607632	5.67797332735356e-07	1.109492937339e-05	5.71784446201251
ENSMUSG00000026970	0.160542282277231	7.14812651328174	5.00244778218217	5.83630103471739e-07	1.13366250959229e-05	5.71683719614462
ENSMUSG00000035051	-0.154604740215179	7.37606100960826	-5.04223205524805	4.74856438217593e-07	9.54937399235449e-06	5.69895653515802
ENSMUSG00000086496	0.243150571460532	6.63580349371847	5.01412653006035	5.49427823952508e-07	1.0794538609648e-05	5.6953616644198
ENSMUSG00000032411	0.262758855180009	7.02168912949431	4.99813488758737	5.96772628893324e-07	1.15532935964563e-05	5.68902801973485
ENSMUSG00000026193	0.250019169653635	7.09225372297277	4.99637046215033	6.02231147356173e-07	1.15947208546868e-05	5.68494015386924
ENSMUSG00000103103	0.166025168777896	7.52722353666796	5.06371624431646	4.24538885783851e-07	8.65741914748003e-06	5.66837530654225
ENSMUSG00000026504	-0.235971815477197	7.00787278901796	-4.99007267198798	6.22109601955679e-07	1.18517260908048e-05	5.65055319433459
ENSMUSG00000100691	0.109376013992357	7.51476728324001	5.06400617250462	4.23896380119741e-07	8.65741914748003e-06	5.64355733189388
ENSMUSG00000000308	-0.216120275999781	7.08944535286043	-4.99605805032304	6.03202644017271e-07	1.15963715352043e-05	5.6434018929366
ENSMUSG00000021614	0.204539738037015	6.7740094750968	4.99730868543089	5.99322645508369e-07	1.15727611725598e-05	5.63945181233604
ENSMUSG00000026571	-0.201598749255802	7.11475629198595	-4.99236897805421	6.14789308527873e-07	1.1732976133013e-05	5.63860540657807
ENSMUSG00000061898	0.148251942240396	7.30161395737208	4.99344905311614	6.11374969312312e-07	1.16912801364171e-05	5.63201372683562
ENSMUSG00000093178	0.239299945389928	7.30704338299941	4.99701831650774	6.0022134189824e-07	1.15730453728008e-05	5.63120500230239
ENSMUSG00000006057	-0.241385776877053	7.14834973184163	-4.99912381208882	5.93734134396444e-07	1.15158033889159e-05	5.62436868263918
ENSMUSG00000020777	0.298746635779654	7.19709939883377	4.9865074101064	6.33641930315983e-07	1.20226668865172e-05	5.62298677599234
ENSMUSG00000030079	-0.239932041936953	6.9976877074513	-4.98441314667625	6.40511910778064e-07	1.2117892970963e-05	5.6190047850076
ENSMUSG00000088947	-0.224037026567591	7.2398383055797	-4.99792092584868	5.97432001588827e-07	1.15532935964563e-05	5.61668993207557
ENSMUSG00000093245	-0.194889736385877	7.22726403867019	-4.99522160694614	6.05811148543652e-07	1.16294421652984e-05	5.61304612578351
ENSMUSG00000020019	0.301125545792551	6.89323852120767	4.98552405830082	6.36858804795653e-07	1.20662163131472e-05	5.60639877391626
ENSMUSG00000027079	0.269868268158364	7.23949045791219	4.98350531798036	6.43512192868432e-07	1.21570874877828e-05	5.60021462783517
ENSMUSG00000037966	0.104790563997713	7.50087833813111	5.04034128841514	4.79550426474919e-07	9.5910826858112e-06	5.59637661267531
ENSMUSG00000024621	0.248148621746643	7.17625765321248	4.9771981757306	6.64733858087261e-07	1.24680453726052e-05	5.589676792461
ENSMUSG00000076437	0.275751124027569	7.19423549909757	4.9782937069572	6.60999932789013e-07	1.24157978767199e-05	5.57467247163482
ENSMUSG00000029426	0.218014695453116	6.95677713502022	4.97198492618775	6.82782653040022e-07	1.27162643444333e-05	5.55958162808766
ENSMUSG00000098286	0.20184375309596	7.28514092551127	4.97916653119313	6.58039543653322e-07	1.2413622054048e-05	5.55783491937771
ENSMUSG00000042524	0.115020371293669	7.12890127206585	4.96882034484806	6.93968167189082e-07	1.28688827830587e-05	5.55567899095853
ENSMUSG00000045515	0.267009443400662	6.91482386261425	4.97132472540264	6.85101755238284e-07	1.27405570732665e-05	5.54323657434365
ENSMUSG00000025083	0.240373374146944	6.72650357703183	4.97877933509404	6.59351229821957e-07	1.24157978767199e-05	5.54201335891755
ENSMUSG00000021037	-0.20655632299072	6.63757625394759	-4.9719730925183	6.8282415476143e-07	1.27162643444333e-05	5.53846162160895
ENSMUSG00000040997	0.24343895860692	6.80111271272267	4.97330916277331	6.78153765810144e-07	1.26834130028377e-05	5.53289299699103
ENSMUSG00000065561	-0.1801335372592	7.18961342862633	-4.9734683879505	6.77599233400265e-07	1.26834130028377e-05	5.5277751062244
ENSMUSG00000009281	0.196837161680445	6.87442915438471	4.96826417869959	6.95952150487662e-07	1.2887419454292e-05	5.52691194457417
ENSMUSG00000101493	0.098050121117935	7.47269528191333	5.01689180738975	5.41617112311634e-07	1.06629341870435e-05	5.52485713547332
ENSMUSG00000042364	0.302190974178075	7.01292747091802	4.96179450895069	7.1943648944671e-07	1.32473453162255e-05	5.51000065544898
ENSMUSG00000020097	0.235117668176976	7.33223237303561	4.96733881270574	6.99265282223291e-07	1.29304817441629e-05	5.50018064249211
ENSMUSG00000041360	-0.258647032158157	7.09998781294495	-4.96082786322789	7.2301025768534e-07	1.32944526595737e-05	5.49701413959373
ENSMUSG00000052419	0.280242737353501	6.9604143773085	4.95201107756043	7.56406050502874e-07	1.37537719785651e-05	5.46288387142448
ENSMUSG00000030786	0.275981829138704	7.31765266787705	4.95891350378319	7.30138358213044e-07	1.33879151060577e-05	5.46206105252397
ENSMUSG00000064871	0.250239636329876	7.30320019837189	4.95944521560698	7.28151769755945e-07	1.33702145436814e-05	5.46166393996319
ENSMUSG00000003541	0.261793293034116	7.15890277017585	4.95030639083617	7.63032245990666e-07	1.38360362389332e-05	5.45686363179186
ENSMUSG00000021478	0.195557333582093	6.48032508853741	4.97048393902262	6.88066197587524e-07	1.27775356862636e-05	5.45507933201141
ENSMUSG00000046387	0.214153417840009	7.32886792180717	4.96269008732244	7.1614066003632e-07	1.3205230311543e-05	5.45257294957914
ENSMUSG00000064451	-0.212614329126925	7.25704513844128	-4.96525170143972	7.06793766786435e-07	1.30512609235092e-05	5.43815007349251
ENSMUSG00000034958	-0.147216062655311	7.18782612778436	-4.95814871517658	7.33004932836874e-07	1.34216791338467e-05	5.43648990528724
ENSMUSG00000047363	0.133532345501227	7.5240395589767	5.01394269715908	5.49950905334191e-07	1.0794538609648e-05	5.42830257848903
ENSMUSG00000040734	-0.121043890454023	7.3396976745737	-4.9784244320475	6.60555731865609e-07	1.24157978767199e-05	5.42821418979565
ENSMUSG00000071860	0.234337070305214	7.52967850208806	5.01251745702022	5.54022636401965e-07	1.08581801733152e-05	5.41713778342179
ENSMUSG00000032575	-0.126608917720538	6.54200409055746	-4.9531225009955	7.52115793981032e-07	1.36988255297876e-05	5.41293697551591
ENSMUSG00000022723	0.17871349460004	6.92824121119462	4.94168374438104	7.97415001515727e-07	1.43650214583781e-05	5.41219127258228
ENSMUSG00000046152	0.237093180550016	6.83186678847525	4.94479971384481	7.84821294053561e-07	1.41722488024127e-05	5.4047690816338
ENSMUSG00000054520	0.191301877784818	7.03886953134656	4.93730769633927	8.15430712676363e-07	1.46441960087228e-05	5.40149889829423
ENSMUSG00000087159	0.192306577282419	7.35888975860752	4.95174285028795	7.57444973766072e-07	1.37537719785651e-05	5.39067778280041
ENSMUSG00000020181	0.239805723892714	7.49311352772813	4.98887983042587	6.25945300640548e-07	1.18938691959159e-05	5.38794321620575
ENSMUSG00000036893	0.177207891688038	7.38608742710044	4.95329317280535	7.51459056269669e-07	1.36988255297876e-05	5.38727444603939
ENSMUSG00000021286	0.138405510934357	7.17543628966371	4.93521354559763	8.2419021458349e-07	1.47488707944136e-05	5.38667374203516
ENSMUSG00000021876	0.277677052539386	7.18087551178018	4.93483920855117	8.25765527979314e-07	1.47488707944136e-05	5.38435144765138
ENSMUSG00000037257	-0.244170844940014	6.98036720537472	-4.93531291642164	8.23772521307072e-07	1.47488707944136e-05	5.37893481464952
ENSMUSG00000020519	0.224463934034913	6.97570548849253	4.93334436553948	8.32085207370505e-07	1.48332290222418e-05	5.37726706965349
ENSMUSG00000016619	0.154408538865319	6.81415354167615	4.93496303136573	8.25244126693463e-07	1.47488707944136e-05	5.36350659595093
ENSMUSG00000034751	0.22491787075796	6.92733795716472	4.93037584374051	8.44773505631733e-07	1.5006478610218e-05	5.35146480828193
ENSMUSG00000031628	0.265447787028672	7.35872246746544	4.94099601945001	8.00220668748547e-07	1.43907815868901e-05	5.34264081669473
ENSMUSG00000027475	-0.147626552577976	7.05428027226154	-4.92644467927894	8.61863526225379e-07	1.52479963315441e-05	5.33757840422578
ENSMUSG00000091390	0.254731487857194	7.28781152015437	4.93110059073781	8.41658644810429e-07	1.4971460567742e-05	5.33374466389082
ENSMUSG00000056071	0.21228947044546	6.80772073575572	4.92794845277607	8.55287177855129e-07	1.51726554640642e-05	5.32273001500281
ENSMUSG00000033624	0.245092414426496	7.54002732139801	4.98985054643744	6.22822147148921e-07	1.18517260908048e-05	5.30889224815082
ENSMUSG00000028708	0.0878147822809892	7.55454162822862	5.00342784217262	5.80682755768941e-07	1.12961346783462e-05	5.29665650314849
ENSMUSG00000003444	-0.182683473314381	7.00248059244777	-4.91574180054558	9.10096840285529e-07	1.60363227900648e-05	5.29552408966182
ENSMUSG00000071658	-0.127898448937064	7.44112518149259	-4.99334234022571	6.11711495069181e-07	1.16912801364171e-05	5.29429583859557
ENSMUSG00000053062	0.251193690698321	7.12065008477126	4.91499033481	9.1357933086196e-07	1.60516931250033e-05	5.29218536231337
ENSMUSG00000085566	0.174726105953114	7.47394047071373	4.97283545855457	6.79806119882629e-07	1.26961793459392e-05	5.2910109041452
ENSMUSG00000040586	0.0938559903454781	7.5428038240727	4.99348947474743	6.1124754379403e-07	1.16912801364171e-05	5.28972440858697
ENSMUSG00000005481	0.220464177211862	7.15042939111137	4.91544632482335	9.11464624829723e-07	1.60388371885359e-05	5.28773079142288
ENSMUSG00000027947	0.255530670769439	7.0422408446004	4.91156478978003	9.29617465847466e-07	1.62707912605281e-05	5.27510956241044
ENSMUSG00000021998	0.239142521000455	7.062654247201	4.9103778991566	9.3523738296903e-07	1.63037654032364e-05	5.26991044033909
ENSMUSG00000026584	0.177827564807913	7.47333600476913	4.95552246288649	7.42931430019201e-07	1.35844389410773e-05	5.26401743693449
ENSMUSG00000026347	0.182338664899314	7.23235022234918	4.90902301065091	9.41692763442026e-07	1.63855502023902e-05	5.25370608500957
ENSMUSG00000048058	0.240244488468312	6.92879532975064	4.91059405380263	9.34211461674013e-07	1.63037654032364e-05	5.25184853620091
ENSMUSG00000032327	0.222930168810914	6.73288537810185	4.91380214787567	9.19111906137996e-07	1.61084512384989e-05	5.24320069374567
ENSMUSG00000026003	0.230392972289809	6.91668293530195	4.90706552620096	9.51095050759499e-07	1.64487931367812e-05	5.24086503254369
ENSMUSG00000040473	-0.15968225933603	7.06512870055592	-4.90370877983397	9.67429158005443e-07	1.66652401797464e-05	5.23433213321774
ENSMUSG00000026525	-0.136933554010872	7.35755642565192	-4.94555642782035	7.81791953261505e-07	1.41370445470989e-05	5.23205553105838
ENSMUSG00000103109	0.139181077924394	7.21835797732176	4.90477833015367	9.62195567046764e-07	1.65969227454232e-05	5.23122694748305
ENSMUSG00000095087	0.19366516031438	7.30425194364383	4.90871295392998	9.43176053893768e-07	1.63855502023902e-05	5.22788033593124
ENSMUSG00000065208	-0.220399135966288	7.33931528514804	-4.93318666804567	8.32754608260594e-07	1.48332290222418e-05	5.22595020099386
ENSMUSG00000025289	0.175026324601685	7.17297909761685	4.90115229285678	9.80050022549171e-07	1.68604663537631e-05	5.2202159128782
ENSMUSG00000063787	0.235640767771854	7.08638919064406	4.89930260786339	9.89280242145879e-07	1.69501409153857e-05	5.21816647876541
ENSMUSG00000057982	0.215506164233206	7.10831692452849	4.89918283488969	9.89880804918958e-07	1.69501409153857e-05	5.21814784717957
ENSMUSG00000024070	0.281096436654338	6.76974737693008	4.90615632306458	9.55492865371733e-07	1.65030509148374e-05	5.19337966517287
ENSMUSG00000024524	0.191619048434887	6.60503409320595	4.91054416054453	9.34448170674116e-07	1.63037654032364e-05	5.19239806402397
ENSMUSG00000026317	0.259099654121612	6.9197937990326	4.89696016833079	1.00108955781798e-06	1.70876981629114e-05	5.18885695946509
ENSMUSG00000029505	0.204364160355048	7.41652711776023	4.92645641133122	8.61812031235954e-07	1.52479963315441e-05	5.1872974811073
ENSMUSG00000036390	-0.199997428773818	6.82172577876484	-4.89366892131209	1.01791182437033e-06	1.73071449411122e-05	5.18366456118013
ENSMUSG00000087178	0.390844351598234	7.01977038843731	4.88792339963451	1.04793277965692e-06	1.77714196259953e-05	5.15063707983991
ENSMUSG00000044197	0.299363747595006	7.18004967139163	4.88713267008617	1.05213056570654e-06	1.77984473326532e-05	5.14912775735513
ENSMUSG00000074807	-0.148045581447019	7.43526732983528	-4.94161598782426	7.97691002157108e-07	1.43650214583781e-05	5.14750701918821
ENSMUSG00000054717	0.234842033214228	6.69546086777785	4.89907111132807	9.90441322965939e-07	1.69501409153857e-05	5.14345115549158
ENSMUSG00000020639	0.174987129035064	7.33557412995411	4.89761103827835	9.97794674599954e-07	1.70536917491679e-05	5.14254171206142
ENSMUSG00000038370	0.162004858635925	6.62302881796974	4.90044616010377	9.83563907817518e-07	1.68987121799829e-05	5.14153519908011
ENSMUSG00000089810	0.1798783510025	7.23001852411519	4.88540729483783	1.06134642541917e-06	1.79292224536616e-05	5.13812447824946
ENSMUSG00000038047	0.177682812540922	7.44874352861692	4.92019175184349	8.89735140282514e-07	1.5698669078947e-05	5.13634557937789
ENSMUSG00000070420	0.12859455711055	7.50783672735659	4.953067832677	7.52326272220998e-07	1.36988255297876e-05	5.12525691665623
ENSMUSG00000034037	0.276222566475965	7.00256643366469	4.87971090522761	1.09232799036709e-06	1.84288119199562e-05	5.11897327163864
ENSMUSG00000024620	0.195273429935293	7.44885512279543	4.90860698121391	9.43683535945787e-07	1.63855502023902e-05	5.10895323246288
ENSMUSG00000030124	0.235677603287558	7.15904270909935	4.877170792265	1.10642214355501e-06	1.86186101586404e-05	5.10874044135415
ENSMUSG00000039252	0.206610059804257	7.38405756701658	4.89541820348648	1.00893727015743e-06	1.71992275272149e-05	5.09445746892163
ENSMUSG00000059277	0.182466725211704	7.28534262524792	4.88711106071403	1.05224551141717e-06	1.77984473326532e-05	5.0912611796972
ENSMUSG00000025372	-0.211043017939047	6.89053742524386	-4.87249372635713	1.13283266085139e-06	1.89171494845235e-05	5.08899986759502
ENSMUSG00000022012	-0.149479926973301	6.73399521783858	-4.87422507917879	1.12298606310102e-06	1.88730854147863e-05	5.07566854939003
ENSMUSG00000020092	0.19592080833796	7.46045479465759	4.90765618841435	9.48248470178763e-07	1.64403512989821e-05	5.07128314762548
ENSMUSG00000033209	0.227751388161719	7.27257901047971	4.87323153991505	1.12862642837229e-06	1.88979010632576e-05	5.07059151441342
ENSMUSG00000087380	-0.215449943444046	7.07975376009517	-4.87354038070448	1.12687021164704e-06	1.88979010632576e-05	5.06819429463476
ENSMUSG00000093436	0.127137483608936	7.45411792542699	4.90742717609161	9.49351174918308e-07	1.64403512989821e-05	5.06109609312969
ENSMUSG00000028799	0.107442581521095	7.50476172592364	4.92230769196699	8.80207815515338e-07	1.55515259389026e-05	5.03966549706184
ENSMUSG00000022177	0.13978588633057	7.49452370784913	4.91476042666777	9.14647347330619e-07	1.60516931250033e-05	5.03324646945373
ENSMUSG00000025764	0.227379787532053	7.35353131775155	4.87740684583299	1.10510502656356e-06	1.86186101586404e-05	5.03158296170953
ENSMUSG00000065537	0.194171512297642	6.65986413464941	4.87297786840884	1.13007089642362e-06	1.88979010632576e-05	5.0296786248743
ENSMUSG00000061983	0.166843361581087	7.19415759059542	4.85693893737691	1.22510331118982e-06	2.03541276016462e-05	5.01330332814391
ENSMUSG00000003477	0.158127821093116	7.46562382000393	4.8920285296779	1.02639752136716e-06	1.74287890398688e-05	4.99894096009911
ENSMUSG00000014551	-0.181579202030433	6.8090547476891	-4.85368057477764	1.24532781328313e-06	2.06639185443633e-05	4.99822678263627
ENSMUSG00000005534	0.245189903453837	7.1787837478851	4.84890527054346	1.27554934160076e-06	2.1111873552765e-05	4.9728198346635
ENSMUSG00000057359	0.140382322263828	7.43166019719112	4.89385358928568	1.016960783342e-06	1.73071449411122e-05	4.96879843673434
ENSMUSG00000056316	0.126674612872711	7.57735174768066	4.94675011911971	7.77036159331908e-07	1.40704804951222e-05	4.95929550026979
ENSMUSG00000021540	0.219693045257641	6.84605160414433	4.84970348224711	1.27044903548266e-06	2.1054074395619e-05	4.95076456901825
ENSMUSG00000037752	0.198426381245995	6.78545263376708	4.84248899899118	1.31726897620749e-06	2.16926860836585e-05	4.90554162651686
ENSMUSG00000028476	0.203603454149656	7.45090773093161	4.8685566860689	1.15553380253231e-06	1.92716541945899e-05	4.90270664244774
ENSMUSG00000021639	-0.155510583409654	7.08988494806271	-4.83284123066449	1.38248075093555e-06	2.26353509306508e-05	4.89999910646999
ENSMUSG00000028495	0.185219345169031	7.18385355913496	4.83336955672703	1.3788306869849e-06	2.26211169849703e-05	4.89999356128196
ENSMUSG00000037526	0.217231854829417	7.07770356011093	4.8301682406201	1.40109065689471e-06	2.29002233209308e-05	4.89185464318432
ENSMUSG00000036632	0.155499625071309	7.32426339120801	4.84506245240607	1.30038065659982e-06	2.14685795160213e-05	4.88591313272979
ENSMUSG00000024048	0.238929580301171	6.84203703424858	4.83634799050057	1.3584262922108e-06	2.23423580623415e-05	4.88565883625421
ENSMUSG00000032278	0.18475930639363	7.2338163157437	4.8270665395284	1.42298742545445e-06	2.31138354516745e-05	4.86406729900212
ENSMUSG00000000934	-0.175091811176496	7.35157571708804	-4.86301738901621	1.1882162883876e-06	1.9791511001998e-05	4.86225098711097
ENSMUSG00000044952	-0.209221569488975	6.95704881875865	-4.8240840690488	1.44435265775251e-06	2.34318029681486e-05	4.86075944315587
ENSMUSG00000065637	0.249871116865286	7.40485805476923	4.84815422599214	1.28036625062418e-06	2.11648421125906e-05	4.84776317321872
ENSMUSG00000083889	-0.187035513641253	7.23330762529502	-4.83440453273128	1.37170716357691e-06	2.25324845489949e-05	4.81727453387973
ENSMUSG00000058325	0.289210980889612	6.65610802807171	4.83274361288368	1.38315618274676e-06	2.26353509306508e-05	4.81605671005927
ENSMUSG00000060675	0.242790465910502	6.70465376144163	4.82784627407252	1.41745204119517e-06	2.31111177685748e-05	4.80924260556323
ENSMUSG00000026566	0.200534060178746	6.98594352371009	4.81383945337548	1.52011622231355e-06	2.45090659883361e-05	4.80921455632297
ENSMUSG00000029810	0.219820128887456	7.12334490365171	4.81173354349721	1.53615710349135e-06	2.47068412763006e-05	4.80570342604562
ENSMUSG00000014496	0.162125812483025	7.13298620883769	4.81101291160273	1.54168350043513e-06	2.47653010891984e-05	4.80389469728178
ENSMUSG00000090338	0.252416723947346	7.50517499899485	4.86263488786292	1.19050562765755e-06	1.98044468580593e-05	4.79781638092427
ENSMUSG00000029196	0.273486755091167	7.31281316029249	4.82247726770532	1.45599068976793e-06	2.35913738990615e-05	4.79718536913864
ENSMUSG00000034663	0.277327674484891	6.95250379061231	4.80666176184702	1.57546012400246e-06	2.52768675777454e-05	4.76186706070492
ENSMUSG00000039887	0.254893073847421	6.99108317483439	4.80314867260668	1.60324923507521e-06	2.56912349885002e-05	4.76010929042866
ENSMUSG00000059423	-0.184040679751684	6.8886649735111	-4.80243504350646	1.6089514661555e-06	2.57510911918189e-05	4.76006930064088
ENSMUSG00000026575	0.256179339545805	7.13387729987691	4.80043714100459	1.62501955236687e-06	2.59132228740402e-05	4.74831400623609
ENSMUSG00000069516	0.257467417553215	6.94233258841583	4.80115341228641	1.61924129523985e-06	2.58525695576587e-05	4.74674033546642
ENSMUSG00000016028	0.204048827318255	7.06517032108514	4.79869020245542	1.63919560275462e-06	2.60757579966749e-05	4.74442981606196
ENSMUSG00000004054	0.231018981424937	6.99240405805216	4.7991644513886	1.63533545517944e-06	2.60459997313981e-05	4.74104716378571
ENSMUSG00000032349	0.210627299546465	6.67701459600797	4.8130047749295	1.5264546690051e-06	2.45809895776319e-05	4.73390116683226
ENSMUSG00000039552	0.233318360756944	6.9304088204199	4.79819153817783	1.6432639271432e-06	2.61087516191248e-05	4.73011698983836
ENSMUSG00000052812	0.200955405237675	7.003094077199	4.79467285235056	1.67224810784071e-06	2.64409084877422e-05	4.72421212202724
ENSMUSG00000016128	0.212889187325938	6.57353348619543	4.8156775777491	1.50624685205953e-06	2.43153930791163e-05	4.72301820900901
ENSMUSG00000037070	-0.190885490703129	6.87384033738857	-4.79394564007003	1.67829929723953e-06	2.65045770801689e-05	4.71914570932124
ENSMUSG00000065226	0.237128592024667	7.14780079594196	4.79137284108973	1.69987719414528e-06	2.67164372457983e-05	4.70819520887966
ENSMUSG00000022220	0.312454125073374	7.07774851613161	4.78976901299583	1.71346307985677e-06	2.68333237338335e-05	4.69733836336116
ENSMUSG00000002748	-0.136552601954839	7.03399651095779	-4.78791327045006	1.72931318482592e-06	2.69847058590476e-05	4.69510723735473
ENSMUSG00000025584	0.266812973234473	6.85637282058784	4.79605348387171	1.66081743132261e-06	2.63066277107859e-05	4.69224174243724
ENSMUSG00000082063	0.234888653788485	7.21328211408808	4.79091715360557	1.70372671441806e-06	2.67448323083468e-05	4.68632902950288
ENSMUSG00000026687	0.217134079043705	7.23191212715946	4.78615159323304	1.74449021183077e-06	2.71891260158195e-05	4.67389644458036
ENSMUSG00000015776	0.24346235905126	7.07889234384409	4.78265919017879	1.77495700624037e-06	2.75328638930083e-05	4.66907034017784
ENSMUSG00000033007	0.0887522863530412	6.90863853984939	4.78307720693011	1.77128357204224e-06	2.75084751188339e-05	4.66879077891321
ENSMUSG00000008307	0.178444740681249	7.22256122711765	4.78532287901172	1.75167387358277e-06	2.72686258655715e-05	4.66696884623047
ENSMUSG00000037260	0.111504325317742	7.54091903369836	4.87294880205748	1.13023652096935e-06	1.88979010632576e-05	4.65754833677701
ENSMUSG00000065475	-0.185927447307629	7.31488352660182	-4.81604672637168	1.50347619312548e-06	2.43006300251836e-05	4.65681259967742
ENSMUSG00000031563	0.228801372788594	7.34374759931054	4.7899201958991	1.71217798011068e-06	2.68333237338335e-05	4.62411289403126
ENSMUSG00000034522	0.197202733230958	7.37648989058066	4.79196170703615	1.69491500263098e-06	2.66921188312611e-05	4.6216932751872
ENSMUSG00000015647	0.239928673644346	7.43360720474262	4.80214429828536	1.6112802432612e-06	2.57568753904465e-05	4.62140981914851
ENSMUSG00000020877	0.181162660456813	7.15865223175939	4.77133419255789	1.87731161776196e-06	2.88918802602239e-05	4.61467500699165
ENSMUSG00000091742	0.159747176179949	7.21568848359492	4.77287362280373	1.86307242029215e-06	2.87294983821729e-05	4.60582261720842
ENSMUSG00000020956	-0.184188020913606	7.31055499905163	-4.79634094880671	1.65844688704036e-06	2.63066277107859e-05	4.6005493757175
ENSMUSG00000028234	0.193491640856435	7.38121819829498	4.79179824084593	1.6962910836854e-06	2.66921188312611e-05	4.60036092742417
ENSMUSG00000021371	0.186090757774497	7.06216422612996	4.76399216935599	1.94667405082467e-06	2.97037956566393e-05	4.58388169372265
ENSMUSG00000025967	0.163063318013037	7.12991926844632	4.76349999554287	1.95141081338085e-06	2.97414090439839e-05	4.58200716922962
ENSMUSG00000059064	0.131861041102417	7.38365275254035	4.79326082121413	1.68401697013773e-06	2.65628315337869e-05	4.57168373950296
ENSMUSG00000092607	-0.134104398592058	7.29379635153449	-4.78326840186471	1.76960583200371e-06	2.75084751188339e-05	4.56914026247727
ENSMUSG00000090236	0.228024760988824	7.30911217551146	4.77311330981957	1.86086475832017e-06	2.87292941225563e-05	4.56779785917131
ENSMUSG00000047371	0.192894215148383	7.51319967079302	4.82707590123641	1.42292084295118e-06	2.31138354516745e-05	4.56518918018803
ENSMUSG00000029070	0.171696602290617	7.32170356997488	4.76891949818448	1.89985761858606e-06	2.91252177312982e-05	4.55647917752255
ENSMUSG00000040596	0.235606124140249	6.95737823362071	4.76069228662052	1.97864520737713e-06	3.01214221569552e-05	4.55446023016187
ENSMUSG00000033405	0.176192745987898	7.43126506500241	4.79594096517037	1.66174618979682e-06	2.63066277107859e-05	4.55130844009024
ENSMUSG00000068566	-0.190849112422654	6.97443339648123	-4.75769509811932	2.00812045757961e-06	3.04638621444175e-05	4.54952906968611
ENSMUSG00000003662	-0.220175328597536	7.05682620169473	-4.76018484115483	1.98360617217673e-06	3.01618722487081e-05	4.54804080858063
ENSMUSG00000025395	0.232606846082883	7.03475649089507	4.75566094585391	2.02836476549538e-06	3.06643781869116e-05	4.5412693523509
ENSMUSG00000030554	0.318769803849294	6.97483205264438	4.75727467983603	2.01228856670583e-06	3.04917614760564e-05	4.53766316730984
ENSMUSG00000024960	0.203037400533901	7.1717513157158	4.75413490072927	2.04368087363825e-06	3.08247350203594e-05	4.53482155940703
ENSMUSG00000070348	0.204152400522317	7.08450403134252	4.75272125259105	2.05796801037e-06	3.10045077005341e-05	4.53232835725127
ENSMUSG00000003070	0.145015850621681	7.15500597919997	4.75244929541889	2.0607275496187e-06	3.10103966432276e-05	4.52952177795014
ENSMUSG00000042747	0.220179456697507	7.23212230587693	4.75645383384148	2.02045056662052e-06	3.0580044876527e-05	4.52694870896309
ENSMUSG00000028514	0.214258512979826	7.33967876059861	4.76712495112336	1.91678162208981e-06	2.93502982414033e-05	4.52684570670733
ENSMUSG00000026335	-0.162503739386203	7.38916913629347	-4.81733839058582	1.49382008604795e-06	2.41744036669219e-05	4.52038964099759
ENSMUSG00000034617	-0.15737007623355	6.99605280601872	-4.74933979556073	2.09253331061166e-06	3.13808088230559e-05	4.51568500120858
ENSMUSG00000007570	0.0786291709732625	7.56651500063596	4.8434460272707	1.31096396686685e-06	2.16160456602277e-05	4.49492945802615
ENSMUSG00000034216	-0.135858274760626	6.97517669525751	-4.744378132217	2.14426288809322e-06	3.20464494645164e-05	4.49276629085389
ENSMUSG00000037519	0.128953823049042	7.33556664584664	4.75485220370961	2.03646789376053e-06	3.07513698559548e-05	4.48488036305171
ENSMUSG00000018008	0.18909576358128	7.22769981823457	4.74652408104486	2.12174052853263e-06	3.1782410754633e-05	4.48459520721289
ENSMUSG00000030279	-0.205135074960261	7.00168302203885	-4.74316998550964	2.15704360477661e-06	3.21986927854303e-05	4.48336936247249
ENSMUSG00000103280	0.253749167532936	7.40116670532889	4.76592107306277	1.92821624499282e-06	2.94627294304579e-05	4.48229931396157
ENSMUSG00000097783	0.208968634652416	7.17725625869097	4.74213226709178	2.16807979327873e-06	3.22185024445007e-05	4.48015609345561
ENSMUSG00000021278	0.151042284683131	7.51714053763832	4.82749405043065	1.41994992917865e-06	2.31138354516745e-05	4.47839858738541
ENSMUSG00000028599	0.32757412799207	7.0796546577601	4.74275763106992	2.16142253834612e-06	3.21986927854303e-05	4.47715074175461
ENSMUSG00000020773	0.277603145301407	7.16849543565474	4.74271949899926	2.16182790699612e-06	3.21986927854303e-05	4.47656140001545
ENSMUSG00000026176	0.219831721095167	7.15586280357124	4.74010078382129	2.18984195625372e-06	3.25050010105145e-05	4.47221597666507
ENSMUSG00000033166	0.281152485436527	7.32711966106333	4.75121838056623	2.07326211956544e-06	3.11274629235673e-05	4.45826701420503
ENSMUSG00000027983	-0.208147485146786	7.32228926181335	-4.77125829380648	1.87801635360912e-06	2.88918802602239e-05	4.45540303816482
ENSMUSG00000048000	-0.18616502544741	7.02818812614382	-4.73694630204327	2.22405060858916e-06	3.29380888774313e-05	4.45286140191913
ENSMUSG00000036646	0.205487276723027	7.23890373639647	4.74451483205771	2.14282136053896e-06	3.20464494645164e-05	4.45102664574004
ENSMUSG00000020537	-0.253826626472448	7.19111265241203	-4.75826285668032	2.0025047522361e-06	3.04139120838458e-05	4.44676907280308
ENSMUSG00000097406	0.219705216596577	7.38896403416855	4.76587816000673	1.92862504750248e-06	2.94627294304579e-05	4.44295483484903
ENSMUSG00000031902	0.269788294256048	7.08854286313138	4.73289972719617	2.26868566193165e-06	3.35611668768466e-05	4.43598201433877
ENSMUSG00000038057	0.27598137247561	7.26794791260795	4.739180983584	2.19976413865044e-06	3.26153024951434e-05	4.43065315463802
ENSMUSG00000021256	0.132474253528938	7.47997970697286	4.78912652436923	1.71893477568138e-06	2.68547662090938e-05	4.4299495304276
ENSMUSG00000038371	0.18310423056631	7.08706655071951	4.73019828902372	2.29896099019249e-06	3.39323531945886e-05	4.42942716403141
ENSMUSG00000024369	0.147144677446581	7.44773630517442	4.779689661647	1.80126412049661e-06	2.78931831056664e-05	4.42432717540044
ENSMUSG00000026104	0.156004125360341	6.78575060111246	4.72568079012215	2.35045805672912e-06	3.46143946891987e-05	4.37867038737117
ENSMUSG00000032558	0.0743226519235494	7.58059527255877	4.82783608269449	1.41752425665792e-06	2.31111177685748e-05	4.37546237242388
ENSMUSG00000035024	0.131820478801451	7.47759894779844	4.77955714797907	1.8024467543075e-06	2.78931831056664e-05	4.36828275497134
ENSMUSG00000056459	0.149035100737597	7.41280149531454	4.75218512776123	2.06341145261624e-06	3.10151351752605e-05	4.36106850390177
ENSMUSG00000095325	0.235037747271006	7.22877775018093	4.71798035786866	2.44080253851495e-06	3.56691632676371e-05	4.35707837524959
ENSMUSG00000028936	0.192823956956766	7.31700070593068	4.72716896606608	2.33337249248156e-06	3.44014782337485e-05	4.35227519259344
ENSMUSG00000067148	0.144747017937743	7.36105698897376	4.74229615798517	2.16633320564616e-06	3.22185024445007e-05	4.34805052879934
ENSMUSG00000032002	0.232024863152623	7.01260697806004	4.71326461185736	2.49776597542365e-06	3.62938425640914e-05	4.34779024569947
ENSMUSG00000022663	-0.23704769888361	6.97476756034958	-4.71064114753713	2.53000623907808e-06	3.65998250629947e-05	4.33085787008384
ENSMUSG00000060548	0.284736770781181	7.19403439248338	4.71104685667093	2.52499441439576e-06	3.6567728842112e-05	4.32757404511429
ENSMUSG00000016087	0.328502187760287	7.10321933712227	4.70920567161042	2.54781582244962e-06	3.68167822820204e-05	4.32230506544136
ENSMUSG00000010554	-0.191588734822473	6.64353504268734	-4.71550288252136	2.47057162812714e-06	3.60186233356799e-05	4.31367297743751
ENSMUSG00000039046	0.205181580861115	7.20304642972331	4.7058427184338	2.59001167221428e-06	3.73440890006931e-05	4.30968628010258
ENSMUSG00000028709	0.315974619382391	7.36593431479364	4.71973926469529	2.41987710015026e-06	3.55567126769554e-05	4.30743066952468
ENSMUSG00000031828	0.0813623465496898	7.51702882502577	4.78921173280336	1.71820814088196e-06	2.68547662090938e-05	4.30476461038467
ENSMUSG00000002475	0.159369987633331	6.75077980365046	4.7139075409037	2.48992528861992e-06	3.62201131984577e-05	4.3001295047695
ENSMUSG00000024007	-0.194887245437738	7.15690518179514	-4.71475490686168	2.47962753401834e-06	3.61104379036352e-05	4.29925378264023
ENSMUSG00000030987	0.164422330862328	7.32631620950897	4.71921081975513	2.42614575451762e-06	3.56088567467989e-05	4.29632111128587
ENSMUSG00000030505	-0.208184522139809	7.20086599546011	-4.71822186187171	2.43791914665034e-06	3.56691632676371e-05	4.2874613486184
ENSMUSG00000053877	0.168847010251135	7.51967434478788	4.77033022382821	1.88665426670784e-06	2.89567147241958e-05	4.28290958410493
ENSMUSG00000087006	0.10551034725643	6.93423109424063	4.69903431536609	2.67750190424769e-06	3.83941455973831e-05	4.28127929572306
ENSMUSG00000036781	0.153957035608926	7.07959415456921	4.69611327286285	2.71590177813669e-06	3.88172337110977e-05	4.27415948560069
ENSMUSG00000040724	0.23031551912144	7.52877572594908	4.77092668105854	1.88109843094694e-06	2.8905329410748e-05	4.27064217034402
ENSMUSG00000005142	0.16736173260917	7.28338946340542	4.70487774007021	2.60224286322585e-06	3.7479167838672e-05	4.26645568304374
ENSMUSG00000034377	0.226744239564639	7.14190953023551	4.69431598987428	2.73979088200814e-06	3.90733575460245e-05	4.25932924709377
ENSMUSG00000063810	0.233339125615159	7.0169304291201	4.69324243703072	2.75415640464702e-06	3.92354903695743e-05	4.25644943895337
ENSMUSG00000038388	0.264045177688522	6.78376622989712	4.70035429497519	2.66032100219612e-06	3.81896080709996e-05	4.25402039232061
ENSMUSG00000085069	0.206915861688682	6.70168704111736	4.70635225711905	2.58357550790966e-06	3.72923600325835e-05	4.25332455728173
ENSMUSG00000040269	0.173927866462162	7.34663211559429	4.71741847824308	2.44752367330901e-06	3.57223856532459e-05	4.25154973343362
ENSMUSG00000025340	-0.199069767687837	6.93815861113925	-4.69154227202514	2.77705483232852e-06	3.94757892126439e-05	4.24604401906057
ENSMUSG00000078684	-0.186636171124468	7.04661380183463	-4.68979645520625	2.80075822961754e-06	3.97695517810769e-05	4.23602212731405
ENSMUSG00000032557	-0.190449490527573	6.94096941892672	-4.68859442833994	2.81719120492101e-06	3.99595528221299e-05	4.23447577153641
ENSMUSG00000028214	0.221820236224966	6.62931911772557	4.70460931368607	2.60565503895959e-06	3.748707227479e-05	4.22003880076172
ENSMUSG00000103515	0.0977693581355901	7.5374439543919	4.77593526204158	1.83506120037623e-06	2.83643698173856e-05	4.21941261081753
ENSMUSG00000052430	0.31945073107648	7.18464707900047	4.68549149386265	2.86004049216772e-06	4.03487609089006e-05	4.21134149909724
ENSMUSG00000038633	0.243360625827392	6.73902949585471	4.69667410768486	2.70848830217558e-06	3.87839135699629e-05	4.20863106668257
ENSMUSG00000024487	-0.121834449299398	7.28298720754121	-4.70226406492231	2.63565058603157e-06	3.78769895415206e-05	4.20536581380127
ENSMUSG00000038648	0.23412857007058	6.80690252057657	4.69192381020675	2.77190029174097e-06	3.9445346325514e-05	4.2044839644451
ENSMUSG00000039477	0.175692898176663	7.15324118350749	4.68157835655916	2.91497045711168e-06	4.10794329650227e-05	4.20099660551683
ENSMUSG00000029833	0.128316693045804	7.43879451859198	4.71795105358249	2.44115263426542e-06	3.56691632676371e-05	4.18403978401407
ENSMUSG00000100214	0.231425691475255	6.97291752111192	4.67731020630905	2.97603800030781e-06	4.18050316523925e-05	4.1720579905738
ENSMUSG00000051236	0.198660692956367	7.08417887023851	4.67310764224202	3.03736558314296e-06	4.2529615202682e-05	4.16715421984155
ENSMUSG00000045071	0.24042028421955	6.93224663404416	4.67495795884266	3.01021613922703e-06	4.21945928209425e-05	4.1587695995401
ENSMUSG00000031925	0.258514311952852	7.02325532241584	4.67239949129008	3.04781822891851e-06	4.26303806121807e-05	4.15323806372345
ENSMUSG00000022708	0.218859838166664	6.82566900340136	4.67852914910454	2.95847357361015e-06	4.16476731459184e-05	4.14997013964632
ENSMUSG00000033653	0.15507710101546	7.40840664312221	4.71154679997162	2.51883160209344e-06	3.65188741247036e-05	4.14476359464179
ENSMUSG00000079641	0.161221351732322	7.2403863635949	4.67636892277684	2.98966991030149e-06	4.19515096095038e-05	4.14304161865071
ENSMUSG00000036570	0.128700328230119	7.11883504411598	4.66608834371007	3.14251087882392e-06	4.3767821729322e-05	4.13777713095883
ENSMUSG00000048720	0.226520020703346	7.22395856203218	4.668371286888	3.10793620242175e-06	4.3424867408864e-05	4.13512276999512
ENSMUSG00000025925	-0.223816913018829	7.02818468991506	-4.66686029949607	3.13077868577541e-06	4.36508568202041e-05	4.12776674277456
ENSMUSG00000006715	0.127747193169297	7.15619955878414	4.66304597712529	3.18916084687976e-06	4.42293366603283e-05	4.11831854580922
ENSMUSG00000102918	0.243034980737272	7.00752536662188	4.66309410602115	3.188417719515e-06	4.42293366603283e-05	4.11298277088342
ENSMUSG00000071424	0.196899990372048	7.19871479771732	4.66261961325181	3.19575131808061e-06	4.42704053907483e-05	4.09780207333371
ENSMUSG00000045757	0.0955056347664156	7.38679812768761	4.68671640896982	2.84305109762567e-06	4.0222576883767e-05	4.09177007742718
ENSMUSG00000024387	-0.159633577308842	7.17175816828891	-4.66316656198566	3.18729928681902e-06	4.42293366603283e-05	4.07392174397996
ENSMUSG00000035696	0.118049884098364	7.48032983944575	4.71214139855092	2.51152077431012e-06	3.64532483118272e-05	4.06731129918369
ENSMUSG00000026466	0.222925969170687	6.87090147370171	4.65720851339923	3.28053631611291e-06	4.53046217832808e-05	4.06351065390647
ENSMUSG00000031486	0.296245808226514	7.08402146594051	4.64990714168436	3.39836569038949e-06	4.67346676665749e-05	4.05506248899145
ENSMUSG00000000782	0.228501366308795	7.03298734606976	4.64742825207138	3.43928514073782e-06	4.70502832419431e-05	4.04620525874808
ENSMUSG00000032841	0.254586791827919	6.90160675174073	4.65212039181336	3.3622261483223e-06	4.62862930955158e-05	4.04235633409043
ENSMUSG00000034227	0.199407461290382	6.90135984609452	4.64902681567488	3.41284361663998e-06	4.67863336429849e-05	4.03470350346897
ENSMUSG00000049960	-0.142902093796787	7.22907568356817	-4.6623708384134	3.19960276113439e-06	4.42704053907483e-05	4.03289307641259
ENSMUSG00000016018	-0.204120133439493	6.87313106987237	-4.64476527982111	3.48376969751363e-06	4.76090948641424e-05	4.03027871349274
ENSMUSG00000025809	0.247853312153854	6.90803632838493	4.64913728530688	3.41102358145083e-06	4.67863336429849e-05	4.02956841367074
ENSMUSG00000030822	0.117708046781892	7.35090543210869	4.66436596717207	3.16883982469041e-06	4.40876206002623e-05	4.02375010769208
ENSMUSG00000060538	0.109537488634965	7.53052348162943	4.72110285619447	2.40377332367751e-06	3.53597756781865e-05	3.9995786132547
ENSMUSG00000038893	0.231421896138396	7.13299484841497	4.6364498423467	3.62625790205819e-06	4.93502790579478e-05	3.99919532508836
ENSMUSG00000015522	-0.215088695289137	7.07404400916237	-4.63921158090017	3.5783256665035e-06	4.87518689467808e-05	3.9971374407779
ENSMUSG00000002458	-0.207672691057746	7.14878300209292	-4.64968572456066	3.40200158236239e-06	4.67355768271652e-05	3.99704289217518
ENSMUSG00000035172	0.193028854682178	7.0801954393119	4.62887950735829	3.76082519844784e-06	5.10484991727605e-05	3.96755878512691
ENSMUSG00000099876	-0.186409693905897	7.14386511319374	-4.63343011232905	3.67937237526937e-06	5.00211247528833e-05	3.95785718691697
ENSMUSG00000087610	-0.187182414510627	7.2742421957094	-4.65240040767343	3.35768020558348e-06	4.62723676331567e-05	3.94834839849691
ENSMUSG00000098912	0.133988552874651	7.51572936389293	4.69651359505797	2.71060807489429e-06	3.87839135699629e-05	3.93688691108714
ENSMUSG00000021131	0.23608787854563	7.22551810533034	4.62550774544489	3.82228975093164e-06	5.18027095436822e-05	3.92861222440371
ENSMUSG00000014601	-0.14231593938973	7.40930540300651	-4.68655917385219	2.84522649457711e-06	4.0222576883767e-05	3.9214531223519
ENSMUSG00000036430	0.0957537204753081	7.55499974871839	4.71879845618667	2.43104822779134e-06	3.56408548692545e-05	3.8930250673974
ENSMUSG00000071796	0.16522024927989	7.30550821657698	4.62309593079777	3.86684488093452e-06	5.22443066885395e-05	3.87544637813415
ENSMUSG00000030055	0.316725311158452	7.40160662082692	4.63919782239798	3.57856294361873e-06	4.87518689467808e-05	3.86457878800236
ENSMUSG00000027350	-0.204617277401091	7.02284416941445	-4.60917982447069	4.13381403941886e-06	5.53939543542188e-05	3.86384286629829
ENSMUSG00000028654	0.147375450102587	7.27734926798461	4.61600082163429	4.00082351066585e-06	5.38322522113436e-05	3.86166860381874
ENSMUSG00000062456	0.0807423599984656	7.50971105577129	4.68635715090297	2.84802389025756e-06	4.0222576883767e-05	3.85928053436242
ENSMUSG00000045817	0.268388019377688	7.17279727377405	4.60621104022003	4.1930113821081e-06	5.60724259597132e-05	3.85914738995946
ENSMUSG00000036992	0.217676207564077	7.0843065693861	4.60519101089347	4.21353760120518e-06	5.62894227295696e-05	3.85774453693227
ENSMUSG00000028411	-0.186640510310006	7.22194452383667	-4.62473972077791	3.83642431304766e-06	5.19405037294933e-05	3.85668640164614
ENSMUSG00000042870	0.125064831906784	7.44511263692109	4.6479873478145	3.43001498264976e-06	4.69725482770405e-05	3.8487734638352
ENSMUSG00000091109	-0.225363146297558	7.32331013171423	-4.63926049454522	3.57748223110669e-06	4.87518689467808e-05	3.84441909507682
ENSMUSG00000029007	0.20385264150026	7.23735673872518	4.60493148332567	4.21877546724097e-06	5.63019453793259e-05	3.84120012828196
ENSMUSG00000027774	-0.188146674519977	7.00011455871127	-4.60216713339963	4.27495510399603e-06	5.69356177228037e-05	3.84015083266138
ENSMUSG00000022043	0.219892635383231	7.24606840055329	4.60877776326321	4.14178395110513e-06	5.54440035663275e-05	3.83617729213578
ENSMUSG00000046658	0.114319820062861	7.60409129621409	4.73130840219601	2.2864731510814e-06	3.37861247110132e-05	3.83340307964766
ENSMUSG00000026049	0.0674578095322564	7.53027934363503	4.69509455068704	2.72941775778016e-06	3.89678705396487e-05	3.83266975177225
ENSMUSG00000034707	0.146743870291512	7.51537592767649	4.67825078141171	2.96247594219013e-06	4.16592213052129e-05	3.83246625360005
ENSMUSG00000026220	0.179639536689188	7.45567277540915	4.6545605078085	3.32280950064828e-06	4.58400653134745e-05	3.82575482022799
ENSMUSG00000059182	0.253381647646478	7.0822482316645	4.59755169802211	4.37035565143745e-06	5.80064221353915e-05	3.82370652082714
ENSMUSG00000056666	0.187952742985445	7.18660859765433	4.59731480098075	4.37530693667916e-06	5.80064221353915e-05	3.8166925225125
ENSMUSG00000030094	0.118201099072594	7.50666857457674	4.66714780035499	3.12641999419685e-06	4.36365571045044e-05	3.81409834033523
ENSMUSG00000029641	-0.167873684658737	6.80958594131214	-4.59763762892041	4.36856097349187e-06	5.80064221353915e-05	3.81292287481864
ENSMUSG00000026051	0.213012117157391	7.24931713560032	4.59754506293492	4.3704942554752e-06	5.80064221353915e-05	3.80463531195487
ENSMUSG00000020570	0.241337114557954	6.98580768973526	4.59445335327576	4.43553909550152e-06	5.87159533248796e-05	3.79996228401027
ENSMUSG00000039703	0.238562340750016	7.37891954409705	4.62274674435798	3.87333676744552e-06	5.22780669684503e-05	3.79845584771968
ENSMUSG00000020846	0.144266443381767	7.42185715121263	4.62877363154953	3.76274073493079e-06	5.10484991727605e-05	3.79672408776881
ENSMUSG00000054733	-0.106147357366041	7.42079282728693	-4.66219894415207	3.20226656775425e-06	4.42704053907483e-05	3.78932271488343
ENSMUSG00000042826	0.165613685989509	6.88682096781743	4.58968356284914	4.53771116483568e-06	5.98265000705224e-05	3.77133661274795
ENSMUSG00000054404	0.225592914361822	6.84605654597127	4.59095792846736	4.51019477322736e-06	5.95837234824346e-05	3.76798792252154
ENSMUSG00000032125	0.332357625892072	7.08750112235176	4.58323691012631	4.6793919935849e-06	6.15086345180859e-05	3.75172935114124
ENSMUSG00000029610	-0.198009262017039	7.28296455030766	-4.61639804091392	3.99320657786219e-06	5.37850416845388e-05	3.74612816299004
ENSMUSG00000004865	-0.203253984773728	7.12088647651034	-4.58584085273377	4.62166111809796e-06	6.08108415659684e-05	3.73751160673051
ENSMUSG00000014599	0.185066213633069	7.29554725771898	4.58261975038732	4.69317571644431e-06	6.16279403005907e-05	3.72783353006862
ENSMUSG00000024713	-0.102348184107036	7.52040466606578	-4.68730784075322	2.83488274094874e-06	4.0166974939936e-05	3.7228793801042
ENSMUSG00000027215	0.234938958735845	6.8947609567371	4.58076139744965	4.73491572830916e-06	6.21137442034304e-05	3.7226839466688
ENSMUSG00000027286	-0.181504436386907	6.96399344394231	-4.57378020669112	4.89491890573058e-06	6.38808000354227e-05	3.71742926087178
ENSMUSG00000054414	0.250636154152065	7.37080172027791	4.59207382493486	4.48623145338437e-06	5.93270123108163e-05	3.71147311467403
ENSMUSG00000030643	0.335038559018387	7.10463953975093	4.57428306665581	4.88322277026202e-06	6.38035454174355e-05	3.71067736380773
ENSMUSG00000035493	0.187045768822927	7.07599120204314	4.56901876196303	5.00700467715766e-06	6.50814931703723e-05	3.70042186299696
ENSMUSG00000074364	0.323758085925177	6.92620747477328	4.57546464592619	4.85584541923349e-06	6.35727282286049e-05	3.69841875442635
ENSMUSG00000051346	-0.202071258353733	7.01836321674768	-4.56968902770759	4.99107905201737e-06	6.49534860328145e-05	3.6950803796733
ENSMUSG00000050846	0.110117367174462	7.42456020270806	4.61075908912402	4.10265090159473e-06	5.50891339524905e-05	3.68458936719135
ENSMUSG00000020758	0.255795627414915	6.93965151425794	4.56509240784831	5.10127774025313e-06	6.60592761378773e-05	3.65927093238182
ENSMUSG00000038024	0.218153298600476	7.29883659412756	4.56885691814283	5.01085740266845e-06	6.50814931703723e-05	3.65481023859197
ENSMUSG00000020154	0.281078042053621	7.16224331186884	4.55925920335147	5.24448033810914e-06	6.75130153259832e-05	3.64714592356947
ENSMUSG00000020681	0.185148445353628	7.20494192234224	4.55945960864314	5.23949724156855e-06	6.75130153259832e-05	3.64240677846484
ENSMUSG00000086119	-0.102454055259027	7.34987634046006	-4.59720953461785	4.37750878931919e-06	5.80064221353915e-05	3.63285024365498
ENSMUSG00000049686	0.247210981753029	7.09652745623974	4.55282802599685	5.40682388923738e-06	6.93302040723759e-05	3.62501068515933
ENSMUSG00000038718	0.145081536995503	6.66218022462294	4.56847162334924	5.02004085549201e-06	6.51361495342928e-05	3.61718257090249
ENSMUSG00000060257	0.132695884145963	6.80199696821038	4.55817563666873	5.27150204173809e-06	6.77942089689933e-05	3.61585541050924
ENSMUSG00000019763	-0.199274737983604	6.87385834622193	-4.55116931320032	5.44946942085484e-06	6.96769193298097e-05	3.61215303027491
ENSMUSG00000027242	0.201867748608099	7.32604953595202	4.56149013976893	5.18926296996985e-06	6.7065973151871e-05	3.60565200157288
ENSMUSG00000047793	0.176127929703212	7.28418760172905	4.55540260596386	5.34126378447979e-06	6.86239700357305e-05	3.60107147968595
ENSMUSG00000072653	0.107387220299775	7.47682478537712	4.61005357507433	4.11654465879441e-06	5.52190601157135e-05	3.58946848870042
ENSMUSG00000054008	0.219260489585588	7.38725763191697	4.57360955500264	4.89889422819771e-06	6.38808000354227e-05	3.58464534876952
ENSMUSG00000084446	0.238206368193431	7.39989057052073	4.57499619470816	4.86668185848473e-06	6.36509479433388e-05	3.58318029921245
ENSMUSG00000023008	0.13233263892098	7.45676143410607	4.5883269198215	4.56718086652831e-06	6.01544586565278e-05	3.58117597701628
ENSMUSG00000042846	-0.188409596156009	6.97386742580888	-4.54352172795379	5.65028979733824e-06	7.18468022244999e-05	3.58081933123609
ENSMUSG00000022003	0.266754305862349	7.07109750868618	4.54217047074142	5.6865016988287e-06	7.21608819069682e-05	3.57584340613873
ENSMUSG00000079286	0.083267671499569	7.49205225830814	4.61423429722004	4.03486677854814e-06	5.42345748098072e-05	3.57205223959768
ENSMUSG00000066441	0.19591915678747	7.33674943329903	4.55932164544921	5.24292722284016e-06	6.75130153259832e-05	3.5700197790951
ENSMUSG00000018395	-0.203241085624436	7.20899600191717	-4.56034189199595	5.21761305964025e-06	6.73658680244676e-05	3.5649519286534
ENSMUSG00000020544	0.155781081857387	7.38583424660158	4.57069791118905	4.96719926633071e-06	6.47070376067678e-05	3.56260003842487
ENSMUSG00000041608	0.201462234986844	7.18903266561315	4.54190207804394	5.69372066986696e-06	7.21608819069682e-05	3.56231751615313
ENSMUSG00000062070	-0.242548828935047	7.0955664345515	-4.55115536795116	5.4498293151333e-06	6.96769193298097e-05	3.55906785940392
ENSMUSG00000039634	-0.201033676811338	7.13545622819274	-4.55170568551995	5.43564416487189e-06	6.96315591061672e-05	3.55305800433858
ENSMUSG00000039001	0.213255592807114	7.23566867770865	4.54525678686736	5.60411620137832e-06	7.13707094440126e-05	3.55261220800777
ENSMUSG00000035277	0.131688633025336	7.09796899443611	4.53490043093666	5.88517454118963e-06	7.40852933588987e-05	3.55144339194008
ENSMUSG00000041734	0.246553322560513	7.16608260342002	4.53713795397441	5.82333117136729e-06	7.34480266816383e-05	3.54504038849682
ENSMUSG00000026836	0.209123246033092	6.90763855187602	4.53669094821169	5.83563611133705e-06	7.35323849563278e-05	3.54341320880878
ENSMUSG00000000346	0.142979977983168	6.76727637063151	4.54126861611939	5.7107937361751e-06	7.22374025062844e-05	3.52877380302746
ENSMUSG00000049858	0.137241983953822	7.0854553345921	4.52878674544854	6.05737449907782e-06	7.58156280515553e-05	3.52444792210988
ENSMUSG00000002147	0.245437574099597	7.22119809745056	4.53377283921738	5.91657806920563e-06	7.43376584280615e-05	3.51942467526321
ENSMUSG00000022323	0.170539617171699	6.78820659592396	4.5374614215048	5.81444242246247e-06	7.34066347105869e-05	3.51758082528005
ENSMUSG00000024601	0.205586255342068	7.06952452691863	4.52796407351963	6.08091105757525e-06	7.60375239405685e-05	3.51660134333175
ENSMUSG00000029283	-0.196954153609046	7.07347160328935	-4.53049967297591	6.00864732862191e-06	7.52777137093952e-05	3.51262583784181
ENSMUSG00000027435	0.274741472059642	7.24210245731526	4.53223328196012	5.95971400774614e-06	7.48078387242689e-05	3.51250675390909
ENSMUSG00000029771	0.189240011490841	7.09037842304433	4.52651978442577	6.12244392627395e-06	7.64838128652467e-05	3.51172636288215
ENSMUSG00000045410	-0.15483299577724	7.23668437990996	-4.55002161066546	5.47916520998485e-06	6.99836399308504e-05	3.50708378331217
ENSMUSG00000038312	0.145057889394543	7.33987040095036	4.54343994147652	5.65247527430758e-06	7.18468022244999e-05	3.50278868586188
ENSMUSG00000027865	-0.218813720385221	6.70812668686495	-4.53078680288188	6.00051623234632e-06	7.52478529826418e-05	3.50225676998155
ENSMUSG00000024140	0.304780643126424	7.19634076446657	4.52367957086432	6.20491222921253e-06	7.73663913379528e-05	3.48330781840523
ENSMUSG00000020591	0.130594830482292	7.08936229920482	4.51870902769011	6.35180160074572e-06	7.8747903936518e-05	3.48002343480751
ENSMUSG00000048001	0.195734650744746	7.38297666568482	4.54702091991239	5.55753942310242e-06	7.09155030480086e-05	3.47676155305272
ENSMUSG00000026766	0.161708980850893	7.20632746279174	4.52252592977336	6.23871203141788e-06	7.75662088464604e-05	3.46952514400279
ENSMUSG00000087785	0.233320428365487	7.26244529859959	4.52458238148101	6.17858367610798e-06	7.71115514657824e-05	3.46871421537899
ENSMUSG00000020723	0.153308624702989	6.56054954906456	4.54128878284581	5.71024944795176e-06	7.22374025062844e-05	3.46595701774927
ENSMUSG00000029600	-0.190210039326757	7.31562595837924	-4.56207209578272	5.17495094673155e-06	6.69470926824204e-05	3.46569461569656
ENSMUSG00000065799	-0.149474051166792	7.35346474618612	-4.56795927428221	5.0322776068378e-06	6.52302756720004e-05	3.45909925515354
ENSMUSG00000030127	-0.14904263952867	7.33979937308278	-4.57729736665984	4.81367174996377e-06	6.30836742247504e-05	3.45450257533048
ENSMUSG00000032258	0.182116916203068	7.25631305766321	4.51763073486341	6.38410369731544e-06	7.90734963152827e-05	3.44995701950923
ENSMUSG00000014778	0.120575651173863	7.17390272036997	4.51441727186363	6.48130350432886e-06	7.98242948999751e-05	3.4495036240283
ENSMUSG00000049823	0.139906652606355	7.09592904726019	4.51179114962926	6.56178767472487e-06	8.05881090408049e-05	3.44876206519153
ENSMUSG00000030104	0.305031868237803	6.92877067019261	4.51655651646115	6.41644003010079e-06	7.92490876170562e-05	3.44324133549269
ENSMUSG00000039873	0.104972391473045	7.57655818116389	4.62418341198843	3.84669378431953e-06	5.20257386614786e-05	3.43474323139022
ENSMUSG00000028480	0.175703028043046	6.78950557724349	4.51718549626472	6.39748738656454e-06	7.91643713278855e-05	3.43308241045153
ENSMUSG00000097675	0.108348086026601	7.49283717900196	4.58978239168966	4.53557148903526e-06	5.98265000705224e-05	3.42626659683509
ENSMUSG00000075284	0.269882109613763	6.76750879211691	4.52324017952087	6.21776496144664e-06	7.74245745618843e-05	3.42496420139192
ENSMUSG00000056656	0.174128465571081	7.37210162979275	4.54203234366333	5.69021581416286e-06	7.21608819069682e-05	3.4219147839977
ENSMUSG00000021318	0.208145997590213	7.14957149108707	4.50655675200532	6.72507123026254e-06	8.22847033145768e-05	3.42144525169859
ENSMUSG00000020770	0.0798182431251337	7.54876534135881	4.60313683228777	4.255166840973e-06	5.67297803279211e-05	3.42022857286871
ENSMUSG00000050234	0.128262459729769	7.399459009068	4.53959365680387	5.75617371686477e-06	7.27411450783722e-05	3.40939853426098
ENSMUSG00000027408	0.0815907563098381	7.57277079894504	4.61841002488791	3.95483856364562e-06	5.33231168643135e-05	3.40337115493763
ENSMUSG00000028581	0.286279082676143	7.17779284664316	4.50318717565561	6.83223220619653e-06	8.33621472912627e-05	3.39734234038341
ENSMUSG00000022749	0.169294379279463	7.32163309791293	4.51307070526854	6.52245370240382e-06	8.01802477670149e-05	3.39481732639722
ENSMUSG00000031982	0.151448898492345	7.3810979220923	4.53469098667236	5.89099548932461e-06	7.40873323210738e-05	3.39213092230932
ENSMUSG00000040373	0.166511674500573	6.82707357773076	4.50682080029609	6.71674213155738e-06	8.22847033145768e-05	3.39148850864318
ENSMUSG00000025153	0.181878277052966	7.35900571244982	4.52311584951131	6.22140638856571e-06	7.74245745618843e-05	3.39138689960005
ENSMUSG00000027487	-0.258039028459606	7.0214116592314	-4.50003616561184	6.93391903117821e-06	8.44454585638931e-05	3.38078123851912
ENSMUSG00000034342	0.197826702444785	7.36052738628437	4.52188901125551	6.25744813534537e-06	7.77253424933032e-05	3.37839871256177
ENSMUSG00000074892	0.169075001155027	6.74142518799194	4.50523893085866	6.76678833902502e-06	8.26835686261536e-05	3.35805776761848
ENSMUSG00000041703	0.219785184895037	6.81146801861215	4.50263076831207	6.85008378523236e-06	8.35021386557375e-05	3.35674864315015
ENSMUSG00000048240	0.189925802638959	6.41341213346124	4.51981742117492	6.31876085208643e-06	7.84125280336641e-05	3.35025756827591
ENSMUSG00000042207	0.17718845798344	6.9123592298783	4.49113159775919	7.22916727308048e-06	8.75525050316092e-05	3.3461718936904
ENSMUSG00000098731	0.258412875217546	7.21947844086207	4.49250012071166	7.18302192327424e-06	8.70741879810243e-05	3.3389781716786
ENSMUSG00000024759	0.201698691932634	7.07478475224792	4.48678698780122	7.37755020128126e-06	8.90201725669809e-05	3.33620335292657
ENSMUSG00000033382	0.177594521388933	6.83198414532687	4.49455232872293	7.1143510690093e-06	8.64017478622168e-05	3.33168853577792
ENSMUSG00000020790	0.210006383255672	7.18011095260047	4.4872341978902	7.36214301302813e-06	8.89162143233988e-05	3.33133406238516
ENSMUSG00000070498	0.192188412062751	7.28316218859564	4.49718681947806	7.02711616196565e-06	8.55009338219835e-05	3.33093341249064
ENSMUSG00000026923	0.187295770164867	7.16065360949667	4.48234364871777	7.53231609756118e-06	9.08039432313729e-05	3.31560927320025
ENSMUSG00000035868	-0.16990844262192	7.00931980959048	-4.48193759644128	7.54661312814953e-06	9.08926026437292e-05	3.31333573557905
ENSMUSG00000032010	0.176990546937712	7.10297103797046	4.47993881597908	7.61736900282231e-06	9.14655677593611e-05	3.30632660065913
ENSMUSG00000056952	0.248914728485597	7.36872693266102	4.51484148053645	6.46839150906076e-06	7.97402840269524e-05	3.2999218634345
ENSMUSG00000028344	0.115604849889573	7.48257159848933	4.55458875400094	5.36190529099534e-06	6.88216314408932e-05	3.28994385920026
ENSMUSG00000024212	-0.220429021336419	6.87574549547493	-4.47682433799183	7.7288860808958e-06	9.24923003392027e-05	3.28706165078217
ENSMUSG00000041736	0.16904932491779	7.39212587229863	4.50655722255874	6.7250563784111e-06	8.22847033145768e-05	3.28202721915623
ENSMUSG00000095115	0.30178994634792	7.11989003046533	4.47488253423026	7.79920273256158e-06	9.32485499312294e-05	3.275906436454
ENSMUSG00000000056	-0.144098747310284	7.2258937681968	-4.49416262463595	7.12734282669252e-06	8.64793070315648e-05	3.27428779052524
ENSMUSG00000063410	0.163229513246453	7.31159497069813	4.48920646690064	7.29456122828378e-06	8.8262842514502e-05	3.25034617474051
ENSMUSG00000070002	0.14792574209666	7.37995599925806	4.49478201521967	7.10670451127543e-06	8.63890208557269e-05	3.24705597802498
ENSMUSG00000024754	0.186560107308302	6.99977892557651	4.46535602681092	8.15313249472542e-06	9.67731737270582e-05	3.23924937947326
ENSMUSG00000021279	0.237964223241787	7.30379292511371	4.48100028804756	7.57971476811102e-06	9.11236232728277e-05	3.23908701423218
ENSMUSG00000027479	0.173982274760706	7.14845055740701	4.46378726685972	8.21286848362667e-06	9.73939077786597e-05	3.2355058428013
ENSMUSG00000029864	0.161923491427371	7.31544036933283	4.4798049429349	7.62213064661342e-06	9.14655677593611e-05	3.23516161347711
ENSMUSG00000024900	0.186695481530281	7.23964510954798	4.46667779460063	8.10312428005791e-06	9.64419118859256e-05	3.23378907218128
ENSMUSG00000021904	0.29793861315356	7.16022852481373	4.46589588232404	8.13267187016666e-06	9.66179129983865e-05	3.23101017381632
ENSMUSG00000024610	0.223192070757833	7.11365175824247	4.45733876871819	8.4628419203424e-06	0.000100176786999207	3.20428037185305
ENSMUSG00000022545	0.124973031942818	7.3055903280474	4.47163055464657	7.91833573791221e-06	9.45520383443448e-05	3.19835973059868
ENSMUSG00000042105	0.176511052204753	6.77417509617292	4.46617602631593	8.12207371873783e-06	9.65796449824847e-05	3.19475670233464
ENSMUSG00000021792	0.184549810351343	7.3220546356463	4.47076628618914	7.95028885862223e-06	9.47089915715034e-05	3.19276824547232
ENSMUSG00000034116	0.11078039951378	7.47902702384228	4.51670177782654	6.4120581967922e-06	7.92490876170562e-05	3.19123707594631
ENSMUSG00000027884	0.148073050820462	7.36958881184324	4.47717607025549	7.71621417148033e-06	9.24251380905951e-05	3.17817236758646
ENSMUSG00000001240	0.266414434452988	6.91402725679504	4.45459447886129	8.57141517500063e-06	0.000101182745309852	3.17637583043106
ENSMUSG00000092118	0.108617418312877	7.45024978809212	4.50981147055578	6.623091287521e-06	8.1264771449133e-05	3.1734319080751
ENSMUSG00000021952	0.217963344500374	7.39205358110814	4.47845275406487	7.67038564088001e-06	9.19603377384626e-05	3.16708564515479
ENSMUSG00000071324	-0.205629787651138	7.24859327283805	-4.47151314597436	7.92266926854157e-06	9.45520383443448e-05	3.16371105649806
ENSMUSG00000035666	0.253364850090001	7.1064891708217	4.44922319533273	8.78778689154029e-06	0.000103369008071919	3.16353785949965
ENSMUSG00000041396	0.230722080774211	7.18366264612336	4.44881259175203	8.80454033532658e-06	0.000103473107782851	3.16053313797752
ENSMUSG00000022414	0.138692483763896	7.4653562556392	4.50512831115751	6.77030137238288e-06	8.26835686261536e-05	3.15686342932629
ENSMUSG00000022999	0.129647152301279	7.34447756040815	4.47091167770748	7.94490493388021e-06	9.47089915715034e-05	3.15686142593642
ENSMUSG00000030748	0.137197077729108	6.75890344677208	4.45441056787194	8.57873871783804e-06	0.000101182745309852	3.1500789528249
ENSMUSG00000037712	0.241954365832424	6.83329982737891	4.452509568201	8.65478997441331e-06	0.000101987858096327	3.1411799890171
ENSMUSG00000030849	0.250278652427451	6.80910640013583	4.45492652715131	8.558207772093e-06	0.000101122794361229	3.14010643648703
ENSMUSG00000028223	0.225859322240638	7.03234526678798	4.44003257615875	9.17017457247603e-06	0.000107576994178187	3.1271567464279
ENSMUSG00000074682	0.135783483906868	7.49325610356486	4.51307678930539	6.52226721716142e-06	8.01802477670149e-05	3.12530319478743
ENSMUSG00000006218	0.229791115116512	7.10981711427427	4.43752552953812	9.27721292246196e-06	0.000108250687683487	3.11843586556603
ENSMUSG00000017421	-0.181356008421174	7.05884653434538	-4.43607482402814	9.33969505768841e-06	0.000108882713887139	3.11061757810311
ENSMUSG00000039828	-0.228397525869528	7.00777809421977	-4.43236303621541	9.50139846514698e-06	0.00011047274307789	3.09170111575897
ENSMUSG00000063698	-0.22794125314181	7.25621373221351	-4.45937471472378	8.38314396749896e-06	9.93231862647026e-05	3.08870877366951
ENSMUSG00000039178	-0.122473130663113	7.09255487638309	-4.4309450917257	9.56387436786644e-06	0.000111001988673854	3.08578459511342
ENSMUSG00000056515	0.2074748165832	6.8373928554414	4.43809157054919	9.25294194684221e-06	0.000108160282114338	3.0840047419982
ENSMUSG00000049764	0.249167660465551	7.16619838194056	4.43121917765294	9.55176737240665e-06	0.000110959838899333	3.08221427455649
ENSMUSG00000055612	0.216374989184557	6.85568822764303	4.43755708349556	9.27585833712377e-06	0.000108250687683487	3.08179997860347
ENSMUSG00000043683	0.110125945390034	7.56017134360245	4.54565488784369	5.59357296518468e-06	7.13058006428412e-05	3.07990780892072
ENSMUSG00000035572	0.259440132568958	7.11575754111806	4.4272091399702	9.73036895982906e-06	0.000112634827959401	3.0721691267058
ENSMUSG00000049154	0.166106893705328	7.00694501540068	4.42489791916565	9.83475245244907e-06	0.000113642170439067	3.06731404498227
ENSMUSG00000033032	0.217633113596562	7.15289489816358	4.42530985985907	9.81606963233985e-06	0.000113526487302644	3.06687419782585
ENSMUSG00000097141	0.134465467335287	7.53778272095648	4.51531875470991	6.45389374393628e-06	7.96365474982223e-05	3.05990758519449
ENSMUSG00000028057	-0.168996467498909	6.67829605203153	-4.42971206285189	9.61852164236294e-06	0.000111537365227472	3.05579230503674
ENSMUSG00000007815	0.189270201937276	6.7307675542811	4.43511404831179	9.3812969778647e-06	0.000109173280030404	3.04563389821803
ENSMUSG00000019990	0.205695660282177	6.53322975912471	4.4458645007998	8.9257279652574e-06	0.00010480325607278	3.04347543249779
ENSMUSG00000028980	0.191020523828668	7.48388776781162	4.48145596233114	7.5636050344254e-06	9.10135267561557e-05	3.03237197586773
ENSMUSG00000022774	-0.167179168477759	6.76876171533022	-4.41955350025502	1.0080239520173e-05	0.000116273564579829	3.02385141413236
ENSMUSG00000096145	0.225470583737361	7.19134376554139	4.41812279531988	1.0146943391133e-05	0.000116837100155421	3.0217978431269
ENSMUSG00000025499	-0.183488328153729	7.26327208056145	-4.43971214637183	9.18378924050912e-06	0.000107640258493058	2.9886228118699
ENSMUSG00000097877	0.156213924909073	7.50170749628025	4.48730831642007	7.35959247198747e-06	8.89162143233988e-05	2.98785199981329
ENSMUSG00000078868	0.14920886720854	7.24769838923546	4.4130244695134	1.03880882969185e-05	0.000119298992967769	2.98081920130383
ENSMUSG00000021367	0.205772569477412	6.79389213257722	4.41591726052051	1.02505989335772e-05	0.000117926925517041	2.97928621248337
ENSMUSG00000057103	0.262221646626152	6.97218133208278	4.40547427559617	1.07552839146466e-05	0.000122869264407115	2.97388158612335
ENSMUSG00000055013	0.218658195441686	6.90974558735629	4.40832121708425	1.06153932722976e-05	0.000121616378357399	2.97103370604073
ENSMUSG00000042302	-0.155853715948414	7.32174683621467	-4.43885673494554	9.22022930695017e-06	0.00010797069954078	2.97043777582551
ENSMUSG00000040584	0.245521343228936	7.06984663739134	4.40165515228556	1.09457121624049e-05	0.000124935713714215	2.96384811512518
ENSMUSG00000026814	0.272035349628548	7.04357377637126	4.39905548336045	1.10771735790578e-05	0.000126106396953935	2.94943459719591
ENSMUSG00000026826	-0.154676589766789	6.46117646137215	-4.41921945099512	1.00957763356701e-05	0.000116350267417776	2.94336233705147
ENSMUSG00000037845	0.117089751469536	7.23422049915239	4.40077747612066	1.09899274535618e-05	0.000125331123886786	2.93749194593734
ENSMUSG00000029345	0.136624222112959	7.3802917031327	4.43520636005642	9.37729217050465e-06	0.000109173280030404	2.93657499992266
ENSMUSG00000025236	-0.177524926905369	7.30443222494883	-4.42922194650447	9.64032613575669e-06	0.000111691282981705	2.93384724723529
ENSMUSG00000021767	0.151103652511874	7.47430542811647	4.45604059020015	8.51403729343669e-06	0.000100691758126173	2.93316975234956
ENSMUSG00000022840	0.14350381041435	6.58162854199316	4.41552031808687	1.02693614898516e-05	0.000118039052348672	2.92855865491206
ENSMUSG00000034485	0.226295007486613	7.20336967910762	4.3942002414778	1.13267441603992e-05	0.000128389380560993	2.92473744413623
ENSMUSG00000065041	0.212247811989825	7.29512443250103	4.39949184317902	1.10550027042032e-05	0.0001259635295069	2.92211899730986
ENSMUSG00000025978	0.245075425871635	6.84332936299724	4.39851698945794	1.11045922896542e-05	0.000126199064458466	2.91321012788957
ENSMUSG00000022751	-0.228936905044662	7.18028439541086	-4.39881805527802	1.10892548221029e-05	0.000126134252068611	2.89492246957382
ENSMUSG00000090150	0.175391080561432	7.36418313616547	4.40756909446397	1.06521805871593e-05	0.000121904150565638	2.8903058033004
ENSMUSG00000098415	0.289567584073867	7.10125927330304	4.38477000116701	1.18269043547443e-05	0.000133720232756677	2.8881531949245
ENSMUSG00000081058	0.189577904073258	6.8908384277675	4.38475561410322	1.18276832823275e-05	0.000133720232756677	2.88062861260814
ENSMUSG00000019539	0.223576604628295	6.94215718410649	4.38429955386527	1.18524001615245e-05	0.000133768640443688	2.8772631205125
ENSMUSG00000019975	0.185244173212736	6.936507999776	4.38047369453558	1.20616993248375e-05	0.000135779679759908	2.86068205560011
ENSMUSG00000038042	0.184786751017915	6.86000306200407	4.38437243284816	1.18484470663159e-05	0.000133768640443688	2.85570687963431
ENSMUSG00000057531	-0.164427919392116	7.38301135814262	-4.43838651121267	9.24031940023255e-06	0.000108109259685295	2.84900064330739
ENSMUSG00000040006	0.21712464558876	7.20101915304344	4.37391355541602	1.24288176227529e-05	0.000139432802328262	2.84291310532057
ENSMUSG00000022132	0.173575491195889	7.05351062104645	4.36968938527715	1.26708294962323e-05	0.000141420715911912	2.83327786464332
ENSMUSG00000030029	0.176203963307572	7.05900284155301	4.36923088770891	1.26973667635914e-05	0.00014159618881511	2.83140805065563
ENSMUSG00000038025	0.175526339857041	6.97643331596102	4.37117001576559	1.25854934657852e-05	0.000140902095194166	2.83132621115834
ENSMUSG00000024537	-0.185721244845576	7.08245038956437	-4.37280511928174	1.2491891838325e-05	0.000140020417763143	2.82449979584597
ENSMUSG00000099696	0.190346427794625	7.05158153758227	4.36736917080193	1.28056666074973e-05	0.000142439921177021	2.82226430033082
ENSMUSG00000024349	0.164758665901091	7.20312078304018	4.37012341782585	1.26457570137953e-05	0.000141261306164341	2.82147010847733
ENSMUSG00000103897	0.254816818508989	7.28859518224772	4.38235633640686	1.19582695695698e-05	0.000134847256851686	2.82081089590602
ENSMUSG00000033933	0.168433740392215	6.89595569130012	4.36831921930558	1.27502906770223e-05	0.000141944562537055	2.81279234555254
ENSMUSG00000062169	0.170747196861536	6.88607884707667	4.3706877322974	1.26132294177177e-05	0.000141018274583057	2.80955447107301
ENSMUSG00000041801	0.214062988995932	7.11864404934481	4.36252770964141	1.30914469246733e-05	0.000145371690532504	2.79849514495867
ENSMUSG00000056508	0.165340189401932	7.42900757458488	4.40827305662724	1.06177452232285e-05	0.000121616378357399	2.79326648271813
ENSMUSG00000036273	-0.172912443652457	6.79790580407126	-4.35746888006416	1.33965555943096e-05	0.000148256725140068	2.76654860384873
ENSMUSG00000032109	0.0974672110916854	7.46625497127387	4.42029174900426	1.00459841467764e-05	0.000115980621207757	2.75895093446721
ENSMUSG00000028583	0.259837491162592	7.06552135414472	4.35224842579924	1.37185200816829e-05	0.000151180862718344	2.75164288179662
ENSMUSG00000030259	0.224930891666493	6.89116656717453	4.35770718710946	1.33820317733462e-05	0.000148256725140068	2.74849208713696
ENSMUSG00000052609	0.251522357992148	6.89584232827995	4.35809075231125	1.33586866223321e-05	0.000148213495982689	2.74823004673101
ENSMUSG00000026701	0.184420330126401	6.88146148870399	4.35534017662015	1.3526960155933e-05	0.000149447225621498	2.74286814379962
ENSMUSG00000102413	-0.148841220526439	7.32795906074094	-4.38908660880997	1.15953982359015e-05	0.000131320894207978	2.74189593050414
ENSMUSG00000034164	0.172586138676942	7.13587485784125	4.34914344030271	1.39135032721641e-05	0.000153200660083408	2.74021782798806
ENSMUSG00000021638	0.285980408745937	6.88574106241921	4.35490503463811	1.35537656807516e-05	0.000149617116604047	2.73596633059874
ENSMUSG00000070357	0.0720819232194643	7.53857434464034	4.45214745301879	8.66934961787891e-06	0.000102067558630639	2.73535022472451
ENSMUSG00000046675	0.222325789231846	7.25290881070773	4.35234360659692	1.37125844116265e-05	0.000151180862718344	2.72693920503949
ENSMUSG00000048163	0.192826814570824	7.09403584391422	4.34461058706421	1.42029055964276e-05	0.000155732361866357	2.72596818178446
ENSMUSG00000022365	0.24525500071688	7.03652116098898	4.34517954041267	1.41662678182447e-05	0.000155460836778256	2.72543614564849
ENSMUSG00000028567	0.153742484815381	6.87975594383067	4.34838710119796	1.39613978725867e-05	0.000153598841132693	2.72039637427175
ENSMUSG00000040713	0.173757610134854	7.36605516037671	4.37105547448844	1.25920754183604e-05	0.000140902095194166	2.71648928926596
ENSMUSG00000026614	0.205271084017289	7.35750693301394	4.36344058530037	1.30371005194384e-05	0.000144891103565779	2.7133953905213
ENSMUSG00000091230	-0.193702943301541	7.25626991920958	-4.38014506376248	1.20798411732874e-05	0.000135867079588212	2.70984902412012
ENSMUSG00000028199	0.193212225270412	7.02516281196516	4.33704051664439	1.46990650964697e-05	0.000160768722007503	2.69398019673013
ENSMUSG00000038518	0.235081501168548	7.07559753762552	4.33441683347405	1.48748528541619e-05	0.000162284644638907	2.67994844013844
ENSMUSG00000042055	0.144028653571144	7.34677905361973	4.35752688164144	1.33930192556689e-05	0.000148256725140068	2.67603066548143
ENSMUSG00000016256	0.181091383640858	7.27731673281743	4.34146671026255	1.44069910186019e-05	0.000157837930054842	2.67532337970306
ENSMUSG00000063142	0.214344310563725	7.48764118696159	4.41002971572368	1.05322787067614e-05	0.000120848898184856	2.67414475335621
ENSMUSG00000039929	0.146117309721348	7.41373374683573	4.38100593361979	1.20323725743491e-05	0.000135566111655231	2.67318792905679
ENSMUSG00000025964	0.153573515612782	7.4287344903896	4.37921063179942	1.2131568328591e-05	0.000136331753268596	2.67055351827407
ENSMUSG00000032492	0.0965903720234635	7.49143843245912	4.40596223839061	1.07311824284204e-05	0.00012270099594138	2.67028209643769
ENSMUSG00000041135	0.235706433098828	7.0941529545847	4.33235252110055	1.50145701377599e-05	0.000163536399537065	2.6702030523728
ENSMUSG00000031482	0.258605425466783	7.11519683153115	4.33102648760529	1.51049783317727e-05	0.000164384352717845	2.66391015389007
ENSMUSG00000032231	0.260040555284523	6.83528273224397	4.33901474931443	1.45680991112819e-05	0.000159469526392059	2.65350656969832
ENSMUSG00000025239	0.204686323545197	7.08173893532707	4.3276627944908	1.53366476855867e-05	0.000166490374377862	2.65338459637085
ENSMUSG00000021364	0.199848361037366	7.27596664517838	4.33616915765332	1.47572255440376e-05	0.000161270114209132	2.65085807021956
ENSMUSG00000098589	-0.165344663534573	7.14492034552392	-4.33580323793632	1.47817149089899e-05	0.000161403012167219	2.65037915924804
ENSMUSG00000038534	0.146402657004628	7.17786683636576	4.32732482958166	1.53601109429094e-05	0.000166606936590364	2.64359408395009
ENSMUSG00000036644	0.174338424025444	7.12883750996341	4.32239936300868	1.57059710548248e-05	0.000169936010784931	2.63100377510834
ENSMUSG00000029128	-0.193104905364314	6.75841209190571	-4.32703096804527	1.5380540136994e-05	0.000166690423405236	2.62713486163368
ENSMUSG00000034993	0.158175281437363	7.01855426025221	4.31947087501895	1.59151127000022e-05	0.000171914732234677	2.62015469888393
ENSMUSG00000033278	0.183372731141033	7.42555006461409	4.35636299609351	1.3464151693663e-05	0.000148878947612699	2.58512711495292
ENSMUSG00000071723	-0.228512138830538	6.99909775169712	-4.31437205370275	1.62856028893711e-05	0.00017533808637142	2.583925138894
ENSMUSG00000037363	-0.206303416582702	7.21307839122699	-4.32454512552709	1.55543951277186e-05	0.00016843518694135	2.57943540502446
ENSMUSG00000025911	0.240745327934794	6.89007330505453	4.31533529272529	1.62149879679848e-05	0.000174721499980952	2.57135583958925
ENSMUSG00000094083	0.120889763904259	7.11084396524564	4.30389063974672	1.70731901173633e-05	0.000182873359614212	2.55348276005956
ENSMUSG00000057706	0.227808004071715	6.95416764842576	4.30611971639078	1.69027137039474e-05	0.000181236959715052	2.54973840510432
ENSMUSG00000022529	0.146750385184184	7.20576657552487	4.30375955642444	1.70832660256783e-05	0.000182873359614212	2.53798839206867
ENSMUSG00000020474	0.104856734843175	7.49085368356157	4.37396416836122	1.24259448238734e-05	0.000139432802328262	2.53772868833035
ENSMUSG00000067369	0.257036715982959	7.09611726497719	4.3005199475048	1.73340918143747e-05	0.000185104347499016	2.53558876846446
ENSMUSG00000020091	0.192472669089434	7.11608610743714	4.29856407011665	1.74872202755665e-05	0.000186435413556773	2.53104302802433
ENSMUSG00000046470	0.304300525239183	7.10684871067204	4.29868757572948	1.74775128300212e-05	0.000186435413556773	2.52221071345995
ENSMUSG00000089542	0.157783257813988	7.0468293987176	4.2949285131006	1.77752851889684e-05	0.000188585116445684	2.51925712390426
ENSMUSG00000098790	-0.23978406782366	7.0065189637833	-4.29752752511421	1.75688947032101e-05	0.000186987860727051	2.51805116467995
ENSMUSG00000055116	-0.193994223609602	6.83249870757105	-4.29501796584547	1.77681434098717e-05	0.000188585116445684	2.51133147933565
ENSMUSG00000060512	0.206045172910889	6.94995865830625	4.29498532093621	1.77707494157474e-05	0.000188585116445684	2.50768513131752
ENSMUSG00000056735	-0.123284809248975	7.32356029626097	-4.32892522354755	1.52493053230345e-05	0.000165679589451591	2.50690399011463
ENSMUSG00000102742	0.22078355889338	7.27893996153476	4.3063991664875	1.68814565999914e-05	0.00018115740148122	2.50462116875451
ENSMUSG00000025645	-0.201113698937513	6.94968284314947	-4.29274530323563	1.79504401059285e-05	0.000190135244228815	2.50319519205323
ENSMUSG00000024800	0.151276687462992	7.27021894382371	4.30186347974739	1.72296461380922e-05	0.00018428964643783	2.49799722147938
ENSMUSG00000001473	0.225461456011308	7.00504939601663	4.29095582628564	1.80952319334597e-05	0.000191513966429146	2.49559310513194
ENSMUSG00000032806	0.225158401386795	7.10379561783717	4.2857530452113	1.85225530245674e-05	0.000195247394684087	2.47329163006513
ENSMUSG00000078851	-0.205219946255639	6.95624824275582	-4.28506455716017	1.85798159753174e-05	0.000195654312572656	2.47122456759368
ENSMUSG00000006526	0.146497347476746	7.46658261891801	4.34629859279313	1.40944692840865e-05	0.00015480267774099	2.47095169887648
ENSMUSG00000038563	-0.182778491646539	6.93450828464858	-4.28461818615313	1.86170316488013e-05	0.000195770424374382	2.47000224238598
ENSMUSG00000078519	-0.162382810526599	7.4481681808499	-4.36856640492463	1.27359203621199e-05	0.000141905250536914	2.46842365647342
ENSMUSG00000041481	0.181583986950906	7.04813023914108	4.28328330152346	1.87287504100057e-05	0.000196157440294236	2.46811380229682
ENSMUSG00000057367	-0.12486075679044	6.76228685773848	-4.29033029226056	1.81461077387183e-05	0.000191897287976818	2.46503903681246
ENSMUSG00000079645	-0.12873905814226	7.18458931871096	-4.29366678178618	1.78763119004279e-05	0.000189503380891014	2.46435324629171
ENSMUSG00000035936	0.247554067771637	7.0738862402719	4.28208234007464	1.88298065154555e-05	0.000196900820207942	2.45893090138802
ENSMUSG00000070939	0.145929131595597	7.56134679567128	4.39691362656702	1.11866156677146e-05	0.000126910894559549	2.45601790207118
ENSMUSG00000074480	0.20267868150068	6.91327150677715	4.28425731169871	1.86471710573041e-05	0.000195795348516479	2.44607646608509
ENSMUSG00000060961	0.208701683195949	6.90764321566868	4.28267294935502	1.87800443550171e-05	0.000196537442602625	2.44546941108079
ENSMUSG00000038365	-0.201450222091294	7.15270205479918	-4.2982771737837	1.75097899424901e-05	0.000186524141519187	2.44542564614066
ENSMUSG00000032135	0.246545751224609	6.87745216900791	4.28584998421215	1.85145039290461e-05	0.000195247394684087	2.43845614322245
ENSMUSG00000030579	0.183269753147596	7.27941602405083	4.28387414423314	1.8679223212426e-05	0.000195795348516479	2.43273340608984
ENSMUSG00000039263	0.163401506301049	7.32748228848945	4.28734630982656	1.83906821332508e-05	0.000194326723558128	2.42927845208121
ENSMUSG00000039741	0.164115914743781	7.4063514944593	4.31187563297825	1.64699823147656e-05	0.000177032026654279	2.42763323621773
ENSMUSG00000038456	0.1743285882788	7.03414139888629	4.27328800566414	1.95858049762263e-05	0.00020350584027679	2.42620310645706
ENSMUSG00000023868	0.17286331850513	6.55328547233907	4.30089326978295	1.73050094972337e-05	0.000184944640275742	2.42582145489296
ENSMUSG00000027230	0.138642013696851	7.10219586721021	4.27210814271186	1.96894041864796e-05	0.000203987421612562	2.42444056683239
ENSMUSG00000046541	0.198248214712335	7.38937043806858	4.30753379333696	1.67954097323817e-05	0.000180381873844414	2.42264862119296
ENSMUSG00000021519	-0.16029147970943	6.93216451709711	-4.27290366776772	1.96194950436664e-05	0.000203532828139208	2.42242665970343
ENSMUSG00000097470	-0.1629082694955	7.19685510767433	-4.28492978129261	1.85910452826446e-05	0.000195654312572656	2.4215147950488
ENSMUSG00000079283	0.176419342072223	7.27678931532541	4.28415461019822	1.86557569461233e-05	0.000195795348516479	2.42011553282744
ENSMUSG00000025932	0.213864998070255	7.34364052583779	4.28688255242664	1.84289736908309e-05	0.000194574293193838	2.41697499462737
ENSMUSG00000020607	-0.163796628896137	6.77780800145783	-4.2749094143098	1.94442821785702e-05	0.000202678775702103	2.41638429514608
ENSMUSG00000025858	0.109863348392929	7.399410231149	4.31984078202131	1.5888549549441e-05	0.000171769521636071	2.4100095945769
ENSMUSG00000041731	0.265986963399342	6.96081299448981	4.27383763902558	1.95377212805835e-05	0.000203328972182352	2.40934913913588
ENSMUSG00000026276	0.21274871930776	6.98494653683733	4.27161054998957	1.97332521964539e-05	0.000204178533965655	2.40579633926565
ENSMUSG00000020522	-0.176563394361096	6.82783896794655	-4.27148737937532	1.9744120378897e-05	0.000204178533965655	2.4043970229847
ENSMUSG00000041975	0.133602524468015	7.46004504499382	4.33253027888446	1.50024900160633e-05	0.000163536399537065	2.39651687931219
ENSMUSG00000039850	0.106886840685268	7.55696721922509	4.39725383932972	1.1169163162461e-05	0.000126822796290493	2.39550096535517
ENSMUSG00000052684	-0.177822921810086	6.69338524025473	-4.27441893671551	1.94869898540477e-05	0.000202962347787743	2.38668794596131
ENSMUSG00000044447	0.244269233666585	6.8744035883311	4.27057552897185	1.98247566892984e-05	0.000204689049350391	2.37491279697249
ENSMUSG00000034290	0.14475473350489	7.18075647097064	4.26211933183721	2.05876442565233e-05	0.000211730902283113	2.37308200467294
ENSMUSG00000031997	-0.120139244888441	7.21674662639795	-4.28403169586248	1.86660375882457e-05	0.000195795348516479	2.37071194035924
ENSMUSG00000037486	0.163760749919935	7.50914576033869	4.34712595955927	1.40416086923424e-05	0.000154351587741517	2.37025226366951
ENSMUSG00000025163	-0.127872210702809	7.39033262543719	-4.33075446384149	1.51235888213015e-05	0.000164450186751228	2.36433069565141
ENSMUSG00000066571	0.18193230207469	7.32904663511679	4.27335133124169	1.95802593104884e-05	0.00020350584027679	2.35892564333831
ENSMUSG00000028788	0.244926863804536	7.06131789714006	4.25724601323217	2.10399126934626e-05	0.000215198857017822	2.35555200904493
ENSMUSG00000022332	-0.16864068513498	7.06189001440161	-4.26085394775263	2.07041800665399e-05	0.000212762264859608	2.34885694642484
ENSMUSG00000046897	0.144007477086633	7.29052510462607	4.26470432555335	2.03515174305401e-05	0.000209467033176597	2.34755394951268
ENSMUSG00000060636	0.161885684123729	7.02861019592619	4.25352439966483	2.13916522353011e-05	0.000217945144797325	2.34664259016242
ENSMUSG00000020902	0.25313841839055	7.17562075581721	4.25641736004615	2.11177509797757e-05	0.000215717293962542	2.34488978414785
ENSMUSG00000064514	0.202028562314481	7.32611223135972	4.27205051485096	1.96944776136785e-05	0.000203987421612562	2.34434788803803
ENSMUSG00000025283	0.162354465093292	6.76055849912887	4.26727062147787	2.0119651505506e-05	0.000207570116241201	2.34414846005895
ENSMUSG00000026864	-0.0934615066086062	6.48996255328604	-4.27725763595154	1.9241046330421e-05	0.000201040525584894	2.34036834535008
ENSMUSG00000039533	0.159196554844667	6.75616002306792	4.26051560819912	2.07354458012379e-05	0.000212795996239933	2.3251413901216
ENSMUSG00000022967	0.206164561161594	7.345779405357	4.27069356226832	1.98143011791801e-05	0.000204689049350391	2.32334494295675
ENSMUSG00000022150	0.293238177288858	6.99055540669103	4.25165106455934	2.15708177870873e-05	0.000219429018235079	2.32070228237342
ENSMUSG00000033949	0.229875373345217	6.84291431474968	4.25743503132508	2.10221958723085e-05	0.000215185761032262	2.31136781857995
ENSMUSG00000034317	0.236808171271704	6.80573562493727	4.25883373499558	2.08915350641636e-05	0.000214183224009421	2.30574821215404
ENSMUSG00000063446	0.154024377913144	6.68863342266062	4.26046668692916	2.07399703026394e-05	0.000212795996239933	2.30490264658087
ENSMUSG00000035469	0.177249420046359	6.91305793742359	4.24758038565495	2.19650752840125e-05	0.000222919973347513	2.29653892976706
ENSMUSG00000035228	-0.133738824501732	7.39662351161581	-4.31859342938371	1.59782918310973e-05	0.000172312847325145	2.29607007334862
ENSMUSG00000056209	0.172543331757068	7.01667425181319	4.24137217348518	2.25795962634921e-05	0.000227919872229482	2.29545108740535
ENSMUSG00000006464	-0.185430198412741	7.0771611564109	-4.25036169337439	2.16949622725366e-05	0.000220520532664635	2.29245915303755
ENSMUSG00000047394	0.135652035068691	7.21681690584288	4.24241776228251	2.24749649169812e-05	0.000227723309898064	2.28344155081328
ENSMUSG00000020523	-0.158122926881092	7.1239703173877	-4.24226175731746	2.2490546875817e-05	0.000227723309898064	2.27935420588393
ENSMUSG00000016262	0.110697505811997	7.02838397434767	4.23667400957293	2.30554879175618e-05	0.000232365240813486	2.27855055076824
ENSMUSG00000013275	0.157659539517298	7.00994469389825	4.23553558508861	2.317223123305e-05	0.000233182821908601	2.27063863842189
ENSMUSG00000079045	0.140348262585734	7.34808509839695	4.25761800268222	2.10050593497374e-05	0.000215178589207169	2.26907235902214
ENSMUSG00000030590	-0.183479833940973	7.31077911928131	-4.27685653042634	1.927561762805e-05	0.000201241137150264	2.2670338235458
ENSMUSG00000024411	0.275823609989206	6.72485800505504	4.25407785307356	2.13389917640211e-05	0.000217649415064001	2.26380655841892
ENSMUSG00000033105	0.110852443844043	7.48714972916058	4.31890322200163	1.59559584258184e-05	0.000172213856315593	2.26155848117326
ENSMUSG00000074578	0.148640690663114	7.3954638722489	4.27292179151188	1.96179051236106e-05	0.000203532828139208	2.25675498159991
ENSMUSG00000038485	-0.162365445840535	6.90646504097115	-4.2327020576383	2.34652523087492e-05	0.000235769058500494	2.25643455445014
ENSMUSG00000029343	0.188014885459856	7.40687078725775	4.2752786924219	1.94121866378858e-05	0.000202505456145977	2.25047042134055
ENSMUSG00000018398	-0.113195731710118	7.24566143755746	-4.24628480639286	2.20919887331953e-05	0.000224034327261807	2.23756453159745
ENSMUSG00000040282	-0.209876650697417	6.87780894001994	-4.22927026155947	2.38248648311448e-05	0.000238832412227678	2.23624795057254
ENSMUSG00000036594	0.156514367145072	7.28328485429223	4.2420619763395	2.25105162526188e-05	0.000227749365362663	2.23587178924565
ENSMUSG00000022544	0.109633273019507	7.40203269967352	4.26485095216648	2.03382013891719e-05	0.000209467033176597	2.23472842603228
ENSMUSG00000030614	-0.162732912042208	6.84429962788628	-4.22860694011934	2.38949754652886e-05	0.000239351965410526	2.2322601726937
ENSMUSG00000029063	-0.147765010232079	6.95419471849681	-4.22434762172097	2.43498699815959e-05	0.000243414188437963	2.22341709941833
ENSMUSG00000021905	0.210947506336192	7.33775705057519	4.25262946541702	2.14770661414541e-05	0.000218645217670231	2.21383660952893
ENSMUSG00000027808	0.197885063462124	7.26867529737727	4.22997826398566	2.37502476086367e-05	0.000238266851871473	2.21081289513017
ENSMUSG00000008035	0.199386650496765	7.17699529024346	4.2219186456191	2.46129617720345e-05	0.000245417285239509	2.21021928804609
ENSMUSG00000047459	-0.164066618233677	7.26838421810549	-4.25635569710054	2.11235541445141e-05	0.000215717293962542	2.20253816178781
ENSMUSG00000022781	0.211547284121934	6.73862953327831	4.23629279943011	2.30945178199975e-05	0.000232579559461082	2.19822666504337
ENSMUSG00000042650	0.206280375225859	6.88235551781123	4.22222197606351	2.45799596835193e-05	0.000245275024524874	2.19163279382562
ENSMUSG00000025880	0.220989719683769	6.91438417863546	4.22258212065131	2.45408309425796e-05	0.000245071364378529	2.19012670654272
ENSMUSG00000015944	-0.165465032618207	6.87877798621006	-4.21555819110164	2.53147631606845e-05	0.000250976416421069	2.18397088380824
ENSMUSG00000028633	0.171204317896503	7.35350956517777	4.2418733758069	2.25293835610712e-05	0.000227764239059107	2.17990915580186
ENSMUSG00000025351	0.206666509710389	7.0345955432062	4.21284889896323	2.56194480472578e-05	0.000253713928770574	2.17328452431031
ENSMUSG00000027905	0.19743258784521	7.05942067763213	4.21213841878602	2.56999236629459e-05	0.000254318518968472	2.17306459539659
ENSMUSG00000020044	0.208143165926977	6.92718686534457	4.21569859096507	2.52990682351092e-05	0.000250976416421069	2.17066581286397
ENSMUSG00000078722	0.219194963766699	7.20421622017053	4.2201374449496	2.48076072311786e-05	0.000246981896479536	2.16925084991155
ENSMUSG00000021038	-0.0872588028921122	7.45388554016592	-4.29736306882482	1.75818863851971e-05	0.000186987860727051	2.16180256984033
ENSMUSG00000099881	0.154904152409363	7.18458535505589	4.208326490549	2.61358212245894e-05	0.000257464387864804	2.15103271310941
ENSMUSG00000036908	0.244970904442902	7.23817090027311	4.20835978366249	2.61319838594547e-05	0.000257464387864804	2.1390086035297
ENSMUSG00000021282	0.132080934976769	7.37989912577758	4.23992260947271	2.27254204376022e-05	0.000229215103520099	2.13775805798164
ENSMUSG00000043998	0.203760680441331	7.25359050204277	4.21547694081501	2.53238501445334e-05	0.000250976416421069	2.13741833319573
ENSMUSG00000027168	0.206397050852496	7.07447985893386	4.20301371099434	2.67550884331101e-05	0.000262183845633442	2.13417462532909
ENSMUSG00000023272	-0.101468505653709	6.71593788432074	-4.21148129503575	2.57745696707148e-05	0.000254864551456948	2.13045528345158
ENSMUSG00000046434	0.263533629155221	7.00090130559137	4.20311198139824	2.67435082114702e-05	0.000262183845633442	2.12870505108823
ENSMUSG00000024339	0.224351359456572	7.30960884969327	4.21758660586763	2.50889094065335e-05	0.000249592706649192	2.1276201433622
ENSMUSG00000025203	0.26462926626088	6.73650994804661	4.22032138302391	2.47874392907899e-05	0.000246968915673533	2.12558600135059
ENSMUSG00000021432	0.107491782134991	7.3892977699305	4.2492751515428	2.18001056425504e-05	0.000221417364679806	2.12545142658421
ENSMUSG00000062937	0.209720102390786	7.09254807886988	4.20021982205681	2.70863238938031e-05	0.000264835065285788	2.12335787947729
ENSMUSG00000042246	0.172621599066712	6.87315254845383	4.20795918490964	2.6178192478338e-05	0.000257687891673986	2.12097817197811
ENSMUSG00000061288	-0.218553238160185	7.06369642160638	-4.20602696085492	2.64021661291859e-05	0.000259697339566718	2.11947534185891
ENSMUSG00000051499	0.199930395943973	7.11979416674719	4.19959896227742	2.71604590984499e-05	0.000264966267151197	2.11836316985586
ENSMUSG00000087408	-0.190880154391346	7.11233162182566	-4.21060174881373	2.58748046308845e-05	0.000255277273720829	2.11765195333029
ENSMUSG00000072949	0.195974225707584	7.08802681932587	4.19588755090433	2.76076698009617e-05	0.000268728336828394	2.10726904867023
ENSMUSG00000022313	-0.172139120197966	7.19641874845968	-4.2050915091368	2.65112527117107e-05	0.000260183898427074	2.08567176206388
ENSMUSG00000073643	0.127738330569676	7.47365739835515	4.26486129517694	2.03372623918071e-05	0.000209467033176597	2.08326795978589
ENSMUSG00000098061	-0.151304819718297	7.15490317286662	-4.19753229722649	2.74086269247269e-05	0.000267188193371947	2.07739959106188
ENSMUSG00000037017	0.193258445197365	7.32143581815079	4.20550641016399	2.6462816720768e-05	0.000259903373224528	2.0765299054765
ENSMUSG00000059834	-0.139015542423309	6.85466075186874	-4.19053597332293	2.82648602833212e-05	0.000274106333947586	2.07139309903866
ENSMUSG00000068744	-0.202145595921527	7.19575754651938	-4.21669544920188	2.51878980575204e-05	0.000250197239278496	2.06817549451899
ENSMUSG00000021111	-0.129531686703486	6.58216123972051	-4.20567869010497	2.6442729319516e-05	0.000259901060248576	2.06619582150052
ENSMUSG00000021258	-0.159342670217774	7.01634865879569	-4.18465740261305	2.90039055140857e-05	0.000280442489653183	2.05924840873176
ENSMUSG00000034574	0.252869239797281	6.77963013206004	4.19976336577695	2.71408093525558e-05	0.000264966267151197	2.05464725124812
ENSMUSG00000024420	0.226305714872153	6.53606727953665	4.21099129770263	2.58303651445946e-05	0.00025514804553147	2.04058816030552
ENSMUSG00000006673	-0.165842666642613	7.21568655465951	-4.20025005502277	2.70827187750683e-05	0.000264835065285788	2.03869191754064
ENSMUSG00000042672	0.186843964614284	7.41935248019524	4.23141738672432	2.35992617087081e-05	0.000236933691940495	2.02570775992888
ENSMUSG00000002602	0.166490728940485	7.19452219543307	4.17535244436103	3.02113916451674e-05	0.000290829073101861	2.01910182737878
ENSMUSG00000020231	0.18098339212203	7.0605196946575	4.17417206897798	3.03679389665771e-05	0.000291478780755445	2.01908023534602
ENSMUSG00000027076	-0.172095742850446	7.15115342558388	-4.18858541811296	2.8508073057664e-05	0.000276260320111723	2.01814086834414
ENSMUSG00000054967	0.103458110833789	7.44622412978113	4.22782664114606	2.39777015493446e-05	0.000239996994406743	2.01641062660177
ENSMUSG00000024921	-0.166817099024261	7.22868484172688	-4.19632174621406	2.75549914857085e-05	0.000268415140275964	2.01099053492989
ENSMUSG00000083284	-0.223612946699626	7.12987453953635	-4.18108766308344	2.94616155029373e-05	0.000284447986846944	2.00899415191516
ENSMUSG00000022297	0.221902483532967	7.27114583338466	4.17927816149849	2.96962435060298e-05	0.000286291030913801	2.00759004854386
ENSMUSG00000050211	0.109677878134149	7.58370775767002	4.31198078134706	1.64621763347234e-05	0.000177032026654279	2.00477686811279
ENSMUSG00000031320	0.192907924225375	7.20711072789176	4.17360200109576	3.044382008415e-05	0.000291993034829078	2.00329945649729
ENSMUSG00000033257	0.152205268153464	6.96946335656622	4.1698355580939	3.09497150273572e-05	0.000295761802290628	1.99252516018582
ENSMUSG00000036833	0.110647412674004	7.28184205436467	4.18180271115926	2.93693859267095e-05	0.000283766790075632	1.9874752062891
ENSMUSG00000055639	0.176357168680774	6.8726536900759	4.1717813580549	3.06873727605138e-05	0.000293510472658678	1.98650725462537
ENSMUSG00000027800	0.173211157311667	7.01763781600986	4.16565138412482	3.15210846624796e-05	0.000300345007570002	1.97995278258758
ENSMUSG00000000881	-0.199262534792339	7.20155750775908	-4.19400661792969	2.78369802930671e-05	0.000270558089084509	1.97646002505196
ENSMUSG00000090582	0.22838797749735	7.17169510920627	4.16566507523068	3.15191988303545e-05	0.000300345007570002	1.9764287141557
ENSMUSG00000048833	0.269525480561507	7.07132255474952	4.16309138379728	3.18755936649884e-05	0.000302841271597988	1.96684578416968
ENSMUSG00000028532	0.155242540295539	6.55106756118431	4.19290879524047	2.79716552671693e-05	0.000271665364063635	1.96536750465851
ENSMUSG00000047832	0.176522289668895	7.33693162913581	4.18705309693437	2.87005310353306e-05	0.000277714229352955	1.96516767119622
ENSMUSG00000033282	-0.202105967419284	6.69525213550381	-4.16882101929389	3.10873442382855e-05	0.000296860328787479	1.96430143951307
ENSMUSG00000032816	0.189058847021451	6.90309600620996	4.16693417582622	3.13448560357876e-05	0.000299101206428959	1.96341878957544
ENSMUSG00000021990	0.203825410390997	6.77682411179425	4.17539235614483	3.02061117755902e-05	0.000290829073101861	1.96320798868721
ENSMUSG00000071074	-0.180630568392544	6.96799057392574	-4.16065774415705	3.22161149778795e-05	0.000305589830443917	1.96050609211645
ENSMUSG00000055485	0.16137795709693	7.17775678455743	4.16052407077246	3.22349187170065e-05	0.000305589830443917	1.95862249358279
ENSMUSG00000032194	0.220145751762126	7.08830909117904	4.15950375333748	3.23787900671018e-05	0.000306731634991676	1.95782067438468
ENSMUSG00000015942	0.170785351715019	7.36550658308138	4.1947741869123	2.77431856104985e-05	0.00026984679495739	1.9555789232424
ENSMUSG00000093351	-0.183625244880498	7.14803896871651	-4.17174907749111	3.0691707689408e-05	0.000293510472658678	1.95201494218545
ENSMUSG00000048707	0.219663246873462	6.79520633010867	4.17258208468901	3.05800299600832e-05	0.000292870338140022	1.94865460038698
ENSMUSG00000037772	-0.118266979991327	7.16964937048712	-4.16509433597213	3.15979042648457e-05	0.000300858009189353	1.94789495941536
ENSMUSG00000032366	-0.240357019341693	7.00676679088785	-4.16144628771623	3.21054030625003e-05	0.000304803435021214	1.94587888775232
ENSMUSG00000033510	0.162995535979162	7.26902835410105	4.17289677348895	3.0537941584587e-05	0.000292681355216261	1.94246221109718
ENSMUSG00000025956	0.165796369495442	7.13963477486699	4.15552562411779	3.29455809328469e-05	0.000311530098303148	1.93947392355603
ENSMUSG00000029916	-0.218610066813638	7.09965818464894	-4.16455486224124	3.16724698479267e-05	0.000301348819221698	1.93523146888184
ENSMUSG00000026796	0.213520950406777	6.93169326372686	4.15512562973551	3.30030895763416e-05	0.000311743469504664	1.92747820713923
ENSMUSG00000073600	0.15148018485422	7.13129443788048	4.15107110902391	3.35914317866232e-05	0.000316735988836817	1.9262014169233
ENSMUSG00000064389	0.142269888417988	7.42769963734417	4.21088734178343	2.58422172605201e-05	0.00025514804553147	1.91854639162857
ENSMUSG00000037280	0.225789026352303	6.98333233048156	4.1524702463443	3.33872890704512e-05	0.000315145197195636	1.91633485204472
ENSMUSG00000063235	0.193815790729865	7.23080175315089	4.15544819801213	3.29567053276703e-05	0.000311530098303148	1.91435948144776
ENSMUSG00000002129	-0.146377714248704	6.83732004435991	-4.15011683233872	3.37313462901588e-05	0.000317249127608303	1.90546379091289
ENSMUSG00000022174	0.164514485728507	7.06578111475388	4.14556854309774	3.4405851775575e-05	0.000321973846637475	1.90395037716836
ENSMUSG00000049775	0.112139374870968	6.98679989219905	4.14453309624216	3.45611878467156e-05	0.000322735428879601	1.90146890329642
ENSMUSG00000097296	0.17990526414447	7.32456944861093	4.16313287108527	3.18698184156434e-05	0.000302841271597988	1.90038171546381
ENSMUSG00000021696	0.207629797691027	6.96122544225504	4.14911343118385	3.38790604393687e-05	0.000318181247684516	1.89911771785484
ENSMUSG00000096025	-0.145791577075446	7.35896042304176	-4.21708007775715	2.51451284661628e-05	0.000249962051540625	1.89896420639875
ENSMUSG00000035441	0.2314270437891	6.94958908567501	4.14976497569397	3.37830745188895e-05	0.000317507546016727	1.89757092859957
ENSMUSG00000061479	-0.204102606249829	6.94588144940507	-4.14486248110928	3.45117019442571e-05	0.000322594017031327	1.89485188874912
ENSMUSG00000033998	-0.220664789451312	6.85879624308714	-4.14479786924966	3.45214037473946e-05	0.000322594017031327	1.891886963087
ENSMUSG00000052291	0.130707721168287	7.39515331706512	4.18805844936919	2.85741209242374e-05	0.000276695555577009	1.88088921827837
ENSMUSG00000070953	-0.177056169167828	7.11098600302567	-4.14784027624229	3.40673707051876e-05	0.000319616581327928	1.87617469609622
ENSMUSG00000022106	0.127581909991337	7.25982909542559	4.14602059642787	3.43382436579544e-05	0.000321571020007109	1.86948751386824
ENSMUSG00000060530	0.163398859763562	7.41572165113301	4.19153436940702	2.81411360080907e-05	0.000273108786225295	1.8684249167346
ENSMUSG00000042284	0.288777692236189	7.28873531361737	4.14775029632051	3.40807170435218e-05	0.000319616581327928	1.86765705749368
ENSMUSG00000043733	0.188221647333445	6.78511303434957	4.15086329544329	3.36218540316201e-05	0.000316735988836817	1.86537502271596
ENSMUSG00000039089	-0.17136095994262	7.09287490935359	-4.14258564754209	3.4855147581646e-05	0.000324785474831964	1.86520126562027
ENSMUSG00000034867	-0.124200726204667	7.45584559938596	-4.2345001833032	2.32788981805762e-05	0.000234076294147545	1.8609868472659
ENSMUSG00000044734	0.214498982237535	6.97285887058724	4.13805229534388	3.55486660259043e-05	0.000329839217300595	1.85724152642017
ENSMUSG00000025702	0.228465236987598	6.76637505187419	4.1503428518738	3.36981577183052e-05	0.000317164831666464	1.85618370173878
ENSMUSG00000038594	0.212489994265239	7.06109321499471	4.13436986662815	3.61216363603713e-05	0.000333501031897025	1.85585658549627
ENSMUSG00000056749	-0.160472937577927	6.81192071132434	-4.13613425264468	3.58460194424198e-05	0.000331892564738444	1.85366548564779
ENSMUSG00000030744	0.166271192235167	7.11997801007986	4.13114140221896	3.66311776207146e-05	0.000337490085021338	1.84420270246306
ENSMUSG00000024593	0.237483227727625	6.83634541310429	4.14348881762884	3.47185234873532e-05	0.000323820038651113	1.84360495339851
ENSMUSG00000020251	-0.121574506769885	7.37863328283849	-4.20000728853216	2.71116802606255e-05	0.000264885162665753	1.83418925845624
ENSMUSG00000047935	0.185267567663815	6.63942981105757	4.15081859736542	3.36284008923904e-05	0.000316735988836817	1.82593414289425
ENSMUSG00000022111	-0.207409562896598	6.95476543258723	-4.12781576329309	3.71631890592884e-05	0.000341671679188346	1.82555766789382
ENSMUSG00000008090	0.3064452541107	6.99622880357772	4.12979383047007	3.68458747810009e-05	0.000338992405223376	1.82103511907469
ENSMUSG00000007097	0.165279094348089	7.03328442464627	4.12451550318685	3.76983887493466e-05	0.000345967884960392	1.81856112004454
ENSMUSG00000044408	0.201396622164562	7.0402921426846	4.12373810001579	3.78255202187986e-05	0.000346544234222891	1.81146473045708
ENSMUSG00000037419	0.207033536088744	6.82501775439336	4.13438862236779	3.61186959473777e-05	0.000333501031897025	1.81004689947346
ENSMUSG00000099632	0.115717134953667	7.39964430047649	4.17515791486744	3.02371382192962e-05	0.000290863051849394	1.80411762191573
ENSMUSG00000022203	0.180038452554772	7.10287834236551	4.11996848824564	3.84477724192795e-05	0.000350040498270658	1.80157510722722
ENSMUSG00000030201	0.275910369778578	7.03173038772191	4.12186458397851	3.81335777066154e-05	0.000348878266481488	1.79718888108667
ENSMUSG00000049321	0.113328199605363	7.53014275756503	4.22428802563867	2.43562929158059e-05	0.000243414188437963	1.79477109997947
ENSMUSG00000002768	-0.18174245286884	7.18936395171413	-4.13942371600797	3.53374933395261e-05	0.000328811984933245	1.79345295289659
ENSMUSG00000026803	-0.187392361026578	6.83967664842005	-4.12132402464609	3.82229023812866e-05	0.000348963903748817	1.78684463493869
ENSMUSG00000044475	0.106134845707456	7.30487287462125	4.13688681363631	3.57290696763491e-05	0.000331062175329544	1.78601251774191
ENSMUSG00000048497	0.189327481330163	7.18542693789182	4.11513221390918	3.92603405749878e-05	0.0003566942254044	1.7685863092257
ENSMUSG00000015478	0.153463736513134	7.04073979039873	4.11057423151753	4.00410533816102e-05	0.00036152929025658	1.76520460078229
ENSMUSG00000050079	0.199862619868536	7.2036811339087	4.11184031334121	3.98227271719727e-05	0.000360303485926377	1.75629169024903
ENSMUSG00000038987	0.096257006272678	7.35581762261592	4.13964807931635	3.53030592780031e-05	0.000328725214841832	1.7541908061552
ENSMUSG00000032667	0.189079463805479	6.91664833620823	4.11213068758161	3.97728138915856e-05	0.000360100746520497	1.74401614757284
ENSMUSG00000026374	0.112410800066321	7.43708918160984	4.17477919769369	3.02873224409753e-05	0.000291131883551578	1.74240874714309
ENSMUSG00000048277	0.184021639982168	6.95842620979821	4.10838873931881	4.04206008623593e-05	0.000364453516866396	1.73948010573184
ENSMUSG00000047583	0.199214668098747	7.38161827807665	4.143433974023	3.47268052448948e-05	0.000323820038651113	1.73323581886726
ENSMUSG00000052911	0.254210915140906	7.09257510840733	4.10350644445867	4.12808663684184e-05	0.000371187570395146	1.72914130579306
ENSMUSG00000042903	0.230486192984541	6.79002488202841	4.1181857975817	3.87454157679813e-05	0.000352260405023896	1.72479917738287
ENSMUSG00000027984	0.151438774368237	7.07639969927478	4.10047043248234	4.18245473058403e-05	0.000375818101117407	1.72471128489566
ENSMUSG00000020571	-0.130030929807842	6.63007439818803	-4.11368731385519	3.95062517819666e-05	0.000358679506469838	1.72077396913679
ENSMUSG00000070283	-0.111908127872011	7.38950011390577	-4.17435340097785	3.03438397750806e-05	0.000291461152116915	1.71936294734496
ENSMUSG00000048234	0.171487614920445	7.32082490164992	4.12137044629781	3.82152236488203e-05	0.000348963903748817	1.71424538223494
ENSMUSG00000024818	0.150503450745441	7.28183874955838	4.10490637346979	4.10324366335258e-05	0.000369461251998707	1.70567616376949
ENSMUSG00000004044	0.310848595997931	7.13197019068416	4.09864636455159	4.21544571968632e-05	0.000378263299260681	1.70327776889493
ENSMUSG00000023266	0.102552255690374	7.54380374086995	4.20237939625092	2.68299511575914e-05	0.000262720808193857	1.69980058501159
ENSMUSG00000033377	-0.151387005975674	7.04052151803176	-4.09558692742509	4.27133534456791e-05	0.000382753746277092	1.69834037894073
ENSMUSG00000030522	0.22656503169982	6.77001670899229	4.11059190851411	4.00379973113947e-05	0.00036152929025658	1.6914426683302
ENSMUSG00000079043	-0.210863324583364	6.90035749752666	-4.0945621022367	4.29021349727568e-05	0.000384182456267669	1.69018767737612
ENSMUSG00000039043	0.0979933719343515	7.26410565444327	4.10027235064833	4.18602544052272e-05	0.000375880967539941	1.68839734275558
ENSMUSG00000001750	0.159787677241744	7.10384230448733	4.09106477441958	4.35523513387516e-05	0.000389472256644082	1.68684882209784
ENSMUSG00000005089	0.205282028813823	7.13015350803524	4.09138910760408	4.34916608124085e-05	0.000389195367980897	1.6813281551921
ENSMUSG00000079177	-0.153519685747322	7.32455605282619	-4.1388206084536	3.54302132218218e-05	0.000329206778921286	1.67920924633936
ENSMUSG00000015980	0.156772133203402	7.46701219714065	4.18040843980769	2.9549479229755e-05	0.000285086059009545	1.67591413978389
ENSMUSG00000104459	0.137526873841609	6.94056925688923	4.08967777584326	4.38127998664701e-05	0.000391000119871729	1.67456977830032
ENSMUSG00000084603	0.123429740343461	7.43808018030815	4.14719132661066	3.4163737983009e-05	0.000320165825106337	1.66411762941206
ENSMUSG00000091952	-0.131101055928278	7.27101243124816	-4.11350986426682	3.95365529983956e-05	0.000358705857141369	1.66241737976576
ENSMUSG00000025027	0.130749018914319	7.33379993917228	4.11214030390073	3.97711619306528e-05	0.000360100746520497	1.66177364002683
ENSMUSG00000045969	-0.17995469378702	6.94391029724911	-4.08586165895043	4.45370323491482e-05	0.000396922278771306	1.6602125665456
ENSMUSG00000018102	0.209917320092377	6.71694900371986	4.10354130233094	4.12746632386634e-05	0.000371187570395146	1.65814182233431
ENSMUSG00000057147	0.104108807982618	7.62842038722583	4.25400410900899	2.13460012940862e-05	0.000217649415064001	1.65566153116582
ENSMUSG00000086191	-0.116818678831097	7.31645036887661	-4.13098015060619	3.66568057516302e-05	0.000337490085021338	1.64779059695887
ENSMUSG00000035495	0.167974868514126	7.1717855921092	4.08371848620783	4.49487348399935e-05	0.000399232589230119	1.64493704824963
ENSMUSG00000084957	-0.162923279580212	7.05282503945594	-4.08196089436203	4.52890593802272e-05	0.00040143829749894	1.64261906242361
ENSMUSG00000021951	-0.222086555562826	6.96817078562335	-4.08377357639328	4.49381069782236e-05	0.000399232589230119	1.63903684788714
ENSMUSG00000031596	0.224323878030993	6.91428792056801	4.08351282039918	4.4988432448428e-05	0.00039931427634903	1.62412722088526
ENSMUSG00000027859	-0.182516907266852	7.03141118111195	-4.07771314079719	4.6121677639721e-05	0.000407714384644988	1.62392264181107
ENSMUSG00000020844	0.15270758944196	6.57523667889157	4.1049082679859	4.10321013984497e-05	0.000369461251998707	1.6237698002005
ENSMUSG00000024899	0.20580104555034	6.8558552533795	4.08412740026872	4.48699049583025e-05	0.000399232589230119	1.61998871246332
ENSMUSG00000046605	0.0863153576610349	7.6317468489587	4.24142801017747	2.25739970237309e-05	0.000227919872229482	1.61075956104025
ENSMUSG00000037221	-0.116963581907618	7.37186429381509	-4.13278562396164	3.63708267932924e-05	0.000335328777730834	1.60978353564102
ENSMUSG00000065422	0.194541615770384	7.24921384462406	4.08002501508574	4.56667343688997e-05	0.000404238597942958	1.60243307666959
ENSMUSG00000021903	0.145334638398203	7.21386280157561	4.0732910031422	4.70038925277487e-05	0.000414952772065601	1.5994869381184
ENSMUSG00000063077	0.173745057124518	7.1108208759449	4.06771685156454	4.81387473590586e-05	0.000423141965811182	1.59230166879428
ENSMUSG00000034854	-0.154026218035025	7.1991675780689	-4.08664647879724	4.43871657170349e-05	0.000395856112784346	1.58722945875866
ENSMUSG00000031168	-0.199069109214316	6.85447942083858	-4.06746762023664	4.81900909734549e-05	0.000423141965811182	1.58009644815502
ENSMUSG00000032607	-0.177460668243073	7.04818562563036	-4.06750829401566	4.81817083104721e-05	0.000423141965811182	1.57958738125125
ENSMUSG00000004328	0.207434742695131	7.45494858714063	4.12101080809891	3.82747506894518e-05	0.000349193753328434	1.57502600625284
ENSMUSG00000038122	-0.197167313650914	7.06341892663789	-4.06787555079881	4.81060811061175e-05	0.000423141965811182	1.57488246060567
ENSMUSG00000024810	0.228585679715897	6.77811942745819	4.07956000466962	4.57578982732503e-05	0.000404771894725266	1.56768163655258
ENSMUSG00000074102	0.176002675690833	6.77611612655695	4.07069024050222	4.7530193529568e-05	0.000419033867804111	1.56239500776703
ENSMUSG00000030243	0.238868998145318	7.05962517167269	4.06075852120342	4.95918931600654e-05	0.000433415931409597	1.56151171155687
ENSMUSG00000036256	0.243684588903237	7.09231648084238	4.06100015013593	4.95407428521584e-05	0.00043338595547827	1.56137933032832
ENSMUSG00000079487	0.131518217179486	7.45306495856915	4.12572283097453	3.75017542463183e-05	0.000344542432696701	1.56027188646775
ENSMUSG00000053644	0.209792276894417	7.09743293984554	4.05995379278589	4.97626070513244e-05	0.000434038675227141	1.55966055105395
ENSMUSG00000028672	0.181495721869119	7.07101764621906	4.05916086196758	4.99313631127138e-05	0.000435220643057023	1.55927949706847
ENSMUSG00000024188	-0.224215271877181	7.03402090540948	-4.0647820265606	4.87466491794753e-05	0.00042745554658921	1.55837837839564
ENSMUSG00000032481	-0.170716169283907	6.91783386261423	-4.06003057797232	4.97462939405419e-05	0.000434038675227141	1.55814748338461
ENSMUSG00000023992	0.236769005573991	7.18628871980288	4.0600485249342	4.97424818167315e-05	0.000434038675227141	1.54874136546343
ENSMUSG00000023345	-0.0820893957920639	7.45004014167248	-4.15851765441212	3.25184160944565e-05	0.000307831600512382	1.54515596147634
ENSMUSG00000024926	-0.161209263279208	7.24098704701063	-4.08979657385629	4.37904344150795e-05	0.000391000119871729	1.54109696542129
ENSMUSG00000020183	0.227209302842877	6.65480845658409	4.08080653108631	4.55139084747948e-05	0.000403158382782147	1.536202541458
ENSMUSG00000025076	0.124766496924562	7.46630346323845	4.12046606133672	3.83650844601245e-05	0.000349774154423364	1.53513661644579
ENSMUSG00000061455	0.127774433944218	7.35726117340775	4.08200312721789	4.52808531981963e-05	0.00040143829749894	1.53382759778282
ENSMUSG00000025464	0.0855568515432799	7.43957771754314	4.12414958771833	3.77581775643116e-05	0.000346169510274487	1.53317882262676
ENSMUSG00000087260	0.198605321566852	7.09296298307513	4.05252023219356	5.13661155113619e-05	0.000444765333515046	1.52804110499859
ENSMUSG00000004508	0.255396096813522	7.10380747995317	4.05265615550856	5.13363605155514e-05	0.000444765333515046	1.52748856707987
ENSMUSG00000073633	0.147425485162342	7.33286488511506	4.07177578174582	4.73098429828394e-05	0.00041737228054672	1.5234277574032
ENSMUSG00000056481	0.230405175115987	7.17411513333848	4.05274641259492	5.13166113498198e-05	0.000444765333515046	1.522913974459
ENSMUSG00000048120	0.16891095154583	6.77624384550294	4.06369898491566	4.89728171735707e-05	0.000429151353705748	1.51708123242553
ENSMUSG00000034525	0.130120622943876	7.49031706078713	4.13889080389441	3.54194097219121e-05	0.000329206778921286	1.51507956794188
ENSMUSG00000003410	-0.142448056513776	7.03262681484498	-4.04876410245184	5.2194868476972e-05	0.000450748824604563	1.51488864068462
ENSMUSG00000024785	0.117948261237925	7.48460533593316	4.13687407699386	3.57310459624692e-05	0.000331062175329544	1.51148186350304
ENSMUSG00000033565	-0.151184586416316	7.02177677936349	-4.04991855970701	5.19388092228163e-05	0.000448833590986872	1.51077440442624
ENSMUSG00000029832	0.16793432338394	7.29409520409396	4.05656606603772	5.04874035348555e-05	0.000439207371909075	1.50734971576928
ENSMUSG00000023972	0.258859471308689	7.27186388169441	4.06156898133964	4.94205246857942e-05	0.000432784955977537	1.49647581636435
ENSMUSG00000026080	-0.241282834542567	6.69210254548392	-4.05082903003805	5.17377067513706e-05	0.000447686752669494	1.49137169712706
ENSMUSG00000034639	0.152023853419762	7.40829013395366	4.09636864381676	4.25698848767203e-05	0.000381729406031522	1.48851709917686
ENSMUSG00000021375	0.192204451229386	6.88632216510696	4.0502934238624	5.18559205691029e-05	0.000448413284075757	1.48773258038699
ENSMUSG00000065663	0.170814138921795	7.40032078678167	4.08390435613488	4.49128868214062e-05	0.000399232589230119	1.48402656484111
ENSMUSG00000037366	0.101910202805708	7.48493529251322	4.12223357594556	3.80727175300357e-05	0.000348565047484774	1.48131215803307
ENSMUSG00000022235	-0.135189909563385	7.36010690159095	-4.11820080806207	3.87429004654365e-05	0.000352260405023896	1.48002749054091
ENSMUSG00000036376	0.213294823611847	7.25442678893055	4.05655684444385	5.04893900644025e-05	0.000439207371909075	1.46019700337757
ENSMUSG00000039202	0.211731025477492	7.23441807458793	4.04280435133091	5.35358895336226e-05	0.000461720596689188	1.45560921429841
ENSMUSG00000024066	0.26851843852327	7.07708007034959	4.03476389854996	5.53969086698445e-05	0.000474955028359924	1.45405806477974
ENSMUSG00000021760	0.154736278053274	7.28052313808889	4.04102010310506	5.39436780591341e-05	0.000464625416546174	1.45300335749016
ENSMUSG00000000149	0.236207850169668	6.84147138975224	4.04371095541691	5.33298070039441e-05	0.000460246429331335	1.44524813437844
ENSMUSG00000032340	0.194753614433274	7.05636636069354	4.02964471517873	5.66135435252088e-05	0.000483801900673651	1.44102497064452
ENSMUSG00000019792	0.104175437125688	7.49899379106027	4.12145285662887	3.82015955384065e-05	0.000348963903748817	1.44046313398317
ENSMUSG00000026547	0.21397386724497	7.06086498049669	4.03003710515808	5.6519398713919e-05	0.000483312846481142	1.43994140697666
ENSMUSG00000003680	-0.156279347338563	7.2420395402936	-4.05326020753806	5.12043249340415e-05	0.000444540465541427	1.4327725079853
ENSMUSG00000051278	0.0951190329056049	7.52001026524943	4.12444587005402	3.77097595354781e-05	0.000345967884960392	1.411747853451
ENSMUSG00000015709	0.175615951105689	7.50926983039496	4.13442479717489	3.6113025318952e-05	0.000333501031897025	1.41044619303401
ENSMUSG00000022228	-0.157996459473664	6.86695139268686	-4.02449827490161	5.78621468147979e-05	0.000493827396414168	1.40961823327982
ENSMUSG00000052146	0.155344108380508	7.15975911063981	4.02426784950484	5.79186571697696e-05	0.000493987661020602	1.40950899130613
ENSMUSG00000032397	0.0709097890787964	7.54648200318779	4.1383636277919	3.55006218440295e-05	0.000329627050483712	1.4088057524522
ENSMUSG00000052557	0.190800592533643	7.49341040162119	4.11106687111327	3.99559667190128e-05	0.000361259334451185	1.40402750026087
ENSMUSG00000065547	0.248299274785925	7.27170406322444	4.03165860085705	5.61319294003825e-05	0.000480627351020149	1.40110180925823
ENSMUSG00000013701	-0.1767583694247	7.16781885838375	-4.03556594465665	5.520855252852e-05	0.000474271896130829	1.39550103842682
ENSMUSG00000048920	0.118750038669502	7.4736624200808	4.11255996251471	3.96991333471137e-05	0.000359931477687266	1.3952252975971
ENSMUSG00000021782	0.166191605517305	7.01263167119329	4.01698914040639	5.9730863059011e-05	0.00050680263069901	1.39183159084929
ENSMUSG00000048899	0.105114162536773	7.4950574823975	4.11021157707578	4.01037994313535e-05	0.000361846273022247	1.38420720198866
ENSMUSG00000033006	0.216176224565113	6.93788377921601	4.0204665550284	5.88584796592486e-05	0.000501350172868499	1.38048419029197
ENSMUSG00000064917	0.167379126737194	7.29994956986527	4.0309455731437	5.63020019876516e-05	0.000481768503282572	1.37960041643641
ENSMUSG00000033809	-0.192018523110984	7.35002062807527	-4.06093107525654	4.95553601704071e-05	0.00043338595547827	1.37759901502351
ENSMUSG00000027199	0.224514199141788	6.72741540541304	4.03491485819887	5.53614101655781e-05	0.000474955028359924	1.37583813542965
ENSMUSG00000025794	0.145404423912847	7.34532298452878	4.04205059966158	5.37078011756168e-05	0.000462898310066607	1.37305979542849
ENSMUSG00000064916	0.093606506902252	7.38943508610241	4.06501047801145	4.86990690838293e-05	0.000427324539172583	1.37230152975258
ENSMUSG00000037003	0.26650587943164	7.2559937498179	4.01918817970572	5.91777748955751e-05	0.0005037421514518	1.37228738393905
ENSMUSG00000025993	0.207191461138165	7.38467815947334	4.03954570409437	5.42828704137364e-05	0.000466932548920261	1.36566955414747
ENSMUSG00000032952	0.11880457054744	7.56614930798213	4.13448866390277	3.61030158720572e-05	0.000333501031897025	1.363591580755
ENSMUSG00000090122	0.195732929138671	7.00767108893002	4.01044140357554	6.14068460753992e-05	0.000518669954076856	1.35942045105048
ENSMUSG00000030983	-0.176089211091785	7.12758205533353	-4.01743369511975	5.9618658168665e-05	0.000506507120534823	1.35927200671776
ENSMUSG00000029178	0.210833952968984	7.03748873538939	4.00964485795468	6.16137449832802e-05	0.000520081978930435	1.35827217419939
ENSMUSG00000036949	0.189850136639945	6.8438172335063	4.01599452736044	5.99826265824003e-05	0.000508279965836107	1.35233455723666
ENSMUSG00000062151	0.176569808239972	6.96459497380553	4.00659150854749	6.24129695658638e-05	0.000525135345473194	1.34250069214701
ENSMUSG00000037892	0.123090229440384	7.26063483058147	4.01615287937947	5.99424762332375e-05	0.000508268716868877	1.34096797310037
ENSMUSG00000010663	0.210378846276448	6.78192926851757	4.01822622906877	5.94191189411696e-05	0.000505360967366454	1.33779452070898
ENSMUSG00000003534	0.22220178495728	6.90684008588938	4.01066913407394	6.13478152235313e-05	0.000518505872760795	1.33558621101975
ENSMUSG00000090330	0.211127298424541	7.16119536773196	4.00523169945831	6.2772054946551e-05	0.000526818472064411	1.33528382252018
ENSMUSG00000043290	0.109851019873158	7.45254043730141	4.0688009860964	4.79160101390027e-05	0.000421867118184145	1.3347351004142
ENSMUSG00000088008	-0.15985160840694	7.28841981143597	-4.05330090753455	5.11954401878114e-05	0.000444540465541427	1.33073104144716
ENSMUSG00000022505	0.241634856373168	6.92546047292636	4.00673253602259	6.23758399107087e-05	0.000525135345473194	1.32940163131404
ENSMUSG00000040624	0.212064278352041	6.89332641507567	4.00938746305697	6.16807430852205e-05	0.000520312041541048	1.32855504024653
ENSMUSG00000044617	0.144112822133164	7.23121662190976	4.0052244668283	6.27739700901681e-05	0.000526818472064411	1.32798389177416
ENSMUSG00000040174	0.0802993841809299	7.56522559623331	4.13406759107605	3.61690566884896e-05	0.000333703516677735	1.31927777565611
ENSMUSG00000074657	0.207693752822153	6.98975927806494	4.00141346427548	6.3790825623559e-05	0.000533641846047051	1.31868809995595
ENSMUSG00000083307	0.130232415766097	7.35643727644735	4.03763398585587	5.47256802158034e-05	0.000470432439517596	1.31637153195972
ENSMUSG00000001983	-0.208909713169157	6.97699244718131	-3.99893997996	6.44591281277392e-05	0.00053785781099322	1.31353710250105
ENSMUSG00000025408	-0.145408406009444	6.54211217763949	-4.01812269979054	5.94451489263932e-05	0.000505360967366454	1.31032569163684
ENSMUSG00000020190	0.181072321866197	6.90663712275882	3.99962926115078	6.42722302967229e-05	0.000536640331023403	1.3103153583363
ENSMUSG00000028917	0.17721037871507	7.1855802232012	3.99992399653171	6.41924698247878e-05	0.000536316410303843	1.30859834185793
ENSMUSG00000052675	0.145594471015292	7.37726005904841	4.04079165258509	5.39961023326188e-05	0.000464771184575046	1.3075202181089
ENSMUSG00000031928	0.189034403171113	6.96506227591194	3.99573402136165	6.53352028517643e-05	0.00054343613452052	1.30138593476784
ENSMUSG00000053012	0.189094011752777	6.97066099556427	3.99573500963634	6.53349310626876e-05	0.00054343613452052	1.29246526017464
ENSMUSG00000024927	0.22766488144918	7.11452784956119	3.99085488861755	6.66901579949421e-05	0.000552875156087184	1.28776036172273
ENSMUSG00000059142	0.0962382831742765	7.51542108087518	4.08995423636758	4.37607688851763e-05	0.000391000119871729	1.28642119163067
ENSMUSG00000020646	0.20393492028352	7.2088914195914	3.994932934811	6.55558650555269e-05	0.000544925324004418	1.28291565956396
ENSMUSG00000027858	0.245152337335547	6.84651137906968	4.00047224917204	6.40443524483871e-05	0.000535420601694945	1.27170376586687
ENSMUSG00000028651	0.170296538495635	7.17476236507842	3.98778848174191	6.7555277279324e-05	0.000558354602361686	1.26870365674177
ENSMUSG00000024082	-0.185835131545405	6.90545269999123	-3.98564231655775	6.81670779059111e-05	0.000561992055380471	1.2654209510573
ENSMUSG00000103857	-0.16939773223021	7.11708075548321	-3.99122973632837	6.65851251958782e-05	0.000552428681282913	1.263763357285
ENSMUSG00000034613	-0.146274385300701	7.02860036688125	-3.98600244760595	6.80640516360222e-05	0.000561550013298829	1.26051291749543
ENSMUSG00000020515	-0.116784957638481	7.09487450110658	-3.98597965558023	6.80705676065721e-05	0.000561550013298829	1.25885753459127
ENSMUSG00000022340	-0.131263036017211	6.85712942628647	-3.9833323922127	6.8831418688903e-05	0.000566399078237032	1.25721856449128
ENSMUSG00000030876	0.222115592264919	7.06869511031919	3.98230122042242	6.91299606907079e-05	0.00056814152251271	1.25437873159701
ENSMUSG00000053111	-0.096765236425802	7.38159854355729	-4.05281388334104	5.13018527710795e-05	0.000444765333515046	1.25402839740994
ENSMUSG00000024725	0.165525448603689	7.30731865097133	3.99204556932398	6.6357068778216e-05	0.000550885697174638	1.23789029396012
ENSMUSG00000074634	-0.121693478984068	7.12088264224924	-3.98207291502637	6.9196224527211e-05	0.000568329342227256	1.23580817479858
ENSMUSG00000001948	0.178444999869729	7.13310621137964	3.97531228296234	7.11859103038943e-05	0.000583938557455253	1.22888287171728
ENSMUSG00000048440	0.0927757851339122	7.34927061582208	4.00330117513763	6.32852108932795e-05	0.00052999638645843	1.22092709192723
ENSMUSG00000028690	-0.114343188948327	7.28853936024085	-4.00319117372707	6.33145698457824e-05	0.00052999638645843	1.21042070093613
ENSMUSG00000006517	0.133806351312946	7.25801604404775	3.9850539852652	6.83357052742476e-05	0.000562775629492798	1.20751166123998
ENSMUSG00000031930	0.0961113071225483	7.49381398784185	4.07470908075237	4.67192578904126e-05	0.000412718302497491	1.20598804041819
ENSMUSG00000000732	0.162408887244619	7.20399385827388	3.97102141515512	7.2476686395101e-05	0.000593040486427914	1.20553499310213
ENSMUSG00000040661	0.159444216945507	7.32092343288282	3.98750228483593	6.76365611663676e-05	0.000558673727943271	1.20486256528475
ENSMUSG00000055884	0.145383534926975	7.36322183661111	4.00371728420293	6.31742695533656e-05	0.000529499063375584	1.19879928841379
ENSMUSG00000060534	0.190130979986164	7.31647783543349	3.9907363705409	6.67233995277842e-05	0.000552875156087184	1.19515407358927
ENSMUSG00000061410	0.18962366257728	7.17472639113695	3.96685324760647	7.3751731121161e-05	0.000601344819714389	1.18159245349883
ENSMUSG00000031979	0.114650047411056	7.41498674652729	4.02119393887012	5.86775327466188e-05	0.000500134283020008	1.1812621692576
ENSMUSG00000024135	-0.197317073322522	6.98466281752207	-3.96297295881116	7.49577613339153e-05	0.00060915394871733	1.17712547817933
ENSMUSG00000024969	-0.170768800092923	7.05649218683168	-3.96680319858202	7.37671692989084e-05	0.000601344819714389	1.17388448780393
ENSMUSG00000018209	-0.170455194918247	6.8057100157646	-3.96509045470152	7.42973303896501e-05	0.000604913339217226	1.17216595270158
ENSMUSG00000045975	0.227852856921437	6.83888033956099	3.97373897131739	7.16566464666811e-05	0.000587431944609761	1.17160678662886
ENSMUSG00000030057	0.171148536257895	7.22924313757881	3.97015885321098	7.27388209224005e-05	0.000594442349260966	1.16872936056027
ENSMUSG00000053985	0.183078557675882	7.07667914763792	3.95779505766016	7.65961790380191e-05	0.000619751190514445	1.16265631596189
ENSMUSG00000038292	-0.109963350620419	7.45467495378847	-4.06938787091872	4.77958417972787e-05	0.000421092302025553	1.1506612079211
ENSMUSG00000030847	0.159365948971598	6.87079494113392	3.96218624165511	7.52045443172824e-05	0.000610459228104142	1.14786889663115
ENSMUSG00000061436	0.175444601369994	7.17856335113387	3.95536131144546	7.73779257148421e-05	0.000625198959425185	1.14709654266158
ENSMUSG00000029346	0.190734259162582	7.26760507386846	3.96917626718545	7.30385238843905e-05	0.000596519248093849	1.1416442656058
ENSMUSG00000003429	0.155131729601465	7.01920338347613	3.9520022419845	7.84692984550482e-05	0.000632196957152917	1.14064206515117
ENSMUSG00000038806	0.283325555867111	7.12132455588089	3.95511102668486	7.74587465112373e-05	0.000625209561852724	1.139740197231
ENSMUSG00000036819	0.192054046461718	7.36362882136906	3.99710593052495	6.49589378598182e-05	0.000541338265092769	1.13324979405418
ENSMUSG00000037251	-0.085931310662624	7.35321884459488	-4.01547201507295	6.01152909876222e-05	0.000509074637522607	1.13237092341536
ENSMUSG00000032403	0.0903113809948968	7.53690287963417	4.0589825162663	4.99693943378186e-05	0.000435262349082316	1.11880783590195
ENSMUSG00000038712	0.149388585178715	7.13103332289526	3.94628385627234	8.03607768889812e-05	0.00064465887930793	1.11856926777461
ENSMUSG00000039765	0.0739264608901333	7.56952674304823	4.08457937392638	4.4782926712653e-05	0.000398842228926566	1.11520226820595
ENSMUSG00000075254	0.232940678673899	7.04127617599917	3.94575866647265	8.05366395428083e-05	0.000645674026267266	1.1087726964248
ENSMUSG00000043259	-0.191593542020796	6.78124399021205	-3.95016319241261	7.9072961998481e-05	0.00063666864605419	1.10452949427966
ENSMUSG00000057835	0.236348164224994	7.20708440348825	3.94769601958342	7.98897053843346e-05	0.000641272852784616	1.1044926306053
ENSMUSG00000002345	-0.139433327492175	7.30888710673509	-3.98837299508396	6.73895545541909e-05	0.000557336732927016	1.10414641291512
ENSMUSG00000026842	0.130695487388434	7.1949611065241	3.94448279410503	8.09653893668093e-05	0.000648714123372257	1.10343050206632
ENSMUSG00000042213	0.0536624917047588	7.63889774101318	4.12012325599143	3.84220346090998e-05	0.000350040498270658	1.08895129648399
ENSMUSG00000027293	0.16420017870839	7.34161098508275	3.96468382004853	7.44237280892311e-05	0.000605565847199635	1.08818036379963
ENSMUSG00000024776	-0.144526064019117	7.3365558705807	-4.01702245523327	5.97224475223255e-05	0.00050680263069901	1.08711086704411
ENSMUSG00000028333	0.215017555861945	6.87584601718592	3.94828699306868	7.96933436122041e-05	0.000641070310377748	1.08442163219419
ENSMUSG00000075569	0.133370414140364	7.51069842964874	4.0321449478758	5.60162044520769e-05	0.000479950359088083	1.08130110657951
ENSMUSG00000006356	-0.120427985076048	7.35984169209155	-4.00557146519455	6.26821499701479e-05	0.000526723175487276	1.08072390841064
ENSMUSG00000053297	0.10848220195118	7.4790977569508	4.0353902827193	5.52497537975213e-05	0.000474314607683376	1.07901140619768
ENSMUSG00000041870	0.197064999835226	6.78029990367991	3.95448146650969	7.76623942918752e-05	0.000626467077060524	1.07878439557279
ENSMUSG00000020821	0.209983765853559	6.86323333834737	3.94784129409515	7.98413929009881e-05	0.000641272852784616	1.07536896403176
ENSMUSG00000067344	-0.110144185275752	7.30020725947499	-3.97244822661162	7.20450361880558e-05	0.000590246316504397	1.07213626374797
ENSMUSG00000002102	-0.182703598026359	7.08658032179533	-3.94225572182981	8.17189604304083e-05	0.000653552003637694	1.06231433939161
ENSMUSG00000025200	0.188102719469598	7.32218544080466	3.95822767269179	7.6458002511577e-05	0.000619423371832652	1.05763627032947
ENSMUSG00000020741	0.178209329632441	7.40387082412714	3.99001057125488	6.69273115277506e-05	0.000554214018040045	1.05575500526635
ENSMUSG00000091864	0.174861542941344	7.14798956011672	3.9305832202351	8.57782352769576e-05	0.000681437291411365	1.0554174262372
ENSMUSG00000038855	0.22522388218942	6.86008289826755	3.93925738080442	8.27439824865864e-05	0.000660643112801076	1.05226584340384
ENSMUSG00000025381	-0.142680078375798	7.2376422352659	-3.94776758847973	7.98659009826725e-05	0.000641272852784616	1.04459374496139
ENSMUSG00000036955	-0.113683808247145	7.28838652852239	-3.96556402934409	7.41503811350319e-05	0.000604092588562438	1.04383018924955
ENSMUSG00000060938	0.170605184628611	7.21570230876778	3.93280868051039	8.49898849048067e-05	0.000676668316302109	1.04215528742179
ENSMUSG00000072941	0.272518232726741	7.10702229657052	3.92726438843343	8.69667530679468e-05	0.000687126572821702	1.03768180584042
ENSMUSG00000074743	0.242655406579463	6.95404150570381	3.9278198829204	8.67667445921862e-05	0.0006863747554084	1.03640644144785
ENSMUSG00000047603	0.17927959098247	7.20149658400162	3.9327151827209	8.50228674241498e-05	0.000676668316302109	1.03152012094062
ENSMUSG00000027270	-0.134763779541908	7.3859413718922	-4.01319503326118	6.06966613338788e-05	0.000513333779188075	1.03056233024839
ENSMUSG00000035399	0.125045452450422	6.9904743426239	3.92329804539376	8.84075680815515e-05	0.000695990307470639	1.02682266715295
ENSMUSG00000037395	0.102097337980847	7.41467967085112	3.97055053949515	7.26196755893592e-05	0.000593839345918733	1.02138452251479
ENSMUSG00000081406	0.126647168286677	7.3082040071041	3.94821399759841	7.97175729678409e-05	0.000641070310377748	1.02014702190277
ENSMUSG00000049928	0.137138412289142	7.42280452102514	3.9823604477219	6.91127802481447e-05	0.00056814152251271	1.0197714584832
ENSMUSG00000024912	0.204204602372581	7.11906227164136	3.92208938756305	8.88510905886783e-05	0.000698641728520707	1.01688003080375
ENSMUSG00000081920	-0.22911730792311	7.07936992320459	-3.92790348350413	8.67366814601801e-05	0.0006863747554084	1.01601220165061
ENSMUSG00000041638	0.183772303072593	7.22093906435014	3.92940340801794	8.61989720168844e-05	0.000683927365753494	1.01450548770346
ENSMUSG00000083844	0.128100354340368	7.38161099929051	3.97968972670152	6.98915242290621e-05	0.000573680147465129	1.01274247317155
ENSMUSG00000047495	0.196274672304233	7.45387639989114	3.99470900173772	6.56176742964374e-05	0.000545093015157968	1.01216830738361
ENSMUSG00000029004	0.151987913520452	7.49986355120824	4.00857445675743	6.18928163804716e-05	0.000521764811367118	1.01138611155338
ENSMUSG00000036023	-0.197335361111797	7.22536080419142	-3.93921951538472	8.27570046588576e-05	0.000660643112801076	1.01119079335118
ENSMUSG00000032352	0.176405602924389	6.68848705779927	3.94196153762707	8.18189974810054e-05	0.000653952573273091	1.0105755637718
ENSMUSG00000025130	0.145005277254252	6.76414226154299	3.93404369743126	8.45553505438679e-05	0.000673766676397029	1.00598680832969
ENSMUSG00000057554	0.148552013844405	7.41831301389275	3.95942138368151	7.6077954932105e-05	0.000616726059424841	1.00480906238079
ENSMUSG00000054723	0.0756126567203719	7.49825588739208	4.00672551835779	6.23776870239581e-05	0.000525135345473194	1.00301679646771
ENSMUSG00000091443	0.178906771505633	7.47464335544411	4.01443045335603	6.03805701595428e-05	0.000510990578234476	0.999817877252421
ENSMUSG00000050545	0.0966964239267112	7.49568603388855	4.00375842922991	6.31633096407944e-05	0.000529499063375584	0.995884974258742
ENSMUSG00000030956	0.217207040870107	7.20424374685217	3.91783463865118	9.04291761742644e-05	0.000706805238491623	0.991845535742776
ENSMUSG00000099267	0.222700926305603	7.21908906982684	3.92306591895387	8.84925852902907e-05	0.000696240941478658	0.991066283146773
ENSMUSG00000036983	-0.198496086630509	7.27967763793976	-3.9440095008138	8.11249850174158e-05	0.000649595292873399	0.989790496339427
ENSMUSG00000044674	-0.158325005846212	6.89299420260681	-3.91348535296906	9.20696736213036e-05	0.000717913142972071	0.989175540397715
ENSMUSG00000024395	0.173521024529607	7.06145592526872	3.91194575764227	9.26570983860173e-05	0.000720776430225632	0.987000410261752
ENSMUSG00000045838	0.145291353319841	7.32778655881427	3.92926515559767	8.62484021432187e-05	0.000683927365753494	0.986696287831607
ENSMUSG00000034109	0.251184555208085	6.95775410507449	3.91915650060909	8.99360840825624e-05	0.000704120715277941	0.984584326270289
ENSMUSG00000042148	-0.12440999984748	7.37920164877087	-3.98947237250611	6.70788982202372e-05	0.000555118164032456	0.978012082758517
ENSMUSG00000028603	0.17819152102586	7.05882792811082	3.90984583759169	9.34640221275548e-05	0.000725759773246706	0.977701749097145
ENSMUSG00000088119	0.171787964603792	7.29240252644029	3.92136531007333	8.9117800354566e-05	0.000699898165712044	0.977619720214753
ENSMUSG00000045636	0.196698771190963	6.83606215129048	3.92182354003459	8.89489262444896e-05	0.000698991201916482	0.971080530412347
ENSMUSG00000023262	0.131543792643666	7.09836437441789	3.90691117666728	9.46028337378429e-05	0.000733732404796114	0.970455997498375
ENSMUSG00000026918	-0.161454667287542	6.89006378020121	-3.90900519168358	9.37889090314368e-05	0.000727850857759081	0.967059493992504
ENSMUSG00000061013	-0.0843959902437446	7.42647770867736	-4.00578532801032	6.26256225478293e-05	0.00052658615953512	0.962506408107607
ENSMUSG00000040725	0.148089107908497	7.30094564278271	3.91904346164765	8.9978151287809e-05	0.000704120715277941	0.957425507394604
ENSMUSG00000045875	0.192988300021514	7.41036093046063	3.96178776853356	7.53298331963302e-05	0.000611039762209638	0.956464794182446
ENSMUSG00000037754	0.195505220654982	6.68584151578319	3.92881457777774	8.64096856357654e-05	0.00068479152805293	0.953962239231073
ENSMUSG00000035649	-0.15700586885311	7.08699080320965	-3.90594123842332	9.49820967553296e-05	0.000736237780178079	0.953687271019994
ENSMUSG00000020099	0.232889948158983	6.91347795782982	3.91087084991038	9.3069320983762e-05	0.000723553177149295	0.949198490322152
ENSMUSG00000085957	-0.161806275015871	7.34336694820748	-3.96347328432401	7.48012144077543e-05	0.000608259316165416	0.946542321629966
ENSMUSG00000022108	0.191920170399674	7.07055099514548	3.90137115607288	9.67884854415973e-05	0.000748909486643849	0.946213187147722
ENSMUSG00000041115	0.194819305023796	7.46994769660943	3.99866369603624	6.45341865697767e-05	0.000538141127752558	0.946173512678211
ENSMUSG00000052336	0.175396272562746	7.35843054310681	3.92756041646296	8.6860112578414e-05	0.000686698426253983	0.945969861142014
ENSMUSG00000024787	0.18288056377436	7.06956668414261	3.90104438654129	9.69188808584127e-05	0.000749475480329793	0.945948498315351
ENSMUSG00000029392	-0.189332084289363	7.00958944060426	-3.9031491562652	9.60818837395294e-05	0.000743881739750395	0.938779118774052
ENSMUSG00000031661	0.209599231447739	7.00637491101718	3.90003324079149	9.73234242868953e-05	0.000752159545905569	0.930124412651749
ENSMUSG00000061374	-0.103414965901294	7.26365222943238	-3.91909974204653	8.99572043355403e-05	0.000704120715277941	0.927628808485111
ENSMUSG00000093170	0.253269733659295	7.2845203481684	3.91276889000816	9.23425973803979e-05	0.000719612669585815	0.927242579067951
ENSMUSG00000037386	0.187772495762169	7.44932317056095	3.96216367113066	7.52116357265491e-05	0.000610459228104142	0.924052907842453
ENSMUSG00000031285	0.116360810413883	7.35278698694286	3.9263244872728	8.73061617039826e-05	0.000688976654025642	0.923943830275881
ENSMUSG00000074211	0.0870795390089345	7.59459513870269	4.05457666006291	5.09176851152138e-05	0.000442638999686838	0.922459318904388
ENSMUSG00000029304	0.185169166758801	7.13864818577647	3.89784585172924	9.82040269618708e-05	0.000758070236429724	0.921333934634608
ENSMUSG00000025558	0.137896946829735	7.3472605790555	3.91977686403522	8.97055478269737e-05	0.000703669881456405	0.919176688301954
ENSMUSG00000062101	0.18386865669958	7.3075297739293	3.91217047055696	9.25711401909632e-05	0.000720776430225632	0.918362676597675
ENSMUSG00000097102	0.215153186696657	7.11304043534932	3.8941797878428	9.96968124744815e-05	0.00076688053402815	0.915393761195067
ENSMUSG00000021497	-0.182467134267608	6.8019406937335	-3.8952952435733	9.92403568558643e-05	0.000764717334877561	0.913555013445402
ENSMUSG00000031292	0.196431635849454	7.45517744172255	3.96862424301299	7.32074114012482e-05	0.00059752582921767	0.908566037062957
ENSMUSG00000004018	0.12379580284152	7.41549733448395	3.95355176009826	7.79640584836294e-05	0.0006285132103865	0.908519459894763
ENSMUSG00000008540	0.194456572096395	7.05522678160873	3.89133460839573	0.000100870082101949	0.000774086233809328	0.906178372376566
ENSMUSG00000022248	-0.122843191560396	7.24199013541648	-3.91982952749715	8.96860030371173e-05	0.000703669881456405	0.904167583385769
ENSMUSG00000032035	0.276681565831151	7.16179259073405	3.89336564695981	0.00010003121778836	0.000769001000167473	0.903255876828419
ENSMUSG00000022433	-0.154332167437817	7.220843721208	-3.91195069800275	9.26552077667017e-05	0.000720776430225632	0.902236799371268
ENSMUSG00000097814	-0.172131113650106	6.99269101404137	-3.89053711658519	0.000101201276552599	0.00077571845001559	0.896759585820891
ENSMUSG00000036218	-0.188489811171128	6.9943232294036	-3.88881185251022	0.000101921286819721	0.000778957085256149	0.893573097972426
ENSMUSG00000030556	0.165083105526825	7.41205970350028	3.93512970272722	8.41749811981512e-05	0.000671144247165771	0.886236429525137
ENSMUSG00000020973	0.210969708463302	7.05461086297162	3.88439121722265	0.000103788301447544	0.000791378242604101	0.880150872215484
ENSMUSG00000034165	0.133142269742486	6.77173148696626	3.89443443618427	9.95924335362217e-05	0.000766528006970144	0.874178570394426
ENSMUSG00000028394	0.142913028794702	7.42555856907194	3.92982690656855	8.60477228914461e-05	0.000683163607092063	0.869525803865154
ENSMUSG00000029468	0.190226935578728	7.04087425636994	3.88177008928083	0.000104910509017235	0.000797149381342799	0.868839559138825
ENSMUSG00000021451	0.195373917341795	6.91669445371011	3.88628507748831	0.000102984528035717	0.000786165271745544	0.865083281078943
ENSMUSG00000021983	0.17257463397607	7.23605494230956	3.89033826242706	0.000101284019494044	0.000775898410307797	0.860389566649018
ENSMUSG00000029705	0.195888248359848	6.96317240150627	3.8828167117907	0.000104461042144363	0.000795757731026838	0.85949572939531
ENSMUSG00000029730	0.124930161602451	7.1247148222463	3.87741751521836	0.000106799356205708	0.000809107999784555	0.858734977288607
ENSMUSG00000006369	0.235660219179478	6.94288687171577	3.88262085817376	0.000104545012020025	0.000795757731026838	0.857198874996447
ENSMUSG00000093085	0.193842113056918	7.08522694475984	3.87661774686452	0.000107149896807109	0.000810870779768018	0.850647018094132
ENSMUSG00000034761	0.127357935973257	6.96110542136671	3.87798234888031	0.000106552440575478	0.000808218164550497	0.849612834644309
ENSMUSG00000041949	0.13057863014602	7.28977281003056	3.89140372750974	0.000100841425515962	0.000774086233809328	0.848485149530368
ENSMUSG00000048732	0.2083720663731	7.21363222899482	3.8846974775166	0.000103657921319608	0.000790844700417426	0.844680616439641
ENSMUSG00000059325	0.161848502630964	7.03108168594166	3.8740462025578	0.000108284385223609	0.000816623946628736	0.844140745885174
ENSMUSG00000034845	0.103332195132131	7.50368895523538	3.98501081477578	6.83480943242857e-05	0.000562775629492798	0.842435504884952
ENSMUSG00000022488	0.186996514985756	7.09955287427705	3.87260251926368	0.000108926254055447	0.000820047451462861	0.838055054528532
ENSMUSG00000020538	0.117344569226665	7.20674036067259	3.87475333742505	0.000107971293541609	0.000816027260144078	0.833302736974669
ENSMUSG00000020235	-0.114609295546711	7.33638079385254	-3.92793014503302	8.67270959294883e-05	0.0006863747554084	0.826772558244035
ENSMUSG00000044795	0.183861259165178	7.01536651584425	3.86962258426665	0.000110262520310981	0.000827727589398721	0.82623960722171
ENSMUSG00000004880	0.179499724486705	6.98887927536141	3.87196440873744	0.000109211103994681	0.000821247428775626	0.82602229970575
ENSMUSG00000030816	-0.21064584940326	6.96064104606983	-3.8712835271357	0.000109515821928921	0.000823066096838942	0.825469111095872
ENSMUSG00000050141	0.195849517428539	7.40924786540158	3.92612052942713	8.73799782372264e-05	0.00068914378016974	0.824273035183438
ENSMUSG00000041895	0.158740916809971	7.21795942345348	3.87239482038077	0.000109018892932881	0.000820273187515675	0.823460764952975
ENSMUSG00000000605	0.110162016381021	7.44412270018449	3.95765650945517	7.66404810145804e-05	0.000619751190514445	0.820876124102699
ENSMUSG00000020604	0.155658946710621	7.13462646437844	3.8675703678212	0.000111191756600483	0.00083374712337544	0.819847391287548
ENSMUSG00000034121	0.07293587511165	7.49027253620159	3.9577187145356	7.66205874097389e-05	0.000619751190514445	0.819034826046892
ENSMUSG00000029462	0.154177022251899	7.34514818369187	3.90562640149267	9.51055119978642e-05	0.000736758203003573	0.818994312829846
ENSMUSG00000024978	0.112347417736516	7.32502075587537	3.89062126863875	0.000101166280221771	0.00077571845001559	0.818202156057448
ENSMUSG00000019891	0.114310198560679	7.52627865722522	3.99666236716278	6.50803662325864e-05	0.000542005187479021	0.815594367860531
ENSMUSG00000046722	0.165879608868101	6.79999758552625	3.87415790863459	0.000108234869217441	0.000816623946628736	0.804254459451808
ENSMUSG00000018672	0.22545165208979	7.18826651799349	3.86894073450596	0.00011057044348396	0.000829563464809174	0.802341530694387
ENSMUSG00000060036	0.1358585559138	7.3373215244316	3.89761040510497	9.82992607182452e-05	0.000758358232954194	0.801793515603366
ENSMUSG00000008683	0.158397821210578	7.07415513186757	3.86361904814396	0.000113001748541112	0.000843935477410289	0.800782576182396
ENSMUSG00000090290	0.12717133412582	7.39220548244519	3.91415151203332	9.18165960745012e-05	0.000716366433735024	0.793599715453178
ENSMUSG00000006931	0.121295561394073	7.35226551532812	3.88886143963064	0.000101900525124883	0.000778957085256149	0.792803718043877
ENSMUSG00000033059	0.23339396233651	6.90781357761827	3.86742679136798	0.000111257043317564	0.00083375913629854	0.791243382966432
ENSMUSG00000032652	-0.212786787212862	6.78512287265344	-3.86559430183928	0.000112093491576607	0.000838364107834975	0.790087971360792
ENSMUSG00000021518	-0.194881131509699	6.85785530416241	-3.86161498586334	0.000113930345418536	0.000849900901549557	0.788101855178712
ENSMUSG00000074129	0.161950874699641	7.32310409501486	3.88646858202348	0.000102906959929455	0.000786031458224285	0.786563625596433
ENSMUSG00000005698	0.179161683845745	7.17366574835129	3.8585736152407	0.00011535335072675	0.000858071629383299	0.780150494456586
ENSMUSG00000026355	0.179438271949921	7.31624722956219	3.8728341051672	0.000108823048571218	0.000819741859547982	0.776439358567983
ENSMUSG00000030042	0.194320226290934	7.29234132696832	3.87639612142073	0.000107247227818523	0.000811138478682904	0.776116430732647
ENSMUSG00000014503	-0.186818962517473	7.26951873681464	-3.89271975191477	0.000100297269900292	0.000770593813107175	0.77170154441752
ENSMUSG00000053164	0.157783842995473	7.34173430947846	3.88978913354061	0.000101512843130812	0.000777196574426073	0.770653384745823
ENSMUSG00000009614	0.189834674043928	7.23884336273753	3.86134759702598	0.000114054784961353	0.0008503446723884	0.769469533839869
ENSMUSG00000024968	0.14126380510655	7.35501808558402	3.88910151408915	0.000101800064493775	0.000778940060989187	0.765291212016175
ENSMUSG00000074671	-0.0998131777245641	7.57173133848171	-4.02849192581018	5.68909886180612e-05	0.000485855722757767	0.759712130817949
ENSMUSG00000042807	0.170731236446459	7.41885154680168	3.91063656249112	9.31593988918398e-05	0.000723823650024906	0.759111844376289
ENSMUSG00000046573	-0.176987728018045	7.15635316227355	-3.86679694054249	0.000111543875100111	0.000835241103604055	0.759029819615843
ENSMUSG00000097899	0.14337009874925	7.46458137501408	3.93662517607341	8.36538436519672e-05	0.000667395564345859	0.758289557102428
ENSMUSG00000011179	0.178534680351556	6.95558264487478	3.8546831850717	0.000117198066061143	0.000870065242869485	0.757958187099294
ENSMUSG00000074925	0.186805364417152	7.34752039274772	3.88099828252016	0.000105243126426677	0.000798749571697426	0.75712834457444
ENSMUSG00000090785	-0.150591288202457	7.15337968402238	-3.86023931640543	0.000114571933938304	0.000853228531922798	0.755669690370974
ENSMUSG00000024668	-0.121346506975978	6.73382616509887	-3.86044966192062	0.00011447361215504	0.00085298151982572	0.752740654120064
ENSMUSG00000039693	-0.118905285606796	7.00869002572964	-3.84966933017783	0.000119616531782604	0.000884257275041137	0.751669606038976
ENSMUSG00000088712	0.0932466084751837	7.53538113096973	3.9721085205245	7.21475855709179e-05	0.000590716816944626	0.749217060299812
ENSMUSG00000050721	0.192044561408723	7.03398457588675	3.84770358693392	0.00012057750388152	0.000890858172018542	0.739331879893676
ENSMUSG00000050621	0.141768735640401	7.23869862969855	3.85461316216877	0.000117231522183148	0.000870065242869485	0.735434400719861
ENSMUSG00000037343	-0.192416675347022	6.93030848095178	-3.84716997853029	0.000120839617138457	0.000892291183066376	0.735347564839872
ENSMUSG00000002043	0.119363915078491	7.34514095069757	3.88198391855183	0.000104818532968001	0.000797149381342799	0.73062833675345
ENSMUSG00000020889	0.179864212035323	7.31743450656113	3.87318453518799	0.000108667056059038	0.000819038052921661	0.726516826138993
ENSMUSG00000030249	0.267596324110885	7.15850801134376	3.84475800297821	0.000122031119497125	0.000900581407247103	0.721419325902481
ENSMUSG00000000420	0.211620493539511	7.17513341661313	3.8433395780274	0.000122736977869114	0.000904770559832454	0.72099940101359
ENSMUSG00000046157	0.134310750646178	7.42574205491791	3.91696035147608	9.07567124118636e-05	0.000708942051847326	0.720665908651958
ENSMUSG00000044636	0.237352468314881	7.22501476116295	3.85218405176749	0.000118397715289598	0.000877228573045508	0.718889673727289
ENSMUSG00000043300	-0.129906034455608	7.42639626595143	-3.94372594342146	8.12207436928503e-05	0.000649964533268213	0.718457521384305
ENSMUSG00000029998	0.163378467771897	7.50921515159618	3.95526294982676	7.74096786761553e-05	0.000625198959425185	0.716839868296482
ENSMUSG00000008393	0.226271137403686	6.72356214133124	3.86504091173899	0.000112347253247535	0.000839526392418227	0.713160501216184
ENSMUSG00000018565	-0.154706029944555	7.23759053178671	-3.87451848740122	0.000108075181073622	0.000816027260144078	0.709028978481656
ENSMUSG00000030045	-0.154011943797832	6.8397728360545	-3.83826774912244	0.000125292522521093	0.000922051548536344	0.69853938413384
ENSMUSG00000034271	-0.18124367915956	6.97871673244034	-3.8369097461143	0.000125985247315743	0.000926628571830175	0.695875472568315
ENSMUSG00000039735	-0.132242532910142	6.75401700964195	-3.84449282868951	0.000122162787976637	0.000901045194473311	0.695855948548012
ENSMUSG00000025608	0.266089555723455	6.93627810819084	3.84094267766637	0.000123938517599329	0.000912600153211705	0.695721339760972
ENSMUSG00000030747	0.100323734284379	7.43169315900348	3.91431925935528	9.17529715945908e-05	0.000716296901679417	0.695198231896914
ENSMUSG00000091735	0.145639678223488	7.14276255843043	3.83380222575803	0.000127584020338788	0.000936420550259345	0.691930907033985
ENSMUSG00000017390	0.107035729344394	7.35756365090632	3.87729003563852	0.000106855158236136	0.000809107999784555	0.690333391352067
ENSMUSG00000030509	0.212886357675505	7.1119814726843	3.83376617802209	0.000127602678098279	0.000936420550259345	0.686111138389681
ENSMUSG00000032902	0.250823749397001	7.07825325296757	3.83252983408018	0.000128244150131581	0.000940074139710334	0.681008018450852
ENSMUSG00000098027	-0.0935745307939637	7.41819446679594	-3.9191434990483	8.994092163935e-05	0.000704120715277941	0.677618121211893
ENSMUSG00000062012	0.0964413879078743	7.47673380376017	3.92653848984274	8.72287731380473e-05	0.00068878112058101	0.674968991811765
ENSMUSG00000031950	0.127151253521061	7.25564440500666	3.84976515586086	0.000119569871634781	0.000884257275041137	0.674233703363541
ENSMUSG00000039952	0.162726659742987	7.17777436376944	3.83215913756289	0.000128437076132948	0.000940961500130135	0.671565552634053
ENSMUSG00000061601	0.182912466548713	7.42545093347646	3.89480420508351	9.94410510187483e-05	0.000765813082316148	0.670755565151596
ENSMUSG00000020256	0.109090382236501	7.17634156211701	3.8279616879174	0.000130640779066415	0.000956571073566835	0.662253083216556
ENSMUSG00000028988	0.116306767820485	7.46060921736531	3.89818242640942	9.80680400908289e-05	0.00075746712735642	0.660758351140769
ENSMUSG00000019370	-0.125839326056959	7.38451423056435	-3.92434718465239	8.80242786235252e-05	0.000693389804897228	0.654735329046606
ENSMUSG00000052738	-0.191289184261539	6.87245487738469	-3.8252319042424	0.000132093016860315	0.000966123897617455	0.65446207182642
ENSMUSG00000064493	0.126997846368362	7.35695467737289	3.85012964896299	0.000119392546754032	0.000883599334145721	0.652261034195738
ENSMUSG00000039221	0.173361591150165	7.02171378069968	3.8216716876817	0.000134009913706853	0.000978284731128153	0.646621218428295
ENSMUSG00000028971	-0.13158599265476	7.25151417312933	-3.86219190941893	0.000113662288358417	0.00084838465176077	0.646609755116856
ENSMUSG00000051391	-0.114119965672813	7.33841529710322	-3.89580211139765	9.90335942411572e-05	0.00076357350754136	0.642401259447646
ENSMUSG00000025602	0.152136535096981	7.50482006129279	3.91852651503177	9.01707688939771e-05	0.000705206515149312	0.636538125176715
ENSMUSG00000038524	0.115539190046078	7.42604439757939	3.88185552726463	0.000104873749776998	0.000797149381342799	0.635367046797328
ENSMUSG00000033400	0.18317356678995	7.28570136247101	3.8349420959605	0.000126995365627657	0.000933009723230802	0.632433299419382
ENSMUSG00000020917	0.17385510776541	7.14791288680166	3.82155688957012	0.000134072157622633	0.000978284731128153	0.631177040932825
ENSMUSG00000081094	0.125342886306061	7.34856730402558	3.85384536705313	0.000117598957128539	0.000872297760185171	0.617921077991905
ENSMUSG00000040747	0.175972661388706	7.06988889174656	3.81366923916229	0.000138414720144211	0.00100617741039867	0.617573620162656
ENSMUSG00000036160	-0.195764112947774	6.86465931492894	-3.81464961279947	0.000137867849687834	0.00100331622463208	0.613119152624855
ENSMUSG00000021986	0.137953981363801	7.15564461319303	3.8135285947003	0.000138493341651518	0.00100619024911302	0.609851112635229
ENSMUSG00000041712	0.186852807208632	7.09028386541322	3.80981646338881	0.000140583731680994	0.00101911529079046	0.599638821438218
ENSMUSG00000029177	0.150926461709322	6.99560447412524	3.80860997549275	0.000141269510082184	0.00102351988156942	0.593541912878325
ENSMUSG00000020122	0.193518925092544	6.91701865415512	3.81330152918463	0.000138620362108868	0.0010065545095559	0.592602246260274
ENSMUSG00000033720	0.232955522774584	7.1765114968629	3.80836430509762	0.000141409536969687	0.00102396773119864	0.586374648069897
ENSMUSG00000043716	0.165873968228488	7.15434223952079	3.80680413773426	0.000142301855647991	0.00102872219444699	0.585146406802965
ENSMUSG00000001555	0.101660689888248	7.4491190741635	3.86551968229003	0.00011212767742278	0.000838364107834975	0.582700844111627
ENSMUSG00000017754	0.181112271003169	6.91534635324656	3.81002601318658	0.000140464941867154	0.00101887582828489	0.576723583281732
ENSMUSG00000005125	0.224720259932728	6.75561602721207	3.82468820030257	0.000132384077169933	0.000967712081691104	0.576407085836126
ENSMUSG00000027164	0.176498577419672	6.85676463234682	3.81374511242324	0.000138372323780226	0.00100617741039867	0.574785815470213
ENSMUSG00000027200	0.207901116680339	6.96067049683888	3.80661778558112	0.000142408791410063	0.00102892709555217	0.571973912323133
ENSMUSG00000028953	-0.198920575392987	7.0096912312258	-3.80746961436979	0.000141920597609441	0.00102653285298498	0.56955732593388
ENSMUSG00000028412	0.216342165675703	6.76982061421396	3.82118078134138	0.000134276275664441	0.000978811247772195	0.569433299980981
ENSMUSG00000020441	-0.173846064271588	7.19480412226222	-3.82440708888364	0.000132534801127677	0.00096827322341716	0.568504178651864
ENSMUSG00000030287	0.208794932177852	6.89541959852723	3.81001201490674	0.000140472874278508	0.00101887582828489	0.562886399032315
ENSMUSG00000004221	0.178726907614174	7.23306353958975	3.80779582756592	0.000141734058563832	0.00102575030111536	0.560618484732469
ENSMUSG00000032410	0.167062622880117	7.41722137281371	3.85153826648636	0.000118709586989786	0.000879041805922105	0.553041703621241
ENSMUSG00000087750	0.164820662050093	7.13018665038728	3.79692999657192	0.000148073439174197	0.00106444582400401	0.547590968620836
ENSMUSG00000045608	0.146954110071656	6.8242062557883	3.80420828402425	0.00014379828753748	0.00103667796279774	0.540828978903682
ENSMUSG00000031647	0.256873453250186	7.09737017392034	3.79487758327475	0.00014930046124192	0.00107162370536141	0.539521627934024
ENSMUSG00000029199	0.133760384742756	7.46444138827314	3.87087594792169	0.000109698611355795	0.000823966850183629	0.53648625206197
ENSMUSG00000025316	-0.132452314656625	6.91316979143458	-3.7914618716067	0.000151363774727592	0.00108287133264133	0.533465728889218
ENSMUSG00000039157	0.198307742664342	7.03826522046444	3.79175528489955	0.00015118548512656	0.00108277919654099	0.532699949379468
ENSMUSG00000020514	0.202776054160391	7.24727597111718	3.80451396388749	0.000143621305351666	0.00103597252323086	0.52986751247646
ENSMUSG00000049511	-0.114856597321032	6.62969036013331	-3.8051258685495	0.000143267641775013	0.00103399116103554	0.52302886105939
ENSMUSG00000024096	-0.17282524919652	6.80611354012339	-3.79290815268418	0.000150486869937584	0.00107836568211431	0.522317313289495
ENSMUSG00000039179	-0.0919475226322524	7.19840446869752	-3.79702552900077	0.00014801655769016	0.00106444582400401	0.502430367524008
ENSMUSG00000001128	-0.146054548187883	7.08872934772747	-3.78650181219445	0.000154407829252272	0.00110344284965652	0.501145664928353
ENSMUSG00000018999	0.144364194740521	7.45090627110836	3.87735269788975	0.000106827725457243	0.000809107999784555	0.495029726640164
ENSMUSG00000006498	0.136630696639064	6.89515502388428	3.78607140934306	0.000154674673363384	0.00110474676687039	0.489274687326814
ENSMUSG00000006717	-0.146344626622185	7.29997409573772	-3.83348963145898	0.000127745899976415	0.000936946399154749	0.488284796635816
ENSMUSG00000097350	0.0943215228675571	7.57845373439829	3.93123272941797	8.55474408209641e-05	0.000680016451261725	0.485776183903565
ENSMUSG00000058587	0.152268620411366	7.04394217946056	3.77788923447177	0.000159830843695166	0.00113538003562513	0.484980598583609
ENSMUSG00000027463	0.193632612071847	6.98715054778044	3.78017610726026	0.000158373662082689	0.00112747579335865	0.483858185452595
ENSMUSG00000034472	0.14443443361115	6.42632117691915	3.8203690764407	0.000134717795274434	0.000981483236356644	0.483425069494484
ENSMUSG00000098098	0.220862539860206	7.2199287307817	3.78334847981131	0.000156372942196776	0.00111565916034888	0.479282467592728
ENSMUSG00000059852	0.126356677728245	7.28652620904391	3.79709879311304	0.000147972949049141	0.00106444582400401	0.473322538752572
ENSMUSG00000040732	0.207522749041068	7.24950498418158	3.78151647952423	0.000157525407544858	0.00112204713578742	0.472664531797541
ENSMUSG00000063047	0.193388345626482	7.11754927835474	3.77562106935204	0.000161288563697086	0.00114387317222223	0.471025677014915
ENSMUSG00000057342	-0.176895932808155	6.9774406732144	-3.77475302004933	0.00016184975138173	0.00114661090102252	0.466672650350879
ENSMUSG00000029632	-0.163531668799401	7.20835489744119	-3.80584277418525	0.000142854334250234	0.00103157691340544	0.461532761784586
ENSMUSG00000048148	0.173611662970821	7.23204028532232	3.77865802694176	0.000159339571352682	0.001133554097713	0.457705867054614
ENSMUSG00000060803	0.135153494536901	7.11473129353567	3.77076722657911	0.000164450212515367	0.00116189000661154	0.457117533131785
ENSMUSG00000032512	-0.231753546165848	7.00307232893532	-3.77681706766606	0.000160518358846106	0.00113964552820674	0.457029210395324
ENSMUSG00000064215	0.17233504209099	6.90795994237015	3.77315438044278	0.000162888072485727	0.0011533426960428	0.455102911187918
ENSMUSG00000056121	0.20740612151819	7.02589020465481	3.77012155540499	0.000164875152252353	0.00116426402011209	0.454703324156822
ENSMUSG00000039716	0.212411124247693	7.4491183539852	3.85231844077181	0.000118332911484165	0.000877228573045508	0.454641629552558
ENSMUSG00000015839	0.149206375494383	6.89082391751801	3.77843292004476	0.000159483271382997	0.001133554097713	0.453882686345675
ENSMUSG00000038212	0.158781922902135	7.20170629149004	3.77253384287039	0.000163292799951034	0.00115558342538321	0.451090103770913
ENSMUSG00000045257	-0.135097084821626	7.20759008326413	-3.78240089578844	0.000156968048808679	0.0011187749403672	0.443977805484313
ENSMUSG00000013997	-0.142501208505216	7.3400599946391	-3.82711391888632	0.000131090170960475	0.000959325052104272	0.441928009610633
ENSMUSG00000020709	0.186864438687305	7.33833802365965	3.78698554139512	0.000154108440840925	0.00110190481020721	0.437097209524939
ENSMUSG00000048779	0.159397192720439	7.32588860940678	3.79311465990776	0.00015036205210656	0.00107806132868515	0.435604167794191
ENSMUSG00000026385	0.157243890652309	6.93461086508642	3.76955212015551	0.000165250775680091	0.00116565902758823	0.434486137202143
ENSMUSG00000091994	0.0725046041492572	7.52432639958383	3.88266199731316	0.000104527368825743	0.000795757731026838	0.433987069366702
ENSMUSG00000025429	0.162862449875209	7.0104755835879	3.7642597057754	0.000168780607260735	0.00118481271327482	0.432865660994467
ENSMUSG00000033543	0.0422497815260101	7.49355691390007	3.86671247574618	0.00011158239308001	0.000835241103604055	0.432398704078321
ENSMUSG00000004633	0.170204685529082	6.77084872866841	3.77842674154567	0.00015948721723093	0.001133554097713	0.419180543850376
ENSMUSG00000019689	0.167109672992995	7.17898436582378	3.76578993897796	0.000167752778133675	0.0011788617130038	0.414120661654312
ENSMUSG00000038260	0.119456270177584	7.38447210293258	3.8159388406443	0.000137151793247072	0.000998660332141641	0.413997029091852
ENSMUSG00000024654	0.250083957362718	6.96776580780675	3.76384516669735	0.000169060063779261	0.00118613845391109	0.409176099643564
ENSMUSG00000019988	0.230572235156226	6.8969450545768	3.76432150144846	0.000168738985698629	0.00118481271327482	0.402420679291023
ENSMUSG00000102162	-0.208158276895315	6.99824231643472	-3.75837858273798	0.000172786257790106	0.00120839620031414	0.401782797859255
ENSMUSG00000032846	0.183068288611957	6.77734480660091	3.77084509776749	0.000164399032354564	0.00116189000661154	0.401415485206567
ENSMUSG00000068267	0.143515203984014	7.28862906998003	3.76983897150579	0.000165061455925242	0.00116495125658936	0.401172123996688
ENSMUSG00000024451	0.245738646926113	7.0978733887654	3.75630863065178	0.000174217262844536	0.00121645461608569	0.399184048109863
ENSMUSG00000089687	0.139296598893475	7.35450780263144	3.80294405359572	0.000144532434398914	0.00104139715528376	0.399116806967803
ENSMUSG00000068284	0.198196299756528	7.46182111636981	3.83520184922931	0.000126861581877484	0.000932550157181373	0.397524539269567
ENSMUSG00000035914	0.0695616026352415	7.59814210620523	3.92506938896848	8.77613437691374e-05	0.000691734805915441	0.393912015528608
ENSMUSG00000026840	0.234595170676636	7.25931472907282	3.76137901951737	0.0001707316071157	0.00119505603849642	0.392890316046786
ENSMUSG00000087128	0.127108729294391	7.31135560409594	3.77540565215858	0.000161427658269849	0.00114423979538109	0.389577592692421
ENSMUSG00000003623	0.108741331372154	6.88409255224574	3.75616203928647	0.000174319026376045	0.00121651636104221	0.386890654115568
ENSMUSG00000052337	-0.228192595665622	6.89472734019245	-3.75363792269055	0.000176080059470449	0.00122536434246901	0.384717696617577
ENSMUSG00000037148	0.189662439775237	7.15837104664418	3.75194034260547	0.000177273829470403	0.00123253795827218	0.376525701512718
ENSMUSG00000028015	0.146131472629056	7.2955137571709	3.76129696129461	0.00017078749221103	0.00119505603849642	0.375371449402555
ENSMUSG00000007908	-0.0786627353940013	7.49111442213882	-3.87450623382556	0.000108080604116241	0.000816027260144078	0.371020091972266
ENSMUSG00000043313	0.175740028862318	7.34741041692632	3.78408128310172	0.000155914180442982	0.00111299261197356	0.367127629484744
ENSMUSG00000031133	0.163033837462317	7.13772439484896	3.74610085663148	0.000181438654477861	0.00125755352315158	0.366123697560285
ENSMUSG00000010505	0.133239544968379	7.30675288921813	3.76234465235675	0.000170075261790903	0.00119262202858409	0.360853590845411
ENSMUSG00000047434	0.198843043030938	7.24339864176887	3.76144165963418	0.000170688958146074	0.00119505603849642	0.358680890644504
ENSMUSG00000006378	0.123105957966156	7.42096044045004	3.82145150279255	0.000134129322668426	0.000978284731128153	0.356195335100428
ENSMUSG00000039682	0.194145865681842	6.86267915964293	3.75418166361447	0.000175699292398438	0.00122419113149566	0.354663285338817
ENSMUSG00000032624	-0.197403561386765	6.90490196480817	-3.74415593709524	0.000182846113016754	0.00126456487671175	0.354557238872029
ENSMUSG00000028159	0.15591662745195	6.93050330028046	3.7467672155143	0.000180958785791486	0.00125549148043569	0.35219336747245
ENSMUSG00000090083	0.142509907845452	7.30728735008688	3.76823792194792	0.000166120752358715	0.0011705343863726	0.352039182782677
ENSMUSG00000030737	0.2668070229305	7.15167096161232	3.74436130190726	0.000182697015534222	0.00126420154723786	0.350993541227888
ENSMUSG00000031805	0.229029268589317	7.0305027770418	3.74225835879991	0.000184229202755038	0.00127278560552452	0.350328657203385
ENSMUSG00000045691	0.0773807484714881	7.63136426665531	3.93182540100978	8.53373550925272e-05	0.000678758598342264	0.349526509835485
ENSMUSG00000092988	0.185672127679017	7.36315605275753	3.77620786921591	0.000160910239822825	0.00114180859607611	0.346601735184985
ENSMUSG00000045294	0.157766866666622	7.51967138755318	3.85646819796486	0.000116348242760339	0.000864489894562066	0.345002518920325
ENSMUSG00000039137	0.139358332642505	6.9655258782575	3.74175259272446	0.000184599498019608	0.00127467121733793	0.344134894174549
ENSMUSG00000033075	0.168008301291183	7.04586577836525	3.73654797001794	0.000188450922458882	0.00129716060821855	0.331852317842032
ENSMUSG00000040034	0.174144816519518	7.23727647746957	3.74592859504211	0.00018156290069246	0.00125768333114586	0.331116458248483
ENSMUSG00000039050	0.235168502864338	7.30265656051325	3.75488438694438	0.00017520834151108	0.0012214204510453	0.325600139769997
ENSMUSG00000009293	-0.107812348908556	7.15980872621256	-3.75121720879905	0.000177784659206383	0.00123543352352971	0.323066340725538
ENSMUSG00000001134	0.107143667793713	7.28519670235145	3.75395535156832	0.000175857678413519	0.00122464293924989	0.322626899383755
ENSMUSG00000030826	-0.196067727973989	7.0428360558309	-3.7368632492525	0.000188215482347432	0.00129622151230541	0.321821820604597
ENSMUSG00000006850	-0.166548745731557	7.11557288770153	-3.74256999400096	0.000184001387780202	0.00127188287688406	0.319464310328489
ENSMUSG00000015474	0.230578627560276	7.13891437114146	3.73531882458989	0.00018937145424205	0.00130150739793971	0.318597016148576
ENSMUSG00000068134	0.225111556606556	7.21346362950811	3.7376740321962	0.000187611285864758	0.00129274050239022	0.31742546874104
ENSMUSG00000021360	0.105483026463604	6.51352035350008	3.76844232372329	0.000165985159433781	0.00117020878153315	0.31702763709856
ENSMUSG00000085565	-0.164397736041175	6.89697870345798	-3.73304825552791	0.000191083056696554	0.0013104554103045	0.316001211355764
ENSMUSG00000032965	-0.203837442208216	6.98922903227828	-3.73398580415775	0.000190374557656825	0.00130765147368476	0.31186590935506
ENSMUSG00000100851	-0.0997251055406085	7.35635091148041	-3.7967901989158	0.000148156713964518	0.00106444582400401	0.311809139052794
ENSMUSG00000022956	-0.154802608738957	7.18788186414619	-3.7535403570377	0.000176148464140443	0.00122536434246901	0.310098137995134
ENSMUSG00000052137	-0.145679058774447	7.22018476411288	-3.74608774848146	0.000181448106113149	0.00125755352315158	0.306625467268144
ENSMUSG00000022160	-0.186134244346905	7.0832814605367	-3.73312267710697	0.000191026726376671	0.0013104554103045	0.301705198758881
ENSMUSG00000038132	-0.154266016862951	7.22926574569314	-3.7581648926811	0.000172933473134568	0.00120878004819955	0.300695473015458
ENSMUSG00000053931	0.151752928571009	6.83478541893434	3.7405704446919	0.000185467735949669	0.00127931696472764	0.300256283534162
ENSMUSG00000031323	0.148803597904141	7.39649445521202	3.79668548088563	0.000148219121383999	0.00106444582400401	0.29434992185941
ENSMUSG00000023919	0.220567363809417	7.04776725922443	3.72565652775745	0.000196756374471928	0.00134513548542375	0.291059644589079
ENSMUSG00000027170	0.109303876909121	7.34614094353862	3.76761459066706	0.00016653489222225	0.00117219075751274	0.28678934958871
ENSMUSG00000023072	-0.169728670965032	7.22649694100703	-3.74852598859158	0.000179697957118581	0.00124806666026337	0.28522252311088
ENSMUSG00000062753	-0.156987026671311	7.29202015057492	-3.78238100165342	0.000156980565647307	0.0011187749403672	0.28353960024801
ENSMUSG00000005893	0.191625306012872	7.36534223358122	3.76669898729869	0.000167144979004832	0.00117522130243354	0.280114157719491
ENSMUSG00000010175	0.173273801225694	6.89296724634188	3.72983486188379	0.000193530248711108	0.00132422142052969	0.275330593092908
ENSMUSG00000025487	-0.140207861975924	7.26015437892219	-3.76151790793207	0.000170637057475904	0.00119505603849642	0.264737829168753
ENSMUSG00000072082	0.179809297390946	7.05261121650267	3.71655773561063	0.000203957324917138	0.00138928683549176	0.261305794392753
ENSMUSG00000025995	-0.14341285287608	7.30860305917813	-3.77131425428444	0.000164091000389734	0.00116060474181653	0.260318413750541
ENSMUSG00000028701	0.181620001979154	7.30114229485201	3.74085967418569	0.000185254954970379	0.00127852286266326	0.259879775887849
ENSMUSG00000096606	0.140027407354419	7.07237129074023	3.71559478576557	0.000204733744734055	0.00139312587632965	0.259834259814776
ENSMUSG00000028992	-0.15495968554089	7.19489274613664	-3.73829672146359	0.00018714849560596	0.00129023070272419	0.259181460175286
ENSMUSG00000036864	-0.143056408063637	6.96530395252145	-3.71498680514045	0.000205225384635429	0.00139574583669976	0.25313195803852
ENSMUSG00000026156	0.18957145619603	7.29220314854536	3.73204870751406	0.000191841137884655	0.00131427743442486	0.248721098015525
ENSMUSG00000011267	0.16995078059559	7.45465870810968	3.79837488871979	0.000147215323007032	0.00106014466931137	0.242174572676083
ENSMUSG00000074793	0.260823438401098	7.25093133240133	3.72408623140215	0.000197981828337318	0.00135210125017849	0.240744739354621
ENSMUSG00000021061	0.167512010693395	7.31287135599996	3.73530656171795	0.000189380659416067	0.00130150739793971	0.232133625109281
ENSMUSG00000035828	0.212090948066391	6.80964337918901	3.72316237672894	0.000198706149169556	0.00135563361382378	0.231511328642794
ENSMUSG00000032554	0.197495682653409	7.0591020657131	3.70920762213892	0.000209954394677465	0.00142373439813685	0.230856111377835
ENSMUSG00000020932	0.170928263205406	7.04077082734427	3.7085200211643	0.00021052381252162	0.00142659304013098	0.230192043214057
ENSMUSG00000028437	-0.127137213319754	6.88805705535232	-3.71001116320658	0.000209290797639265	0.00142118004289069	0.229650046506573
ENSMUSG00000023067	-0.141725732401276	6.9186954852299	-3.70786474097188	0.000211067814577735	0.00142953948704175	0.227954336542671
ENSMUSG00000056492	0.239702818057459	7.16487664061417	3.70916069344498	0.000209993211335339	0.00142373439813685	0.225557111241013
ENSMUSG00000033871	0.188894064558865	7.45013440678026	3.793397055485	0.000150191523373625	0.00107742872548356	0.217149237071821
ENSMUSG00000068115	0.0657264342411494	7.55345118978458	3.85685187703651	0.000116166338344296	0.000863628450655036	0.214478785636532
ENSMUSG00000004394	-0.117571156137039	6.94569826526477	-3.70280521529299	0.000215312821423406	0.00145302858663672	0.21116898574176
ENSMUSG00000041556	0.151334620848228	7.12867269063956	3.70281801611403	0.000215301980895564	0.00145302858663672	0.208542301459299
ENSMUSG00000024240	0.110622487725089	7.49661168062787	3.79149123799879	0.000151345921626262	0.00108287133264133	0.203355292612541
ENSMUSG00000022449	0.141125263884423	7.07897514686552	3.69944547271352	0.000218175852413602	0.00146780999989665	0.201587585136099
ENSMUSG00000032290	-0.15563508068034	6.91215026544385	-3.69993410202931	0.000217757252849152	0.00146584306040409	0.19800940261113
ENSMUSG00000025037	0.114068548908524	7.4343548818738	3.75791834460475	0.000173103471631999	0.00120932265240456	0.196669495381497
ENSMUSG00000026723	0.1854829604722	7.38385947748616	3.7322850118698	0.00019166166423034	0.00131373534455687	0.195518001136046
ENSMUSG00000079184	-0.202852848632911	6.95676335756812	-3.70020958943574	0.000217521580587247	0.00146566779878962	0.194705066234843
ENSMUSG00000025782	-0.225314667295696	7.02955142562948	-3.70185073152365	0.000216122583194959	0.00145774181308006	0.190784771832099
ENSMUSG00000036721	-0.224983581352445	6.9702859062546	-3.69898271645352	0.000218572983667782	0.0014697265034302	0.187886000082776
ENSMUSG00000069833	0.219524173577105	7.03927627918551	3.69679911049959	0.000220456101826437	0.00148162796976987	0.183339336058435
ENSMUSG00000074001	0.111874019640536	7.56773492904445	3.85868825950077	0.000115299407893546	0.000858071629383299	0.180944955524138
ENSMUSG00000034210	0.203557201716564	6.84994329326299	3.70626186896881	0.000212404061389034	0.00143710282775464	0.176328111838566
ENSMUSG00000026458	0.132853689663477	7.39783519116266	3.74503232989219	0.000182210637348255	0.00126150273091663	0.172449849257079
ENSMUSG00000088151	-0.129476047361647	7.25593034754989	-3.72100003546322	0.000200411216502058	0.00136655398252341	0.168937941159561
ENSMUSG00000024136	-0.147067135795075	7.01570518766119	-3.69211117858803	0.000224550509364206	0.00150451139641565	0.168748643431339
ENSMUSG00000045503	0.157947828897253	7.14229265862071	3.69050393704621	0.000225970622837669	0.00151325186403619	0.162288449304713
ENSMUSG00000085586	0.0973838701722043	7.63530536330221	3.88152710874653	0.000105015116596653	0.000797481384271103	0.160813727451365
ENSMUSG00000038697	0.122170570412862	7.41709202015926	3.74781609974553	0.000180205864348573	0.00125093063417366	0.160465633621349
ENSMUSG00000049739	0.144132099615169	7.11384210420315	3.68719223568187	0.00022892337821914	0.00153067664333247	0.156908691648569
ENSMUSG00000050556	0.167429149034616	7.34506316442359	3.72501572094301	0.00019725559436159	0.00134784459362314	0.148984732964097
ENSMUSG00000031986	0.141243302108383	7.21338775501688	3.6900749643376	0.000226351074254079	0.00151502467491534	0.146787928650633
ENSMUSG00000027998	-0.127156357900884	7.0513982395927	-3.68582014781504	0.000230157330151784	0.00153814178986583	0.14174736394582
ENSMUSG00000022864	0.174497823905299	7.01780104435424	3.68415930464049	0.000231659320078281	0.00154580596541366	0.137382345861435
ENSMUSG00000005374	0.217166712358491	7.05602966623069	3.6829997675079	0.00023271340109995	0.00155121102561231	0.136825343387001
ENSMUSG00000073096	0.123586597339298	7.45927615746048	3.76691216990916	0.000167002743170931	0.00117485218355391	0.129183808546232
ENSMUSG00000032518	0.164674513279678	7.20123467493032	3.68494552143484	0.00023094715864023	0.00154184609939719	0.127412309821884
ENSMUSG00000104399	-0.172913274598246	7.05503355438419	-3.68212106713788	0.000233515183324283	0.00155423527202924	0.123649918870615
ENSMUSG00000086753	0.115956778276153	7.32365513349946	3.699917432407	0.00021777152096593	0.00146584306040409	0.121552177179969
ENSMUSG00000043153	0.127981228298271	7.40116912020393	3.72974895586285	0.00019359607385379	0.00132422142052969	0.120327225976204
ENSMUSG00000065204	0.183949452949223	7.32837490213261	3.70645034922904	0.000212246522074639	0.00143677945553318	0.117436645520685
ENSMUSG00000041594	-0.200420792255071	6.9884461982416	-3.67795504810795	0.000237351938761863	0.00157496785720745	0.114777354955578
ENSMUSG00000003038	0.135863140582867	7.13992983575525	3.67434863866448	0.000240721012991562	0.00159466128218443	0.109485539277211
ENSMUSG00000060029	0.159121697364196	7.01905275177223	3.67425720659357	0.000240807008469189	0.00159466128218443	0.108308697596402
ENSMUSG00000032754	0.159563281898801	7.09342216716371	3.67318024904713	0.000241822101704465	0.00159814990182476	0.106158448060287
ENSMUSG00000021754	0.269444031995357	6.88197528246063	3.68548766066402	0.000230457282353692	0.00153936058192578	0.104946401959819
ENSMUSG00000022637	0.164138086314981	7.14752855588589	3.67342169592496	0.000241594175809371	0.00159814990182476	0.103553336659308
ENSMUSG00000032232	0.228359257766399	7.1409810841339	3.67409820280849	0.000240956626481756	0.00159484537608653	0.102581476417693
ENSMUSG00000032309	-0.137396050395471	7.26712231068352	-3.70456693259192	0.000213825700179393	0.00144522770611699	0.102055131864883
ENSMUSG00000021411	0.167763682545184	7.00811817819196	3.67257330036234	0.000242395952873714	0.00160032668432812	0.0996586535967028
ENSMUSG00000065694	0.135674602614203	7.44191617462299	3.75542183952231	0.000174833726656643	0.00121945825753264	0.088555265246069
ENSMUSG00000024782	0.181298646163823	6.67239555015122	3.6952951845427	0.000221761919967369	0.00148963933104812	0.0872849166667047
ENSMUSG00000039262	0.182113345602206	7.39439620506371	3.73071213631359	0.000192859244055352	0.00132056130919072	0.0856263534960142
ENSMUSG00000071652	0.102662914642186	7.40408062762909	3.73314415160403	0.000191010475051414	0.0013104554103045	0.0841547175604074
ENSMUSG00000031540	0.154903498476258	7.15005117146425	3.66786499923869	0.000246891106337928	0.00162263974105229	0.0819960390833332
ENSMUSG00000052914	0.163253618002583	7.23062127023409	3.66910258171671	0.000245702032016139	0.00161726043396445	0.0758496833792712
ENSMUSG00000056201	-0.164094494048267	7.11652624531596	-3.67797081443056	0.000237337307647469	0.00157496785720745	0.0758333535563018
ENSMUSG00000024069	-0.157684625742422	7.1495986111844	-3.67462355830784	0.000240462613771525	0.00159399318455535	0.0715403389509692
ENSMUSG00000072946	0.133978657555912	7.30653272724417	3.68271843688871	0.000232969823425752	0.00155139416494911	0.0711276114352106
ENSMUSG00000026879	0.208374357407518	6.90630945952121	3.6724116103915	0.000242549041143917	0.00160053026545169	0.0679865208176107
ENSMUSG00000028385	0.201514803643093	6.88480211431906	3.67318311265319	0.000241819397277815	0.00159814990182476	0.0671716985566313
ENSMUSG00000021774	-0.216674648083128	7.06471154935437	-3.67260921762613	0.000242361958672577	0.00160032668432812	0.0653555783482682
ENSMUSG00000020783	-0.198127640439262	7.04125025096303	-3.6607002656942	0.000253881802701228	0.00165859309429365	0.0515337784064922
ENSMUSG00000027944	-0.15644455739969	6.87768625986213	-3.6597444010839	0.000254828364274016	0.00166311712117419	0.0510262157399373
ENSMUSG00000035403	0.125953563265904	7.41019602453285	3.72329638217405	0.000198600931979426	0.00135562221140493	0.0491569332682307
ENSMUSG00000021182	0.0908950842206044	7.00924825582061	3.65640030538288	0.000258166027002165	0.0016765424729724	0.0473146438164429
ENSMUSG00000004788	-0.148478220992383	7.07807325021172	-3.66338086371216	0.000251244857723455	0.00164629513379153	0.0472930073776343
ENSMUSG00000047648	0.170912720045997	7.264049791835	3.66567539607443	0.000249008123130059	0.0016357322368383	0.0446480994369569
ENSMUSG00000039253	-0.171544180924902	7.05476842214063	-3.66043412123508	0.000254145025036363	0.0016594846223322	0.0424307908341524
ENSMUSG00000003235	0.149195104299767	7.30499157187013	3.67919629580349	0.00023620264990441	0.00157132372588848	0.0361664765854295
ENSMUSG00000026797	-0.0859049846233448	7.57398896922319	-3.84310834490745	0.000122852411987864	0.000905111861420999	0.0348513092424563
ENSMUSG00000054770	0.137396679204768	7.22746818532485	3.65899182466048	0.000255575944309568	0.00166550535734239	0.0307693053457792
ENSMUSG00000058558	0.21536940752187	7.10476695262177	3.65315155687494	0.000261447755000113	0.00169114328481298	0.0305475081219146
ENSMUSG00000031765	0.103524705145304	7.04472657111409	3.64911119476375	0.000265583722046192	0.00171113291782911	0.0231520322103291
ENSMUSG00000072844	-0.147772892515969	6.98184422812252	-3.65074789400674	0.000263900955893854	0.00170448510831887	0.0223919898036593
ENSMUSG00000019579	-0.156708224086308	7.10198387624255	-3.66167211991229	0.000252922789267278	0.00165480517595562	0.0219818771913545
ENSMUSG00000060739	0.157603197603002	7.11440171290748	3.64933491685158	0.000265353110818781	0.00171113291782911	0.0195538888340874
ENSMUSG00000028367	-0.140504923765077	7.10400110997145	-3.6545634003713	0.00026001680153534	0.00168396532455736	0.0148249430980547
ENSMUSG00000039031	0.147855819891122	6.78331259132019	3.66454938406087	0.000250103426877539	0.00164045794823684	0.0145720001380329
ENSMUSG00000046836	0.173088158853023	7.27043911879416	3.6611286251868	0.000253458683344762	0.00165748305811669	0.0112077972834506
ENSMUSG00000046982	0.128701177005102	6.85345689093502	3.6577341578996	0.000256829854633315	0.0016711811415802	0.0107802213597905
ENSMUSG00000021702	0.203224458533843	7.03173236082662	3.64913575242965	0.000265558398989516	0.00171113291782911	0.0104814425275377
ENSMUSG00000029233	0.0878557128253838	7.51683334439934	3.76772128173233	0.000166463938078364	0.00117219075751274	0.0100473211999601
ENSMUSG00000027221	-0.150740343045552	7.14762035019449	-3.67188142404669	0.000243051658993129	0.00160223178224474	0.00959016856059147
ENSMUSG00000085274	-0.156234832642578	7.18185575855936	-3.6698169335931	0.000245018127932491	0.00161357008596185	0.00876002811365773
ENSMUSG00000025591	0.177449181786421	7.10778235974248	3.64618073564007	0.000268621824869177	0.00172476553761023	0.00816859316879004
ENSMUSG00000016559	0.207701968648465	7.12774173791924	3.64672696444428	0.000268053072079462	0.00172195820395697	0.0070876655863108
ENSMUSG00000087385	-0.12295421738308	7.27207961911798	-3.69389428193327	0.000222984816453467	0.00149555185297582	0.00543019127009092
ENSMUSG00000032324	0.103795413834138	7.22901033250722	3.66081683227568	0.000253766596509515	0.00165859309429365	0.00488668159516337
ENSMUSG00000032050	0.183248782083784	6.89940704186793	3.65566194972236	0.000258908467539825	0.00167969755056065	0.00410506464697846
ENSMUSG00000006392	0.164890368532762	7.19676931467892	3.64879668364469	0.000265908235822289	0.00171153914620718	-2.14751103531086e-05
ENSMUSG00000050471	-0.216322107803518	7.10711558453908	-3.65814046203633	0.000256424134468405	0.00166937084458496	-0.00460335790265898
ENSMUSG00000022044	-0.140458961142055	7.20044317673224	-3.65851373110393	0.000256051931804815	0.00166777706029286	-0.00624176527831022
ENSMUSG00000070509	0.146480111103508	7.28719782992766	3.65023104148888	0.000264431272638233	0.00170706815649889	-0.0114578570202193
ENSMUSG00000043999	-0.181965367120745	7.12488051668295	-3.65665582546404	0.000257909558712514	0.00167570816013113	-0.0138070189798176
ENSMUSG00000022075	-0.159903846128416	6.8300729682515	-3.6430706217165	0.000271881807644497	0.00174142692058794	-0.0143091643617304
ENSMUSG00000057541	0.154532969098072	7.33636858693521	3.66267161550012	0.000251940045010938	0.00165002454691506	-0.0153051493530549
ENSMUSG00000067818	0.200275687891249	7.08917172268108	3.63953141819635	0.000275636665432854	0.00175859416366809	-0.0170737904130345
ENSMUSG00000068154	0.180558315489519	6.89282903779172	3.64944040179031	0.000265244442803306	0.00171113291782911	-0.0195917360794464
ENSMUSG00000001280	0.216733275388515	6.87395776323226	3.6508362012676	0.00026381044801142	0.00170448510831887	-0.0201948382229755
ENSMUSG00000032469	0.188231991837231	7.11009228523723	3.63787605727983	0.000277409528758238	0.00176732143576781	-0.0214251491379915
ENSMUSG00000027378	-0.0985699871891104	7.31984344243909	-3.68770082425656	0.000228467571963857	0.00152840953099173	-0.0248713737885451
ENSMUSG00000044231	-0.127368058079737	7.23550023012699	-3.67189218032827	0.000243041452308173	0.00160223178224474	-0.025448747647383
ENSMUSG00000037287	0.174970853339663	7.25459699248688	3.64321853335375	0.000271725932137816	0.00174128042268639	-0.0313549981772319
ENSMUSG00000015829	0.166141127780297	7.38685565761307	3.68403022665935	0.000231776436763445	0.00154580596541366	-0.0370044564387051
ENSMUSG00000049881	-0.148911859711152	7.3433373096535	-3.70574324653336	0.000212838113814397	0.00143929575726141	-0.0371495373431552
ENSMUSG00000000142	0.135942490943239	7.11518093468147	3.6320632259338	0.000283720001697606	0.00180164481523833	-0.0404612716129353
ENSMUSG00000037031	0.174089108500824	7.00447337910373	3.63431027907808	0.000281264790536182	0.0017875333192717	-0.0417035967889703
ENSMUSG00000034430	0.180122787196868	7.24566879231517	3.64747225385674	0.00026727887150318	0.00171867140752438	-0.0444558955775705
ENSMUSG00000031639	0.157638205152577	7.20558133684061	3.63443401129325	0.000281130176416421	0.0017875333192717	-0.045948066269391
ENSMUSG00000068748	0.179597658315155	6.72207475511921	3.65437292102552	0.000260209429543198	0.00168396532455736	-0.0502961388461776
ENSMUSG00000025724	0.139048853420086	7.03033482365636	3.62878503826538	0.000287337916694275	0.00181730821515046	-0.0505568882867404
ENSMUSG00000035783	0.236426638670968	7.09610038325569	3.63072544500206	0.000285191233344609	0.00180897462545912	-0.0508835951801236
ENSMUSG00000018196	-0.114040801290519	7.15654608294752	-3.63976857353311	0.000275383547656472	0.00175783588781986	-0.0520411402024088
ENSMUSG00000021136	0.207433278194659	7.11070157594991	3.62918937743383	0.000286889348829975	0.00181629589513335	-0.0538585566856025
ENSMUSG00000060181	-0.156535133094565	7.02928668724804	-3.62840289190117	0.000287762468256317	0.00181823659961955	-0.0592009844227164
ENSMUSG00000006215	-0.169444707193405	7.15557195388144	-3.6406983170575	0.000274393325112885	0.0017532247010141	-0.0647826159595315
ENSMUSG00000022940	0.0834735463764096	7.48603933395949	3.71827362992785	0.000202580664214316	0.00138062782711808	-0.0660110760483867
ENSMUSG00000029761	0.197504449072203	7.00508651046752	3.62740861707143	0.000288869829670745	0.00182259460725272	-0.0676902193635307
ENSMUSG00000021772	-0.161173503995273	7.18808399238597	-3.65098879032019	0.000263654125033266	0.00170448510831887	-0.0752130088170517
ENSMUSG00000055652	0.105058058760052	7.4272202475918	3.70170101953532	0.000216249854561806	0.00145784917400781	-0.0759031064944811
ENSMUSG00000044452	0.161551815052522	7.47549166289969	3.71582854342073	0.000204545012707549	0.00139256542192784	-0.0810857704638579
ENSMUSG00000040234	0.157921968565383	6.87982662527156	3.63025657192779	0.000285708568889743	0.00181050173470693	-0.0816920886860792
ENSMUSG00000087431	0.118978163129846	7.49497899994918	3.73553658457649	0.000189208061875794	0.00130150739793971	-0.0843443344913757
ENSMUSG00000096014	0.152926970043979	6.71436561537163	3.64499756838019	0.000269857662701766	0.00173015500494198	-0.0858167509192134
ENSMUSG00000040029	-0.162262841948421	6.75547949903011	-3.62847726022308	0.000287679801550196	0.00181823659961955	-0.0859849874192173
ENSMUSG00000026142	0.107629119855203	7.30413133640734	3.63796881136827	0.000277309908693318	0.00176732143576781	-0.0862782676531495
ENSMUSG00000027253	0.181213763226352	6.92423714837921	3.62400280251592	0.00029269335464569	0.00184516971549402	-0.0924468819324424
ENSMUSG00000091898	-0.131453564122334	7.3301043237165	-3.6927832282436	0.000223959193283665	0.00150131784867882	-0.108031791123857
ENSMUSG00000038900	0.132580042935153	7.30119818219985	3.63845306164161	0.000276790356884187	0.00176509466747578	-0.111632909452119
ENSMUSG00000045573	0.150644708154554	6.59205157787363	3.64532038395443	0.000269519948705824	0.00172883643726441	-0.114662965138347
ENSMUSG00000047021	0.11660836885843	7.26940505372774	3.62397061024249	0.000292729720369773	0.00184516971549402	-0.116924817467306
ENSMUSG00000070720	0.153454586261943	7.09846153225538	3.61021088788463	0.000308666875014996	0.00192873150855921	-0.117244579117893
ENSMUSG00000063626	0.143026546719507	7.3609410379035	3.65940345003545	0.000255166797235212	0.00166403824244951	-0.120977668382834
ENSMUSG00000074733	-0.0935057039904343	7.10649493445537	-3.61327328510218	0.000305051103139458	0.00191087513985731	-0.121151820144298
ENSMUSG00000021959	0.173941907562826	6.76813621553615	3.62915309211019	0.000286929576409798	0.00181629589513335	-0.121316355160027
ENSMUSG00000034354	0.173320389802961	7.35698472596382	3.66418868850394	0.000250455240401433	0.00164194291804485	-0.12151456806993
ENSMUSG00000023904	-0.155513624337961	7.16227335795699	-3.62803468536279	0.000288172089154001	0.00181994645017085	-0.1234276272648
ENSMUSG00000031728	-0.130644972873314	7.28499833699686	-3.65441502385424	0.000260166840263901	0.00168396532455736	-0.123737369105061
ENSMUSG00000079057	0.182926597429669	7.30508425499707	3.6228867014518	0.000293956622423881	0.00185023081767954	-0.129199181306125
ENSMUSG00000025555	0.152964707623105	7.31588445803858	3.63521029777106	0.000280286994633889	0.00178391703147636	-0.133006881869337
ENSMUSG00000027166	-0.148392340460706	6.78412944530235	-3.61487781005802	0.000303172516911848	0.00190164385018838	-0.133558658840038
ENSMUSG00000056854	0.146164813005445	6.71293089979183	3.6303953993203	0.000285555300794373	0.00181040677869246	-0.136995289609249
ENSMUSG00000018841	0.141664145348298	7.49261534856125	3.71182418897316	0.000207800758358017	0.00141179425450086	-0.137719214377925
ENSMUSG00000055240	0.14253844324281	7.01782684212214	3.60521459473104	0.000314652283157735	0.00196069856787295	-0.13969137484203
ENSMUSG00000041079	-0.0898237190281987	7.3260635598451	-3.65478500350386	0.000259792866961053	0.00168376644270005	-0.140086739239859
ENSMUSG00000031822	0.1496437828272	7.20226484503501	3.61086283833529	0.00030789377055767	0.0019268380708131	-0.143090569106751
ENSMUSG00000028773	-0.153759341367446	7.33795858045839	-3.67885745085927	0.000236515871853428	0.00157260832620877	-0.155127048290238
ENSMUSG00000031711	0.162189895983562	7.35333147255739	3.64076360726965	0.000274323913411961	0.0017532247010141	-0.155395727055732
ENSMUSG00000049800	0.210157701987428	7.26157107253026	3.61021711048592	0.000308659487462042	0.00192873150855921	-0.157635075194841
ENSMUSG00000021339	0.162146127173163	7.37482732129508	3.64537244672017	0.000269465520287241	0.00172883643726441	-0.158913371498327
ENSMUSG00000043885	0.128127480258996	7.34389784277142	3.64157244273427	0.000273465383628292	0.00175071335083697	-0.164731865956831
ENSMUSG00000031150	-0.178341322665874	7.22513159975874	-3.63633759561568	0.000279066773169827	0.00177701468596273	-0.167926569417585
ENSMUSG00000045538	0.17548327947523	7.22962699522076	3.61614009092386	0.000301702253728341	0.00189442969103666	-0.168371259769621
ENSMUSG00000053646	0.130221513395078	7.16629206174205	3.59630637398874	0.000325594549526194	0.00201831621325613	-0.172101490177921
ENSMUSG00000027429	-0.152636495152341	7.14595600159644	-3.60109758362953	0.000319665835481789	0.00198909939074505	-0.178789182879024
ENSMUSG00000037606	-0.162122067009337	7.24638029605554	-3.6278155749046	0.000288416103512082	0.00182060927057867	-0.179254450807017
ENSMUSG00000039810	-0.113683985978401	7.08297729513477	-3.59876019642695	0.000322545411273157	0.0020041597173176	-0.17962920409977
ENSMUSG00000042185	0.118359675689407	7.43889815309271	3.67605346471538	0.000239122825672786	0.00158591491069307	-0.18376317408662
ENSMUSG00000021235	0.169524935351867	7.22698743667123	3.60070918162295	0.000320142659051894	0.00199112004385149	-0.184561431031893
ENSMUSG00000041797	0.1698102605358	6.88597677562502	3.59824924389554	0.000323178112413012	0.00200618674618832	-0.184874450618589
ENSMUSG00000073982	0.188880584343881	7.01966032112583	3.59379481440025	0.000328743361610485	0.0020339830293972	-0.185275580306766
ENSMUSG00000027207	-0.089133486027797	7.36308552699346	-3.66520326224753	0.000249466832043699	0.00163710263915594	-0.18868870643113
ENSMUSG00000021391	0.166415273983081	7.2992100642105	3.60940958778566	0.000309619573795468	0.00193301834054853	-0.190196828672678
ENSMUSG00000025171	0.209221734162984	7.24198912657669	3.61130787101092	0.000307367077987829	0.00192446187710027	-0.193690611819599
ENSMUSG00000018727	-0.180614598128098	6.99985295501754	-3.59026409266505	0.00033321815363584	0.00205353728525345	-0.19475507193811
ENSMUSG00000029716	0.151392832970066	7.3970315572262	3.65715771361747	0.000257406503614142	0.00167327008208359	-0.197232105721607
ENSMUSG00000026799	0.13405064511328	7.3032611273186	3.62374935422801	0.000292979774880886	0.00184585717648728	-0.199350347768057
ENSMUSG00000053580	0.170193869462418	7.37976392415007	3.64129748428864	0.000273756952339994	0.00175172337245122	-0.20084741671272
ENSMUSG00000071647	0.0735266754806396	7.42664652089899	3.64881210791603	0.000265892312333723	0.00171153914620718	-0.203289512494391
ENSMUSG00000030413	0.212420025433691	7.18357933060983	3.59267518211196	0.00033015624221807	0.00203942854445171	-0.20430255491266
ENSMUSG00000014602	0.173614512222779	7.34251166027604	3.62355279398215	0.000293202087106253	0.0018463692758033	-0.206347822462832
ENSMUSG00000033970	0.0928947299023468	7.39955506657719	3.64102391085679	0.000274047341588418	0.00175272486373989	-0.206528396171143
ENSMUSG00000071604	0.152960421463892	7.2354648556533	3.59103585210179	0.000332235193946368	0.00204880977821284	-0.211013497306653
ENSMUSG00000020121	0.144121767636195	6.66497178967336	3.61344472240463	0.000304849864426612	0.00191052868600919	-0.211245371878293
ENSMUSG00000004268	0.164069464446776	6.95131269715334	3.58573114790246	0.000339046751738914	0.00208198877756372	-0.214744352176831
ENSMUSG00000027291	-0.102825183318378	7.357703424529	-3.65717408047645	0.000257390114206325	0.00167327008208359	-0.215583603713032
ENSMUSG00000077265	0.221709191775949	7.15849352844037	3.58502058398283	0.000339969020768971	0.00208471869784888	-0.218884213347903
ENSMUSG00000076441	0.129038312653551	7.15205307954214	3.58427576994863	0.000340938264232373	0.00208772860398981	-0.220326542606076
ENSMUSG00000047153	0.115058983836538	7.42192814618465	3.65495406279329	0.00025962215067838	0.00168349341093678	-0.221501201681236
ENSMUSG00000036639	-0.110434444063886	7.14628379637227	-3.58959970584155	0.000334066536676153	0.00205622900712938	-0.222028469278706
ENSMUSG00000055401	0.0899146494699687	7.49047549155297	3.70289709373374	0.000215235024435166	0.00145302858663672	-0.222588295917951
ENSMUSG00000032702	0.252134771758533	6.70428675301817	3.61031914568561	0.000308538373567712	0.00192873150855921	-0.226011731113961
ENSMUSG00000047215	0.190462188605141	7.14887002809416	3.58468930426251	0.000340399803785398	0.0020854067529988	-0.22728278106028
ENSMUSG00000051951	0.182027597480325	7.38985313234592	3.64000278859376	0.000275133781935723	0.00175709827956219	-0.229968731135683
ENSMUSG00000041199	-0.131976489732692	7.40374116571793	-3.69479010896765	0.000222202090167223	0.00149183064844579	-0.231084624155938
ENSMUSG00000038608	0.171890747068375	6.80066945201891	3.59615177113825	0.000325787560990138	0.0020185569088892	-0.232287649089838
ENSMUSG00000018774	0.130586432197737	7.42917659182246	3.63133163183875	0.000284523692504389	0.00180561521195708	-0.236231682171931
ENSMUSG00000029550	0.161234105684336	7.43083748760667	3.66524860270507	0.000249422746435323	0.00163710263915594	-0.239008929581267
ENSMUSG00000049411	0.110462827362802	7.43312782193361	3.66182388209317	0.000252773339389619	0.00165465427964445	-0.240679984871829
ENSMUSG00000031953	0.180289633758428	6.88698609107044	3.5870961121022	0.000337281675987222	0.00207401377434808	-0.241670054389255
ENSMUSG00000058655	0.15919628915224	7.38149877661966	3.62027658910315	0.000296930869139252	0.00186715607049524	-0.242968536068538
ENSMUSG00000049044	0.225020402617817	6.88737499856065	3.58698021961126	0.000337431205267446	0.00207401377434808	-0.246272003230612
ENSMUSG00000024143	0.208640944035495	7.01036416596291	3.57627871234996	0.000351509230370812	0.00214643602799192	-0.246457355371031
ENSMUSG00000034245	-0.114726006640643	7.23751590310459	-3.60856456784671	0.000310627235870643	0.00193838502002787	-0.250064398225704
ENSMUSG00000030283	0.141666127341832	7.27240683051283	3.59680883959236	0.00032496799341929	0.00201538653237581	-0.250724232624656
ENSMUSG00000019969	-0.12340951314869	6.74179467044556	-3.58538907253411	0.000339490452234756	0.00208275960668108	-0.253354279471912
ENSMUSG00000097743	0.119864715371407	7.17717173732806	3.571953560803	0.000357353460671236	0.00217603325911991	-0.257851109956968
ENSMUSG00000071657	-0.156001688627716	7.21966197712628	-3.60685684545921	0.000312673028157594	0.00194929299268535	-0.259397451547608
ENSMUSG00000037405	0.205907206714442	7.09343779847699	3.57038306403948	0.00035949794873164	0.00218705722341758	-0.259492282497127
ENSMUSG00000015085	0.132317242545469	7.33409059948572	3.59728099054342	0.000324380267387431	0.00201269500504088	-0.260383289478491
ENSMUSG00000026031	0.151349450974344	6.95492597786532	3.57269915003118	0.000356339564960934	0.00217187969481776	-0.260719056536634
ENSMUSG00000071103	0.144891131118082	7.15254456943257	3.56920189605609	0.000361118739333006	0.00219182500479727	-0.265473590432334
ENSMUSG00000097451	-0.110662457502145	7.22967037480384	-3.59245861850884	0.000330430182246719	0.00203960016311837	-0.266663550378845
ENSMUSG00000043241	-0.166176404352607	6.95896834203424	-3.56907978591043	0.000361286687289487	0.00219182822520573	-0.266664093013868
ENSMUSG00000021709	0.211151208656553	6.78548102610483	3.58990538270519	0.00033367595444404	0.00205479096687741	-0.268753074870379
ENSMUSG00000027737	0.272595056547027	7.03110376428766	3.57051449860879	0.000359318016429274	0.00218697883360858	-0.268798545446455
ENSMUSG00000004451	0.173223446790483	7.28898344060417	3.58477755304538	0.000340284998680185	0.0020854067529988	-0.271398449989973
ENSMUSG00000029016	0.104518706571342	7.18626653449639	3.5745609883508	0.000353819466281922	0.00215852956782988	-0.272365080170243
ENSMUSG00000026678	0.275038393178114	7.05119127424724	3.56967885543625	0.000360463437949473	0.0021898781111993	-0.273979678113276
ENSMUSG00000030798	0.132835794598869	7.34402774066776	3.60119545078903	0.000319545793325626	0.00198909939074505	-0.275439348884571
ENSMUSG00000021838	0.193383483912443	6.93172216351104	3.56945970142383	0.000360764398572132	0.00219068993789719	-0.285306157496699
ENSMUSG00000033713	0.16841262659395	6.97309348488438	3.56602846491087	0.000365507213184644	0.0022143546668271	-0.285622328784321
ENSMUSG00000085397	0.0890116143682489	7.33156133191553	3.59981307797364	0.000321245306713445	0.00199702922862888	-0.287094274394383
ENSMUSG00000034714	0.183978677583976	6.93197910679903	3.56969916253068	0.000360435562440343	0.0021898781111993	-0.287644526812584
ENSMUSG00000025889	-0.149927762509105	7.15745168801711	-3.58653537663188	0.00033800573635867	0.00207657020197452	-0.288768717127977
ENSMUSG00000029863	0.151436168907945	7.07396403982824	3.56020782166604	0.000373686378098626	0.00225451707929364	-0.292262966721659
ENSMUSG00000028580	-0.121168414745159	7.24262422271812	-3.5927289260187	0.000330088292316635	0.00203942854445171	-0.295804810835373
ENSMUSG00000049562	0.0824827036260531	7.53598182482115	3.69434995098547	0.000222586353971799	0.00149364456494044	-0.298315748641853
ENSMUSG00000024516	0.164388432210243	6.94199836610911	3.56278765658856	0.000370040301673315	0.00223561035048779	-0.302641158508401
ENSMUSG00000037325	-0.185443594823929	7.11295419449848	-3.56420621043259	0.000368049664339624	0.00222461043653479	-0.304585804859435
ENSMUSG00000028010	-0.147637106415806	7.24607549359272	-3.57970040627815	0.000346949251280506	0.00212255121390859	-0.311727188388481
ENSMUSG00000027187	0.180718795092697	7.14693020873248	3.55365820909457	0.000383094394705003	0.00230278779406699	-0.316995376626017
ENSMUSG00000031490	-0.0620036161491653	7.53455522860824	-3.71199828096391	0.000207658206126039	0.0014115582734175	-0.317863998221273
ENSMUSG00000041491	0.174112090395745	7.40188801482884	3.61011089318317	0.00030878561273603	0.00192873150855921	-0.318502593130939
ENSMUSG00000060798	0.169609385896387	7.17500728365958	3.55527552237973	0.000380750876069413	0.0022919553656691	-0.319812376790654
ENSMUSG00000006301	0.217060160157048	6.82833496155275	3.56794578443427	0.000362849864563673	0.0021993774745419	-0.325307277378953
ENSMUSG00000036242	-0.116381715334122	7.30602634844721	-3.60823129163801	0.00031102550208193	0.00193994562804032	-0.328032377680777
ENSMUSG00000027313	0.130653371600506	7.26081445248951	3.5729005627986	0.000356066134147367	0.00217122395354324	-0.328243684379486
ENSMUSG00000087881	-0.172835322210534	7.27754897284651	-3.59018776601185	0.000333315515670912	0.00205353728525345	-0.332112093957537
ENSMUSG00000057551	0.123752524983485	7.42480646802956	3.61618920199382	0.000301645185982384	0.00189442969103666	-0.33602455094716
ENSMUSG00000038982	0.0826701694181171	7.43154373364262	3.6147798307776	0.00030328692019503	0.00190164385018838	-0.341385606425722
ENSMUSG00000036019	0.183624612428432	6.90583803141711	3.55406981231535	0.000382496697687198	0.00230130825648933	-0.341944347788267
ENSMUSG00000023830	0.139997996760687	7.43527150219809	3.62155325161896	0.000295472595530906	0.00185887901042317	-0.343767682106834
ENSMUSG00000015093	0.0995422229787408	7.31231103163919	3.57245364944066	0.00035667311345175	0.00217290107087497	-0.343959999349289
ENSMUSG00000031984	-0.143733553641921	7.06207959889538	-3.54875053634155	0.000390288515157577	0.00233637733902286	-0.347982680315153
ENSMUSG00000020135	0.133331436240579	7.49676708445189	3.66870819908227	0.000246080371882261	0.00161893679833294	-0.348908170871166
ENSMUSG00000020912	0.0804048421540156	7.55146223469942	3.70965414953804	0.000209585390497424	0.00142244268138532	-0.350589125245982
ENSMUSG00000024151	-0.0875075224588286	7.46663474256203	-3.66995912296946	0.000244882212414846	0.00161348662553355	-0.351133324802459
ENSMUSG00000018593	0.125665681164619	7.36849984623537	3.58231715307214	0.000343499412111095	0.00210242837931672	-0.356928778461904
ENSMUSG00000033740	0.190394000450503	6.89284052933227	3.55317908548202	0.000383791239091888	0.00230562725841421	-0.357930506847937
ENSMUSG00000021448	0.153058524967204	7.29809382941726	3.56793334680115	0.000362867044379049	0.0021993774745419	-0.358980185021982
ENSMUSG00000061740	0.0847511336351126	7.33688304039804	3.57800769169159	0.000349198113899025	0.00213431452248648	-0.35950913946168
ENSMUSG00000026074	0.188692124919841	6.85454500706182	3.55526429144517	0.000380767103599931	0.0022919553656691	-0.363680467029538
ENSMUSG00000015341	0.172883832886451	6.82554115438413	3.5537519487412	0.000382958196814823	0.00230278779406699	-0.365898397949256
ENSMUSG00000016552	0.100369467501633	7.4861823312343	3.65934615705773	0.00025522370843558	0.00166403824244951	-0.366539660029253
ENSMUSG00000104018	0.0566693331688022	7.52626323457369	3.66792118422901	0.000246837006779385	0.00162263974105229	-0.368854778627568
ENSMUSG00000029104	0.17403665528761	7.45115671950524	3.63202637382875	0.000283760434541814	0.00180164481523833	-0.370088857779258
ENSMUSG00000100201	0.199235663094887	6.95500834567613	3.5421514656619	0.000400161225213898	0.00238348988193829	-0.37205919818857
ENSMUSG00000064080	0.169783173129612	7.16794067460243	3.53790256546305	0.000406640891715173	0.0024133012485653	-0.374914346331982
ENSMUSG00000027091	-0.167698298906731	6.83683065306636	-3.53990723045138	0.000403571613209052	0.00239943667580967	-0.376032568152675
ENSMUSG00000036693	0.193787864938408	7.24480915463589	3.54610221816041	0.000394222929117611	0.00235669707214966	-0.377688149507091
ENSMUSG00000030335	-0.190751545510453	6.90543468787707	-3.53773731231782	0.000406894876188387	0.00241371441733501	-0.378060411880831
ENSMUSG00000021460	-0.0964575072386893	7.09573530604939	-3.53873203677263	0.000405368278863963	0.0024079317181883	-0.378600447387077
ENSMUSG00000025324	0.20516187067235	7.21931312201608	3.54193668261206	0.000400486444975875	0.00238397324214646	-0.379181537115108
ENSMUSG00000076258	0.187038902230658	7.19622978824433	3.54320530337735	0.000398569100510385	0.00237725132750887	-0.380586520611065
ENSMUSG00000061524	0.196842538532358	6.88608796877825	3.54326009140309	0.000398486489556965	0.00237725132750887	-0.386491908828803
ENSMUSG00000018387	0.116306724346265	7.55415658094815	3.67848030973058	0.000236864952481994	0.00157333128254402	-0.389056048911971
ENSMUSG00000021067	0.246622177819498	7.12589118874956	3.53453925361797	0.000411839392031351	0.00243532128296045	-0.389326913494144
ENSMUSG00000019828	-0.149275387875765	7.26972324182395	-3.57882200854066	0.000348114553119892	0.00212868553453789	-0.391758316815025
ENSMUSG00000004791	0.165898451663495	7.27030942592166	3.54405457705847	0.000397290338389498	0.00237178527596685	-0.394232592145353
ENSMUSG00000032905	-0.157289722668655	6.62357838555814	-3.55012502303137	0.000388261037098925	0.00232743292019191	-0.394246077729713
ENSMUSG00000005410	0.126209376685505	6.90085910196054	3.53857304287775	0.000405611925906805	0.00240828631926163	-0.394918452638461
ENSMUSG00000037624	0.119561005058859	7.10497398593213	3.52983896530346	0.000419208469803835	0.00247219697597829	-0.395092248996749
ENSMUSG00000041471	0.124668452260696	7.37922111407643	3.58542516017211	0.000339443617909507	0.00208275960668108	-0.395166888935302
ENSMUSG00000024854	0.105932173525183	7.4432747154472	3.59855427878426	0.000322800254870662	0.00200479171573373	-0.397063210820309
ENSMUSG00000001227	0.114663322316599	7.48618507067189	3.6557057862933	0.000258864332589918	0.00167969755056065	-0.398637433222413
ENSMUSG00000063049	-0.175176969598287	7.14717309940905	-3.55309133672608	0.000383918990478383	0.00230562725841421	-0.399238196010239
ENSMUSG00000032898	0.132323445328897	7.41994600409876	3.61581655252644	0.000302078462699598	0.00189588266235049	-0.401627790723597
ENSMUSG00000049493	0.195647104976509	6.81448780850928	3.54759865320632	0.00039199525251635	0.0023455218674333	-0.402751422929438
ENSMUSG00000020701	0.119992510424426	7.12458749635218	3.52945577118028	0.00041981463710446	0.00247465701439513	-0.404192662910768
ENSMUSG00000042564	-0.141509305527316	7.19379369552123	-3.54651113234232	0.000393613024684966	0.0023541259566814	-0.405762928202306
ENSMUSG00000048550	-0.150836421871378	7.12650579824368	-3.54264819458338	0.00039941003439356	0.00238009839339121	-0.407600876230086
ENSMUSG00000046618	0.237224983074841	7.01716544916149	3.52796598386613	0.000422179090455554	0.00248747464097395	-0.411418004046657
ENSMUSG00000005580	0.166879785723002	7.28488842001079	3.55261671952702	0.000384610663978767	0.00230872205997708	-0.41475050436322
ENSMUSG00000040749	0.160408641043552	7.18965636671102	3.53235328024271	0.000415251361233012	0.00245217447959522	-0.416563125383647
ENSMUSG00000045962	0.164103588821413	6.89745152298967	3.53413566366424	0.000412467355983884	0.00243793346480407	-0.41702886409335
ENSMUSG00000042050	-0.163600745624323	7.17735458560203	-3.54144301298783	0.000401234885176252	0.00238662749510563	-0.418708212924758
ENSMUSG00000071646	0.124739861377583	7.36483544056384	3.56004258231899	0.000373921051562847	0.0022546312161302	-0.421135856862594
ENSMUSG00000031371	0.108181833711045	7.32085605638681	3.55173863335168	0.000385893396852804	0.00231536038111682	-0.424622711618572
ENSMUSG00000022353	0.204766307354982	7.03022233566861	3.52352736882492	0.000429297596926327	0.00252714214881271	-0.42983823888308
ENSMUSG00000038418	-0.162607671695039	6.57559197317812	-3.54423819549081	0.000397014366380275	0.00237121901672015	-0.436060935524896
ENSMUSG00000026240	-0.129225657844747	7.20763574159797	-3.54285708588103	0.000399094527059011	0.00237930125148296	-0.438391770705772
ENSMUSG00000043372	0.11476994086101	7.4711235056634	3.62905430452115	0.000287039123665667	0.00181629589513335	-0.438768892795707
ENSMUSG00000020614	-0.15746281492685	6.8243481881316	-3.5230810705396	0.000430019524279603	0.00253025420758137	-0.443330752651813
ENSMUSG00000021488	0.199998780817522	7.39876236992569	3.56489633122254	0.00036708485250338	0.00221982217310918	-0.448910965764645
ENSMUSG00000027890	0.121543087279357	7.55878210097693	3.67859190710486	0.000236761607966218	0.00157333128254402	-0.451330389001441
ENSMUSG00000024812	0.166316538179098	6.79162320349796	3.53463066523099	0.000411697284666879	0.00243532128296045	-0.45274723856476
ENSMUSG00000031714	0.216418485752052	6.84434336483053	3.5317500650202	0.000416197526120527	0.00245665374750673	-0.453551351980005
ENSMUSG00000092571	0.165784577210223	7.37995961819703	3.56997156888759	0.000360061825646855	0.00218947023751446	-0.453692815584868
ENSMUSG00000027327	-0.141110750980209	7.16297246969255	-3.52988191245044	0.00041914058352496	0.00247219697597829	-0.45436284616383
ENSMUSG00000024565	0.0978650294119969	6.8711689175559	3.52132881133351	0.000432864938819501	0.00254151498918724	-0.459004810006341
ENSMUSG00000022817	0.163739660702913	7.02366542584135	3.512507036961	0.000447459234532069	0.00261640745801422	-0.459108302456307
ENSMUSG00000029446	0.17030074775511	6.84350050328157	3.52538885312742	0.00042629866876791	0.00251061726113786	-0.462355213951692
ENSMUSG00000075033	0.115662174962375	7.52516527791472	3.64693391881799	0.000267837878946905	0.00172142047676626	-0.46497124984204
ENSMUSG00000087674	0.17775719538146	7.42854115082895	3.59130759423883	0.000331889733198302	0.00204764391471827	-0.468502077164342
ENSMUSG00000019880	-0.144043003636684	7.12509045186178	-3.52178741081356	0.000432118545967533	0.00254032151046562	-0.474064978460835
ENSMUSG00000051989	-0.153951859622405	6.99111716494378	-3.50789003034232	0.000455279262060353	0.00265383619719241	-0.4760898926109
ENSMUSG00000031386	0.159286383387777	7.3109188504925	3.53357075347644	0.000413347827895907	0.00244203509152221	-0.480718830166817
ENSMUSG00000087018	-0.0956212048818239	7.42493980696209	-3.59344763064818	0.000329180871379793	0.002035727901797	-0.483604577389943
ENSMUSG00000026822	0.121529031132477	6.93860034436177	3.5072133486498	0.000456436048478184	0.00265939508085286	-0.484719003615585
ENSMUSG00000029326	-0.155545508690098	7.01623924908842	-3.50660777248986	0.000457473605696608	0.00266425464669928	-0.485751912217768
ENSMUSG00000003847	0.120083026289032	7.21550197564028	3.51218525454984	0.000448000160118025	0.0026172325284539	-0.486359246721499
ENSMUSG00000091512	-0.11493069777469	7.20618735048659	-3.52130486645846	0.000432903943315578	0.00254151498918724	-0.49086389965715
ENSMUSG00000035775	-0.145407917562555	7.35492873079303	-3.57721594154254	0.000350254671500493	0.00213977328944678	-0.492466691730469
ENSMUSG00000061559	-0.148790209572218	6.84327051008789	-3.50448109720109	0.000461134787636969	0.00268080667839396	-0.495994546467385
ENSMUSG00000093803	0.151999085554315	7.38989722984048	3.56180548323904	0.000371424466123292	0.00224190369317019	-0.499360510112885
ENSMUSG00000074994	0.182188692779401	7.06764492308884	3.49820118488659	0.000472106215629638	0.00273608436256008	-0.507714360855879
ENSMUSG00000070047	0.14739089296848	7.06195779449348	3.49660453152732	0.000474934257139216	0.002750039493351	-0.511044502905764
ENSMUSG00000036585	0.182268969516077	6.82433870043566	3.51308844551099	0.000446483415702669	0.00261303570781374	-0.512162701314559
ENSMUSG00000028745	-0.126272606451884	7.13327807024768	-3.50534097247564	0.00045965118678801	0.00267336887491276	-0.513791130431726
ENSMUSG00000021576	-0.168829232424963	6.97613594603431	-3.49590397602012	0.000476180085064985	0.00275603433849283	-0.518937889263699
ENSMUSG00000003420	0.164030982229569	7.13132886974885	3.49501227139989	0.000477770252452612	0.00276157534000424	-0.519739772220023
ENSMUSG00000039419	0.177856460122645	7.34457426808233	3.53741995549665	0.000407383050873948	0.00241551580708411	-0.519817795734709
ENSMUSG00000026457	0.15803049328341	7.05030250793274	3.49316141083506	0.00048108669984289	0.00277829160756203	-0.522528230144808
ENSMUSG00000030101	0.191169007227018	7.24832467128996	3.50898888266296	0.000453406603979446	0.00264527596225442	-0.526413884155041
ENSMUSG00000061864	0.140350906079844	7.35074101468715	3.53915705384391	0.000404717641107943	0.00240515812863604	-0.529103050317635
ENSMUSG00000031483	0.131307814442437	6.90182858160567	3.49897756815417	0.000470736747062315	0.00273056512739913	-0.534966681664958
ENSMUSG00000029650	0.10282015745654	7.34238217969051	3.51875069924428	0.000437083398505721	0.00256375262241796	-0.536641671658547
ENSMUSG00000065904	0.116367624425521	7.38379161477342	3.56575533070136	0.000365887246926581	0.00221563174688381	-0.537184811293153
ENSMUSG00000034813	0.139718611809998	7.46349657797068	3.58935931053145	0.000334374005177739	0.00205715435892245	-0.538497019467092
ENSMUSG00000040759	0.171866345915475	7.01771870998812	3.48995586438332	0.000486881389154397	0.00280556828644779	-0.539000419411869
ENSMUSG00000027346	0.0988861912954482	7.49929603703893	3.59574635188367	0.000326294209039352	0.0020207397278823	-0.539978402620346
ENSMUSG00000052533	0.0747444771867247	7.61063341407304	3.68287856918166	0.00023282383633732	0.00155121102561231	-0.540951507660552
ENSMUSG00000028563	0.0794437886093933	7.49632894121974	3.60298760304317	0.000317355019963642	0.00197659939170504	-0.550190414923756
ENSMUSG00000067575	0.0957068405081829	7.39473252219755	3.55995202125661	0.000374049725132508	0.0022546312161302	-0.551802024063842
ENSMUSG00000052698	0.153869444207602	7.25420653952861	3.50297622022079	0.000463742013840831	0.0026935716260888	-0.552745655517323
ENSMUSG00000056214	0.137324503712785	7.26126569265569	3.49469357576131	0.000478339779808756	0.00276364713029842	-0.555048159673547
ENSMUSG00000038481	0.175425428799575	6.96889129473734	3.48661793493553	0.000492984541222295	0.00283325443972006	-0.560648931784964
ENSMUSG00000052707	0.0945496416912937	7.40171352534367	3.53704949802512	0.000407953599966306	0.00241780377128062	-0.560656957238371
ENSMUSG00000030871	0.16446134301128	6.73875516191746	3.49547015735194	0.000476953091457287	0.00275928849905382	-0.560963230791258
ENSMUSG00000037533	0.141512328794539	7.41680474742399	3.5504055938516	0.000387848384445745	0.00232602430103696	-0.562943648789712
ENSMUSG00000008668	0.113075961908802	7.32119549258326	3.51642453903866	0.000440922513407339	0.00258508681104114	-0.564702389716879
ENSMUSG00000100572	0.140288995801799	7.36169905134971	3.5219932180553	0.000431783975589851	0.00253949497233708	-0.568795709580558
ENSMUSG00000056771	0.181960364050094	7.41233506443053	3.55954548074718	0.000374627867979267	0.00225707687417605	-0.5716029765819
ENSMUSG00000103839	0.068379604344516	7.57379415437595	3.6477588831597	0.000266981681944156	0.00171760401966236	-0.571953231371694
ENSMUSG00000082144	0.0988367854049228	7.4672027102373	3.59260372944743	0.000330246602065202	0.00203942854445171	-0.577181718029171
ENSMUSG00000032228	0.196562541951503	6.94563319634876	3.4851959931839	0.000495606065985305	0.00284457457951758	-0.57742773191187
ENSMUSG00000016239	0.162487499267871	6.8193338980644	3.49015042729728	0.000486527828573969	0.00280556828644779	-0.580205711277348
ENSMUSG00000021238	0.173553364700201	7.15017444780207	3.47681210642103	0.000511329001809908	0.00291945891482569	-0.581124641864672
ENSMUSG00000095432	0.15312677532285	7.15845719676729	3.47801871043492	0.000509037866443334	0.00290891477410569	-0.581409430964185
ENSMUSG00000030595	-0.168357497409219	7.12230077567592	-3.48735295878014	0.000491634510636824	0.00282797847682658	-0.58477918335074
ENSMUSG00000074405	0.110585705104724	7.39442187000813	3.54185739445918	0.000400606563758189	0.00238397324214646	-0.588781672072896
ENSMUSG00000042506	0.152954451188362	7.32371651877814	3.51118814701378	0.000449680206057553	0.00262587567248238	-0.589238864004472
ENSMUSG00000031105	-0.143377613234784	6.83084981228304	-3.47491859792973	0.000514943844276993	0.00293881639462702	-0.592289475728234
ENSMUSG00000076435	0.188513706948314	7.06677454800215	3.47281754198781	0.00051898278970398	0.00295542526437778	-0.594621616615314
ENSMUSG00000039367	-0.154749453806282	7.14167056034639	-3.48797867818883	0.000490487959531154	0.00282386471687857	-0.594962086641229
ENSMUSG00000037933	-0.142567422189594	6.88125318426599	-3.47477143878595	0.000515225777066461	0.00293914417139613	-0.595351215803817
ENSMUSG00000026942	0.125898526652749	6.99063215251593	3.47088700126802	0.000522719964618499	0.00297213657153038	-0.599273497777363
ENSMUSG00000020849	-0.153410084401517	7.0357974931667	-3.47316091305576	0.000518320700843086	0.00295293934527315	-0.60267600238195
ENSMUSG00000077737	0.151371416271487	7.32078101430775	3.49258565423043	0.000482122735756221	0.00278304711486792	-0.603345386233981
ENSMUSG00000002059	0.0764889950266969	7.50498492846117	3.59461272770334	0.000327714804377932	0.00202857788128411	-0.606715497721843
ENSMUSG00000033862	-0.12337216246297	7.28183969487563	-3.52141447947474	0.000432725418391738	0.00254151498918724	-0.609116203561347
ENSMUSG00000039316	0.165144921797626	6.92217937157878	3.47447687165291	0.000515790551806037	0.00294108445306822	-0.613100538280918
ENSMUSG00000028049	-0.171192871576605	7.18694183939745	-3.4913842390765	0.000484291309701652	0.00279433311001059	-0.616024837467598
ENSMUSG00000032193	0.107817402676885	7.41921711065181	3.54999483408003	0.000388452653310143	0.00232751585223633	-0.616993630071594
ENSMUSG00000010047	0.120361376918543	7.26195764513408	3.48050580003547	0.000504345476683736	0.00288587892515012	-0.619153912347938
ENSMUSG00000035845	-0.211483117903501	7.03270589871419	-3.47116867194831	0.000522173142808127	0.00297100859871534	-0.624549818720737
ENSMUSG00000027254	0.17363240645968	7.3604971205212	3.50795298014847	0.000455171788697663	0.00265383619719241	-0.625754959079612
ENSMUSG00000007458	0.222469673878916	6.73980884384738	3.486370531738	0.000493439728085666	0.00283462611676066	-0.628901495795535
ENSMUSG00000033004	0.170004160680484	7.41821178724077	3.53539892944927	0.000410504759783883	0.0024296240122471	-0.632831739439416
ENSMUSG00000040389	-0.136819916243313	7.0588614604334	-3.46784900648779	0.000528651806175156	0.00300134841563102	-0.632888509457036
ENSMUSG00000042286	0.187359658179175	7.00642205403499	3.4631310772045	0.000537988317729366	0.00305170842968495	-0.632896112246901
ENSMUSG00000036120	-0.144755422786704	7.14270212306631	-3.46861943311228	0.000527141598419867	0.0029940728010902	-0.633126423761484
ENSMUSG00000025823	-0.103994435753183	6.59404744318679	-3.48998076389058	0.000486836128290404	0.00280556828644779	-0.633315245632065
ENSMUSG00000026135	0.163799548824106	7.40436483295022	3.52053387072197	0.00043416159608954	0.00254775599103732	-0.633354880827516
ENSMUSG00000066829	0.105379053112116	7.49422154564932	3.57593176172649	0.000351974717769706	0.00214827645922657	-0.636035275240034
ENSMUSG00000102059	0.159804243376411	7.3712843347033	3.50171515220762	0.000465937424546134	0.00270512317612327	-0.636333544597603
ENSMUSG00000097515	-0.184870346631421	7.17376767582558	-3.47337019673048	0.000517917545933268	0.00295192708374329	-0.637432361444455
ENSMUSG00000036022	0.150143162369607	7.11326569847643	3.45957856343173	0.000545119715397617	0.0030814798419627	-0.638264514103506
ENSMUSG00000038267	0.154337614993532	7.16097683133309	3.45987534410012	0.000544520595613321	0.0030814798419627	-0.638805784239194
ENSMUSG00000020178	0.152610825460488	6.71287514314967	3.4840140664043	0.000497794982871312	0.00285463509231328	-0.642309687880237
ENSMUSG00000029279	0.142154505854812	7.3956375621064	3.51019511767681	0.000451359224606259	0.00263450511303841	-0.643480001350548
ENSMUSG00000029096	0.151633047284248	7.16200431442313	3.45968755430238	0.000544899621015079	0.0030814798419627	-0.645553846859303
ENSMUSG00000049643	-0.111059494252727	7.35065086530167	-3.54879968295592	0.000390215849684979	0.00233637733902286	-0.646643131769157
ENSMUSG00000040209	0.173341360787649	7.21274702600715	3.46146010765903	0.000541331760403094	0.00306801532779104	-0.649889985485953
ENSMUSG00000039678	-0.138948812631203	6.93593637720701	-3.45626940996509	0.000551841739354901	0.00311141776556174	-0.650302048516143
ENSMUSG00000034101	-0.115229550150262	7.17958818343809	-3.47239080298537	0.00051980672767171	0.0029588302950774	-0.651921536076558
ENSMUSG00000025260	0.146824247363228	7.00684319181878	3.45400981544946	0.000556476037696985	0.00313215145551544	-0.654645692101639
ENSMUSG00000031144	-0.0859551218475607	7.48969952211884	-3.61705324680252	0.000300642806366456	0.00188958983242901	-0.655034171526654
ENSMUSG00000031775	0.164136783236237	7.1419191814912	3.45420776056183	0.000556068619173897	0.00313120445687082	-0.656158955789024
ENSMUSG00000031568	0.138985535893993	7.09655584058009	3.45382480816046	0.000556857078499255	0.00313294923580243	-0.65667202364112
ENSMUSG00000038141	0.146020618890966	7.44844717922839	3.54425351744243	0.000396991346129335	0.00237121901672015	-0.660471005481482
ENSMUSG00000099597	0.177078063044451	7.05311681481772	3.45258695876376	0.000559412812683188	0.00314597617854308	-0.663525777116793
ENSMUSG00000033159	0.116516520688578	7.207343991463	3.45882043197626	0.000546652967451225	0.00308748086707137	-0.664187599456914
ENSMUSG00000042063	0.140468759097925	7.36767448192493	3.48952171837941	0.00048767118546219	0.0028088830444659	-0.664438511396072
ENSMUSG00000027742	-0.152020913880317	7.09036078204574	-3.45828516894449	0.000547737907530192	0.00309227455169697	-0.665457225581642
ENSMUSG00000014303	0.169195773183873	7.39687678860163	3.50158303851153	0.000466167983543186	0.00270526207471073	-0.665937784811053
ENSMUSG00000027375	0.204697399072281	6.90241070880119	3.46168989041451	0.000540870842588506	0.00306673065013803	-0.669438364206873
ENSMUSG00000041362	0.150587911023418	6.9800964220066	3.45216010577718	0.000560296648498846	0.00314959369778742	-0.675128856469086
ENSMUSG00000046341	-0.0659369430048438	7.56905415629806	-3.63473560891029	0.000280802307070461	0.00178632837908964	-0.675449817720955
ENSMUSG00000003354	-0.127722782188807	7.36620177658986	-3.53554147770289	0.000410283846984073	0.00242941480086634	-0.675464229949479
ENSMUSG00000028729	-0.166461844387602	6.96080934838257	-3.44900511253058	0.000566869787884188	0.0031797169078748	-0.676677698675987
ENSMUSG00000005936	-0.120604802468264	6.74072490329005	-3.45567988287714	0.0005530473459818	0.00311687294601538	-0.681729617271261
ENSMUSG00000038773	0.107771301747851	7.38799539199452	3.49717703984757	0.000473918399984508	0.00274537154539698	-0.684590298352639
ENSMUSG00000015090	0.164232920673778	7.2607306033286	3.4600202195392	0.000544228354273721	0.0030814798419627	-0.687495623166955
ENSMUSG00000036099	-0.0896422594691755	7.32003914468889	-3.49526854897615	0.000477312728756226	0.00276014940144722	-0.688748517508141
ENSMUSG00000020232	0.163033451317798	7.13881434019519	3.44452877188935	0.000576319163582791	0.00322167826200935	-0.690828057739442
ENSMUSG00000026096	0.148071239933079	7.29385076246682	3.46359513529983	0.000537063204347333	0.00304778130529488	-0.696759267092545
ENSMUSG00000030660	0.183413172638962	7.25808304675196	3.45167084222236	0.00056131131082362	0.00315394321085959	-0.697147181298745
ENSMUSG00000038515	0.129741983878935	7.45876617726554	3.51490472772007	0.000443447804029017	0.0025964305234114	-0.697857761668219
ENSMUSG00000040430	0.178621133210583	7.09860976349185	3.44128051108086	0.000583267741481547	0.00324900358898891	-0.699621877147224
ENSMUSG00000040435	0.166093808169468	6.79368928543329	3.45916636891513	0.000545952843580306	0.00308485741396347	-0.700591810557818
ENSMUSG00000027994	-0.147836887137079	7.26553896598379	-3.48423817657871	0.000497379241500546	0.00285350088945011	-0.703809215851099
ENSMUSG00000010406	0.0784192034474263	7.14840253029429	3.44226575200358	0.000581151945062877	0.00324177301438568	-0.704499416931077
ENSMUSG00000019820	0.211489761402678	7.21249155032571	3.44524862533752	0.000574789747987895	0.00321587494899894	-0.704537030672509
ENSMUSG00000024251	0.155999616251291	7.36206823268364	3.48354221946669	0.000498671354474061	0.00285840865708162	-0.705796843684261
ENSMUSG00000005533	0.14402409059516	7.18782022836639	3.44350647125476	0.000578497679039118	0.00323181418335414	-0.706310308782368
ENSMUSG00000030168	0.142291621206397	6.64674562248842	3.47083270732656	0.000522825429593222	0.00297213657153038	-0.712692910495377
ENSMUSG00000060586	0.156547830479056	7.17395525119689	3.44296956332728	0.000579644895387337	0.00323606204906363	-0.713005427774186
ENSMUSG00000052415	0.235667328794571	7.19025769807226	3.44625217339616	0.000572663896677915	0.00320672187138891	-0.717008094702552
ENSMUSG00000008999	0.174449082130574	7.10873836921484	3.43568786055122	0.000595414465716511	0.00330443670417997	-0.723204285477891
ENSMUSG00000038555	-0.186133401347659	7.2147210811542	-3.47693448187699	0.000511096194279511	0.00291940286889501	-0.725874326359539
ENSMUSG00000046032	0.168608237624102	7.2335033651834	3.45043807691241	0.000563875484291541	0.00316699178049972	-0.726178303703495
ENSMUSG00000042425	0.169263831465506	7.36102125486975	3.48075169592549	0.000503883742917793	0.00288449757860942	-0.72763670450228
ENSMUSG00000047238	0.104430946551921	6.83577667521987	3.44103165765437	0.00058380328567678	0.00324900358898891	-0.729902964300955
ENSMUSG00000000627	-0.0931479587557922	7.43637252399479	-3.5648941367836	0.000367087916649967	0.00221982217310918	-0.732616494594097
ENSMUSG00000028228	0.203115944273804	7.0745166625385	3.42866541464124	0.000611000136019461	0.00338090185154978	-0.744386484306294
ENSMUSG00000028643	0.117959459166152	7.26255453096113	3.43886606994034	0.000588483100614455	0.0032715162434159	-0.755546995030075
ENSMUSG00000094952	0.202504001334442	7.4543164819319	3.5126963972536	0.000447141199424365	0.00261571607813395	-0.755768863987397
ENSMUSG00000097545	-0.17622392922299	7.09933626921917	-3.43540020625018	0.000596045548566915	0.00330653742450765	-0.758196426648648
ENSMUSG00000039242	0.138824784795281	7.42970674675241	3.50338563571691	0.00046303133521833	0.0026906374792181	-0.759506461067271
ENSMUSG00000029616	-0.163773385028227	7.12747345833506	-3.44102283189494	0.000583822287528751	0.00324900358898891	-0.760679240897733
ENSMUSG00000027848	0.173174311683019	7.24372567141851	3.43212780540065	0.00060326882208635	0.00334235946625243	-0.761447389939106
ENSMUSG00000020173	-0.154886308906818	6.69817794084445	-3.43524116935271	0.000596394725838824	0.0033070731684379	-0.764464243464859
ENSMUSG00000045598	0.14238297567626	7.37043070085728	3.46901189663992	0.000526373829527237	0.00299100962507404	-0.766986083519768
ENSMUSG00000040351	0.220868229769218	6.99569731891781	3.42456160245611	0.000620283120755053	0.003425030205367	-0.770153199708868
ENSMUSG00000018160	0.169253039935427	7.12492759931246	3.42045226843767	0.00062970998631874	0.00346976563168559	-0.770293376923016
ENSMUSG00000023087	-0.140631086790577	6.84200225744185	-3.42206374489744	0.000625997460218968	0.00345366993223208	-0.771186945301465
ENSMUSG00000003721	-0.169971850810913	6.91174284488299	-3.42080408177595	0.000628897733366366	0.00346674910536104	-0.77245635578608
ENSMUSG00000098129	0.181222529180045	7.29221908731296	3.44213520465579	0.000581431882990565	0.00324195324195591	-0.772639670756516
ENSMUSG00000021809	0.11876529104287	7.30116342844705	3.44496909097681	0.000575383202991663	0.00321782011685897	-0.779151125857608
ENSMUSG00000028933	-0.128686977006589	7.08272293206609	-3.42296230076357	0.000623936219004322	0.00344374914806264	-0.77940065851872
ENSMUSG00000051041	0.154563206195972	6.95839105398729	3.42173950447266	0.000626742805804275	0.00345632553226182	-0.78197406893109
ENSMUSG00000097729	0.0979636254307419	7.26746730724716	3.42957295753719	0.000608964775860515	0.00337106420531326	-0.782122822932668
ENSMUSG00000034154	0.106923284059475	7.45016083260732	3.50537256143965	0.000459596769147044	0.00267336887491276	-0.783246299091997
ENSMUSG00000025420	0.167208111521937	7.01950191699258	3.41600310343511	0.000640066634356318	0.00351499680242991	-0.783561222971543
ENSMUSG00000038762	-0.155360532857028	7.02660137695534	-3.41702731807722	0.000637668548529178	0.00350771287283361	-0.783598609690312
ENSMUSG00000097820	0.0739972061164123	7.52925963629484	3.56509150913536	0.000366812416657908	0.00221982217310918	-0.784344820982919
ENSMUSG00000025766	0.102197445023323	7.49319049086953	3.51630811504137	0.000441115485477078	0.00258508681104114	-0.787544205057501
ENSMUSG00000026260	-0.130345603892953	7.214618220388	-3.44982899482539	0.000565146409358633	0.00317140882611368	-0.787802161316766
ENSMUSG00000044499	0.157367132222016	7.41773463430564	3.48614183847671	0.00049386083995426	0.00283580092836894	-0.788013836369046
ENSMUSG00000034908	0.131926465613045	7.30606215356043	3.43715375017868	0.000592208112252128	0.00328943088909837	-0.78808344724419
ENSMUSG00000026917	0.16744422416967	7.09413060121038	3.41681656022749	0.000638161330653559	0.00350894924020008	-0.788806647544694
ENSMUSG00000041238	0.198953232976374	7.3259255703444	3.43987773197059	0.000586292577570382	0.00326072320541692	-0.793858512997918
ENSMUSG00000062054	0.101851934216493	7.08999263853882	3.4118406858063	0.000649899079412716	0.00356048626433586	-0.794268066456926
ENSMUSG00000099031	0.14556581008748	7.36653297951214	3.44649038594417	0.00057216035922925	0.0032052775485446	-0.796034085913739
ENSMUSG00000014418	0.0790221751461111	7.18510851700665	3.41657716907041	0.000638721491352987	0.00351055489705848	-0.796387183734163
ENSMUSG00000031644	-0.0623359443787201	7.44624611216522	-3.51571646146054	0.000442097366896485	0.00258968175722988	-0.798549695270014
ENSMUSG00000058392	-0.1338646084168	7.02099892365264	-3.41008384722592	0.000654091093455543	0.0035785042187714	-0.805366616504322
ENSMUSG00000059743	-0.0835957092062865	7.46162905467769	-3.56220941031246	0.000370854631710729	0.00223949669665907	-0.807337433257982
ENSMUSG00000026764	0.193931220668798	6.98515858808275	3.41182115043126	0.000649945555285845	0.00356048626433586	-0.809886180481073
ENSMUSG00000007021	-0.134181103104603	7.2161549542494	-3.45748984657694	0.000549353675443248	0.00310005962021681	-0.81209067741308
ENSMUSG00000030814	0.212648460028041	7.36113368279099	3.44869732134884	0.000567514873685077	0.00318197204551822	-0.812952007090601
ENSMUSG00000040738	-0.086292280894039	6.76087012421565	-3.41841154192755	0.00063444082306753	0.00349289287451644	-0.813472389101632
ENSMUSG00000098259	0.132759004069224	7.44722252512099	3.50645718446561	0.000457731955582532	0.00266457392729503	-0.813723249350117
ENSMUSG00000055538	0.186435382263607	6.68166918875899	3.44107597435821	0.000583707880560281	0.00324900358898891	-0.814006853610397
ENSMUSG00000038146	0.25850088809883	7.19007533037437	3.411391811892	0.000650967759388144	0.00356439561100359	-0.816579009888196
ENSMUSG00000004473	-0.119143905912601	7.3289042158173	-3.49882251268908	0.000471009954031632	0.00273093991062096	-0.819300966192354
ENSMUSG00000006024	-0.107035141419372	7.33609733354979	-3.48668909432055	0.000492853690570623	0.00283325443972006	-0.822167838463812
ENSMUSG00000026004	0.13907189229229	7.07677180917163	3.4032025536087	0.000670754016001837	0.00365287503223629	-0.824051066884976
ENSMUSG00000024271	-0.213867814051272	7.14394637145186	-3.42718294059544	0.000614338528251258	0.00339650338338914	-0.828577598736319
ENSMUSG00000030218	0.109702865149066	7.16634345255209	3.40340228223781	0.000670264864824163	0.00365173017489719	-0.830580504946294
ENSMUSG00000028766	-0.182362486455736	7.07775428459136	-3.40706999510499	0.000661341118110525	0.00361213096299666	-0.832690980110216
ENSMUSG00000029723	0.156069625928536	7.01907850815287	3.40221797437071	0.000673170183872552	0.00366450895935944	-0.834872662685085
ENSMUSG00000063765	0.102705298927388	7.32827082312545	3.43250599416794	0.000602429888688666	0.00333912451427266	-0.83737199442071
ENSMUSG00000044986	0.211020213485591	7.26630336305853	3.41447133090945	0.000643668773656338	0.00353181541689387	-0.838734858181653
ENSMUSG00000041702	0.204096077069438	7.38367377672822	3.44344633607765	0.000578626065214032	0.00323181418335414	-0.839230231756861
ENSMUSG00000052125	-0.107444448857269	6.96517781532702	-3.39740778376976	0.000685091236813346	0.00371909831507954	-0.844527416190975
ENSMUSG00000041235	0.156902702660819	6.86938790976023	3.40987889772476	0.000654581760855515	0.00357969273731011	-0.849405068364209
ENSMUSG00000021376	0.209844971122751	7.15069065604032	3.39698470197199	0.000686149093786418	0.00372277825770899	-0.852722940995105
ENSMUSG00000037242	0.190816196564591	6.88452744255402	3.4057148947604	0.000664625200941766	0.00362251171137785	-0.860572238959398
ENSMUSG00000096929	-0.131014559619929	7.05348465332935	-3.3948265280283	0.000691568978949693	0.00374752527831514	-0.860736350352681
ENSMUSG00000041930	0.162296776240763	6.99476858152902	3.39496419056727	0.000691222078054139	0.00374719645792331	-0.861820523165329
ENSMUSG00000020473	0.167590132485063	7.19475195941172	3.39606208169931	0.000688461246173897	0.00373377573939878	-0.862459210211091
ENSMUSG00000029344	0.091272260485459	7.51281873066849	3.53554978039085	0.000410270983396142	0.00242941480086634	-0.866459269244464
ENSMUSG00000032060	0.155273092960929	6.82678291393018	3.40578935519429	0.000664444353143006	0.00362251171137785	-0.86985509745203
ENSMUSG00000027799	0.201772973130508	7.33451064203829	3.42521937380499	0.000618786435652609	0.00341820760150378	-0.875551302264885
ENSMUSG00000039976	0.155824641556953	6.79246711517231	3.40620476060853	0.000663436265593063	0.0036205533927238	-0.876909169687242
ENSMUSG00000063550	0.150434868738843	6.93434842532587	3.39129558153522	0.000700522249980631	0.00378905711609339	-0.877392845105399
ENSMUSG00000070427	0.112969345249373	6.8049261948523	3.4016374922239	0.000674598483220062	0.00367075783138697	-0.878241049656149
ENSMUSG00000073565	-0.148973660800083	7.34629408241348	-3.48206473008978	0.000501424843797321	0.00287293394091664	-0.879113232711633
ENSMUSG00000025261	0.149571147824889	7.30672248248545	3.41491473610953	0.000642624120507322	0.00352756183886032	-0.880012210056887
ENSMUSG00000004947	-0.172136095965342	7.06701960687871	-3.39281916420326	0.00069664583131861	0.00377191365741243	-0.893132307733054
ENSMUSG00000049090	0.115042937399317	7.17120770162762	3.38429332454786	0.000718597136541376	0.00387314685533129	-0.893484943039776
ENSMUSG00000050732	0.13358562994935	7.20182291008107	3.38766341277956	0.000709844519814868	0.00383386322335654	-0.898417213213307
ENSMUSG00000057880	0.138127674081024	6.92965312398959	3.38484214615166	0.000717164962673202	0.00386861297540897	-0.9002687516634
ENSMUSG00000078771	0.194982982881868	6.9192756048695	3.3912336045156	0.000700680360377489	0.00378905711609339	-0.900780952631406
ENSMUSG00000048603	-0.120774445473757	7.22667485077948	-3.41621361954782	0.000639573050029436	0.00351376012210885	-0.903743447837932
ENSMUSG00000035198	-0.101218176791926	7.28217767377909	-3.42720128212289	0.000614297121329335	0.00339650338338914	-0.903855241840841
ENSMUSG00000034858	0.0743358412631112	7.41917561647965	3.45433245480183	0.00055581211121024	0.00313110678139607	-0.905119611555845
ENSMUSG00000096795	0.144884471962606	7.33249188566077	3.40755571971298	0.000660167644733512	0.00360722654626508	-0.908299404029564
ENSMUSG00000072919	-0.126211378669391	7.13567560969094	-3.38886025013219	0.000706760073037061	0.00382035626597903	-0.908397162713421
ENSMUSG00000054939	0.119389656001133	7.4221873044506	3.44557186113754	0.000574104225044386	0.00321341278934635	-0.909233914553378
ENSMUSG00000009828	0.189566673671145	6.78995044943969	3.40142841474612	0.000675113616584791	0.00367203467732783	-0.9126162938103
ENSMUSG00000035297	-0.1328367524498	6.86442763569943	-3.37898334511461	0.00073259167415255	0.00394046433771782	-0.913127888059809
ENSMUSG00000034390	-0.123029960799808	7.29185449041553	-3.43672501025555	0.00059314423153999	0.00329323336697267	-0.915735852567915
ENSMUSG00000081926	0.166340528904171	7.3304401407651	3.41267992828444	0.000647905386153559	0.00355357239862689	-0.918324241227681
ENSMUSG00000037270	0.173345387878606	7.40729651423334	3.44649001693109	0.000572161138935895	0.0032052775485446	-0.919665145605035
ENSMUSG00000027281	-0.191264862578656	7.19484258454792	-3.39964734008385	0.000679516752734038	0.00369444905597759	-0.922610776604841
ENSMUSG00000028576	-0.221381674040197	6.94435968981404	-3.37674784789754	0.0007385587654716	0.00396149028940604	-0.924902374628687
ENSMUSG00000008305	-0.137192674235607	6.91774431058868	-3.37445937900263	0.000744713999244293	0.00398601622162972	-0.926724960849632
ENSMUSG00000036353	0.102316024215374	7.43705958637062	3.44285920429055	0.000579880962962364	0.00323606204906363	-0.926967703183451
ENSMUSG00000000958	0.173364356278666	7.03542606238824	3.37353524984638	0.000747213085486928	0.00399314069364121	-0.927676144438029
ENSMUSG00000079109	0.142398177254138	7.44747407872876	3.46037327647746	0.000543516783208358	0.00307906608644042	-0.928877878929161
ENSMUSG00000003363	-0.180412838373673	7.185242502054	-3.41180590213551	0.000649981834079034	0.00356048626433586	-0.928910601956474
ENSMUSG00000000355	0.0747137507181774	7.31882591960312	3.41024955541803	0.000653694623414581	0.00357783027163198	-0.929550311123714
ENSMUSG00000069208	0.0979173851713044	7.45844533029056	3.45659303309682	0.00055118095857209	0.00310903106834373	-0.93396700292068
ENSMUSG00000024037	0.19429988532087	7.0573361391282	3.3709512548126	0.00075424228839651	0.00402415169100104	-0.935034480962927
ENSMUSG00000090841	-0.165685905371953	7.18606924532264	-3.39795186461246	0.000683733067505147	0.00371428768455493	-0.93722375661474
ENSMUSG00000025375	0.172224469713802	7.17184896175071	3.37220684707259	0.000750819083354893	0.00401049507926653	-0.937282258562263
ENSMUSG00000032440	0.234902660638474	7.06939309763879	3.36975146681247	0.000757526890197812	0.0040380871524714	-0.943399468954844
ENSMUSG00000030525	0.145675741561647	7.41375665356402	3.45972320096483	0.000544827654700376	0.0030814798419627	-0.945368213952908
ENSMUSG00000019948	-0.12121236699907	7.12627319938267	-3.37538297587537	0.000742224112220943	0.0039743141420027	-0.947372861646391
ENSMUSG00000058661	0.0652419916252747	7.53444172769584	3.51237438370281	0.000447682154602984	0.00261654230717066	-0.949832587563445
ENSMUSG00000044646	0.130445172207054	7.08376230389375	3.36504382255346	0.000770543537824205	0.00409437429997533	-0.95061133650959
ENSMUSG00000007613	0.173591192372576	7.41022184940409	3.41959594916265	0.000631691104549031	0.00347921747612786	-0.952296387875154
ENSMUSG00000032757	0.110627898896366	7.1378077226774	3.36419226486688	0.000772920166404269	0.00410343504402461	-0.954236725299252
ENSMUSG00000001018	0.109529683974023	7.45774768150653	3.44096947777547	0.000583937171164902	0.00324900358898891	-0.956525530491278
ENSMUSG00000028466	0.139656921487655	7.19587146783939	3.37573730774728	0.00074127093773716	0.00397083433586534	-0.956776223434052
ENSMUSG00000055737	0.203986354043561	7.13059688115441	3.36390482180634	0.000773723932160529	0.00410437346833292	-0.958598765576399
ENSMUSG00000029464	-0.113030753484453	7.13594734860647	-3.3712988937329	0.000753293048790895	0.00402206875806297	-0.959514415858542
ENSMUSG00000070436	0.141120898668205	6.63540919216601	3.39736955280069	0.000685186765656267	0.00371909831507954	-0.959900929183689
ENSMUSG00000026565	0.157823080469603	7.1132035198574	3.36192145596853	0.000779291129942563	0.004123880142768	-0.961674371047406
ENSMUSG00000003135	0.238956018136214	7.08802968868198	3.3634507977187	0.000774995083279808	0.00410945145010095	-0.965275513865117
ENSMUSG00000025869	-0.163244918722055	6.98285260695093	-3.36243352342073	0.000777850234057928	0.00411958546289903	-0.96825851951622
ENSMUSG00000025246	0.14164450078424	7.09956837412409	3.35850456217788	0.000788969480015105	0.00416667544669534	-0.972300146638905
ENSMUSG00000024661	0.14755446398874	6.956934281965	3.3645430178022	0.000771940420078489	0.00409989613779618	-0.972759174122294
ENSMUSG00000032766	0.158126212211796	6.87249339351305	3.37093089684813	0.000754297910916328	0.00402415169100104	-0.974475979788355
ENSMUSG00000039501	0.12606722043602	7.14266110651589	3.35990261766133	0.000784996077585187	0.00414903861435013	-0.975176988419479
ENSMUSG00000055254	0.203705118754923	7.1277981584832	3.35790674112827	0.000790674235129237	0.00417399479286773	-0.980546076467422
ENSMUSG00000021294	0.073029826712645	7.41029056572341	3.43009835661838	0.000607789341788268	0.00336598056797462	-0.980612218067495
ENSMUSG00000004530	0.131540726033136	7.2146762332861	3.36286845517438	0.000776628332044808	0.00411477868196302	-0.980909367779645
ENSMUSG00000042350	0.178893657540719	7.17856175058418	3.3630230318158	0.00077619449220427	0.0041141450574649	-0.982539557598258
ENSMUSG00000022311	0.216788193377204	7.12590246205776	3.35693457482233	0.000793453782523076	0.00418360729794286	-0.985807326333958
ENSMUSG00000002365	0.159014697414359	6.85198681910201	3.36816863137463	0.000761880469266804	0.00405469069253699	-0.988635634922372
ENSMUSG00000022300	-0.156531742569931	7.25632505642737	-3.38811117085848	0.000708689111724885	0.00382920257973677	-0.990430552262886
ENSMUSG00000028081	0.173301234582003	7.16469644564661	3.35593470050491	0.000796322011263638	0.00419366362488477	-0.991189509514241
ENSMUSG00000033805	-0.0967230734754514	7.36045912008525	-3.44999261809805	0.000564804727289812	0.00317085055303526	-0.996463103352932
ENSMUSG00000041669	0.195049306586579	6.9665264514672	3.35646269850562	0.000794806204691197	0.00418905105950771	-0.999150831330462
ENSMUSG00000053414	0.126024193508296	7.30640817486821	3.37722702772171	0.000737275927420105	0.00395915358563741	-1.00297251805272
ENSMUSG00000030321	-0.168127736629721	7.17358356359545	-3.3686313712137	0.000760605308479415	0.00404955050777247	-1.00384620187492
ENSMUSG00000026851	-0.168500774737675	7.09893760862107	-3.35462434088739	0.000800095468019404	0.00421014866049439	-1.0053067243682
ENSMUSG00000026843	0.0788757866573944	7.51619746955989	3.48141484562283	0.000502640470524809	0.00287863912515783	-1.0071130465809
ENSMUSG00000021589	0.198532933423866	6.74631566139367	3.37668626032146	0.000738723795191617	0.00396149028940604	-1.00731118495286
ENSMUSG00000021288	-0.142464367668611	7.18751816926002	-3.37602501107774	0.000740497834794351	0.00396831668159134	-1.00894290391146
ENSMUSG00000062825	0.119927430497389	7.41406233352113	3.43830668367205	0.000589697593408291	0.00327687644011093	-1.0094151966084
ENSMUSG00000022792	0.18043536886746	7.02742959124244	3.3474872829993	0.000820941173285134	0.00429395199386695	-1.00953443642052
ENSMUSG00000079557	0.15887902905477	7.19911638976251	3.34976572419803	0.000814232225408085	0.00426922807547666	-1.02268800416121
ENSMUSG00000024544	0.146685288720455	7.29978756416244	3.36999899421288	0.000756848160575633	0.00403611247179478	-1.02423514927671
ENSMUSG00000038797	-0.0985754922517392	7.18430663127628	-3.35724972858924	0.000792551725591152	0.00418053472660732	-1.02637581573403
ENSMUSG00000036580	0.16969174040256	6.90591506151053	3.35242308238502	0.000806471839517104	0.00423859065554313	-1.02809792221178
ENSMUSG00000035629	-0.124483775378242	6.73831555464018	-3.3539792442342	0.000801959250810237	0.00421826055106775	-1.02990978538128
ENSMUSG00000024695	0.165508124825321	7.1202796697448	3.34130652604769	0.000839399832223758	0.0043782560173201	-1.03006980969742
ENSMUSG00000004591	0.16817196937537	7.12025445468422	3.34080979512144	0.000840899899466819	0.00438433352601338	-1.03171486138634
ENSMUSG00000028246	0.184782440186561	7.42331945194289	3.42639419517145	0.000616121620676738	0.00340492370531864	-1.03175359463919
ENSMUSG00000020883	0.112992483867969	7.49827052396021	3.47944203568139	0.000506347521438166	0.00289606891684948	-1.03230217787882
ENSMUSG00000080645	0.123495925907214	7.22707954025875	3.34694785419819	0.000822537032600667	0.00430058100271882	-1.03272788112788
ENSMUSG00000025199	-0.126587580968073	6.86064007879923	-3.34494004297621	0.000828502324501764	0.00432859299047559	-1.03299688937551
ENSMUSG00000024053	0.146095591854974	6.87231017682646	3.34986608638609	0.000813937878879544	0.00426922807547666	-1.03580592955233
ENSMUSG00000085316	-0.158428041781454	7.13697977154668	-3.35285907662894	0.000805205163965917	0.00423363293439429	-1.03753244446574
ENSMUSG00000015659	-0.156581931341318	6.99922951950449	-3.33967327263144	0.000844341419933226	0.00439877352557334	-1.04147897734111
ENSMUSG00000022335	-0.164623466017296	7.12579780967377	-3.3485324452068	0.000817857313898739	0.00428295518142492	-1.04440977919367
ENSMUSG00000080454	-0.168114626261758	7.14219151841835	-3.35108863247714	0.000810360262987863	0.00425390399480237	-1.04474958870964
ENSMUSG00000074922	-0.0845054925449427	7.48700884289722	-3.48746820766658	0.000491423144088263	0.00282797847682658	-1.04513497179074
ENSMUSG00000033191	0.206043214450212	7.04629979339197	3.33764392301982	0.000850519040520343	0.00442215856969513	-1.04632348304857
ENSMUSG00000034336	-0.12436070458158	6.90330074143329	-3.33615377903512	0.000855081914274805	0.00444411767434924	-1.04809910315039
ENSMUSG00000038902	-0.12303295558423	7.02610235681524	-3.33420487155807	0.000861083810027763	0.004473535413049	-1.05508197336234
ENSMUSG00000030019	0.189152355020565	7.17432261623089	3.34190788371994	0.00083758712718956	0.0043722849558077	-1.05640013877745
ENSMUSG00000034614	0.135198711882893	7.32460034106482	3.36193035870729	0.000779266057556583	0.004123880142768	-1.06129988346052
ENSMUSG00000019647	0.180998403784484	6.93034767790793	3.33949323993592	0.000844887776988041	0.00439902372558649	-1.06577017471311
ENSMUSG00000067736	0.116946899845023	7.36817726349624	3.37749558474254	0.000736557864542203	0.00395692062477904	-1.06645525487788
ENSMUSG00000072294	0.15707847965338	7.41460365995899	3.40970202543521	0.000655005484119721	0.00358051432070789	-1.06754019635912
ENSMUSG00000020021	0.135802862222688	6.76575596986784	3.34975702168441	0.000814257753167218	0.00426922807547666	-1.06934158128859
ENSMUSG00000020422	0.181464922171816	6.70049376321961	3.36172675742743	0.000779839638106131	0.00412511537053958	-1.0717353388925
ENSMUSG00000057530	0.20934368754581	7.23027271202388	3.33894105489834	0.000846565575640089	0.00440335181417562	-1.07215946485539
ENSMUSG00000036327	0.105475100763977	7.35197338788151	3.38504604981944	0.000716633543355879	0.00386733979786281	-1.07219633723394
ENSMUSG00000041654	-0.089662091556395	7.30294304781787	-3.39145972356098	0.000700103665296922	0.00378905711609339	-1.07821079969859
ENSMUSG00000062960	0.225087082513833	7.12003233845775	3.32827654223603	0.000879581876604921	0.00455341146709096	-1.07981762146235
ENSMUSG00000036503	0.173060061196591	6.85508793516519	3.34151321016449	0.000838776402969833	0.00437674797436471	-1.07985357877862
ENSMUSG00000049299	-0.140530926477063	7.16978266499284	-3.34767412575375	0.000820389083450399	0.00429395199386695	-1.08075853671707
ENSMUSG00000014355	0.108087578010991	7.17916448189735	3.3296015298443	0.000875415846157058	0.00453719091761212	-1.08102394202024
ENSMUSG00000037214	0.150456705132174	6.97924678298899	3.32436195714137	0.000891997769475412	0.00460308821362716	-1.08718057337632
ENSMUSG00000027544	0.164306236133853	7.10868254312175	3.32482785788295	0.000890511598809081	0.0045990445173998	-1.09231491796507
ENSMUSG00000031561	0.188317186712188	7.22930846051517	3.33408954790439	0.000861440184777808	0.00447361162201946	-1.09301558072974
ENSMUSG00000024098	0.241954291418248	7.18158273296669	3.3238598406426	0.000893602038862149	0.00460954999715652	-1.09619263028976
ENSMUSG00000079478	0.126307130270188	7.37836548485407	3.37946551834075	0.000731310521998581	0.0039384275417546	-1.09663860036699
ENSMUSG00000054434	-0.134826603625807	7.29682380225061	-3.37351604579521	0.000747265100780703	0.00399314069364121	-1.09752228148307
ENSMUSG00000031155	-0.132176234523926	7.05504472486981	-3.32680809573296	0.00088422044545198	0.00457468056149268	-1.09808224184745
ENSMUSG00000001260	0.125300293663208	7.18110897891411	3.32353863714376	0.000894629691205161	0.00461260469831771	-1.1021628868926
ENSMUSG00000004837	0.127493062379137	7.34927273465446	3.35544995176247	0.000797716017904201	0.00419931568411813	-1.10263324159162
ENSMUSG00000029335	0.0864869798982708	7.38361807340993	3.39441874643827	0.000692597512833387	0.0037515459818017	-1.10491345251297
ENSMUSG00000021745	0.259412015214787	6.9951566439293	3.32125677756001	0.000901961830720266	0.00464352508367665	-1.10843761384823
ENSMUSG00000028082	0.180927460052677	6.92608019452491	3.32675256213994	0.000884396310811027	0.00457468056149268	-1.10890955649707
ENSMUSG00000033671	0.180500938876145	7.32796670812064	3.34921093249842	0.000815861125556044	0.004275922280136	-1.10900731456697
ENSMUSG00000048960	0.203351223444152	6.85657774966864	3.33016345052305	0.000873654585294987	0.00452985577452751	-1.11224979595921
ENSMUSG00000022141	0.13429885270127	6.87225426239208	3.32592637273088	0.000887016544529999	0.0045864220383044	-1.11367804890848
ENSMUSG00000068854	0.189248489282499	6.90419969726009	3.32452290936009	0.000891484090298319	0.00460225146300694	-1.1140860731507
ENSMUSG00000027878	0.145439587534022	7.14945858694736	3.31442781599224	0.000924239026213224	0.00473586588304639	-1.11799445022088
ENSMUSG00000030447	0.137780644793152	6.86154321552937	3.32827432014564	0.000879588878725408	0.00455341146709096	-1.11818605535192
ENSMUSG00000040761	0.138280003822302	7.29478890236878	3.33939900005597	0.00084517390370964	0.00439902372558649	-1.11931463778097
ENSMUSG00000090210	-0.120815128425375	6.73749058986582	-3.32250570351029	0.000897941871658933	0.0046264679196217	-1.119392219841
ENSMUSG00000022562	0.164713252351565	7.13189355307441	3.31443859076773	0.000924203478924491	0.00473586588304639	-1.12124101099552
ENSMUSG00000028273	0.150865378834253	6.81287543425839	3.33081262784315	0.000871623922396117	0.00452111742948097	-1.12131248594755
ENSMUSG00000007655	0.233055573446316	6.98669854120162	3.31914262451714	0.000908804771553358	0.0046695730255795	-1.12164378898684
ENSMUSG00000022847	-0.116327347488349	7.37044201776232	-3.40593045649976	0.000664101775052902	0.00362251171137785	-1.12212147229522
ENSMUSG00000025780	0.217285679383592	7.23896557179982	3.32178181485805	0.000900269847485405	0.00463663762520807	-1.12654214582024
ENSMUSG00000004460	-0.116399958166806	6.75940630726787	-3.32057588328419	0.000904160468804379	0.00465118619158622	-1.12986097530606
ENSMUSG00000046753	-0.151956995358739	6.96025014904302	-3.31103342727246	0.000935500820946294	0.00478982274064485	-1.13065085296967
ENSMUSG00000028226	0.153464101983364	7.40877996893692	3.37898667785599	0.000732582811782452	0.00394046433771782	-1.13377825574999
ENSMUSG00000062762	-0.117880342819235	7.1662579686097	-3.32570126178622	0.000887731723639	0.00458830782703584	-1.13441924482533
ENSMUSG00000045193	0.11654275418907	7.47983850178633	3.4176618372425	0.000636187088294009	0.00350103461956501	-1.13538242598696
ENSMUSG00000059495	0.151762946162993	7.293541676848	3.33189485907676	0.000868248371531181	0.00450717988901119	-1.13573086411846
ENSMUSG00000041920	0.143231181948328	7.22974939419658	3.31769164728009	0.00091352900709065	0.00469016539640423	-1.13824002742211
ENSMUSG00000027752	0.145840412468603	7.23104532226924	3.31797480340462	0.00091260529537438	0.00468726109338618	-1.13897216582975
ENSMUSG00000057604	0.183032246409247	7.32635681184842	3.34492206637163	0.000828555914614408	0.00432859299047559	-1.13962892490636
ENSMUSG00000014550	0.245590311710849	6.99567841045885	3.30974140655526	0.000939820760126055	0.00480630210608215	-1.14196928247232
ENSMUSG00000042613	0.174979694532141	6.93842352171818	3.31396882613996	0.000925754466574283	0.00474177522550489	-1.14577016829718
ENSMUSG00000024258	0.124598621216081	7.27214160851415	3.3234545607572	0.000894898864476549	0.00461260469831771	-1.14689438703792
ENSMUSG00000089265	-0.214522930858654	6.97989617920025	-3.31021376199528	0.000938239275671916	0.00480008933063569	-1.15328522564894
ENSMUSG00000024130	0.121733293081546	7.36975717589658	3.36869455514888	0.000760431347952539	0.00404955050777247	-1.15442196453303
ENSMUSG00000007338	-0.130718458661699	7.00198460754727	-3.30119647885414	0.000968859819878959	0.00492594670363314	-1.16280570843957
ENSMUSG00000065037	0.193712080615182	7.2556279911568	3.3151896068644	0.000921728905850304	0.0047267038133146	-1.16318438754901
ENSMUSG00000040616	0.136355176534241	7.40957870468872	3.35618020448894	0.000795616871017023	0.00419163624762771	-1.1745867413477
ENSMUSG00000020220	0.149271809844475	7.40644494677465	3.37381559623048	0.000746454133773068	0.00399314069364121	-1.17540901768486
ENSMUSG00000032517	0.208866942174581	6.92030415963147	3.30759491120092	0.000947038567490564	0.00483565870732701	-1.17584779183726
ENSMUSG00000023800	-0.139386381792995	6.93565618613687	-3.29509545470039	0.000990099719719313	0.00501252340702446	-1.18274281389239
ENSMUSG00000025453	0.156940400637299	7.03222632457131	3.29344750498003	0.000995910360750598	0.00503804422061315	-1.18306330343136
ENSMUSG00000023391	0.129642074794308	6.91937820916461	3.30125230877809	0.000968667419230673	0.00492594670363314	-1.18555631605379
ENSMUSG00000000001	0.195945029455458	7.00362541490988	3.29517529155278	0.000989819015396955	0.00501252340702446	-1.18682659818602
ENSMUSG00000024816	0.196633431052009	6.87439754230397	3.30455308183595	0.000957355022568792	0.00487355162535189	-1.18901288154961
ENSMUSG00000028636	0.0885132868000547	7.42526957201452	3.38522252828773	0.000716173895803434	0.00386645304901384	-1.1902164260154
ENSMUSG00000056310	-0.131546378053654	7.15265621505605	-3.30726894810007	0.000948139132801845	0.00483750488177777	-1.19100223658703
ENSMUSG00000043154	0.177978629153685	7.04694652574144	3.29200400003314	0.00100102606276526	0.0050561084929486	-1.1931872771618
ENSMUSG00000085793	0.147791021111884	7.1151251675378	3.29083858563061	0.0010051739688666	0.00507118982674431	-1.19370330853905
ENSMUSG00000018427	0.165443496533506	6.80497441819819	3.30708650647188	0.000948755636620494	0.0048387646258806	-1.19978347870018
ENSMUSG00000042772	-0.126996329507746	6.78915362038509	-3.29531816815071	0.00098931684891616	0.00501243660449318	-1.20005087299233
ENSMUSG00000048371	0.140037680657668	7.38684510686829	3.35202654882382	0.000807625477402023	0.00424295054179265	-1.20124371648952
ENSMUSG00000018166	0.178150227114313	6.89143460629801	3.29976341989611	0.000973810549390779	0.00494919554061494	-1.20474842287346
ENSMUSG00000047635	-0.172550936662462	6.88087538550986	-3.28895065403272	0.00101192722293446	0.00509936535899075	-1.20622178237274
ENSMUSG00000063800	0.114436976093205	7.30902717712727	3.3198662954642	0.000906457045813288	0.00466116875246958	-1.20698161202141
ENSMUSG00000030934	0.163512982655519	6.85323916113428	3.29649889921166	0.000985175971859941	0.00499851987123784	-1.20844189885075
ENSMUSG00000058966	-0.142178254369885	7.35313944169602	-3.37661252377594	0.000738921424284262	0.00396149028940604	-1.20858617168564
ENSMUSG00000001891	0.164930961803393	7.0028748239028	3.28748316175846	0.00101720552963127	0.00512005182388795	-1.21111400955652
ENSMUSG00000019872	0.165311437364845	7.14129291136017	3.28476950030545	0.00102703329077715	0.00515781771737786	-1.21307112022188
ENSMUSG00000034467	0.109014616223383	7.14222856525791	3.28268330372479	0.00103464831610783	0.00518391753723149	-1.21782128739425
ENSMUSG00000029594	0.173391627546026	6.93348763837709	3.28433557166498	0.00102861292847925	0.00516159465682268	-1.22146789349705
ENSMUSG00000021743	-0.0954074504461069	7.4137917261813	-3.40671623049133	0.000662197007021976	0.00361529742115584	-1.22268521907216
ENSMUSG00000028649	0.144847342741216	7.30524783653648	3.30745198041601	0.000947521005952159	0.00483623587131605	-1.22719622974144
ENSMUSG00000038668	0.188503075297326	7.03527345481613	3.28246798469345	0.00103543724105258	0.00518391753723149	-1.22737012640116
ENSMUSG00000022428	-0.115924173830303	7.34072648850617	-3.35877494339924	0.000788199578286531	0.00416428929738792	-1.22854036621537
ENSMUSG00000014039	-0.149604714834245	6.86977083211453	-3.28053677842489	0.00104253808016814	0.0052055333888487	-1.23532135502928
ENSMUSG00000035933	0.160532468758822	7.2183764473513	3.2883134481868	0.00101421601536854	0.00510696772046344	-1.23604835857638
ENSMUSG00000023236	-0.154189084185217	7.10653038299342	-3.29222751870597	0.00100023233590989	0.00505404930209662	-1.2376353860645
ENSMUSG00000049555	0.129778528462775	7.19194263773689	3.28443673808269	0.00102824444974786	0.00516159465682268	-1.23793672255789
ENSMUSG00000028927	0.186230659161162	6.92063416979011	3.28674410951107	0.00101987340861442	0.00512953617578948	-1.23869623125286
ENSMUSG00000029328	0.0825027315037454	7.44385853051546	3.36401343570722	0.00077342012818159	0.00410437346833292	-1.24004118627192
ENSMUSG00000021577	-0.146015894407084	7.04296553986392	-3.28112627377398	0.00104036580383254	0.00519971351375015	-1.24009719056816
ENSMUSG00000048482	-0.120041683237416	6.87836199576363	-3.27635125403042	0.00105808277408929	0.00527267923887523	-1.24218696061953
ENSMUSG00000042129	0.175208501458491	6.99274318256196	3.27840385240289	0.00105043298515288	0.00524095603720329	-1.24311690112447
ENSMUSG00000000148	0.0886934446742531	7.45067794626603	3.36943696011981	0.000758390095117545	0.0040410431930317	-1.24397831159413
ENSMUSG00000026634	0.0844135534579351	7.34829277939196	3.32071992919572	0.000903694924157677	0.00465061868988691	-1.24450960265805
ENSMUSG00000039904	0.200893140927596	6.9172497271672	3.28355667062091	0.00103145401821103	0.00516990658744979	-1.24986613328804
ENSMUSG00000027882	0.168855209164438	6.88673600897247	3.28562120366445	0.00102393934845802	0.00514800842934425	-1.2511550132972
ENSMUSG00000039068	0.163964586907507	7.2931081096195	3.29543488009447	0.000988906818098537	0.00501229890148899	-1.25331354855811
ENSMUSG00000063146	-0.130139043804579	6.73683720298575	-3.28475877199143	0.0010270723181488	0.00515781771737786	-1.25433983205778
ENSMUSG00000097119	-0.231873003717538	6.9507887592814	-3.27525105491281	0.00106220427599399	0.00528960760034742	-1.2550616575126
ENSMUSG00000020130	0.175544779901412	7.15734166315147	3.27236011765354	0.00107310504880871	0.00532767967349401	-1.25557114435038
ENSMUSG00000022557	-0.158857002408706	7.1176320831078	-3.28837282207938	0.00101400254677081	0.00510696772046344	-1.25896646565948
ENSMUSG00000078768	0.157460124823824	7.37415819926848	3.32514849747425	0.000889490128882888	0.00459558199184482	-1.26322148799543
ENSMUSG00000030516	0.169434028651373	7.10682177969629	3.2681763389664	0.00108906408901504	0.0053864854754004	-1.26496384060011
ENSMUSG00000031970	0.150973843406577	6.96695964787943	3.26671006191427	0.00109470897173374	0.00540827541808987	-1.26967974188351
ENSMUSG00000035901	0.195409605616112	6.92629248785437	3.27410260942676	0.00106652235969129	0.00530452507285998	-1.27305859836232
ENSMUSG00000036814	0.161628726402157	7.19349472776648	3.27402346360183	0.00106682054054692	0.00530452507285998	-1.27406588655445
ENSMUSG00000021890	0.149514810349164	7.16427550149617	3.2679041374218	0.00109010997248731	0.00538962226578695	-1.27413570392636
ENSMUSG00000020170	0.210944031175794	7.30112198790561	3.28389371632107	0.00103022373276426	0.00516769697676231	-1.27642007663521
ENSMUSG00000002885	0.179048996618405	7.03941191943579	3.26562923670037	0.00109888725495622	0.00542277871914315	-1.27659563673301
ENSMUSG00000020803	0.130889126564628	7.02491167690577	3.26357440377186	0.00110687159389919	0.00545601013077114	-1.27732822694048
ENSMUSG00000063160	-0.15064069564045	7.15621376392581	-3.29061300320717	0.00100597869084781	0.00507329469205685	-1.27762193806769
ENSMUSG00000029461	0.169481961483859	7.30085175773041	3.28928983698931	0.00101071085613026	0.00509519696898629	-1.27943233965909
ENSMUSG00000028990	0.156584625416709	6.94528578298341	3.26819160072174	0.00108900547606977	0.0053864854754004	-1.27950971875874
ENSMUSG00000026112	0.14169102011627	7.28850965316671	3.29315821964211	0.00099693362818964	0.00504127271543406	-1.27974913015583
ENSMUSG00000022500	0.168852133711485	7.01127481798716	3.26602862005575	0.00109734159260947	0.00541719311102683	-1.28115650262331
ENSMUSG00000030089	0.0856336876229298	7.59328100625745	3.47875314956319	0.000507647982160939	0.002902239031638	-1.28289007673394
ENSMUSG00000062209	0.159319623099298	7.30992302538129	3.29098514171105	0.00100465147765641	0.00507050776618263	-1.28725493969303
ENSMUSG00000021846	0.174532188244761	6.82178039619505	3.28106859319517	0.00104057817033497	0.00519971351375015	-1.28746880822158
ENSMUSG00000050321	0.154804310568128	7.15260346541138	3.26618846575834	0.0010967235339455	0.0054161842725064	-1.28772459460363
ENSMUSG00000049225	-0.166921861967245	6.62636362932145	-3.28214322479535	0.00103662820866107	0.00518393296707058	-1.28840230185852
ENSMUSG00000004698	-0.130368637418983	7.43078604201389	-3.38446855149051	0.00071813958562972	0.00387227489912039	-1.2885712906666
ENSMUSG00000025241	0.125620275790316	7.30055112498937	3.28483997320851	0.00102677695916218	0.00515781771737786	-1.29507910546411
ENSMUSG00000049521	0.163907545378415	7.02340500648929	3.26069614266408	0.00111814572238098	0.00549915995394884	-1.29572314657127
ENSMUSG00000068551	0.144560299190093	7.08312705306323	3.2574992921974	0.0011307921926727	0.00555375300865294	-1.2970433293812
ENSMUSG00000029174	0.174319088982772	7.00217847871238	3.25726179538804	0.00113173696823487	0.00555375300865294	-1.30026122724665
ENSMUSG00000098475	0.164350696309985	7.38945370753435	3.31954252218515	0.000907506731829379	0.00466473424935619	-1.30148845428178
ENSMUSG00000028864	0.152483907024178	7.18869969491166	3.26405229403413	0.00110500991087813	0.00545093811349528	-1.30182562458213
ENSMUSG00000034055	0.152611167349771	7.15526401488646	3.25712292652002	0.00113228973446729	0.00555375300865294	-1.30487619845914
ENSMUSG00000050552	-0.159250723011242	7.1428950681888	-3.26908785460154	0.00108556851625584	0.00537528858351796	-1.30513218030175
ENSMUSG00000057110	0.0878111300228559	7.40170421033403	3.31576768751572	0.000919828333629229	0.00471880585574995	-1.30650739416747
ENSMUSG00000028013	-0.127074031777243	7.26441670903747	-3.30874075175562	0.000943179196556084	0.00481783146364114	-1.31085203726548
ENSMUSG00000039633	-0.10917951469717	6.83572955170462	-3.25707617123863	0.0011324758995988	0.00555375300865294	-1.31145286376395
ENSMUSG00000022407	0.0801918942553845	7.48053815029686	3.38334001623654	0.000721091155890197	0.0038849898818578	-1.3117395631971
ENSMUSG00000020642	0.108781456594579	7.1576928544078	3.25438164441201	0.00114325261670503	0.00559949990942843	-1.31340251435881
ENSMUSG00000031545	-0.140498494596554	6.90139133278025	-3.25186006714596	0.00115342343406824	0.00563876758731196	-1.32104354395488
ENSMUSG00000002846	-0.236899185695751	7.12466034710028	-3.27026398260415	0.00108107351810003	0.0053611418556688	-1.32238181718494
ENSMUSG00000051705	-0.166169627953275	7.03012983455887	-3.25257476181229	0.00115053224090979	0.00562883710687254	-1.32251996271955
ENSMUSG00000027652	0.157029832508766	7.43207640860457	3.3393253855239	0.000845397471247754	0.00439902372558649	-1.32547974282182
ENSMUSG00000040242	-0.166512213075603	6.65576924422639	-3.27106593463154	0.00107801844924774	0.005350044555554	-1.32611185995674
ENSMUSG00000062519	0.148244919376849	7.2953308286888	3.27747315215179	0.00105389522883189	0.00525622717556843	-1.32672269426009
ENSMUSG00000000594	0.133304767876675	7.28088600875939	3.26838628441764	0.00108825804712516	0.0053864854754004	-1.32672553762788
ENSMUSG00000030701	0.174566746675901	6.87904913014177	3.26231766226194	0.00111178124717089	0.00547196995788018	-1.32719836394699
ENSMUSG00000030435	-0.1832988159963	7.01053136750123	-3.24977624665536	0.00116189161290024	0.00566746832939268	-1.33325253008926
ENSMUSG00000036381	0.185274366398117	7.19113583340977	3.2508974192634	0.00115732830288106	0.00565152634886939	-1.33464903529227
ENSMUSG00000014769	-0.116210330056286	7.16185324140606	-3.26392054539637	0.00110552286527344	0.00545141444525798	-1.33465993740779
ENSMUSG00000040990	0.197488651495887	6.78384172750186	3.26991477432779	0.0010824063430524	0.00536368805573127	-1.3366324161726
ENSMUSG00000040842	0.145957267950811	6.85345462688108	3.25703500840872	0.00113263982073811	0.00555375300865294	-1.33796660863503
ENSMUSG00000097431	0.0939638147470365	7.52797220395098	3.39866936702053	0.000681945819663419	0.00370611650935388	-1.34257085287412
ENSMUSG00000033705	0.137579506952808	7.32845591990947	3.27055305055312	0.00107997137988685	0.00535770568604722	-1.35287806884633
ENSMUSG00000035104	0.177461211440008	7.16412142712939	3.24594619155965	0.00117760616601386	0.00573739870595677	-1.35395561511972
ENSMUSG00000047669	0.147709559420448	7.30196632620261	3.28230569385227	0.00103603223966851	0.00518393296707058	-1.35467632591475
ENSMUSG00000103034	-0.153404681021934	7.10339404640214	-3.25410535535512	0.00114436297353519	0.00560284220251412	-1.35476552877627
ENSMUSG00000042804	0.158870758971513	6.86733272958426	3.251202637563	0.00115608889929479	0.00564935324064042	-1.35709257910202
ENSMUSG00000068859	0.123794683326454	6.67231840615216	3.273490076785	0.00106883208098864	0.0053125093410415	-1.35895339154744
ENSMUSG00000062981	-0.163565039899635	6.94873893136073	-3.23938287373476	0.00120499268798987	0.00585371587056154	-1.36048619635885
ENSMUSG00000031441	0.133194615919375	6.77463378035458	3.260305450462	0.00111968422098761	0.00550465858849785	-1.36316795769341
ENSMUSG00000020358	0.168890972756079	7.05595153980478	3.23670658657871	0.00121632791192639	0.0059065894002004	-1.3654129816075
ENSMUSG00000049112	0.0978543344818021	6.98014226891872	3.23537762706713	0.00122199315744918	0.00593190004350193	-1.3666479472401
ENSMUSG00000028673	0.0919380884601271	7.34961669559291	3.28365268980656	0.00103110339016424	0.00516990658744979	-1.36880640865382
ENSMUSG00000070167	0.204270560939793	7.35811634034941	3.2821505723828	0.00103660124939122	0.00518393296707058	-1.37690527020961
ENSMUSG00000031012	0.149152192964398	7.46583299264481	3.33176958699066	0.000868638482040169	0.00450741775936183	-1.37916085360381
ENSMUSG00000022013	-0.13792902576741	6.95398683586249	-3.23260217800128	0.00123390337136794	0.00598306034738853	-1.37951940022625
ENSMUSG00000034731	0.155052786427366	7.39800197924806	3.30909724246575	0.000941981455478085	0.00481359141885991	-1.38210287510202
ENSMUSG00000069769	0.21421397814562	7.11262634791083	3.2321192604092	0.00123598662311092	0.00598872571049895	-1.38324022370496
ENSMUSG00000049969	0.137971037433224	7.06976404299031	3.2290787602412	0.00124917779780304	0.00603860289116633	-1.38676247867549
ENSMUSG00000003526	0.106939243077553	7.39372793742789	3.29184569550899	0.00100158856344048	0.00505699863963082	-1.38770726619497
ENSMUSG00000086774	0.115640354731745	7.53114327018716	3.37932855614904	0.000731674223786415	0.00393876601061338	-1.39454460208703
ENSMUSG00000025190	-0.12464429872231	7.13608877825237	-3.25474887674359	0.00114177831683383	0.00559437190269031	-1.39541799921788
ENSMUSG00000042116	0.20397505669358	6.7783873938495	3.2501947448108	0.00116018633202897	0.00566337041719732	-1.39640694420117
ENSMUSG00000045282	-0.173905356591288	6.91814701339082	-3.22791935354548	0.0012542420253583	0.00605477013126505	-1.39765770011818
ENSMUSG00000049922	0.100998120888621	7.38071358486593	3.29271219204916	0.000998513236312057	0.00504731092270172	-1.39799395138046
ENSMUSG00000090327	-0.0563887986301843	7.46079338788197	-3.36709101450448	0.000764857731265357	0.00406888151878345	-1.39864376359994
ENSMUSG00000026787	0.145692290755896	6.50641158656386	3.27488974362838	0.00106356103658154	0.00529336295928511	-1.40117547620588
ENSMUSG00000047259	-0.144895071604469	7.13567692706406	-3.24792064426702	0.00116948070267706	0.00570236177260634	-1.40135546833536
ENSMUSG00000051037	0.0801442445574994	7.36088571499712	3.27320526024505	0.00106990763506877	0.00531583709993183	-1.40231149426663
ENSMUSG00000037960	0.185415139006587	7.23666361794903	3.2292198388555	0.00124856286435706	0.00603848726271248	-1.40720682438169
ENSMUSG00000001445	-0.0691791504336381	7.44941326770133	-3.35113669002165	0.000810219927673419	0.00425390399480237	-1.41092800084078
ENSMUSG00000036661	0.178299533434084	7.32401907275129	3.2609127220578	0.0011172937014659	0.00549703462592692	-1.41133182423459
ENSMUSG00000036561	0.110327650613081	7.49805602465516	3.3736510977752	0.000746899375944301	0.00399314069364121	-1.41298019956606
ENSMUSG00000027776	-0.0930788359196244	7.38532463859001	-3.33973434447393	0.00084415615566626	0.00439877352557334	-1.41305531733652
ENSMUSG00000029669	0.143350280227826	7.12407646813113	3.22040959197911	0.00128750614700866	0.00619934920067575	-1.4149945287378
ENSMUSG00000055148	0.210842826277531	6.95641224233667	3.22583368195972	0.00126339989347749	0.00609223992832681	-1.41563608150093
ENSMUSG00000045252	0.116901926183625	7.36073063319683	3.28249152301936	0.0010353509699612	0.00518391753723149	-1.41728756623602
ENSMUSG00000064437	0.15416135704183	7.29573392994949	3.2625488302396	0.00111087664504489	0.00546957391385019	-1.41953264537567
ENSMUSG00000039488	0.196485495006321	7.2978723745899	3.25341293281599	0.00114715007930824	0.00561438835076767	-1.425747809212
ENSMUSG00000051065	-0.153292830000823	7.27370643376033	-3.29934385013536	0.000975264448205522	0.00495466129449232	-1.42827281238289
ENSMUSG00000020412	-0.113211595414337	7.01106585947283	-3.21620219577347	0.00130649675113865	0.00627924209467959	-1.42931445788519
ENSMUSG00000097440	0.183023611866517	7.12983249746318	3.21857746843833	0.00129574411806699	0.00623672132122539	-1.42989888955873
ENSMUSG00000046111	0.125902791537509	7.44389195893065	3.30536901665441	0.000954577584324811	0.0048646670821255	-1.43045183453386
ENSMUSG00000025959	0.151993043582884	7.32078998692635	3.24585540398527	0.00117798103587013	0.00573739870595677	-1.43051103010642
ENSMUSG00000039529	0.167305481923053	7.13931260050155	3.21455885019771	0.00131398416308992	0.00631291033510943	-1.43468393294793
ENSMUSG00000018425	0.191054485349417	6.85467472588617	3.2292473444401	0.00124844300559302	0.00603848726271248	-1.43736285343453
ENSMUSG00000001173	0.150053295538346	7.37293042574655	3.27898783046148	0.00104826594042386	0.00523213789250063	-1.44206432059634
ENSMUSG00000062300	0.139260922056216	7.22420739086355	3.22669702697618	0.00125960161163517	0.00607616223269259	-1.44291888472806
ENSMUSG00000034274	-0.179546625401501	7.12401387111589	-3.22765659681521	0.00125539236543577	0.00605808951282161	-1.44319616076256
ENSMUSG00000044167	0.137447611809163	6.57343704554853	3.25792152947884	0.00112911430992851	0.00554893564023427	-1.44495394259327
ENSMUSG00000027374	-0.132506157856517	7.20743401867698	-3.23984952894158	0.00120302622543887	0.00584850328386399	-1.44539276440608
ENSMUSG00000040964	0.132018323912527	7.51740034228074	3.36502786425302	0.000770588013683104	0.00409437429997533	-1.44761326847804
ENSMUSG00000052889	0.15003546188268	7.40399888752121	3.29424913713951	0.000993079886942766	0.00502566752217035	-1.44851552320661
ENSMUSG00000045731	-0.115003195010769	6.9222884644774	-3.21168109548369	0.00132719127263163	0.00636750809212007	-1.44913856628258
ENSMUSG00000027340	0.131988604543629	7.39857902773688	3.29614199465183	0.000986425956353108	0.00500166096846433	-1.45062344997161
ENSMUSG00000024667	-0.102443661331661	7.03968521850286	-3.21181022123728	0.00132659604975774	0.00636750809212007	-1.45134257677771
ENSMUSG00000091625	0.110571161579136	7.31642927899714	3.24253019471165	0.00119178735557311	0.0058003271595402	-1.452793252055
ENSMUSG00000027401	-0.0978666818734935	7.46295113837947	-3.36554417600817	0.000769150258881083	0.00409005491034571	-1.45920953921524
ENSMUSG00000064057	0.190731463639942	7.28726877255564	3.22890369238593	0.00124994127248714	0.00603860289116633	-1.46085629270858
ENSMUSG00000003352	-0.116907584599919	7.35407046762723	-3.31058595043731	0.000936994895991551	0.00479559702045402	-1.46179387801647
ENSMUSG00000086118	-0.170894375837234	7.00464619493017	-3.21128720900619	0.00132900846945041	0.00637339885789187	-1.46468425915689
ENSMUSG00000084786	-0.142436564995448	7.20761941870155	-3.24382453090263	0.00118639557239866	0.00577623311039171	-1.470261637598
ENSMUSG00000032314	0.139100088207549	7.17767209859535	3.20597539371869	0.00135373988946178	0.00647066908829266	-1.47117097353694
ENSMUSG00000097059	0.147778442194172	7.09898023663172	3.19979213845516	0.00138306322969189	0.00659397807834166	-1.47935138552757
ENSMUSG00000066647	0.138726051036972	7.4020736972283	3.27626585590265	0.00105840215702445	0.00527267923887523	-1.48428681864467
ENSMUSG00000055720	-0.100285696114236	7.20711467652805	-3.22889699150217	0.00124997050374738	0.00603860289116633	-1.48768987531565
ENSMUSG00000030093	0.0924560463947408	6.65002301881931	3.23213629535874	0.00123591308102057	0.00598872571049895	-1.48798725073579
ENSMUSG00000001507	0.109758116105117	7.40472211600598	3.28722078471899	0.00101815193473523	0.00512284593756863	-1.4884918448969
ENSMUSG00000018965	-0.108209595439515	7.36033158468741	-3.29684519885018	0.000983964531345133	0.00499692150673797	-1.49341901089438
ENSMUSG00000040502	0.135320134174944	7.51566975173819	3.3475625355477	0.000820718772834702	0.00429395199386695	-1.49395975369752
ENSMUSG00000032491	0.134775527871849	7.08417164570776	3.1934590800815	0.00141370346153559	0.00672048137923891	-1.49771070856525
ENSMUSG00000031799	0.146638207589247	6.89971650800722	3.20424856409496	0.00136187090067009	0.00650478432381349	-1.4985071524792
ENSMUSG00000020023	0.194509895185124	6.72243563229815	3.22841098131456	0.00125209231001662	0.006046622103555	-1.49933332605295
ENSMUSG00000027635	0.229076163429805	7.25296057696663	3.20549236124018	0.00135600978908898	0.00647915334261055	-1.50318639922074
ENSMUSG00000081520	0.0942256907323689	7.36202089854118	3.24735374137535	0.00117180835790486	0.00571158414806047	-1.5071543091315
ENSMUSG00000032855	0.131327904073591	7.40089190833114	3.27308016163165	0.00107038036203382	0.00531616832312094	-1.50846191281047
ENSMUSG00000040688	0.106072741326088	7.32461418192269	3.24078569584466	0.00119909020175964	0.00583153377467948	-1.50898037076677
ENSMUSG00000026675	0.127513533308483	7.49453748461382	3.32864631975422	0.000878417375205194	0.00455094589481061	-1.50904814295298
ENSMUSG00000061607	0.113859393887279	6.93075501884779	3.19560032441803	0.0014032744591269	0.00667850405771745	-1.50934589704898
ENSMUSG00000020807	-0.145087770574277	7.07257558533915	-3.19581757353911	0.00140222031451169	0.00667841259977099	-1.50981083405791
ENSMUSG00000058444	0.0862271745491743	7.52837379127024	3.36139475508243	0.000780775787861516	0.00412839927895112	-1.51160534467459
ENSMUSG00000029038	-0.11389078642565	7.30386750236826	-3.25234435536524	0.00115146358397625	0.00563128921980464	-1.51205659214791
ENSMUSG00000063796	0.16680533840321	7.21721219988869	3.1962934437628	0.00139991383011535	0.00667188637199497	-1.51255803664391
ENSMUSG00000020930	0.0907247427966009	7.47701758293314	3.30452881788234	0.000957437731469985	0.00487355162535189	-1.5158735147891
ENSMUSG00000028868	0.204901675794708	6.97084713128806	3.19558623380274	0.00140334285539113	0.00667850405771745	-1.51776412032048
ENSMUSG00000042348	0.0849665182123438	7.47846651500936	3.30928777199086	0.000941341890547811	0.00481220149592032	-1.51855140502069
ENSMUSG00000023707	-0.176815133422477	7.15716109040396	-3.21673910475933	0.00130405903498778	0.00626982772165258	-1.51955918142384
ENSMUSG00000022515	-0.169845683933215	7.17634892079608	-3.21165887293731	0.00132729373536478	0.00636750809212007	-1.52078177478287
ENSMUSG00000038650	0.125028406965434	7.42769661579544	3.26962378895722	0.00108351810936608	0.00536716575399949	-1.52087783362485
ENSMUSG00000028212	0.0753568175065471	7.58075285631513	3.37871363363014	0.00073330921674034	0.00394270401049878	-1.52296962710855
ENSMUSG00000045205	0.117278248973334	7.4294165213601	3.26327031366564	0.00110805772592749	0.0054598011847357	-1.52461524439726
ENSMUSG00000075600	-0.14891865524077	7.08536590356005	-3.19318137867426	0.00141506123945399	0.00672449428200787	-1.52872234120925
ENSMUSG00000043251	0.212367860201741	7.25564361503968	3.2207396740804	0.00128602711477834	0.00619450588177999	-1.5320422949801
ENSMUSG00000032897	-0.129604234992346	7.2933477625139	-3.23189703371438	0.00123694637502936	0.0059911586910412	-1.5334102606013
ENSMUSG00000050121	0.147286243878251	7.18471751964937	3.18288088278404	0.00146628166715615	0.00693266868414889	-1.53827492101089
ENSMUSG00000025825	-0.109642131351833	7.35780302003325	-3.28061730535265	0.00104224109298697	0.0052055333888487	-1.53968413812004
ENSMUSG00000024234	0.104731864133353	7.4190333286052	3.27004583646987	0.00108190593941344	0.00536323837894767	-1.54083197863649
ENSMUSG00000026181	-0.144645796029313	6.96764315440604	-3.18191241167248	0.00147118437192878	0.00694832099469392	-1.54155979852872
ENSMUSG00000044340	0.17002724614335	6.75395625997207	3.20650325483455	0.00135126333759985	0.00646355119322516	-1.54158370881597
ENSMUSG00000049551	0.113341943789684	7.13149330781615	3.17943308986408	0.00148380441509601	0.00700519107377916	-1.54492330910964
ENSMUSG00000022272	0.13729917464562	6.95744582382136	3.1851925862391	0.00145463991562643	0.0068850852405572	-1.54576811975159
ENSMUSG00000033916	-0.123506337841758	7.10409254546192	-3.18452435102911	0.00145799636564729	0.00689598570052539	-1.54600410980528
ENSMUSG00000004994	-0.115507206027173	7.20336136238983	-3.20059425515784	0.00137922649053704	0.00658047857657105	-1.54640074912157
ENSMUSG00000032470	-0.124566359562064	7.16764061314656	-3.20768992619746	0.00134571111905822	0.00643934574952859	-1.54782270954284
ENSMUSG00000027962	0.136023780547077	6.99331587105829	3.17923229690454	0.00148483083025796	0.00700519107377916	-1.55401656336879
ENSMUSG00000040771	0.0915033865960302	7.43223503508364	3.25111324279748	0.00115645177856067	0.00564935324064042	-1.55449529422715
ENSMUSG00000027223	0.164952539486336	6.90046055173798	3.18266765042288	0.00146735982157085	0.00693526165487568	-1.55831287683641
ENSMUSG00000074884	0.150828324361064	7.04499555578683	3.17251749777928	0.00151953478258809	0.00712991799042746	-1.56379761925234
ENSMUSG00000038828	-0.159480943786693	7.26211277035284	-3.23463740445346	0.00122515922670717	0.00594286202150808	-1.56595828222199
ENSMUSG00000020929	-0.0995814671461668	7.03422888421172	-3.17243193974579	0.00151998175307692	0.00712991799042746	-1.57143325462164
ENSMUSG00000046671	0.111836802532907	7.35190999568074	3.20788314899025	0.00134480906045341	0.00643738216433495	-1.57203755248181
ENSMUSG00000065265	0.148594252052639	7.30343415562512	3.19302316643316	0.00141583533129948	0.00672573155202204	-1.57243091816751
ENSMUSG00000082305	-0.146319971762872	6.97334682003975	-3.17023838537201	0.00153148272264131	0.00717615311554047	-1.57701326932693
ENSMUSG00000021275	0.101056660558315	7.51857022279215	3.34387957321186	0.000831669201918202	0.00434312452792704	-1.57718210742882
ENSMUSG00000045983	-0.153892719452727	6.99916630443388	-3.16991488287172	0.00153318563814655	0.00718156220916445	-1.57848229522605
ENSMUSG00000021665	0.187595381631464	7.19164092487024	3.17301197204848	0.00151695393208275	0.00712741837045847	-1.57889768104822
ENSMUSG00000023010	0.157969127547459	6.93792198318203	3.17261055154731	0.0015190487905263	0.00712991799042746	-1.57893561728357
ENSMUSG00000034235	0.0961113311400243	7.0048951677816	3.16847265136533	0.00154079878282412	0.00720948451205623	-1.58082898763453
ENSMUSG00000072694	-0.132423519093837	7.23989562811329	-3.21099435823697	0.00133036102567437	0.00637754908389926	-1.5837983714458
ENSMUSG00000018459	0.154401028457732	7.21495903438083	3.17662570854006	0.00149821473032346	0.00704548392578834	-1.58422266662915
ENSMUSG00000025019	0.149839468440158	7.30069423775237	3.19406926925317	0.001410724255716	0.00670875479688846	-1.58721313390263
ENSMUSG00000026553	-0.159447244264955	7.15036631858702	-3.18885482748075	0.00143637115933893	0.00680846170096496	-1.58919169985287
ENSMUSG00000042272	0.0740818525596225	7.58745277175938	3.37781752025229	0.000735697935548342	0.00395392338760217	-1.5893476578709
ENSMUSG00000024587	-0.140666284166142	6.98147613352209	-3.16607137795462	0.00155355174923833	0.00726137076080977	-1.59058662621778
ENSMUSG00000041153	0.1617018676924	6.99632193915123	3.16532146826883	0.00155755433742404	0.00727229008044061	-1.59429096777478
ENSMUSG00000020657	0.0863381701325947	7.57225271863638	3.37675077880671	0.000738550912677835	0.00396149028940604	-1.59551375656023
ENSMUSG00000095930	0.0968840244523026	7.30293324859054	3.18946578647309	0.0014333441164362	0.00679986138367906	-1.59823376070425
ENSMUSG00000030397	0.1157180262246	7.2975383416968	3.19580044299523	0.00140230340946918	0.00667841259977099	-1.59849630292687
ENSMUSG00000005981	-0.142504739647224	7.26757755836429	-3.21025664584354	0.00133377384617792	0.00639156925115716	-1.59914763425663
ENSMUSG00000045377	0.139309929521287	7.33170069580735	3.2036503219846	0.00136469829776271	0.00651591178494143	-1.60335678090118
ENSMUSG00000091754	0.1473219962409	7.43844290339729	3.25552983592104	0.00113864890139113	0.00558112744927467	-1.60452870108682
ENSMUSG00000053656	0.134171638689007	7.09774546572957	3.16175690146546	0.00157671015504683	0.00735648230572812	-1.60473325433262
ENSMUSG00000040410	0.0676581247081707	7.56794242715104	3.35764737476747	0.000791414911131058	0.00417622088533971	-1.60560172388862
ENSMUSG00000055945	0.204287923549538	6.95415889568047	3.1681900390394	0.00154229469045764	0.00721390571185119	-1.6066179288617
ENSMUSG00000042548	0.140453559166308	7.41181987000292	3.23952192811378	0.00120440640910017	0.0058530396094801	-1.60835533021299
ENSMUSG00000087478	0.120584286218539	7.29348793064933	3.1819899885517	0.00147079109740551	0.00694832099469392	-1.60897234676011
ENSMUSG00000033540	0.0888803830376466	7.51043693377376	3.29644248415212	0.000985373456285232	0.00499851987123784	-1.61032851107754
ENSMUSG00000035762	0.0864024005934585	7.50408590087746	3.2964278555471	0.00098542467061296	0.00499851987123784	-1.61078523446477
ENSMUSG00000073016	0.186190224617802	6.93391763374789	3.15991399419394	0.00158669871660563	0.00739190624147079	-1.61496345510789
ENSMUSG00000075020	-0.122078988841793	6.98131710884077	-3.15621122734776	0.00160694410016026	0.00745767889376042	-1.61677624780133
ENSMUSG00000026792	-0.1415786306928	7.23014396610242	-3.19271236047567	0.00141735716223413	0.00673051866810634	-1.61679125156561
ENSMUSG00000039901	-0.119459295190078	7.35540040709951	-3.25732734935372	0.00113147611799564	0.00555375300865294	-1.62003110906354
ENSMUSG00000055407	-0.132104128881842	7.13529297262369	-3.17772594987227	0.00149255188193766	0.00702895296342731	-1.62062534811736
ENSMUSG00000095868	0.187658595113748	6.91171288284336	3.159102995895	0.00159111276582709	0.00740784080021632	-1.62370709443719
ENSMUSG00000033444	0.0943975462123241	7.39764783742026	3.21674387731753	0.00130403738508577	0.00626982772165258	-1.62400760469027
ENSMUSG00000040164	0.116564569608189	7.49950480333607	3.31644376563805	0.000917610180779441	0.00470927184898646	-1.62720812839284
ENSMUSG00000055980	0.162455206952994	7.26731009058794	3.17131082533453	0.00152584986004121	0.00715311673797078	-1.62872590513274
ENSMUSG00000076432	0.126772499791914	7.18518276933055	3.15766690053228	0.00159895680290037	0.007431147484406	-1.62937877947932
ENSMUSG00000023994	-0.112148995831609	7.04791938019764	-3.15211889475973	0.00162959600261317	0.00754675304782865	-1.62998829680487
ENSMUSG00000032026	-0.152510602636206	7.05938157232588	-3.1541250503191	0.00161845504243988	0.00750046492588423	-1.630121529754
ENSMUSG00000084159	-0.125201660050886	6.83459105084564	-3.15632390912673	0.0016063245044877	0.00745744695487695	-1.63070524516114
ENSMUSG00000057858	0.149840366794883	7.30709674745239	3.1691737705197	0.00153709342774552	0.00719729154364963	-1.6362895619657
ENSMUSG00000079065	0.159817616344475	7.14998044867526	3.15267194055055	0.00162651769714153	0.00753516266488922	-1.63807803775273
ENSMUSG00000019087	-0.13263177039075	7.16790451626801	-3.17759523953634	0.00149322360285188	0.00702958770533507	-1.63883855316391
ENSMUSG00000024542	0.118728750949937	7.35524913540162	3.19237465822127	0.00141901239810644	0.00673593557505783	-1.64081825111497
ENSMUSG00000028807	0.0636933308891514	7.52553232240466	3.30460857963471	0.000957165871277681	0.00487355162535189	-1.64460756028053
ENSMUSG00000032733	0.168521912703265	6.88354778865871	3.16010462468725	0.00158566280340518	0.00739035152089021	-1.64611771911647
ENSMUSG00000003178	0.139472504607935	7.33220458411097	3.18943066239081	0.00143351798189384	0.00679986138367906	-1.64734878646825
ENSMUSG00000018171	0.126278005432328	6.82595927015112	3.15772943081116	0.00159861451874538	0.007431147484406	-1.65048991270012
ENSMUSG00000032712	0.19624439863978	6.90148138666387	3.15684277445277	0.00160347429221126	0.00744685542164944	-1.65219327259311
ENSMUSG00000020182	0.143824291375	7.1595351395341	3.14390734490214	0.00167593774406047	0.00774219369980227	-1.65424024172478
ENSMUSG00000037851	-0.12076566147542	7.12976806921896	-3.14840465295434	0.00165040917877249	0.00763234085782035	-1.65469635719656
ENSMUSG00000041415	0.0995429636471705	7.32730660860793	3.17669635201092	0.00149785054040686	0.00704548392578834	-1.65570330566382
ENSMUSG00000085037	-0.0739741913976717	7.49376726009802	-3.30353459809987	0.000960832441844336	0.004888930559124	-1.65812161898721
ENSMUSG00000034912	0.19690909303994	7.28250898803566	3.16627002827744	0.00155249305611582	0.00725901396095295	-1.65831584463371
ENSMUSG00000042359	-0.141732535243102	6.85359989620625	-3.14268691082543	0.001682927842141	0.00776626412030667	-1.66301913584515
ENSMUSG00000031751	0.13560247289289	7.21135626764583	3.15465608864435	0.00161551774079879	0.0074895036340431	-1.66354154325861
ENSMUSG00000037174	0.128469326657905	7.01725814713554	3.14079095906635	0.00169384022847288	0.00780836488421371	-1.66562644551724
ENSMUSG00000034471	0.154518710038854	7.06284163018473	3.13843923560316	0.00170746631772632	0.00786010866092579	-1.67060063039694
ENSMUSG00000023572	-0.0750379161355337	7.25164817848856	-3.1712783614143	0.00152602009235811	0.00715311673797078	-1.67516839201602
ENSMUSG00000036473	0.110568881730337	7.51447363097054	3.30583765821936	0.000952985707925491	0.00485844582872295	-1.67634753201496
ENSMUSG00000028099	-0.105322083990481	7.41800780441278	-3.24119332742977	0.00119738007570822	0.00582538088114902	-1.67949966070002
ENSMUSG00000006711	-0.144014077758571	7.12824306145099	-3.15783846528879	0.00159801783689439	0.007431147484406	-1.68054122035763
ENSMUSG00000026269	0.0782086961895594	7.48240136703637	3.25002875428502	0.00116086242707157	0.00566455866389152	-1.68112882199804
ENSMUSG00000072640	0.0817340155897517	7.58334212800952	3.34878915656203	0.000817101506842596	0.00428070945481523	-1.68227523849632
ENSMUSG00000093176	0.204790334440011	7.37751392531729	3.18843014265916	0.00143847876411814	0.00681598406798213	-1.68379383982965
ENSMUSG00000044968	-0.123454538542181	7.25503866357343	-3.17668989609469	0.0014978838193534	0.00704548392578834	-1.68743046701154
ENSMUSG00000048022	0.176373233985664	6.91142226025373	3.14318432458548	0.0016800756470917	0.00775732400041572	-1.68968858354571
ENSMUSG00000037979	-0.149561200745972	7.03895300822933	-3.13531150565995	0.00172574491871403	0.00793588074316969	-1.69176081970665
ENSMUSG00000078129	-0.106266747900843	7.26377772689681	-3.17840825781063	0.00148905001752381	0.00702003702895992	-1.69487284775888
ENSMUSG00000023913	0.134746416453016	6.86290038469806	3.14312806500983	0.00168039801903292	0.00775732400041572	-1.69521888983353
ENSMUSG00000060147	0.136643927434252	6.97715671437316	3.13197810956422	0.00174542344717573	0.00801511181004023	-1.69965996488831
ENSMUSG00000020634	0.181815243524839	7.02889062591091	3.12917621446942	0.00176212370510579	0.00807198164704166	-1.7008958145615
ENSMUSG00000084904	-0.137499838321239	7.00399708725466	-3.12918357719141	0.00176207962884684	0.00807198164704166	-1.7027627872256
ENSMUSG00000070394	-0.157407143806112	7.26888473218717	-3.1846576663036	0.00145732617249906	0.00689530692098217	-1.7124404291386
ENSMUSG00000044296	0.109831928516021	7.42266993990178	3.20629433067008	0.00135224304120398	0.00646587505311997	-1.71249261904424
ENSMUSG00000007670	-0.133336218493054	6.81079955173966	-3.13148208937315	0.00174836925317386	0.00802301095778205	-1.71618118377439
ENSMUSG00000097023	0.121790089795275	7.51773078036214	3.27483492419894	0.00106376702916889	0.00529336295928511	-1.71621905377388
ENSMUSG00000048616	0.152495611629139	7.04452179816499	3.12313081222242	0.00179865807269082	0.00819346955033687	-1.71627504529715
ENSMUSG00000000682	0.129284503519244	7.22316751796511	3.13161913905338	0.00174755487430256	0.00802208569928792	-1.71782172263367
ENSMUSG00000036980	-0.158594140530334	7.30898905976296	-3.19408937608804	0.0014106261841192	0.00670875479688846	-1.71825043564752
ENSMUSG00000015290	-0.0875525394349994	7.198122870821	-3.14999769997745	0.00164145257365066	0.00759628741401004	-1.72114088741872
ENSMUSG00000039754	-0.0819158531028208	7.42909948701589	-3.22445565566109	0.00126948443421741	0.00611932629336317	-1.72198455274507
ENSMUSG00000088226	0.140705356282897	7.14108912366799	3.12672255407393	0.00177686891600554	0.00813099190784501	-1.72378564373624
ENSMUSG00000022844	0.164903407400626	7.20202175647103	3.13033392409233	0.00175520562318207	0.00804592157517496	-1.72464441258286
ENSMUSG00000020640	0.126092280637405	6.94495605587677	3.12513995557264	0.00178643960087578	0.00816164489566635	-1.72586528564071
ENSMUSG00000032067	0.10262211255914	7.22012586829306	3.13050018439549	0.00175421416143548	0.00804419327548629	-1.72742447572475
ENSMUSG00000038094	0.0949059387133371	7.45985726870761	3.23081006667244	0.00124165069103153	0.00601171998779025	-1.72771046810146
ENSMUSG00000027456	0.196177743596889	7.11442819507334	3.1217708505612	0.00180697214196547	0.00821990246094926	-1.73084521096238
ENSMUSG00000006782	0.190119714330454	6.97667309215457	3.12360538914933	0.00179576505392164	0.00818658442907517	-1.73362511660641
ENSMUSG00000040359	0.161330636140032	7.24147770951626	3.12539202132287	0.00178491207935394	0.00816164489566635	-1.7338846932044
ENSMUSG00000024793	-0.144889084734529	7.07160086115442	-3.1237888657507	0.00179464772855069	0.00818658442907517	-1.7342606880409
ENSMUSG00000027739	0.140044991676939	7.07795535423817	3.11589022168304	0.00184333136853687	0.00836205622899676	-1.7366465447501
ENSMUSG00000025024	0.112292060402503	7.18936611529519	3.12039397315664	0.00181542560331729	0.00825548871088222	-1.73775181068884
ENSMUSG00000029066	-0.133869676449006	7.18684496748013	-3.14147352699164	0.00168990414580743	0.00779296409894713	-1.73957678402418
ENSMUSG00000098178	0.125396842271261	7.24454816172286	3.13439353545146	0.00173114364555483	0.00795791173019796	-1.74034204263661
ENSMUSG00000034893	0.119259121050045	7.42240588604658	3.2119402844616	0.0013259967545611	0.00636750809212007	-1.74081505984222
ENSMUSG00000027452	0.176699968129929	6.95374786443315	3.12204401277808	0.00180529934599094	0.00821770009235689	-1.74083111217562
ENSMUSG00000060126	0.136047126623875	6.9377651065357	3.12195238339227	0.0018058603090216	0.00821770009235689	-1.74191403139264
ENSMUSG00000030122	-0.142152324054225	7.1133155871547	-3.12509955165092	0.00178668456087533	0.00816164489566635	-1.74249678530664
ENSMUSG00000021703	0.145045456210832	6.90656414454297	3.1254851491207	0.00178434802763678	0.00816164489566635	-1.74321155670728
ENSMUSG00000025739	0.124687328995738	7.26331027158328	3.14236603383923	0.00168477013006848	0.00777202626598186	-1.7469151323425
ENSMUSG00000029361	0.136446363408827	7.10769867147206	3.1142282247719	0.0018537284902214	0.00839177503249605	-1.74736420453125
ENSMUSG00000037735	-0.109496835369059	7.19531772225068	-3.13874900369629	0.00170566574588691	0.00785734551201667	-1.74965227444343
ENSMUSG00000041187	0.161975419799601	6.98621108132304	3.11372409185645	0.00185689288193824	0.00840029081214078	-1.75010837588809
ENSMUSG00000010064	0.134293913907667	7.28072484673894	3.12488729473305	0.00178797193475945	0.00816183004528266	-1.75415987427103
ENSMUSG00000038936	-0.106763464390197	7.20804371647073	-3.13814103913563	0.00170920127958111	0.00786532975475427	-1.75495699015282
ENSMUSG00000033790	0.0962003038824379	7.35112120149068	3.15983547047759	0.00158712560684192	0.00739190624147079	-1.75809818853153
ENSMUSG00000098269	-0.117886466016293	7.24823694574598	-3.14726928406845	0.00165682000499825	0.00765657871706218	-1.75960563384867
ENSMUSG00000024966	-0.0898912993237069	6.69656493264265	-3.12760079269208	0.00177157817546654	0.00810961589972306	-1.75987084882845
ENSMUSG00000040043	0.237517816633861	6.87695603723357	3.12358389268897	0.00179589600368957	0.00818658442907517	-1.76023176328623
ENSMUSG00000028857	-0.083891120569624	7.3769748492409	-3.2296301164698	0.00124677613485501	0.00603430430961986	-1.76065056306064
ENSMUSG00000087331	-0.145621621218986	6.98388605331859	-3.10844512513374	0.00189032785279164	0.00852797114016134	-1.76451686362475
ENSMUSG00000026944	0.113028730727064	7.18517884003963	3.11003390092508	0.00188020742261102	0.00849109195475113	-1.76689932382385
ENSMUSG00000027673	0.120848670272642	7.0944464329953	3.10856544591991	0.00188955966676858	0.0085274440390673	-1.76854100918828
ENSMUSG00000060063	0.157583457173745	6.98325435814266	3.10533439928892	0.00191028810237575	0.00861208396566919	-1.77373456703121
ENSMUSG00000033420	0.149369953306027	7.1759918120835	3.10467502198342	0.00191454384679389	0.0086223625876249	-1.77550570744511
ENSMUSG00000020576	0.142659505404229	6.83858749535981	3.11842961479087	0.00182754889657093	0.0082990878091941	-1.77796243834241
ENSMUSG00000031024	0.135155220106821	6.77289698431959	3.12496920791499	0.00178747501651836	0.00816183004528266	-1.77803013108841
ENSMUSG00000052629	-0.058209366103255	7.48680331450285	-3.26303812248188	0.00110896420089213	0.00546221193306237	-1.78057450735375
ENSMUSG00000004071	-0.115233120957575	7.11562434685729	-3.11445514218573	0.00185230577034662	0.00838823491711446	-1.78109301986629
ENSMUSG00000075410	-0.127590113968113	7.30194263198022	-3.17295113723654	0.00151727123422455	0.00712741837045847	-1.78268486395753
ENSMUSG00000020649	0.165613400995714	6.8856844901131	3.11596307635804	0.00184287683273705	0.00836205622899676	-1.78420927760388
ENSMUSG00000044030	0.0949852424173363	7.27108014603749	3.13090954080814	0.00175177523703604	0.00803582389743373	-1.78575592453939
ENSMUSG00000031546	-0.151569395255213	6.98998685830493	-3.1012687958461	0.00193666729310696	0.00870702204716906	-1.78593344461834
ENSMUSG00000006412	-0.128039572897436	7.17389578580348	-3.11488248175438	0.00184962917375716	0.00838191247588393	-1.79561860693777
ENSMUSG00000045411	0.0940861141677489	7.44339906749536	3.20842590888609	0.00134227817570957	0.00642761736517546	-1.79829749809757
ENSMUSG00000024077	0.150021576390583	6.7391657708274	3.12281553562598	0.0018005823655348	0.00819938237550666	-1.80059545246339
ENSMUSG00000096199	0.0891319313916838	7.28369072055646	3.12834691653025	0.00176709471446679	0.00809192165155621	-1.80078868467704
ENSMUSG00000042419	0.123777150654957	7.37423488938304	3.14773715114659	0.00165417543639363	0.00764705678434514	-1.80191431665005
ENSMUSG00000038074	0.147569547931359	6.81228169338982	3.11553488050072	0.00184554979730364	0.00836921993290587	-1.80242288174341
ENSMUSG00000023965	0.159199191035013	7.14852102438532	3.10304986056705	0.00192507015377746	0.00866083108359261	-1.80388011502921
ENSMUSG00000075327	0.199204635953695	7.16080797185328	3.09748802986298	0.00196149815325008	0.00881260597884354	-1.8052840107044
ENSMUSG00000067274	0.0980494556182121	7.29877462056768	3.11714736014511	0.00183550259167277	0.0083323162032524	-1.80939628693564
ENSMUSG00000031402	-0.0927171537986933	7.32345010704597	-3.15832128976348	0.00159537808509891	0.00742242000359449	-1.81005316860912
ENSMUSG00000032333	-0.0843714663456412	7.41336175904402	-3.2352467964379	0.00122255219378165	0.00593241412935113	-1.81096356533953
ENSMUSG00000048307	0.106847399213579	7.40431770759436	3.20038136299067	0.0013802438525188	0.00658293352173995	-1.81105663260058
ENSMUSG00000096449	0.145176902568866	7.33578419605618	3.12522898099538	0.00178589996849299	0.00816164489566635	-1.81376038473012
ENSMUSG00000037112	0.118880975937452	7.00252660759888	3.0898135712939	0.00201280284798041	0.0090096336911972	-1.8149705841185
ENSMUSG00000052331	0.125936519590662	7.15424151063109	3.08979591578751	0.00201292228435318	0.0090096336911972	-1.82195914018374
ENSMUSG00000047037	0.134318078167222	7.11451435113042	3.08894611291657	0.00201867874851834	0.00902614145341603	-1.8238893268474
ENSMUSG00000027784	0.163021736305532	7.22441687049097	3.10076618181564	0.00193995157923849	0.00871879370936845	-1.83057424071291
ENSMUSG00000032393	0.160502073577621	7.31144726832974	3.12399873921912	0.001793370436764	0.00818361999237165	-1.83066732943355
ENSMUSG00000033577	0.185818914963944	6.72126914344312	3.12027441608425	0.00181616134732249	0.00825596679137016	-1.83099973998069
ENSMUSG00000022309	-0.0840185090498453	7.38061598016777	-3.17243852890947	0.00151994732580084	0.00712991799042746	-1.83127665825259
ENSMUSG00000087269	0.115748037920369	7.40751415243487	3.1853330971309	0.001453935056504	0.00688423788779398	-1.83284316465059
ENSMUSG00000007039	0.152675105977271	7.13329840265915	3.0841681305077	0.00205132650904176	0.00914401316185722	-1.83338171735492
ENSMUSG00000034891	-0.0807089925869073	7.5067413036899	-3.27717044807801	0.00105502357466528	0.00525985096706694	-1.83678466883382
ENSMUSG00000031622	-0.125446246843881	6.91869213928994	-3.08482073655158	0.0020468388868608	0.00913022647590514	-1.83687554849211
ENSMUSG00000037262	0.167712334291362	7.19278174245621	3.08810511365749	0.00202439045109349	0.00904550163335017	-1.83751642409794
ENSMUSG00000045333	0.18798157560483	6.95688659118451	3.08665221176467	0.00203429289182871	0.00907735601220911	-1.8395779389777
ENSMUSG00000091890	0.100182073668501	7.4564759193594	3.20230254862178	0.00137108796677803	0.00654403341635361	-1.84098536051093
ENSMUSG00000020715	0.136323352961068	6.89917018731259	3.08788414837132	0.00202589361029796	0.00904912969840357	-1.84144366123992
ENSMUSG00000086291	0.172628904559973	7.19938449899161	3.09182488241213	0.00199923918873299	0.00896371214345625	-1.84176602693057
ENSMUSG00000015950	0.144816176383347	6.9560093157623	3.08370941355449	0.0020544862617164	0.00914875310829627	-1.84315251845284
ENSMUSG00000046791	0.16138369826197	7.24378950558345	3.11074885878043	0.00187566943561847	0.00847352113565113	-1.84603255843942
ENSMUSG00000027274	-0.116079802930987	6.87920831022624	-3.08305378480718	0.00205901014452181	0.00915955175401957	-1.84684589437842
ENSMUSG00000030750	0.161059253265051	7.27386826214119	3.10523167364528	0.0019109505409286	0.00861210481302485	-1.84978354906696
ENSMUSG00000021114	-0.143638111335451	7.08154696017754	-3.09153829059481	0.00200116673519967	0.00896928274468814	-1.84996314053317
ENSMUSG00000025742	0.151164010268428	7.14555786350045	3.07979301428639	0.00208164577029154	0.00924454084961221	-1.85095934891195
ENSMUSG00000021413	-0.155367571155493	6.95838565433631	-3.07996046417526	0.00208047782737733	0.00924248921480284	-1.85116457409999
ENSMUSG00000051721	-0.119900378885739	6.77780242195473	-3.09090067307097	0.00200546131645694	0.00898545501541896	-1.85126290378198
ENSMUSG00000042744	0.135931287601894	7.21239374795749	3.09237543926299	0.00199554105945814	0.00895019648866941	-1.85291638520294
ENSMUSG00000031659	0.12562070182353	7.32403749136799	3.11994668625708	0.00181817957437251	0.00826227247056054	-1.85903844188385
ENSMUSG00000055320	0.145360244013844	6.93914027412679	3.08326179616704	0.00205757386297643	0.00915627362817383	-1.86123605954895
ENSMUSG00000055302	0.166791028950711	6.98764494764966	3.07552016839125	0.00211165264401161	0.00934609750351588	-1.8622507449536
ENSMUSG00000002307	-0.131962866931236	7.00014244851844	-3.07614151783404	0.0021072645840948	0.00933298644620065	-1.86537826102499
ENSMUSG00000026618	0.110450958123955	7.43844957223989	3.17788837424209	0.0014917175705117	0.00702895296342731	-1.87008651675322
ENSMUSG00000056679	0.102447815998583	7.48517453320983	3.22207506116331	0.00128005950775101	0.00616803057617824	-1.87087066009897
ENSMUSG00000022914	0.147686866236533	7.18683483423119	3.07935269946832	0.00208471978470431	0.00925505304216645	-1.87387310667807
ENSMUSG00000020495	0.161270004772133	7.18089762401706	3.0772490919519	0.00209946347396876	0.00930158233543115	-1.87492369402801
ENSMUSG00000026035	-0.0676263691143246	7.45076207519719	-3.20912371783192	0.00133903075675288	0.00641441297746386	-1.87559777653826
ENSMUSG00000032376	0.104426373741892	7.43323088092755	3.15481554117932	0.0016146367287529	0.00748899965257092	-1.87656819330061
ENSMUSG00000027272	0.107335007295315	7.4302809761958	3.16558997949026	0.00155612008802253	0.0072681855841566	-1.87853648133601
ENSMUSG00000050989	0.0760561753808418	7.13770657075498	3.07120292881214	0.0021423738116867	0.00944057823715998	-1.87908614598618
ENSMUSG00000057219	-0.14196230020446	7.25426278493853	-3.13219986184564	0.00174410796343594	0.0080118812130889	-1.88053166135065
ENSMUSG00000020411	0.15257226783196	7.00630541477427	3.07192622423355	0.002137198474449	0.00942411668153802	-1.88078727446084
ENSMUSG00000033904	0.169709925170964	6.79571498492721	3.09527061718889	0.00197619708257413	0.00887255562587809	-1.88252290263512
ENSMUSG00000054162	0.123382406595655	6.88559693119128	3.0782097763314	0.00209271843619637	0.00928112119467578	-1.8826896074964
ENSMUSG00000060397	0.169664899463641	7.24018461574515	3.07893254313549	0.00208765694737582	0.00926181116741587	-1.8835832956599
ENSMUSG00000024843	-0.153333290405495	6.87826261568848	-3.07022094490375	0.0021494185176748	0.00946843446615022	-1.88436459571005
ENSMUSG00000036402	0.191992659998323	6.97125377912458	3.07283697591435	0.0021306981563745	0.00941130238301451	-1.88646193249327
ENSMUSG00000029635	0.117993970550831	7.18813063358819	3.07198911258695	0.0021367490367679	0.00942411668153802	-1.88813269931631
ENSMUSG00000064377	0.136750939439769	7.41714164996867	3.15880496560852	0.00159273770501679	0.00741277000856019	-1.88947696409006
ENSMUSG00000029212	0.154273570711689	7.33013128206019	3.11151400444477	0.00187082404594708	0.00845454898499801	-1.89146883872266
ENSMUSG00000026434	0.12728169715748	7.27014393533724	3.08914106326275	0.0020173568438982	0.00902331253854296	-1.89379794005294
ENSMUSG00000021520	-0.141665339364838	6.9593620111769	-3.06471759090918	0.00218929399790028	0.00961174950385998	-1.89512989594538
ENSMUSG00000030180	0.158052005321593	7.17608944694587	3.0686525792382	0.00216071397115696	0.00951179129468287	-1.89654262044027
ENSMUSG00000044348	0.150504695506793	7.30148804609533	3.1080657761001	0.00189275167900799	0.0085359645131149	-1.89888002220254
ENSMUSG00000021750	0.195413128520803	6.89466508528181	3.07237288206256	0.00213400826923131	0.00942274410144228	-1.89987411933026
ENSMUSG00000028878	0.128161171825293	7.32492842219835	3.10362387975114	0.00192134612633652	0.00865002183149852	-1.90096114931139
ENSMUSG00000008129	0.0494327066553177	7.5594404110251	3.26742786415538	0.00109194219888997	0.00539664298522745	-1.90199299650484
ENSMUSG00000033792	0.13815665400676	6.98786747904974	3.06229073444387	0.00220709275491236	0.00966396600244567	-1.90203344857814
ENSMUSG00000005397	0.201010882578768	6.91119976216305	3.07367206537096	0.00212475380505214	0.00939138312482868	-1.90335135564071
ENSMUSG00000000416	-0.136144371618601	6.75882540897072	-3.07342010463676	0.00212654571286842	0.00939613110795593	-1.90459620629023
ENSMUSG00000027111	0.22078290295766	7.25324582913194	3.07514364209193	0.00211431580443699	0.00935472203842144	-1.90515342111105
ENSMUSG00000030237	0.16855145066548	7.30292650987428	3.08184915441805	0.00206734601111583	0.00919351018258438	-1.90554799292783
ENSMUSG00000019961	0.159474948448826	7.06716006774208	3.06058123472798	0.00221970988838196	0.00970666405394548	-1.90563220949703
ENSMUSG00000057134	0.16707729553872	6.94775121837016	3.06847208068722	0.00216201741824238	0.00951433009735435	-1.90771352172304
ENSMUSG00000032350	0.143439963143927	7.18791941803869	3.06446521271082	0.00219113880918924	0.00961340123656351	-1.90862172581461
ENSMUSG00000021798	0.136299002494927	7.31585405505983	3.08441051982252	0.00204965867461141	0.00913969052044024	-1.91207599082678
ENSMUSG00000032560	0.173587653360762	7.48308705357332	3.18916656043979	0.0014348259189127	0.00680360048185622	-1.91966485693468
ENSMUSG00000031059	0.138246610923899	7.13333088249078	3.0571772009304	0.00224503081838585	0.009803850391697	-1.92052166505839
ENSMUSG00000070471	0.150661875359226	7.11152765924294	3.05552896385519	0.00225738612497771	0.00985123304940272	-1.92085032554899
ENSMUSG00000026421	0.184388000408628	6.77055513210086	3.08405749650416	0.00205208817430549	0.00914429488700052	-1.92159298755637
ENSMUSG00000027574	0.108466033369147	7.28762014904561	3.08039238890685	0.00207746797918399	0.00923225077511093	-1.92298871595057
ENSMUSG00000073680	0.173254894209387	6.99708221726159	3.05906587460444	0.00223094940001061	0.00974560879043672	-1.92453870056865
ENSMUSG00000021635	0.127744026781515	7.2033276947412	3.06049301463052	0.00222036279619057	0.00970666405394548	-1.9270487151207
ENSMUSG00000032872	-0.0999981450105443	6.71048955938312	-3.0719640513981	0.00213692812858013	0.00942411668153802	-1.9285997890935
ENSMUSG00000002908	-0.123902124947649	7.27212016825752	-3.11396827454472	0.00185535955233394	0.00839625553375595	-1.93167494762251
ENSMUSG00000045932	0.121325937778511	6.83662254590847	3.0641461412608	0.00219347316873899	0.00962041900339393	-1.93214579512528
ENSMUSG00000059921	0.166581879135864	7.28318993349308	3.07397968160933	0.00212256796113878	0.00938489015441704	-1.9364288333925
ENSMUSG00000029817	-0.126092195317906	6.84595597625791	-3.05657539833232	0.002249534773417	0.00982024316558031	-1.93913692991335
ENSMUSG00000027845	0.129402684632895	7.08833929310664	3.04796561933512	0.00231488450551737	0.0100518964995799	-1.94031727208387
ENSMUSG00000035283	0.166907025212328	7.23899456739395	3.06816843227372	0.00216421180315199	0.00952078660176945	-1.94107125585235
ENSMUSG00000020492	-0.157901160489576	6.93597826375534	-3.04814444621489	0.00231350967489106	0.0100492596760696	-1.94770845261004
ENSMUSG00000062563	-0.112643158438242	6.81875588508627	-3.05096089608926	0.00229195509328202	0.00997808321237208	-1.94947167206873
ENSMUSG00000037622	-0.140754882452462	6.9156021319734	-3.0465209006816	0.00232601905930587	0.0100968970571726	-1.95027882947816
ENSMUSG00000073155	0.145488884800084	7.20078047659347	3.04955600086473	0.00230268379517926	0.0100107913770752	-1.95313682905025
ENSMUSG00000029034	-0.158927077702009	7.0339913294574	-3.0485055245266	0.00231073596530602	0.0100405427340811	-1.95372952659133
ENSMUSG00000034041	0.139540652884611	7.41767651352013	3.11215171568473	0.00186679444275663	0.00843925167284868	-1.9538256010964
ENSMUSG00000098624	0.14231327011518	7.26258183500986	3.06977713636932	0.00215260934414573	0.00947930088582437	-1.95424913424376
ENSMUSG00000049872	-0.112046687173061	7.2862123299109	-3.10884191461704	0.00188779564356589	0.00852242088467748	-1.95449399007712
ENSMUSG00000028820	-0.11331609803005	6.94302419119331	-3.04434830170965	0.00234285582938547	0.0101565127544088	-1.9576142483788
ENSMUSG00000031536	-0.128662579929116	7.10279183410186	-3.04949844327117	0.0023031243223152	0.0100107913770752	-1.95853313379902
ENSMUSG00000000916	0.165052644612695	7.25003637569189	3.06664130329687	0.00217527894852128	0.00956304633782423	-1.95882327570183
ENSMUSG00000050730	0.141869744462458	7.39671375933247	3.11952645220969	0.0018207704778368	0.0082711752587923	-1.95966861321416
ENSMUSG00000044562	0.198114125430495	7.25533764900914	3.063922721531	0.00219510908748728	0.00962436978345057	-1.96020556515677
ENSMUSG00000033943	0.165662951651756	7.26656771177976	3.06172126767692	0.00221128843978153	0.00967910005136066	-1.96095444937641
ENSMUSG00000032085	0.138267987120909	7.03948721259006	3.04109976003885	0.00236823904287569	0.0102515971746638	-1.96269117022169
ENSMUSG00000071341	0.122202415112061	6.6508156503772	3.07207857471074	0.00213610983644182	0.00942411668153802	-1.96417074824536
ENSMUSG00000048537	0.177179787924475	6.98286846575416	3.04494157938922	0.00233824712039681	0.0101466129599719	-1.96834067135689
ENSMUSG00000020022	-0.133651322473539	7.21535426393855	-3.07761786458605	0.00209687193834718	0.00929324557103631	-1.97008210787975
ENSMUSG00000024277	-0.110546984589324	7.28598854060372	-3.10339265495296	0.00192284543200739	0.00865379594219343	-1.97948998662879
ENSMUSG00000085389	0.148709025203546	7.3928513767083	3.13850589975561	0.00170707867509385	0.00786010866092579	-1.97994621188398
ENSMUSG00000019785	-0.154396927714889	7.17152656324505	-3.06071926231273	0.00221868871359475	0.00970666405394548	-1.98172649713323
ENSMUSG00000037022	-0.169327460761282	6.99380950619126	-3.03697571991232	0.00240082593781235	0.0103734696956565	-1.98209063094193
ENSMUSG00000019823	0.0657604033111809	7.52217529941932	3.18792123883901	0.00144100808226725	0.00682549848518192	-1.98699960600446
ENSMUSG00000050854	0.162504227395574	7.07257661432461	3.03296363679718	0.0024329216835193	0.0104810170058028	-1.9878700999041
ENSMUSG00000049807	0.199481954735858	6.7820962332484	3.06038227859716	0.00222118259128272	0.00970666405394548	-1.98804150967002
ENSMUSG00000022130	0.125623571370371	7.06259263778297	3.03151176328552	0.00244463279807272	0.0105141697083995	-1.98997508243353
ENSMUSG00000033909	0.103949034965252	7.29796661311034	3.06447905795752	0.00219103756752111	0.00961340123656351	-1.9949290786306
ENSMUSG00000092558	-0.114512829465145	7.22120153345388	-3.0522477903759	0.00228216773611705	0.00994280865266037	-1.99513467004045
ENSMUSG00000020532	0.123411259435124	7.12939873653981	3.03085121174278	0.00244997800490582	0.0105336985353783	-1.99522526614262
ENSMUSG00000020961	0.152476646245294	7.02077585917849	3.03170058761	0.00244310678798529	0.0105141697083995	-1.99569108282718
ENSMUSG00000051910	0.156963284866204	7.05098303528302	3.02876688984069	0.00246691462696947	0.0105926029177712	-2.00041837325792
ENSMUSG00000050910	0.145623167489813	6.9832895290493	3.0334334481052	0.00242914310027523	0.0104681834986186	-2.00362411279336
ENSMUSG00000028229	0.111383298434355	7.05357428282259	3.02580928499032	0.0024911312549928	0.0106581341144986	-2.00513344714537
ENSMUSG00000031060	-0.131866087299169	7.11407597360787	-3.03595815920272	0.00240892928789698	0.0103981873515158	-2.0061198486885
ENSMUSG00000032312	0.152531579033442	6.9454379860525	3.02934785991762	0.00246218308532411	0.0105757549058606	-2.00779152844907
ENSMUSG00000028619	0.149208424842764	7.15833682868473	3.03008660864301	0.00245617855804486	0.0105534262165813	-2.01371804795298
ENSMUSG00000070737	0.145148920423063	7.27672350069586	3.04463176267819	0.00234065280643422	0.0101503234653318	-2.01414705311316
ENSMUSG00000028028	0.14426181549856	7.14479022751395	3.0260966951206	0.00248876845678157	0.0106515059287951	-2.01510603017096
ENSMUSG00000037341	0.143551034627794	7.27359204261426	3.05486266864984	0.00226239838611046	0.00986981661811335	-2.01538968947748
ENSMUSG00000035372	-0.11107071185751	7.09729128723817	-3.03377825065228	0.0024263733526794	0.0104596904620608	-2.0179089150942
ENSMUSG00000041607	0.193410303370855	6.90012395365509	3.03658065369672	0.00240396908107371	0.0103812192078093	-2.01948303316152
ENSMUSG00000015889	-0.158294004535096	7.12138345265634	-3.03411291430024	0.00242368781458273	0.0104515549632797	-2.02025763726057
ENSMUSG00000015092	-0.131088092193367	7.14473065378915	-3.04270801318175	0.00235564128128271	0.0102085586410305	-2.02089820139617
ENSMUSG00000039382	-0.0949120963519743	7.30084925268429	-3.08930220405696	0.00201626479241617	0.00902151013749572	-2.02196576122273
ENSMUSG00000014837	-0.159509276980366	7.21488535955744	-3.0648474173808	0.00218834555892477	0.00961080847280881	-2.02216886517019
ENSMUSG00000020766	0.0638822440011051	7.50137679641761	3.17438365211477	0.00150981573606312	0.00709748926985219	-2.02310808007747
ENSMUSG00000023939	-0.0832836650835018	7.30136353276106	-3.09240309442591	0.00199535546353137	0.00895019648866941	-2.02401754319192
ENSMUSG00000079038	0.113083277690973	7.38470150763085	3.08149970029774	0.00206976997078755	0.00920116416215638	-2.02781648533787
ENSMUSG00000085539	-0.136571901149335	6.99000250409087	-3.01878784963275	0.00254949594508553	0.0108758556249787	-2.03117883213093
ENSMUSG00000010277	0.127167586780724	7.25572603039406	3.03551391963151	0.00241247483853149	0.0104100595207826	-2.03257340493691
ENSMUSG00000044033	0.192721829823374	7.15880465359664	3.0192732580727	0.00254542115479334	0.0108620123072211	-2.03394766992075
ENSMUSG00000035275	0.127670049462697	6.7985569149084	3.03490471976959	0.00241734473365339	0.0104276366566689	-2.03676939836587
ENSMUSG00000029311	0.130400682848975	6.93534570937442	3.02165947212332	0.00252547643686939	0.010787451064109	-2.03930369438335
ENSMUSG00000040339	0.106875999192213	6.89435292493907	3.01849022327397	0.00255199733767476	0.0108794363871175	-2.04359470243994
ENSMUSG00000031467	0.114748543013559	7.36106893110277	3.06256347940895	0.00220508582594701	0.00965840870970165	-2.04488516365065
ENSMUSG00000014547	0.149407929229256	7.2264202139955	3.0272735850413	0.00247911462461176	0.0106257246375798	-2.0456378622653
ENSMUSG00000024238	0.16148424278806	6.84741724454473	3.02848519907008	0.0024692117698997	0.0105989903250908	-2.05055800864934
ENSMUSG00000020919	-0.145901297422655	6.70817749866716	-3.02756967303332	0.00247669126579017	0.0106257246375798	-2.05083731005437
ENSMUSG00000066892	0.103670034754649	7.31677415149392	3.05291923622665	0.00227707633356899	0.00992392921407628	-2.05410148924107
ENSMUSG00000000600	-0.0919753903597789	6.89179597916034	-3.01376382914126	0.00259202227323566	0.011028519857394	-2.05671161275514
ENSMUSG00000049091	0.0863410819171682	7.4815557959127	3.1688423894287	0.00153884372436181	0.00720291099011257	-2.05801948162652
ENSMUSG00000002897	0.17200072336517	7.10583757319529	3.01077814925937	0.0026176012010023	0.0111172601364891	-2.05983014497146
ENSMUSG00000078974	0.10015350659979	7.07809962513126	3.00784415027127	0.0026429620360443	0.0112015729931667	-2.06064543554831
ENSMUSG00000020052	0.144621771401761	6.95994120945715	3.01584212520202	0.00257435225816164	0.0109675951070134	-2.06276085687601
ENSMUSG00000044345	0.0970076959959494	7.31466308883157	3.03784099241517	0.00239395497933654	0.0103471966290769	-2.06326289848176
ENSMUSG00000020899	0.0601534429840465	7.53198629784954	3.17781958454343	0.00149207086421528	0.00702895296342731	-2.06326487509585
ENSMUSG00000083076	0.124826631469817	6.95056220071116	3.00692207846937	0.00265097849408591	0.0112210185724451	-2.0659712597352
ENSMUSG00000027312	0.152301769170961	7.33637466765602	3.05320844801307	0.00227488652322914	0.00991768710027168	-2.06815308075927
ENSMUSG00000070044	-0.110818392921313	7.21504813974224	-3.04243994271619	0.0023577368579357	0.0102138247643418	-2.06821863360114
ENSMUSG00000031026	0.151943215041432	7.38621086873846	3.09450645815757	0.00198128597624443	0.00889235378847859	-2.07190591107319
ENSMUSG00000004667	-0.0845576508380832	7.45780256977013	-3.16112201489387	0.00158014468453119	0.00736988037402294	-2.07339873745118
ENSMUSG00000052188	0.111409338607194	7.31265225697016	3.02740335469938	0.00247805224616085	0.0106257246375798	-2.0753916282447
ENSMUSG00000029551	0.180247272160162	7.05216447114795	3.00468719950949	0.00267050077144391	0.0112999987394129	-2.07589663201926
ENSMUSG00000034820	-0.10805455041504	7.11588641482048	-3.00908425871234	0.00263221552843429	0.0111632541944483	-2.07653908399408
ENSMUSG00000023186	0.167553670508132	6.94595593546107	3.011554968759	0.00261092390768383	0.0110981220127911	-2.07821825822814
ENSMUSG00000053964	0.0581737570881433	7.38658075407124	3.06742891697561	0.00216956462687198	0.00954112868492036	-2.07903066011753
ENSMUSG00000022987	0.0647643915981666	7.53851865508003	3.17843450650275	0.00148891545060971	0.00702003702895992	-2.08220324105993
ENSMUSG00000021273	-0.0904813755670855	7.3516341087446	-3.10468993587012	0.00191444749359516	0.0086223625876249	-2.08307251625637
ENSMUSG00000038002	0.148174383121827	7.23657639891242	3.01866755736979	0.00255050666792669	0.0108766232236144	-2.08443550577979
ENSMUSG00000028189	0.20594561260851	7.26078762392447	3.01489856393549	0.00258236087041953	0.0109932923981444	-2.08481852741995
ENSMUSG00000052572	0.140030838036896	7.30616557981787	3.03913404720415	0.0023837206403388	0.0103097689538538	-2.0849973505934
ENSMUSG00000030403	0.134429228921292	7.17643419722011	3.00209881846804	0.00269327518699549	0.0113743092735952	-2.08531749572228
ENSMUSG00000020361	-0.121870595613669	6.75121585793603	-3.01208521431236	0.00260637503444814	0.0110859850393096	-2.08718961391225
ENSMUSG00000071477	0.0765307436479805	7.52739593399728	3.17929867406087	0.00148449145055983	0.00700519107377916	-2.08928289442741
ENSMUSG00000035382	-0.113961234242802	7.31042198492644	-3.0636815771477	0.00219687604446093	0.00962889225781136	-2.09108062070479
ENSMUSG00000039578	0.126949448541469	7.26257519199825	3.02435189240741	0.00250314410429675	0.0107060315627093	-2.0920459795144
ENSMUSG00000036278	0.0962384014003792	7.24574841006093	3.00895600766961	0.00263332506855106	0.0111643431986627	-2.09254760378295
ENSMUSG00000027305	-0.159320060608464	6.94418905837664	-2.99775913626104	0.00273185746652909	0.0114816943665486	-2.09539797779346
ENSMUSG00000099213	0.125790569514139	7.4644325196616	3.13794550915433	0.0017103397891755	0.00786780341527955	-2.09562753071301
ENSMUSG00000050312	0.120020905005308	7.37897359565629	3.06566675656388	0.00218236861480421	0.00959099359013654	-2.09800001799794
ENSMUSG00000037447	0.115709908688229	6.92805962657813	2.99849551612416	0.00272527524640717	0.0114687571603866	-2.09837188282885
ENSMUSG00000031375	0.165335525442758	7.009793770262	2.99818761495072	0.00272802569300125	0.0114729561107524	-2.0988214338835
ENSMUSG00000043702	0.153300545282646	7.07188521099077	2.99514371169642	0.00275535336087034	0.011561886602729	-2.09885694048666
ENSMUSG00000097251	0.161810055831382	7.27360845735522	3.02651030040916	0.00248537180762265	0.0106404472548711	-2.09997164713821
ENSMUSG00000055202	-0.112827983683664	7.21498996901778	-3.02110495331816	0.00253009848211416	0.0108036690566988	-2.10013665614969
ENSMUSG00000073468	-0.12370949336859	7.12190093879399	-3.00371772501005	0.00267901019543349	0.0113323429656269	-2.10116629030067
ENSMUSG00000003382	0.134747402482287	7.03872647996058	2.99248875780694	0.00277939309271219	0.0116403756781152	-2.10414700126002
ENSMUSG00000030539	0.108078278074523	7.46330441914712	3.11528812070835	0.00184709178543664	0.00837331220738798	-2.105131775844
ENSMUSG00000070282	0.0611418653774196	7.51293072406325	3.1606574100237	0.00158266240980024	0.00737899439782931	-2.10710705470088
ENSMUSG00000031129	0.0674656347680944	7.44558866432076	3.08772365534435	0.00202698603742871	0.00905092128308892	-2.107466614035
ENSMUSG00000027130	-0.0637024917383071	7.25596971329082	-3.02658833426392	0.0024847314463984	0.0106404472548711	-2.11171806215641
ENSMUSG00000084984	0.133398553690923	6.98849515919573	2.98841298152582	0.00281667097417508	0.0117588827786671	-2.1155880850808
ENSMUSG00000067713	-0.169177415492219	6.99744117611639	-2.99145059892932	0.00278884527935081	0.011662069128935	-2.11743710087337
ENSMUSG00000028937	-0.127772087292712	7.22390720786456	-3.04480734997285	0.00233928911598053	0.0101477710756849	-2.11912044422713
ENSMUSG00000076269	0.141926048516512	7.07152534032504	2.9869599438273	0.00283007079855652	0.0117922619015602	-2.1224208502539
ENSMUSG00000007415	0.21453587766285	7.09755041302762	2.98869624859175	0.00281406546255813	0.0117517528024916	-2.12334227452936
ENSMUSG00000045201	-0.0852659333776451	7.4339799018077	-3.13951172427747	0.00170123976551921	0.00783971524469466	-2.12966799808925
ENSMUSG00000088591	0.141953625299551	7.30101211830804	3.01483477585559	0.00258290310240546	0.0109932923981444	-2.13010104197407
ENSMUSG00000020585	0.123490250239768	7.11327715814201	2.98410052961592	0.00285661030974742	0.0118726165635597	-2.13046422949082
ENSMUSG00000018736	-0.109964238146189	6.9151213918619	-2.984150630384	0.00285614335230174	0.0118726165635597	-2.13084588922224
ENSMUSG00000003849	0.0870514078411775	7.42714060536577	3.07584818324186	0.00210933511213989	0.00933899739199709	-2.1309767936697
ENSMUSG00000042857	0.0732545043324961	7.53878840710435	3.16569057776495	0.001555583056904	0.0072681855841566	-2.13395158493141
ENSMUSG00000024425	0.0902014747737869	7.42660185474637	3.11446361785989	0.00185225264926911	0.00838823491711446	-2.13401189692626
ENSMUSG00000019971	-0.138417208278364	7.08776331395854	-2.98759096101735	0.00282424446065693	0.0117792317549922	-2.13438439499104
ENSMUSG00000052387	0.117033375296049	7.15780267087062	2.9842991463807	0.00285475953856564	0.0118724624774147	-2.13665854272223
ENSMUSG00000035960	0.167688529318308	7.23528566871488	3.00104345454329	0.00270261187117562	0.0113990317710796	-2.13671887079227
ENSMUSG00000055048	0.103365067768344	7.43392641472954	3.0881233890426	0.00202426617508913	0.00904550163335017	-2.14018813880771
ENSMUSG00000003865	0.115467219187495	7.21011300856518	2.9905276722388	0.00279727295299862	0.0116928152939521	-2.14116309452602
ENSMUSG00000007891	0.138674776111655	6.98915883515141	2.98108596351384	0.0028848358044922	0.0119823192742424	-2.1420138822578
ENSMUSG00000031170	0.171647862497299	7.2888771169735	2.99675762510615	0.00274083291137733	0.011504643948622	-2.14294270591555
ENSMUSG00000092495	0.0847863338128771	7.39178335691246	3.06489237512956	0.00218801721079489	0.00961080847280881	-2.14324346779969
ENSMUSG00000072494	0.059498184995908	7.43511666213512	3.0779324068562	0.002094663824026	0.00928660304238008	-2.14465464785323
ENSMUSG00000010358	0.117952103326918	6.90558837322416	2.98737539262145	0.00282623362379305	0.0117837740772925	-2.14605742962305
ENSMUSG00000030823	0.124261303634574	7.40580316874949	3.05344235434596	0.00227311687808295	0.00991327320714924	-2.1476535600097
ENSMUSG00000039826	0.0706396912564395	7.61136738023793	3.21690208815555	0.00130331987620076	0.00626982772165258	-2.14874160102096
ENSMUSG00000057497	-0.0592027904544734	7.50561332642139	-3.15165905134311	0.00163215961735507	0.00755595251429018	-2.15052531175008
ENSMUSG00000070544	-0.124173760634679	6.698214558439	-2.99935742216123	0.00271758940750592	0.0114464626960204	-2.15106833808245
ENSMUSG00000007836	0.155357063285654	7.22458446735406	2.99357975751317	0.00276949135190292	0.0116063318755163	-2.15137238134338
ENSMUSG00000026608	0.127791139185977	7.01264289861126	2.97624701286723	0.00293067592934994	0.012145745257059	-2.15391469360159
ENSMUSG00000073514	0.146802967365335	7.25101872949835	3.00315757243881	0.00268393814549368	0.0113495213826884	-2.15541247108446
ENSMUSG00000039427	0.103984858486068	7.36054450507966	3.04104046834632	0.00236870466340957	0.0102515971746638	-2.15555446006116
ENSMUSG00000065608	0.0931532575060867	7.45811091657291	3.09642386376497	0.00196853979189461	0.00884120856105804	-2.15850901477104
ENSMUSG00000024205	-0.112197512102759	7.2735203213279	-3.03803638398232	0.00239240590757597	0.0103439161631389	-2.15874579492137
ENSMUSG00000021144	-0.0937608071762224	7.30910486011114	-3.03159284358263	0.00244397742949558	0.0105141697083995	-2.16153810220092
ENSMUSG00000039763	-0.120711010507509	7.06637827240053	-2.97815659147588	0.00291250735251638	0.0120857515876845	-2.16338950260684
ENSMUSG00000046854	-0.13146273225273	7.28759458952859	-3.04048143159299	0.00237309892971007	0.0102672211459895	-2.16832605272197
ENSMUSG00000025937	0.0652162420318465	7.51280090906073	3.12319536365517	0.00179826431583863	0.00819346955033687	-2.16901790392214
ENSMUSG00000033192	0.146107246729047	7.27862183577933	2.98924072526946	0.00280906350724341	0.0117346073506161	-2.16951545584834
ENSMUSG00000029501	0.182226232404899	6.93087879533806	2.97745003711371	0.00291921780475085	0.0121097590303543	-2.17483321854144
ENSMUSG00000039683	0.102570902228678	7.52403528837003	3.15477928725976	0.0016148370011616	0.00748899965257092	-2.17941784431969
ENSMUSG00000067199	0.121984055441168	7.18828872797825	2.97628210596615	0.00293034110695835	0.012145745257059	-2.1805950628825
ENSMUSG00000054836	0.10914318208013	7.27647378559958	2.99928562525505	0.00271822888190708	0.0114464626960204	-2.18077660878471
ENSMUSG00000063316	0.137237117674342	7.20672945741196	2.98476639632781	0.00285040987950873	0.0118619091362137	-2.18106561041278
ENSMUSG00000047810	0.106746738457035	7.35614011006403	3.02722675930971	0.00247949807270136	0.0106257246375798	-2.18192119962314
ENSMUSG00000040287	-0.139679655782831	7.09622886568466	-2.9756042772827	0.00293681443416481	0.0121673337253436	-2.18200473671144
ENSMUSG00000019873	0.167863171781793	6.84013114899985	2.98777260811079	0.00282256930008894	0.0117759965827802	-2.18384761211074
ENSMUSG00000062115	0.156958296662004	7.29602281731828	3.00911190260426	0.00263197642843547	0.0111632541944483	-2.18394659971217
ENSMUSG00000071573	0.0604692395370217	7.5566054584663	3.1497746763359	0.00164270378267797	0.00759939149216256	-2.18480228557838
ENSMUSG00000020431	0.152985979278346	7.37742184232875	3.04235301473642	0.00235841676310765	0.0102138247643418	-2.18601223882925
ENSMUSG00000019774	-0.137447792581423	6.73784266039533	-2.97710616624081	0.00292248879872843	0.012119487916678	-2.19404837082219
ENSMUSG00000067786	0.120311900145961	7.15532696693685	2.96366504799295	0.00305299597242127	0.0125770369008619	-2.19527459866294
ENSMUSG00000024231	-0.120861490590928	7.1715296826787	-2.98642242350861	0.00283504251316718	0.0118054632895626	-2.19590166467592
ENSMUSG00000030967	0.116071490900492	7.43182156203907	3.0501304528124	0.00229829135469385	0.00999642206500065	-2.19611908136236
ENSMUSG00000021241	-0.157959202803939	7.13034474273602	-2.97443296017309	0.00294803139746777	0.0121983650618357	-2.19702245762287
ENSMUSG00000048807	0.120602156755296	7.46497923938829	3.09044401988232	0.0020085422360915	0.00899618027879229	-2.19970805046664
ENSMUSG00000022089	-0.0716504390698907	7.46820763494019	-3.10185537492551	0.00193284080290969	0.00869280377591676	-2.20232245795883
ENSMUSG00000029076	0.131920187961283	7.29215978178301	3.00726228782057	0.00264801814222601	0.0112155792132251	-2.20538745486267
ENSMUSG00000030695	-0.10282274672661	7.33550780814189	-3.06338069757271	0.00219908253250282	0.00963533752193003	-2.20560502151355
ENSMUSG00000028800	0.11132449719262	7.32079709406642	2.99199402183494	0.00278389388807634	0.0116554968924514	-2.20573686632899
ENSMUSG00000000794	0.151631386433063	6.71571701790932	2.98658915528516	0.00283349949951387	0.0118027920609722	-2.2060796844708
ENSMUSG00000030342	0.175053049639911	6.89604429520793	2.97321456160227	0.00295974071279664	0.0122429464176726	-2.20661494972509
ENSMUSG00000037062	0.162475163865176	6.95342446286374	2.96565066881523	0.00303338759279146	0.0125041279486227	-2.20740107453097
ENSMUSG00000032115	-0.0845753044312429	6.47766139118461	-3.00160270115625	0.00269766060186692	0.0113864727199952	-2.21067969495789
ENSMUSG00000032320	0.135717188598896	7.20158955630634	2.96377695041994	0.00305188784758642	0.012576429241612	-2.21096389465879
ENSMUSG00000015291	-0.150627418141566	7.09175535336741	-2.97297685568051	0.00296203010795244	0.0122459483572922	-2.21125274748348
ENSMUSG00000026519	0.188676565453207	6.89158721101541	2.97164097345826	0.0029749263597616	0.0122902290634266	-2.21245546407161
ENSMUSG00000026427	-0.136029362209243	7.31034475512516	-3.02683026003997	0.00248274711528716	0.0106361666339462	-2.21732636915455
ENSMUSG00000042298	-0.125537413758517	7.27680650664114	-3.02041700959622	0.00253584341192134	0.0108246696931445	-2.2186642195827
ENSMUSG00000020393	0.208006895419351	7.09646923957337	2.95584876139334	0.00313131186780493	0.0128672740029197	-2.21996692550074
ENSMUSG00000027423	0.130895718444248	6.96304735507981	2.95827260750587	0.00310683217043849	0.0127747006204085	-2.22324987583508
ENSMUSG00000039646	0.124538969381542	7.4151466404979	3.05088273975669	0.00229255074112551	0.00997808321237208	-2.22525988248135
ENSMUSG00000030761	0.115713635832286	7.21226313103141	2.95977884629851	0.00309170793410682	0.0127285032306058	-2.22672361561339
ENSMUSG00000081944	0.123389148790445	7.05266091980603	2.94873267829574	0.00320420061525762	0.0131021346553077	-2.23071791196179
ENSMUSG00000055322	0.203939171325634	7.14870394368807	2.95034715249861	0.00318752951313779	0.0130532175120425	-2.23461377147673
ENSMUSG00000063714	0.0827274223396062	7.33413923108448	3.00716817534144	0.00264883676499328	0.0112155792132251	-2.23549797907052
ENSMUSG00000090952	0.0905408729163684	7.55996876973229	3.13380850349373	0.00173459241093607	0.00797096660020184	-2.23745606281473
ENSMUSG00000009731	-0.0611019247221085	7.52906676410338	-3.15697108152892	0.00160277019889427	0.00744622691409643	-2.23798201282544
ENSMUSG00000026662	0.139639918941869	7.18410175554509	2.94954354485624	0.00319581767700666	0.0130748890710535	-2.23991474129613
ENSMUSG00000024298	0.146733648443406	7.31180260236438	2.98700820714565	0.00282962478397359	0.0117922619015602	-2.24105739111058
ENSMUSG00000056966	0.156442638014218	6.9604371332366	2.95309950342565	0.00315929087895864	0.0129659674568422	-2.24174394845454
ENSMUSG00000034610	0.120577112651381	7.34554988182541	2.99179031295413	0.00278574903731054	0.011659535292989	-2.24194717479363
ENSMUSG00000024121	-0.0873877883065006	7.39895241806817	-3.08353941047076	0.00205565841776847	0.00915086025345965	-2.24408263304321
ENSMUSG00000033478	0.178151735197991	7.34074142033494	2.99785363961739	0.00273101192506188	0.0114816943665486	-2.24447827796345
ENSMUSG00000032563	0.10608587592596	7.40139003819593	3.05073781500333	0.00229365562221292	0.00997957441210088	-2.24476154069147
ENSMUSG00000103283	0.138353008805305	7.38658413924044	3.01742772169779	0.00256094542764082	0.0109140291467036	-2.24601829732358
ENSMUSG00000028670	-0.151362602480626	7.19532512501864	-2.98807345860102	0.00281979683472904	0.011768179840699	-2.24816190223717
ENSMUSG00000026490	0.14965527181325	7.13947595633292	2.94473099298412	0.00324586532248389	0.0132300338735863	-2.24986456982475
ENSMUSG00000061474	0.138993251262217	7.0401015477646	2.94229341620086	0.00327148623847288	0.0133025580913338	-2.24997961430403
ENSMUSG00000027678	0.121296151257113	6.9876016305296	2.94457227504101	0.00324752799495671	0.0132326911017657	-2.25082077435225
ENSMUSG00000030591	-0.12700131947594	7.13507304357585	-2.96829522448741	0.00300745052816302	0.0124050227834626	-2.25169820440145
ENSMUSG00000084899	-0.120334207541412	7.0144241840439	-2.94260833912009	0.00326816580770771	0.0132960928385672	-2.25179878179629
ENSMUSG00000042682	0.143292696960762	7.00889298079475	2.94162706401222	0.00327852214556073	0.0133216672655745	-2.2518963024821
ENSMUSG00000049792	0.119081429915918	7.06516851879944	2.94094270808409	0.00328576250110932	0.0133469446678632	-2.25384964000084
ENSMUSG00000054855	-0.116713668092519	7.25566070926559	-3.00293585837855	0.00268589096593061	0.0113541118908503	-2.25842788405693
ENSMUSG00000086968	0.134626966301489	7.1993731535626	2.94657064920687	0.00322665027009699	0.0131706404094281	-2.25939899271228
ENSMUSG00000032602	0.139819369551479	7.02102174842901	2.94025403531176	0.00329306323297475	0.0133683050685598	-2.2596557250204
ENSMUSG00000035805	0.152141486241744	6.87975906096326	2.95000517693942	0.00319105414658332	0.0130611783774174	-2.26012513502857
ENSMUSG00000004558	0.14251256101157	6.92682347969843	2.94406493515294	0.00325284791368626	0.0132420040068347	-2.26144766310766
ENSMUSG00000037196	0.100677204341562	7.09426596708659	2.93824892664215	0.00331440395991385	0.0134359345513919	-2.26403214284613
ENSMUSG00000037972	0.0921885556357847	7.56398137394791	3.16416117825155	0.00156376602208638	0.00729868975442241	-2.26630431592771
ENSMUSG00000014932	0.128501473212165	7.09594580893392	2.93625831997265	0.00333571490032414	0.0134995918006317	-2.26631774895986
ENSMUSG00000029463	-0.189181483295159	7.01125545580818	-2.94418409232067	0.00325159772962094	0.0132410318744004	-2.26666638216232
ENSMUSG00000031347	0.102234047817472	7.28370276863012	2.97294498472066	0.00296233718664409	0.0122459483572922	-2.26898467998317
ENSMUSG00000039615	0.142397136907727	7.15179882965803	2.94221109028313	0.00327235475920155	0.0133025580913338	-2.26994230809827
ENSMUSG00000038766	0.0884889434690628	7.22419891990955	2.9465553723149	0.00322680940811134	0.0131706404094281	-2.27177708148991
ENSMUSG00000036760	0.151170445621046	7.3960134508358	3.02724092163996	0.00247938209402072	0.0106257246375798	-2.27209466982013
ENSMUSG00000031976	0.141129252408588	7.31651881454399	2.97533954034468	0.00293934623938589	0.0121739705681873	-2.27373153031244
ENSMUSG00000022829	0.135398781131014	7.35327085815366	2.9974059756434	0.00273501938701141	0.0114876078969372	-2.27373723143318
ENSMUSG00000041688	0.130231331410072	6.8752830773399	2.94730152827612	0.00321904512084601	0.01315347650503	-2.27413392532264
ENSMUSG00000013523	0.174002054404324	6.97032222842334	2.9403347129098	0.00329220719298356	0.0133683050685598	-2.27784224900328
ENSMUSG00000001380	-0.122731400407536	7.31539094396896	-3.02176557182348	0.00252459295178954	0.0107871967770329	-2.28161352197759
ENSMUSG00000024493	0.0793560267016327	7.4816425738362	3.07478588674746	0.00211684905246814	0.00936276614693003	-2.28194054034178
ENSMUSG00000032033	0.15572717762898	7.33306877444533	2.97492882021725	0.00294327809469404	0.0121828178007185	-2.28258653004889
ENSMUSG00000039568	-0.131756376936311	7.21725633400989	-2.97209983098226	0.00297049090472723	0.012275778700975	-2.28339170360512
ENSMUSG00000003617	0.121735206831065	7.0110910863689	2.93095481865057	0.00339310356982004	0.0136810939131765	-2.28351436894539
ENSMUSG00000005982	-0.0842101922353935	7.15637848667952	-2.94693476535567	0.00322285942126686	0.0131649533676211	-2.28560221580502
ENSMUSG00000002980	0.171746498519976	7.20322964234667	2.93820676881125	0.0033148540025203	0.0134359345513919	-2.28590772082333
ENSMUSG00000033685	0.1310470948696	7.23002776743915	2.94495517967497	0.00324351814460038	0.0132281244020785	-2.28616509917795
ENSMUSG00000097915	0.150030599522196	7.33409535534566	2.99952513946344	0.00271609613340277	0.0114448440870644	-2.2865139018449
ENSMUSG00000050945	0.0935812076547622	7.30185115013128	2.95879430471889	0.00310158615536597	0.012757136646576	-2.28665096772843
ENSMUSG00000050567	0.139119129732478	6.98806387381506	2.93352163697487	0.0033652169307859	0.0135853900887601	-2.28764056524103
ENSMUSG00000026965	-0.12394536990977	7.15419410275882	-2.94651119270406	0.00322726966341623	0.0131706404094281	-2.28821930276793
ENSMUSG00000026064	0.165062037457597	6.84151976939139	2.94639870788665	0.0032284417803062	0.0131713181015172	-2.28932602991614
ENSMUSG00000021361	0.0890717154665062	6.99455116800701	2.92746008461894	0.00343140969286262	0.0138057823291203	-2.29025066252086
ENSMUSG00000028034	-0.0992196318986576	7.06205647145289	-2.92946892046491	0.00340934280351151	0.0137296573311512	-2.29045803017981
ENSMUSG00000060716	0.154589487907394	6.99531129435063	2.93197963840321	0.00338194449665894	0.013644504576351	-2.29170128006473
ENSMUSG00000053411	0.0824628512517176	7.27916843842903	2.9590433149453	0.00309908504012211	0.0127508552310744	-2.29258055666776
ENSMUSG00000028284	0.155912852523516	7.27193856484569	2.94371873389516	0.00325648270537169	0.013252680005821	-2.29289960267109
ENSMUSG00000037761	0.179164863798173	7.18708814299484	2.93245348344611	0.00337679619404253	0.0136279333453776	-2.29346346341565
ENSMUSG00000001946	0.208023973087839	7.21146072667984	2.93713416172006	0.00332632302480063	0.013469910621927	-2.29467165113478
ENSMUSG00000078429	0.156887099520152	7.13307490831926	2.92645370458672	0.00344251351617965	0.0138462018291318	-2.29779135355188
ENSMUSG00000021069	0.155747462800335	7.2515671462942	2.95159627312673	0.00317468536031452	0.0130169059621791	-2.29934006300822
ENSMUSG00000055026	0.161746133015932	7.30560566983711	2.96310268590937	0.00305857037785369	0.0125960375548476	-2.30015861337684
ENSMUSG00000039886	-0.125940832500332	7.0541397635577	-2.93356667992901	0.0033647294405926	0.0135853900887601	-2.30128474758788
ENSMUSG00000031112	0.095083192137789	7.04640667754217	2.92251839421337	0.00348624827258224	0.0139877298144795	-2.30379743823627
ENSMUSG00000028086	-0.0879366066269966	7.14806841733524	-2.93796923355692	0.0033173907758195	0.0134378960510609	-2.30400093202083
ENSMUSG00000048578	-0.109579560733353	6.63153411284001	-2.94870581261993	0.00320447870197795	0.0131021346553077	-2.30533530229331
ENSMUSG00000051234	0.115762067991765	6.85738288688085	2.93533771438232	0.00334561282476659	0.0135271041080433	-2.30678543309592
ENSMUSG00000042178	0.164190926064868	7.40174183017493	2.99143069705115	0.00278902676769748	0.011662069128935	-2.31214029853705
ENSMUSG00000022799	0.150849031225666	6.89342023375138	2.92957541856786	0.00340817654604803	0.013729183797188	-2.31541306517255
ENSMUSG00000051401	0.149599093555085	7.33388476019742	2.97851053736784	0.00290915107236686	0.0120770373489175	-2.31652900415837
ENSMUSG00000058881	0.0976302299815091	6.74002249454975	2.94422007699313	0.00325122026844163	0.0132410318744004	-2.32358418604001
ENSMUSG00000038780	0.157945584639438	7.18477019817366	2.92914044532245	0.00341294221418139	0.0137399260356897	-2.3238108452762
ENSMUSG00000071708	-0.137690395324409	7.28664585449423	-2.99416795173546	0.00276416637636329	0.0115877253280014	-2.32963148316756
ENSMUSG00000079523	-0.123284928272582	7.13970439831002	-2.92816463062731	0.00342365555138245	0.0137788190835226	-2.32972258955479
ENSMUSG00000026688	-0.0679289319297585	7.49332576386958	-3.11273507853782	0.00186311524546868	0.00842552842614023	-2.3310540602466
ENSMUSG00000027198	0.101693763909684	7.22297286020153	2.92981961979738	0.00340550367735711	0.0137268639605786	-2.33325383697011
ENSMUSG00000008734	0.156341213317002	6.90134521638191	2.92398421235314	0.00346989925142255	0.0139349450919092	-2.33794604396678
ENSMUSG00000034640	-0.120234414569309	6.97785069405512	-2.91141975710917	0.00361233050734698	0.014400922960471	-2.34151595511958
ENSMUSG00000024436	0.0704986774082208	7.49928518899815	3.07166750077508	0.002139048378818	0.00942909810622398	-2.34342005625126
ENSMUSG00000035093	0.129364440199374	7.00363643357923	2.91091752861526	0.00361813280214257	0.0144196635146577	-2.34533629009197
ENSMUSG00000024273	-0.115557457470924	7.20735954513858	-2.93800204745722	0.00331704023236855	0.0134378960510609	-2.34659814806768
ENSMUSG00000032582	-0.152703414475126	6.8727606895816	-2.91705712081352	0.00354777982728139	0.0141911193091256	-2.34661699169608
ENSMUSG00000063450	0.0823079495777961	7.21956832542121	2.91862838417661	0.00352997608017453	0.0141371816585026	-2.34664500370597
ENSMUSG00000047090	0.0693276647545815	7.52749058293547	3.08723157015986	0.0020303388825458	0.00906280144912704	-2.34679941952287
ENSMUSG00000029432	0.0398840344023066	7.52175594001855	3.08385751428079	0.00205346562040544	0.00914731946320108	-2.34805818518795
ENSMUSG00000074519	0.142603379129661	7.18796593680743	2.9163862570261	0.00355540614541478	0.0142101647938799	-2.35106709299177
ENSMUSG00000021621	-0.0900071127975792	6.83723150059491	-2.91426101517864	0.00357966429012885	0.0142880990507216	-2.35275162034028
ENSMUSG00000025473	-0.141493739264574	6.73683837851406	-2.91774165591709	0.00354001344238079	0.0141643814143183	-2.35556407430533
ENSMUSG00000039671	-0.121944013966549	6.84527299384633	-2.91006936082552	0.00362795102038148	0.0144543928054882	-2.35643254880183
ENSMUSG00000032777	-0.0976028828546776	7.06042844192638	-2.90771963860086	0.00365527763759738	0.0145411409393573	-2.35745123811988
ENSMUSG00000023932	-0.144678541193143	6.79988628684807	-2.91817668323555	0.00353508588911782	0.0141489894406391	-2.35800357675436
ENSMUSG00000056131	0.0635932714174157	7.37312058067775	2.99428538366752	0.00276310437537568	0.0115869834985325	-2.35807477712351
ENSMUSG00000032849	0.166061371834568	7.13711417217981	2.90528742755953	0.00368376064779749	0.0146236404457635	-2.35888260923258
ENSMUSG00000063108	0.122045297093898	7.40365898554013	2.97847532008007	0.00290948486086815	0.0120770373489175	-2.36555968572677
ENSMUSG00000054792	-0.137951051334275	7.01683143217918	-2.90536849714453	0.00368280801971088	0.0146236404457635	-2.36601794497818
ENSMUSG00000024925	-0.176556705987279	7.12319524200382	-2.92019418433081	0.0035123151616234	0.0140750627780758	-2.36636796091292
ENSMUSG00000019868	0.123592254975259	7.23324965432736	2.91695346191884	0.0035489572388802	0.014191493027312	-2.36728791788736
ENSMUSG00000056941	-0.155342122902376	6.97355105175881	-2.90370119453816	0.00370244521581811	0.0146708271081993	-2.36750912372144
ENSMUSG00000006386	0.184206617657247	7.21315857657842	2.90700980398277	0.003663569561829	0.0145608538869051	-2.37177273667019
ENSMUSG00000031627	-0.15253085008749	6.9121736127639	-2.90172992740574	0.00372578526452978	0.0147410035307416	-2.37266048636492
ENSMUSG00000049550	-0.138856204721386	7.0454979713398	-2.90521961589665	0.00368455765753042	0.0146236404457635	-2.37277176665286
ENSMUSG00000097042	-0.113202149213542	7.10049378003422	-2.90183120853741	0.00372458283062965	0.0147407008520566	-2.3730897799139
ENSMUSG00000104361	0.114433145993987	7.41418455912394	2.98503001553619	0.00284795850327235	0.011855476224115	-2.37340988515055
ENSMUSG00000056458	-0.129439500032982	6.91671867974161	-2.8992979459148	0.00375476453661726	0.0148377233061857	-2.37729289863291
ENSMUSG00000097615	0.0821762047854095	7.4489890246959	3.02419218380319	0.00250446375205424	0.0107081774793906	-2.37732497434994
ENSMUSG00000025077	0.100211485347933	7.41347451607558	2.99253246661126	0.00277899577740237	0.0116403756781152	-2.37807455442739
ENSMUSG00000028556	0.0879144263577656	7.42040510340468	2.99708107654754	0.00273793122946343	0.0114961499859318	-2.37930663657466
ENSMUSG00000025353	0.130001736547595	6.6613773420979	2.93570457848671	0.00334166527007616	0.0135153171812904	-2.38064916273123
ENSMUSG00000038866	-0.159244091853417	7.07368828269322	-2.90951799923301	0.00363434646242037	0.0144666658212245	-2.38234865084914
ENSMUSG00000031565	0.117263283496583	6.77709634282794	2.92194255131926	0.00349269010509606	0.0140007038750513	-2.38308692865306
ENSMUSG00000074890	0.105775730837416	7.4194568918369	3.00053014595249	0.00270716373909099	0.0114143304632796	-2.385400452857
ENSMUSG00000061306	0.118801811870714	6.93361803628401	2.89876192583777	0.00376117920022286	0.0148585872327452	-2.38592025383262
ENSMUSG00000038007	0.177038372805225	7.24333133946897	2.90937300138996	0.00363603004699017	0.0144689681991475	-2.38601816940309
ENSMUSG00000038523	-0.142763307675036	7.26298332795408	-2.9504178596794	0.00318680119960203	0.0130532175120425	-2.3890483076536
ENSMUSG00000041632	-0.115805113321788	7.22407104441077	-2.93876593444645	0.00330888933190465	0.0134200678851598	-2.38905213436467
ENSMUSG00000026170	0.0983189924564858	7.29227181564127	2.91833838927086	0.00353325583727233	0.0141459894255564	-2.38905528708604
ENSMUSG00000033918	0.0827256721091496	7.44453926317232	3.00229737392275	0.00269152188830335	0.011370572623965	-2.3899757317731
ENSMUSG00000080533	-0.142131350042444	7.25488415322531	-2.95526310399906	0.00313725305331537	0.012879560042021	-2.39129565451463
ENSMUSG00000025102	-0.111025710244514	7.27780892085156	-2.95165372324974	0.00317409576277489	0.0130169059621791	-2.3916736297637
ENSMUSG00000079659	0.140044854205501	7.20905373397071	2.89857709842556	0.00376339337718137	0.0148628495004701	-2.39236185274408
ENSMUSG00000037813	0.106975740524473	7.34731454462462	2.93924028715568	0.00330383703634634	0.0134037293089081	-2.39520411783449
ENSMUSG00000063661	0.159277108502043	7.13749845572879	2.89082323349427	0.00385735683442474	0.0152078216716584	-2.39686572721183
ENSMUSG00000023307	-0.155869841662034	7.20135870536798	-2.92576112927278	0.00345017399035682	0.0138642350772718	-2.39707439336579
ENSMUSG00000026921	0.104256847494849	7.33499310072831	2.93614408901573	0.00333694160730523	0.0135003830416688	-2.39825123071244
ENSMUSG00000032077	0.0822774108279081	7.37698700426229	2.95549316463861	0.0031349179846465	0.0128740107449787	-2.3987610097447
ENSMUSG00000026202	-0.0913953634562041	7.0348262179048	-2.89352854309849	0.00382433368602774	0.0150853198606433	-2.39876275452284
ENSMUSG00000022790	0.122020778879147	6.74015743251507	2.92214841480885	0.00349038591050998	0.0139957526310556	-2.39880973280571
ENSMUSG00000016349	-0.119662376972574	7.24400381850725	-2.95800075467383	0.00310956903878941	0.0127819396721604	-2.39950049649518
ENSMUSG00000020599	0.105572978735552	6.67220976657545	2.9236533912059	0.00347358295856487	0.0139454609302457	-2.40770274383044
ENSMUSG00000071234	0.129679551287477	6.61141663240761	2.93436400472887	0.00335611080575405	0.0135611736632506	-2.40983028859933
ENSMUSG00000018666	-0.145743800350533	6.75846144224091	-2.90323077828653	0.00370800289204719	0.0146839606360199	-2.41420176560769
ENSMUSG00000097188	0.122709376775869	7.24874771182644	2.90736691253325	0.00365939586667217	0.0145531016666075	-2.41558416615663
ENSMUSG00000032020	0.18158897483835	7.00559630946015	2.88461060378891	0.00393417608312795	0.0154812844244999	-2.419078545314
ENSMUSG00000020063	0.133065542134333	7.32145585485859	2.91261176505292	0.00359859299712322	0.0143505268103372	-2.41926267542511
ENSMUSG00000034449	0.108033969228885	7.38047244723211	2.96636348969153	0.00302637642751573	0.0124791559650507	-2.419579163546
ENSMUSG00000082179	0.109204628795446	7.23591830442455	2.89990317270071	0.00374753361855344	0.0148180942718519	-2.41991775884362
ENSMUSG00000042626	0.08932435574589	7.39428891475745	2.94996496732872	0.00319146880761979	0.0130611783774174	-2.42035676329148
ENSMUSG00000067924	-0.10074636442039	7.31621547000404	-2.97140556017307	0.00297720428068621	0.012295759761118	-2.42122339635927
ENSMUSG00000031987	0.125661811064216	7.04692645536931	2.8815496341524	0.00397253377380567	0.0155947262868557	-2.42137821457548
ENSMUSG00000005103	-0.0698844104271981	7.33762612259697	-2.96878587394014	0.00300266068952046	0.0123891691607948	-2.42247503466023
ENSMUSG00000035235	0.149049837157357	6.8621453626737	2.89954554149826	0.00375180486844303	0.0148305040270701	-2.42262847895385
ENSMUSG00000046667	-0.124975110491702	6.96989006828612	-2.88228852165843	0.00396324363681074	0.0155675924671846	-2.42385046863761
ENSMUSG00000034333	0.188662803867708	7.23365755028044	2.88574235596339	0.00392007925636606	0.0154443808679941	-2.42851623948368
ENSMUSG00000040044	0.0982883524062848	7.44648603547556	2.99159053975302	0.002787569441664	0.011662069128935	-2.42935219207024
ENSMUSG00000001998	0.0735048886154512	7.4769925071716	3.01547253246021	0.00257748651943764	0.0109773758986589	-2.43003528352581
ENSMUSG00000041560	0.112859087819595	7.25590878251628	2.89551728468407	0.00380022163480888	0.0149992468022062	-2.43310942272069
ENSMUSG00000030527	0.0997292844914437	7.04084875493702	2.8775270138567	0.00402345859111672	0.015738010120974	-2.43357133358552
ENSMUSG00000064634	0.0978725077200053	7.3871949490598	2.97121689179598	0.00297903103453565	0.0122994242523307	-2.43376812876663
ENSMUSG00000015222	0.141096836933933	6.95447641097342	2.87829430929573	0.0040136994130234	0.0157303657221707	-2.4374356847274
ENSMUSG00000086779	0.0894148103270824	7.44352508199454	3.00157623028281	0.00269789477371106	0.0113864727199952	-2.43912548679138
ENSMUSG00000078580	0.0730717255177851	7.55438592169078	3.0789920955772	0.00208724040675047	0.00926181116741587	-2.44093251851168
ENSMUSG00000041995	0.087457171149345	6.99477105382223	2.87700881274502	0.00403006174048682	0.0157591303185345	-2.44135260170336
ENSMUSG00000000278	0.0937641679557064	7.24636700328396	2.90062477907786	0.00373892880862788	0.0147885365445789	-2.44302669374138
ENSMUSG00000035757	0.0976720969567602	7.34080253494685	2.92499072249504	0.00345871357878047	0.0138942860304983	-2.44307969264944
ENSMUSG00000020788	0.182263967884068	7.04202815131844	2.87659544029181	0.0040353361703882	0.0157642454935398	-2.44322714665433
ENSMUSG00000031819	0.176903423051611	7.15151805425975	2.87646513649247	0.00403700008186183	0.0157642454935398	-2.4434263979816
ENSMUSG00000028292	0.0987243835896958	7.41265088306773	2.96997312308497	0.00299109926408307	0.0123453567356165	-2.44473982693829
ENSMUSG00000065431	-0.109054565558112	7.17659421551644	-2.89479586125806	0.00380895235372221	0.015029175471649	-2.44568651581328
ENSMUSG00000028645	0.123962359736837	7.00846969441421	2.87392549735	0.00406955459002675	0.0158614494470468	-2.4465555295358
ENSMUSG00000043940	0.129004774819613	7.29249013308197	2.90722934017936	0.00366100322692205	0.0145550726531623	-2.44858032847281
ENSMUSG00000048905	0.0627635445504335	7.46140759096089	3.02375841441598	0.00250805113536131	0.0107200148430135	-2.44900125650684
ENSMUSG00000004096	0.141267498973783	6.89854675477516	2.88362552206284	0.00394648348716592	0.0155203850447511	-2.44984859885198
ENSMUSG00000033931	0.146382503637756	7.48741014670211	3.01075822615189	0.00261777265889955	0.0111172601364891	-2.44993437487889
ENSMUSG00000041278	-0.119565940416178	7.06225379185717	-2.87843018156929	0.00401197350487956	0.0157303657221707	-2.45311156981369
ENSMUSG00000061894	0.136931654589999	7.17752218191363	2.87403554835877	0.00406813896939237	0.0158606537782266	-2.45493090300095
ENSMUSG00000024078	-0.15284329148889	6.9255008080802	-2.87008030572588	0.00411929817266425	0.016036233028998	-2.46052309097003
ENSMUSG00000032508	-0.119026099357161	7.12986423429614	-2.87352442937803	0.00407471743877358	0.0158768454489356	-2.46583772364134
ENSMUSG00000023852	0.165678816737746	7.08384683300415	2.86634846143468	0.00416810252581566	0.0161877182640103	-2.46664262845368
ENSMUSG00000026857	0.0892479572525451	7.44494269296381	3.00234540680997	0.00269109790158914	0.011370572623965	-2.46815392196613
ENSMUSG00000009291	0.0882762330092079	6.89487536152895	2.87526309931279	0.00405237887495942	0.0158133365815108	-2.46866080898908
ENSMUSG00000062760	0.112399039657131	7.0162897189282	2.86423599732638	0.00419596094811815	0.0162765987356334	-2.46890188474566
ENSMUSG00000023104	-0.0579263471627609	7.35491106916306	-2.93942660743889	0.00330185447610043	0.0133998384380368	-2.47161144195262
ENSMUSG00000022718	-0.115926347892986	7.15855843827834	-2.8777493854094	0.00402062804745381	0.0157318783597791	-2.47184512161604
ENSMUSG00000028158	0.128597841724119	7.22702420932113	2.88370201083262	0.00394552660165847	0.0155203850447511	-2.47194414353517
ENSMUSG00000029093	0.111770774560473	7.07898954778128	2.8629128406583	0.00421349621075102	0.0163156144309826	-2.47388730050634
ENSMUSG00000015217	0.156991967290152	7.35901601117988	2.91473234507649	0.00357427143097814	0.0142709245423501	-2.47852263264268
ENSMUSG00000033610	0.165204613656258	7.11721712338473	2.86307441457127	0.00421135137865075	0.0163121338015668	-2.48015421621863
ENSMUSG00000041548	0.168586340859645	6.80817979468734	2.88065803491907	0.00398377030805944	0.01563414894278	-2.48022610715632
ENSMUSG00000044117	-0.111424847977738	7.41880229200396	-3.03153359274995	0.00244445633562084	0.0105141697083995	-2.48079093421186
ENSMUSG00000053141	0.142344405107506	7.31164208175	2.91384596282337	0.00358441936247986	0.0143018999323081	-2.48125457195557
ENSMUSG00000022052	-0.123218110092891	6.98096828134852	-2.86145326247999	0.00423291651782786	0.0163778457040986	-2.48157470274557
ENSMUSG00000049295	0.104472682944571	6.95834031101291	2.8664912243666	0.00416622588811613	0.0161852312543669	-2.48256796255884
ENSMUSG00000026924	0.123710860068997	7.2032347713208	2.8725077394735	0.00408783168956534	0.0159184689112996	-2.48293843352016
ENSMUSG00000102976	0.0859633398514514	7.12830357140826	2.8600363066678	0.00425184736521602	0.0164252539703181	-2.48295219196362
ENSMUSG00000030031	0.144167766753287	7.39462580225082	2.929657463401	0.00340727832335448	0.013729183797188	-2.48298373935806
ENSMUSG00000018417	0.0727738443656332	7.33118747360226	2.90452635765736	0.00369271472003883	0.0146391435227152	-2.4840850240413
ENSMUSG00000027030	-0.208675867008553	6.95871579640212	-2.86431001629115	0.00419498196314689	0.0162765987356334	-2.48499872136431
ENSMUSG00000081225	0.169894144888891	7.00170597759405	2.86377615829976	0.00420204748791958	0.016290555437324	-2.48551088933911
ENSMUSG00000026187	0.127783240647184	7.34430932826419	2.90506127677509	0.00368641927283536	0.0146236404457635	-2.49112552136863
ENSMUSG00000066129	0.0659602116800064	7.29177977333884	2.88486001819459	0.00393106548852614	0.0154762940699495	-2.4912480173271
ENSMUSG00000021587	-0.117875145304205	6.79497044221798	-2.8632769036938	0.00420866481143015	0.0163065521489327	-2.49224181698462
ENSMUSG00000024666	0.0802988695219069	7.38405534395728	2.95098477852663	0.00318096718057452	0.0130385793137388	-2.49292283479921
ENSMUSG00000029592	0.123349703108209	7.08260652762435	2.85569157868691	0.00431037368849671	0.0166216703634789	-2.49403349278504
ENSMUSG00000028035	-0.0924345976170562	6.71377318623735	-2.87643457692454	0.00403739040175977	0.0157642454935398	-2.4961811410337
ENSMUSG00000074505	0.125245729276955	7.29691203590421	2.89079418833812	0.00385771278426349	0.0152078216716584	-2.49824648730948
ENSMUSG00000090777	-0.14262809965093	7.17252610726139	-2.87796386226044	0.00401789970783216	0.0157303657221707	-2.49847485122679
ENSMUSG00000032415	0.0722749016439526	7.37955740917098	2.92323378925839	0.00347826036488411	0.0139599585214785	-2.49959512681157
ENSMUSG00000047804	0.147665664887738	7.33294172605411	2.91376856420319	0.00358530671996907	0.0143018999323081	-2.5028075889273
ENSMUSG00000019055	0.143224460907538	6.76409261798004	2.88231194359137	0.00396294947248538	0.0155675924671846	-2.50403395518201
ENSMUSG00000030347	-0.173741598158215	7.05960357550408	-2.86710986777642	0.0041581025958592	0.0161680662860079	-2.50498128483573
ENSMUSG00000019143	-0.130759884619519	7.19574308452504	-2.88331504011314	0.00395036982592524	0.0155310035318358	-2.50574897343673
ENSMUSG00000031521	0.145884340346171	7.2568223004277	2.86960175329915	0.00412552746384568	0.0160557091428857	-2.50584637464231
ENSMUSG00000012126	0.100064506625845	7.48855779640903	2.99836539984917	0.00272643725113839	0.0114699603123084	-2.50703601784374
ENSMUSG00000035898	-0.123694878869126	6.79129204990072	-2.86142297698269	0.00423332033781466	0.0163778457040986	-2.50908619277252
ENSMUSG00000020780	-0.122288079606252	6.73976518716889	-2.86447948391612	0.00419274134155154	0.0162737532296451	-2.51223844838676
ENSMUSG00000020101	0.17630004697014	7.22103349754878	2.86032072780616	0.00424804128517991	0.0164153944821651	-2.5125639348266
ENSMUSG00000063646	-0.156684280607117	7.0651537866986	-2.85966113474354	0.00425687258994622	0.0164398159137392	-2.51279148160789
ENSMUSG00000028637	-0.115091812711317	7.23451959163203	-2.88207923284422	0.00396587304945219	0.0155732483393605	-2.51403536852844
ENSMUSG00000027562	0.157889746382186	6.86386535027645	2.86794306630773	0.00414718473652779	0.0161304048041063	-2.51404771088813
ENSMUSG00000054381	0.098817516951252	7.3674244616287	2.9161145452277	0.00355849918260678	0.0142166223065877	-2.51482667140028
ENSMUSG00000056342	0.170824123693646	7.33590169283839	2.90447402702026	0.00369333112248153	0.0146391435227152	-2.51583003528196
ENSMUSG00000024330	0.143398532986038	7.14224946893537	2.84860104956266	0.00440745854796524	0.0169265025843241	-2.51679217551543
ENSMUSG00000017286	0.118491116360165	7.21163891113968	2.85544091762741	0.00431377244488533	0.016625230747259	-2.51693459887213
ENSMUSG00000030424	0.144483013447545	7.00565751161238	2.8500268904581	0.00438777788212105	0.0168636327962442	-2.51755353790721
ENSMUSG00000011096	0.148469856291134	7.0972516357183	2.84749349577478	0.0044228011329935	0.0169754653864412	-2.51985720908627
ENSMUSG00000017132	0.105030421311959	7.21806673162245	2.85529318912096	0.00431577665925533	0.016628060042075	-2.52071068564946
ENSMUSG00000022185	-0.128174125336694	7.08694748118378	-2.85245422256791	0.00435445698749597	0.0167622907616281	-2.52167237423843
ENSMUSG00000071645	-0.166020421336289	7.09304927136527	-2.86696808648489	0.004159963029094	0.016170497617844	-2.52401171197396
ENSMUSG00000053930	0.100992578526239	6.84233134221793	2.85864389800105	0.00427052504576189	0.0164876773515526	-2.52508359670709
ENSMUSG00000030770	0.179812154774219	7.25398020481878	2.8666226892161	0.00416449844340435	0.0161833225351884	-2.52548777074942
ENSMUSG00000021009	0.11642915512529	7.47386216968979	2.97492199541561	0.00294334346957476	0.0121828178007185	-2.52639913934847
ENSMUSG00000053825	-0.121822942611027	7.26969276675152	-2.90208439919595	0.00372157843384872	0.0147332642443143	-2.53127415748506
ENSMUSG00000028896	0.0594125058285222	7.33441126404337	2.90344548686097	0.00370546530301522	0.0146783515119744	-2.5314082246083
ENSMUSG00000026048	0.10870787519282	7.18654219943086	2.84610645856796	0.00444208358935209	0.0170344927802571	-2.53204089724041
ENSMUSG00000048355	0.0688878914391173	7.57149893198169	3.06036739298112	0.00222129281283384	0.00970666405394548	-2.53236116358672
ENSMUSG00000009470	0.108721459624995	7.22656247749954	2.85225476952035	0.00435718627647845	0.0167678667641552	-2.5326250102845
ENSMUSG00000092889	-0.109835562538183	7.17915974652206	-2.86076944377968	0.00424204292115415	0.0164018977920113	-2.53295950206954
ENSMUSG00000032042	-0.0885578899949397	6.74729199469395	-2.85695002831988	0.00429334683011566	0.0165660173002871	-2.53479244533578
ENSMUSG00000020186	0.135009668657078	7.24201388084617	2.85135581805144	0.0043695066699196	0.0168053999185039	-2.53491799308554
ENSMUSG00000025374	-0.11224762971957	7.32392238374648	-2.9099717101986	0.00362908295867155	0.0144545038317396	-2.53748229618521
ENSMUSG00000046380	0.0725195437016755	7.46889696048008	2.99764517374209	0.00273287743142326	0.0114822950360056	-2.5388122574946
ENSMUSG00000049354	0.0973645712560556	7.38126236893095	2.93368652113737	0.00336343273821004	0.0135853900887601	-2.53957426801411
ENSMUSG00000040653	-0.0944556674692301	7.29832615098472	-2.90499609716336	0.00368718584719412	0.0146236404457635	-2.53983364666047
ENSMUSG00000068740	0.101662440591855	7.49224821875263	3.00999701403147	0.00262433133382539	0.0111370326815047	-2.54125145448969
ENSMUSG00000015305	0.161040691363407	6.79328261215922	2.86336323905703	0.00420751981169052	0.0163065521489327	-2.54285696987789
ENSMUSG00000025373	-0.113014785376059	7.14846225805368	-2.8617675487464	0.00422872795833054	0.0163697535276355	-2.54310891573724
ENSMUSG00000035711	-0.133165811309681	6.98379463789113	-2.83941560904176	0.00453617382936019	0.0173308466344094	-2.54343020270546
ENSMUSG00000045657	0.154653928329139	7.16233310397514	2.84540654170307	0.00445184266594861	0.0170669177694287	-2.54436767952574
ENSMUSG00000097006	-0.118411207684046	7.41992731996992	-3.00043786863611	0.00270798276954983	0.0114143304632796	-2.54475945833887
ENSMUSG00000039958	0.129115403805513	7.22304414553836	2.84693327246186	0.00443058015002697	0.017000338606141	-2.54706030140126
ENSMUSG00000026254	-0.130991998989515	6.75856780594887	-2.84965077986748	0.00439296152804126	0.016875778264412	-2.54740014965332
ENSMUSG00000037211	0.139661182992381	7.01011887768851	2.8391607590266	0.00453979310548628	0.0173330333441313	-2.548889769434
ENSMUSG00000043445	0.193919785627878	7.10344399369299	2.84083579624706	0.00451605274716482	0.0172776629356756	-2.54962566151257
ENSMUSG00000032264	-0.111922318164742	7.11661177791865	-2.84126717562887	0.00450995703771908	0.0172593854246765	-2.55363057370987
ENSMUSG00000010755	-0.152552978825288	6.95968553040473	-2.83645884565054	0.00457832581651781	0.017449619094571	-2.55386273397915
ENSMUSG00000036528	0.114852438439942	7.136990100122	2.83420381603773	0.00461071197663627	0.0175475119761983	-2.55505171555693
ENSMUSG00000027668	0.130299839062357	7.13050987554196	2.83324083660822	0.00462460516366647	0.0175952719566177	-2.55727138646252
ENSMUSG00000062561	-0.166110136711349	6.8298415425816	-2.83813704379455	0.00455435787241183	0.0173683813765266	-2.55798384361521
ENSMUSG00000031376	0.152193997268533	7.29816537288429	2.88321089332736	0.00395167422180441	0.0155314677009497	-2.55878372920898
ENSMUSG00000024892	0.128476968922921	7.32280981475373	2.87408121214709	0.00406755171301467	0.0158606537782266	-2.56191117459951
ENSMUSG00000038402	0.175024067454575	7.29101642286496	2.85560266385929	0.004311579021874	0.0166216703634789	-2.5622616083695
ENSMUSG00000033991	0.126893339388794	7.21485973945904	2.84255962933029	0.00449173832103912	0.0172047507603991	-2.56330878481359
ENSMUSG00000066042	0.164975703512108	7.2980737454122	2.86501485302379	0.00418567007422793	0.0162511247365931	-2.56346093622915
ENSMUSG00000086771	-0.103214956867242	7.46560539315988	-3.03189226940882	0.00244155857674564	0.0105141697083995	-2.56510804966156
ENSMUSG00000032803	0.132085904140872	7.03257033465873	2.82993462052284	0.0046725939788926	0.017752269497968	-2.56611266204904
ENSMUSG00000027829	0.127724762668267	6.96147076100112	2.8351224975353	0.00459749313916632	0.0175124760482879	-2.56833452199802
ENSMUSG00000000823	0.0793854142649533	7.56322795515183	3.05122875679017	0.00228991473932401	0.00997324143953092	-2.56975230886702
ENSMUSG00000069255	-0.0739715252902382	7.47036038768185	-2.99888579283852	0.00272179259038515	0.0114577841136085	-2.57031036087218
ENSMUSG00000054263	0.139429722345733	7.34445622968598	2.87800575904984	0.0040173669390877	0.0157303657221707	-2.57262600606383
ENSMUSG00000031758	-0.126114287174794	6.84961817009575	-2.82965595983769	0.00467665919708033	0.01775706438523	-2.57378046388919
ENSMUSG00000042423	-0.0750576252105004	7.30502215707856	-2.87981744363062	0.00399439043409398	0.015669300422779	-2.57491209589747
ENSMUSG00000019852	0.149297799336022	7.44528160072385	2.95960637379379	0.0030934363302463	0.0127316153522743	-2.57851061318207
ENSMUSG00000067028	0.163871852052467	7.2624042677015	2.85398899051028	0.00433350723260916	0.0166865519674468	-2.57860210389116
ENSMUSG00000045348	-0.112900451558904	7.35103733347972	-2.94487222736315	0.00324438645394699	0.0132281244020785	-2.5790657491814
ENSMUSG00000022175	0.142341015027483	7.11849808987614	2.82533615014223	0.00474008939528862	0.0179164526654565	-2.57919091987752
ENSMUSG00000030341	0.143365204096414	7.16478120660596	2.82559488190846	0.00473626847269213	0.0179159857973087	-2.58227047150542
ENSMUSG00000022451	0.162248137924217	7.02528595871416	2.82599228134658	0.00473040515172367	0.0178989781058862	-2.58268162562711
ENSMUSG00000037852	0.177033309769419	6.98490505310498	2.828783866425	0.00468940236483618	0.0177901059867967	-2.58372193169392
ENSMUSG00000058013	-0.142192192032747	6.90472558111716	-2.82483704204105	0.00474746805489784	0.0179376195598045	-2.58621010562545
ENSMUSG00000077614	0.161201658449507	7.14597653758572	2.82784683629979	0.00470312943404805	0.017831847828137	-2.58693040774311
ENSMUSG00000045441	0.123398170720217	7.11133742400681	2.82346970634424	0.00476773561943584	0.0179934259814511	-2.58865335456367
ENSMUSG00000031302	0.0840428092644805	7.25848441467855	2.85142471850582	0.00436856125243416	0.0168053999185039	-2.59127885485583
ENSMUSG00000025235	-0.132247828741353	7.31984763187666	-2.92242191176869	0.00348732684645337	0.0139877705495611	-2.59368522031207
ENSMUSG00000036504	0.116728315135196	7.22210210065297	2.83988313658341	0.0045295409906287	0.0173191444653361	-2.59404951712795
ENSMUSG00000021939	0.10516181101084	7.31206959034038	2.87644207946932	0.00403729457286908	0.0157642454935398	-2.59635626000104
ENSMUSG00000022556	-0.136739767209996	7.13020077995557	-2.83276463241708	0.00463148950407508	0.0176142044544347	-2.59658792801423
ENSMUSG00000034930	0.117290180301445	7.11688315050992	2.81882604345285	0.00483715316371877	0.0182134050098953	-2.59703633080624
ENSMUSG00000048758	0.112628753651621	7.32317446085898	2.87813873695316	0.00401567638786931	0.0157303657221707	-2.59887635386628
ENSMUSG00000029401	-0.122735620473662	7.06424573992253	-2.82311951094809	0.00477293903392998	0.0180078725741243	-2.60317412984163
ENSMUSG00000046079	0.0875329099760753	7.44590449025109	2.92606134224188	0.00344685147499523	0.0138593917415963	-2.60559435325484
ENSMUSG00000020464	-0.11310706114248	7.28740320190915	-2.85778053365289	0.00428214350905334	0.0165276600296363	-2.60759259166085
ENSMUSG00000036046	0.143661229584363	6.90800439087776	2.82650940669062	0.00472278520811726	0.01788665886328	-2.60908632754154
ENSMUSG00000025722	0.0610489033219963	7.53563027938419	3.03051077648486	0.00245273699486294	0.0105420987316959	-2.60917168016131
ENSMUSG00000040213	0.091063916588336	7.22552520796903	2.8237029570842	0.0047642726891286	0.0179855415357761	-2.61096844123721
ENSMUSG00000092887	0.140880533840497	7.37519156480141	2.88538717988653	0.00392449829359167	0.0154571394884784	-2.61311756130697
ENSMUSG00000032459	-0.129035671705288	7.05938876895608	-2.81628395593691	0.00487554075313062	0.0183105506425663	-2.61338795051343
ENSMUSG00000046994	0.122818532056938	7.24418984916645	2.83216746448736	0.00464013569913249	0.0176389827447859	-2.61668770539627
ENSMUSG00000021906	-0.108500761781624	7.19667481716268	-2.82956546453322	0.00467798006910008	0.01775706438523	-2.61915961012894
ENSMUSG00000040302	0.135400864246169	7.26665805330556	2.82731267777296	0.00471097088886009	0.0178564073181692	-2.62128035297553
ENSMUSG00000030612	0.171204482011131	7.03090019763756	2.81098373324666	0.00495646635118962	0.0185718538837363	-2.62128246075601
ENSMUSG00000021552	0.112680516356845	6.76202991017786	2.83860751988243	0.00454765898944752	0.0173478879632421	-2.62474702018078
ENSMUSG00000049288	0.145468538480241	7.11407138813655	2.80797804078557	0.00500289633779239	0.0187256744623961	-2.62600532296081
ENSMUSG00000037709	0.133753095295783	7.44857981916974	2.91962389896093	0.00351873817173235	0.0140964871922644	-2.63021965072854
ENSMUSG00000059810	0.151585572099147	6.80009809920429	2.83442893715622	0.00460746954540635	0.0175402708021111	-2.63208896073769
ENSMUSG00000015013	-0.0669174118591416	7.38584193204681	-2.9347030585259	0.00335245192136344	0.0135505713351313	-2.63318395438876
ENSMUSG00000028032	0.0998036009144094	7.11929704984383	2.80347784252046	0.00507314813098226	0.0189409474463122	-2.63762237002806
ENSMUSG00000037206	0.0953973978456784	7.38487173697115	2.87689028758358	0.00403157342295916	0.0157603342052497	-2.63871251336333
ENSMUSG00000027667	0.0619640667878016	7.5085262084723	2.95559750101702	0.0031338595140927	0.0128737021520243	-2.64255238970275
ENSMUSG00000022064	-0.151175472636562	7.05086650102086	-2.80496372762953	0.00504985421695252	0.0188785526580075	-2.64264476449766
ENSMUSG00000031570	-0.164522094856366	7.11938370586822	-2.82644567196196	0.00472372375102461	0.01788665886328	-2.64453663909379
ENSMUSG00000022122	0.157000031643046	6.76707079693908	2.83738247787857	0.00456512044429881	0.0174043555203145	-2.64476005249498
ENSMUSG00000025607	0.0935855383702	7.5183071736225	3.00744058047326	0.00264646792546815	0.0112128019677116	-2.64529102744693
ENSMUSG00000093080	0.100623059407763	7.33728587780235	2.85422947441594	0.00433023289611554	0.0166788493898043	-2.64568590686199
ENSMUSG00000021820	0.084596665303418	7.53836746162953	3.01034598584412	0.00262132269697315	0.0111278718381234	-2.6475022315362
ENSMUSG00000031790	0.117817101332534	7.02565168403958	2.80143532510109	0.00510532682769701	0.0190424327145895	-2.64788419369648
ENSMUSG00000059602	0.152677570448851	7.4172293890678	2.91635187284684	0.00355579742321651	0.0142101647938799	-2.65003536568525
ENSMUSG00000016624	-0.11602891583413	7.06707927846742	-2.80370448575487	0.00506958882373105	0.0189361075264727	-2.65011605037234
ENSMUSG00000000439	-0.103420353101999	7.20374855681957	-2.83878824053858	0.00454508816906577	0.0173439299765432	-2.65021389862602
ENSMUSG00000051111	0.102984282677504	6.88741073013718	2.8065568293085	0.00502498696985541	0.0187909538444293	-2.65422658725216
ENSMUSG00000034926	0.0823195316672445	7.49948227890414	2.99013780687256	0.00280083997984742	0.0117039888337575	-2.65446161736805
ENSMUSG00000035064	0.0851610941982024	7.51725584570533	2.98327278501057	0.00286433528968046	0.0119009449738168	-2.65478663840164
ENSMUSG00000075266	0.0580171728380163	7.59788966335848	3.03655097395038	0.00240420536496164	0.0103812192078093	-2.65480330925348
ENSMUSG00000035873	0.13556238378535	7.08517655407712	2.79666580862525	0.00518118757265319	0.0192595422206631	-2.6573238021095
ENSMUSG00000026737	0.141222052000102	6.78720012579117	2.82426378199422	0.00475595578384807	0.0179645046515115	-2.65839654096806
ENSMUSG00000008028	0.135420178126864	7.37546116803628	2.86870941471488	0.00413716582802955	0.0160962184310736	-2.6588176602053
ENSMUSG00000040669	0.111683764020106	7.2906350031162	2.81859487886073	0.00484063259660134	0.0182212656569019	-2.6588342328814
ENSMUSG00000098148	0.0948342442647023	7.41741834302743	2.91538166254571	0.0035668541818166	0.0142456543466574	-2.66003990749361
ENSMUSG00000021427	0.174755286244088	7.13791721160835	2.79911986496145	0.00514202866832834	0.019152045327384	-2.66004805425816
ENSMUSG00000038665	0.127757646824983	7.27272495343016	2.82538185258252	0.0047394142637397	0.0179164526654565	-2.66067991050283
ENSMUSG00000028836	-0.133919252118607	7.08057295779654	-2.80697763464872	0.00501843699740351	0.0187718220485734	-2.66170702762579
ENSMUSG00000049659	-0.13735972558401	6.96343160156633	-2.79606784620183	0.00519076989263043	0.019287933790669	-2.66324693658931
ENSMUSG00000070637	0.114704758610852	6.95543880071294	2.79748258780785	0.00516812455952894	0.0192164404241275	-2.66542892669308
ENSMUSG00000015750	0.10634227841278	7.36499996742204	2.86401162584678	0.00419892978282421	0.0162832904966631	-2.66709669297381
ENSMUSG00000006941	-0.139933905581922	6.95883155713328	-2.79438069678361	0.00521789279774477	0.0193629967426515	-2.66751937309025
ENSMUSG00000056999	0.128562257802832	7.22790940288971	2.80484391460116	0.0050517289097223	0.0188801698218911	-2.66795736669648
ENSMUSG00000039982	-0.0758680317757046	7.50956775318279	-3.0107348553298	0.00261797380085516	0.0111172601364891	-2.66851180938371
ENSMUSG00000020048	-0.1035586789292	6.68435786467002	-2.81647547277343	0.00487263911982693	0.0183049042630629	-2.6688378500188
ENSMUSG00000029465	-0.203119760258784	6.96196336033717	-2.79771062491089	0.00516448280834172	0.0192138132784342	-2.66983855442213
ENSMUSG00000054648	0.159772064862723	6.90087071833205	2.80006154738617	0.00512707359085605	0.0191017778746407	-2.66989392134409
ENSMUSG00000027433	0.105886312228668	7.27142858698702	2.81659772640233	0.00487078769677084	0.0183032010694959	-2.67019304270125
ENSMUSG00000028468	0.0634858148446691	7.54422983620542	2.99444268209784	0.00276168242404473	0.0115847312706163	-2.67029018486116
ENSMUSG00000035234	0.128921471868855	7.42411814176668	2.87263639541621	0.00408617004574595	0.0159167325911651	-2.67091914516012
ENSMUSG00000020946	0.17244519743684	7.07424903150379	2.79219115527784	0.00525328319333175	0.0194667374942257	-2.67338460559557
ENSMUSG00000058603	0.114431518410543	7.31308599922744	2.84482997223437	0.00445989647983628	0.0170927882652273	-2.67389590533174
ENSMUSG00000046441	0.173328211592823	7.08337510058248	2.79147356887405	0.00526492892050183	0.0194878285064207	-2.67433374656503
ENSMUSG00000032547	0.100720949507181	6.84730242641203	2.80787883737574	0.00500443545187995	0.0187256744623961	-2.6750229961683
ENSMUSG00000027341	0.14061924331053	7.20102665406634	2.80343774437969	0.00507377808541224	0.0189409474463122	-2.67539711478243
ENSMUSG00000007850	-0.130338549177909	6.70406724895952	-2.81505645026029	0.00489417560274846	0.0183705068255343	-2.67840495457826
ENSMUSG00000032532	-0.0817546963099112	7.46736207342164	-2.98437583279329	0.00285404524441449	0.0118724624774147	-2.67908832011046
ENSMUSG00000094002	-0.0609986736346473	7.52027324930712	-3.01198204697432	0.00260725951863013	0.0110861453776894	-2.68023557056452
ENSMUSG00000044548	0.11152219245125	6.95537276633287	2.79006432681209	0.00528786745780783	0.0195478261606857	-2.68102679148758
ENSMUSG00000040125	0.139247820582804	7.3754792099703	2.87823759121375	0.00401442006997945	0.0157303657221707	-2.68310907614428
ENSMUSG00000062866	0.149784237790139	6.74040020729644	2.81732672320577	0.00485976089456472	0.0182722543456753	-2.68388809663135
ENSMUSG00000031425	0.172289756509994	6.91848356652953	2.80052324645231	0.00511975561592802	0.0190799432176857	-2.68575699695978
ENSMUSG00000047307	0.132843173509686	7.27046961539956	2.82249545573017	0.00478222436773591	0.0180377071225579	-2.68601222925032
ENSMUSG00000030657	0.124847060047641	7.27016882032775	2.81445938991966	0.00490326289405966	0.0183889624104132	-2.68718329430124
ENSMUSG00000025971	0.0842018069104977	7.35856752789742	2.85683856021598	0.00429485253043083	0.0165669444102535	-2.68894822548663
ENSMUSG00000021978	0.155296266043407	7.26964502164736	2.82199012020281	0.00478975524641907	0.0180557085188939	-2.69100123544636
ENSMUSG00000028795	-0.155181146864405	7.18629534054961	-2.81052091695759	0.00496359015265124	0.018593225258515	-2.69336579960193
ENSMUSG00000032329	-0.114857883397352	7.07646653664381	-2.79297623902953	0.00524056871827233	0.0194416337941687	-2.69541132197261
ENSMUSG00000019782	0.165709231361703	7.05801797829134	2.78356668965191	0.00539480319090084	0.0198730341517371	-2.69546022837005
ENSMUSG00000005078	-0.140399821084647	6.79777906437408	-2.79152606710725	0.00526407613517978	0.0194878285064207	-2.6969656910512
ENSMUSG00000028538	-0.0893612945629885	7.20654327969235	-2.81788866725659	0.00485127635555808	0.0182455932338312	-2.70087946614927
ENSMUSG00000026018	-0.109140959742955	7.38115349841265	-2.90962499838324	0.00363310453925528	0.0144661206289325	-2.70328493655173
ENSMUSG00000060510	0.166917479491349	7.10479374595478	2.7805218848484	0.00544558234018686	0.0200319089625531	-2.70350309504434
ENSMUSG00000007880	0.137269249186548	7.34174530843753	2.82530853310274	0.0047404974055256	0.0179164526654565	-2.70542582222324
ENSMUSG00000030824	-0.140277720883265	7.01373026599783	-2.77985878643114	0.00545669810618976	0.0200502642734315	-2.70808205652911
ENSMUSG00000035202	0.153570020637554	6.99604884668568	2.77657331315622	0.00551207653689857	0.0202144516715373	-2.71318723964229
ENSMUSG00000024006	-0.112579920403128	7.22659454965607	-2.79760041008531	0.00516624264872785	0.019214900215098	-2.71749591965135
ENSMUSG00000036560	0.146927974131685	7.05896475783759	2.77416646006529	0.0055529667925315	0.0203411978869117	-2.71900426486454
ENSMUSG00000037984	-0.0841378093827814	7.35726396322475	-2.87560508918715	0.00404799807152806	0.0158009513275031	-2.71910758270352
ENSMUSG00000097405	0.155552766452684	6.93538098019716	2.77991043828623	0.00545583151166263	0.0200502642734315	-2.71924640095634
ENSMUSG00000036362	0.168206186637849	7.24124545256703	2.78522936045086	0.00536725520390451	0.0197826872549318	-2.72173179945506
ENSMUSG00000020774	0.160487096860953	6.96971201229219	2.77993236721925	0.00545546363422232	0.0200502642734315	-2.72444381916922
ENSMUSG00000023055	-0.141427823448949	7.18938357978706	-2.79786033251587	0.00516209324022964	0.0192103822345328	-2.7247040952759
ENSMUSG00000008398	0.195059873584469	7.21954074212406	2.77968760672867	0.00545957098054603	0.0200551917164165	-2.72555931905571
ENSMUSG00000038332	-0.172171056208017	7.00428113647037	-2.77543892720491	0.00553131474024253	0.0202675545981683	-2.72734977503273
ENSMUSG00000091183	0.105266109071712	7.37367971909876	2.83957037989932	0.00453397711290644	0.0173308466344094	-2.72876141686149
ENSMUSG00000031529	0.132219264378273	7.24755500345803	2.79184016280984	0.00525897654724909	0.0194768093229378	-2.72896700962776
ENSMUSG00000054115	-0.099010427228138	7.06524586909766	-2.76981217442783	0.00562763848916184	0.0205514764574915	-2.7328676303608
ENSMUSG00000056004	0.111843420643646	7.29299044037007	2.80074779415592	0.00511619992731626	0.0190775532464895	-2.73398893570879
ENSMUSG00000026134	-0.1260735213836	6.9617035476857	-2.77017635265479	0.00562135864590107	0.0205342710357525	-2.73419174768116
ENSMUSG00000036860	-0.136231056805213	7.16807835989014	-2.80400500324252	0.00506487284403238	0.0189238913453402	-2.73446515814928
ENSMUSG00000023224	0.141501947632904	7.27532786498447	2.79054264509303	0.00528007166488391	0.0195273158860622	-2.73706148606968
ENSMUSG00000053286	-0.152165664335769	7.0141668661418	-2.77025362694905	0.00562002695130461	0.0205342710357525	-2.74145244182507
ENSMUSG00000029111	-0.0924821751743385	7.33592958976227	-2.85114894387993	0.00437234640841076	0.0168113830187705	-2.74315570044354
ENSMUSG00000056612	0.073783863770613	7.26126427349585	2.78620759978302	0.00535110666187457	0.0197454025978754	-2.74412943927347
ENSMUSG00000021550	0.126451822762711	7.24011896038796	2.78164685061634	0.00542677088110268	0.0199739343197628	-2.74495829888685
ENSMUSG00000042115	0.134639537068832	7.2411876767727	2.78554653882046	0.00536201448308139	0.0197689365284431	-2.74498776083119
ENSMUSG00000037736	0.111066921491157	6.88205037817072	2.77996865900773	0.00545485485625853	0.0200502642734315	-2.74526873838756
ENSMUSG00000090733	0.122421471659472	7.11573178765865	2.76415372602465	0.005726028785291	0.0208526199880472	-2.74542612699085
ENSMUSG00000044337	-0.138650296238322	7.30101976799298	-2.84165047594237	0.00450454697805984	0.0172437219405729	-2.74548376862237
ENSMUSG00000028962	0.11982912544501	7.17176735947233	2.7674124862726	0.00566917694474277	0.0206800960046175	-2.74640172880234
ENSMUSG00000032263	-0.130015413094172	7.13119108965841	-2.77226486129345	0.00558546663518253	0.0204350824185095	-2.75017597879808
ENSMUSG00000031871	0.184275240818304	7.15570926705503	2.76507996811497	0.00570981761580201	0.0208109499515813	-2.75080212200167
ENSMUSG00000062284	-0.123034806299812	7.0317459970494	-2.76370750730842	0.00573385335333777	0.0208637043084764	-2.75452270855622
ENSMUSG00000061759	-0.131010186533559	7.01513535520262	-2.76265681378633	0.00575231566028609	0.0209134453275383	-2.75479348546867
ENSMUSG00000020124	-0.104804221631152	7.05103296660574	-2.76280178686196	0.00574976507479054	0.0209099789886549	-2.75722255579035
ENSMUSG00000031393	0.146713069839489	7.35131031299967	2.82915110056003	0.00468403245350604	0.0177748848931307	-2.75731629328977
ENSMUSG00000055053	0.152299645421551	7.25190931332397	2.77616449505738	0.00551900276482835	0.0202337676273125	-2.75773624450819
ENSMUSG00000079036	0.146724609225013	7.36919926764431	2.84284937514938	0.00448766316275044	0.0171941721178603	-2.75871620896764
ENSMUSG00000049553	0.0953186546654052	7.19221472866889	2.76782403177452	0.00566203352234266	0.0206597945581132	-2.75907707813787
ENSMUSG00000032925	0.116619824120039	7.37161595186949	2.82239107823431	0.00478377899843494	0.0180383740344211	-2.76061979686299
ENSMUSG00000042079	0.0915611923980126	6.98576892692885	2.75706479862899	0.00585148111762328	0.0212385890745561	-2.77274284977043
ENSMUSG00000035713	0.0842869862979603	7.54558056420942	2.95267008090277	0.0031636816072156	0.0129799183960096	-2.77420336742927
ENSMUSG00000065509	-0.16100928462623	7.05135414791245	-2.76527367861604	0.00570643251736954	0.0208044039313289	-2.77493544329228
ENSMUSG00000021932	-0.143357577647068	7.17843582587244	-2.76814814979719	0.00565641334487214	0.020650798525116	-2.77496205126258
ENSMUSG00000074876	0.10131945726969	7.1063679004094	2.75335589829291	0.00591810006804596	0.0214206301498029	-2.77665173763727
ENSMUSG00000027222	-0.103147626726011	7.26736581220563	-2.81830810941827	0.00484495212791831	0.0182317451475156	-2.77762042468034
ENSMUSG00000008206	-0.0808902478359315	7.34702672702145	-2.84657089433499	0.00443561857886107	0.0170146845691325	-2.77977858863116
ENSMUSG00000028399	0.0850214020709359	7.1858959454105	2.75618837235413	0.00586716210574159	0.0212886262335213	-2.77998952946686
ENSMUSG00000047067	0.130404812401558	7.35873164431837	2.8418451807029	0.00450180108741587	0.0172382509027343	-2.78090746031339
ENSMUSG00000061411	0.147220674389456	7.23451397833449	2.77152494573556	0.00559815870821636	0.0204666556291451	-2.78112240132185
ENSMUSG00000027201	-0.0867149438281087	7.31851308579379	-2.81822519238871	0.00484620173490332	0.0182317451475156	-2.78431071476371
ENSMUSG00000005779	-0.0841898417676363	7.20851346194673	-2.78882811814675	0.00530806379741292	0.0196031512653681	-2.78493521005403
ENSMUSG00000031959	0.115714478184428	7.24212943711778	2.77221034702597	0.00558640085363929	0.0204350824185095	-2.78723246763903
ENSMUSG00000038069	0.166879608171257	7.20502296327736	2.75894787255444	0.00581791698090498	0.0211284796432754	-2.7888249639808
ENSMUSG00000088993	0.101917919654347	7.23900322270701	2.75981272442963	0.00580256001725598	0.0210844062575396	-2.78931184582748
ENSMUSG00000020794	0.0605100100591089	7.49140696485473	2.90581094296096	0.0036776128982794	0.0146122330999314	-2.78938723996852
ENSMUSG00000027593	-0.131573259519582	7.02786870559954	-2.7496784596169	0.00598482819697532	0.0216087619290681	-2.79012389397162
ENSMUSG00000006307	0.0923557535465651	7.4506904650502	2.87975968931033	0.00399512105188179	0.015669300422779	-2.79019720238202
ENSMUSG00000002496	0.133935605656944	7.28125548407767	2.78597856422095	0.00535488358660792	0.0197537717429898	-2.79029254306877
ENSMUSG00000039130	0.0962174466016643	7.32684672312111	2.81930919666196	0.00482988816825105	0.0181912819041262	-2.79339955689095
ENSMUSG00000025026	0.110843880668574	7.15016089196162	2.74642639280775	0.00604440200463898	0.0217758148169327	-2.79454364743226
ENSMUSG00000026743	0.138090330288995	7.09844504519523	2.74531922031834	0.00606480562628002	0.0218373034266386	-2.79634635166991
ENSMUSG00000098332	-0.109229077540664	7.20222089993059	-2.76606830434452	0.00569256534078479	0.0207596282567004	-2.80162939983395
ENSMUSG00000026249	0.0981145016806702	6.51661492388236	2.80786374514417	0.00500466964130187	0.0187256744623961	-2.80220767403982
ENSMUSG00000021713	0.125785826826959	7.2266049514472	2.74898329876461	0.00599751802344355	0.0216426422169027	-2.80281748217252
ENSMUSG00000020483	0.164069213619588	7.26583575963508	2.78563232845796	0.00536059777998566	0.0197689365284431	-2.80288993366372
ENSMUSG00000044916	0.143567424567745	7.19960110243789	2.75120051148155	0.00595712833181123	0.0215359075672607	-2.80419060639413
ENSMUSG00000058351	0.101833130534494	7.27980614821683	2.778271717233	0.00548338598396113	0.0201370236471302	-2.80460132049139
ENSMUSG00000038048	0.130188357536368	6.94191080644839	2.74414090949923	0.00608658837601649	0.0219097099309343	-2.80807507139248
ENSMUSG00000038827	0.145398870146821	7.37181996117179	2.82062956846018	0.0048100845708177	0.0181271235466739	-2.8088502373409
ENSMUSG00000038143	0.131429213316909	7.04310363048844	2.74023356093598	0.00615932660872074	0.0221471859273199	-2.80942020986142
ENSMUSG00000032089	0.138364991753646	7.3966700914614	2.82601756619919	0.00473003231577457	0.0178989781058862	-2.81057029890607
ENSMUSG00000019997	0.15379456176885	7.0228098225772	2.74169569698567	0.00613201666483028	0.0220550445538346	-2.81083267323608
ENSMUSG00000026185	0.110791077745539	6.99671753164798	2.74297728813637	0.00610816872111991	0.0219813482399401	-2.81134883428728
ENSMUSG00000037313	0.103312857091069	7.36836415748885	2.80170132613483	0.00510112570779477	0.0190321851714019	-2.81198563017824
ENSMUSG00000018707	0.121742975428115	7.20578442822099	2.75496606339842	0.00588909488494229	0.0213573490951979	-2.8123996046517
ENSMUSG00000033033	-0.144083429182705	7.17663737628545	-2.77703347654881	0.00550428980108444	0.0201967943037549	-2.81521919054357
ENSMUSG00000043190	0.105134211466818	7.2660293003225	2.76784697461097	0.00566163552997233	0.0206597945581132	-2.81550813055342
ENSMUSG00000053137	-0.172463106402243	7.08708755761967	-2.75824520336485	0.00583042108247947	0.0211680179733281	-2.81747561453069
ENSMUSG00000034518	0.106176026451496	7.29396101404074	2.76136658600261	0.0057750602955957	0.0209903079927648	-2.81777146838754
ENSMUSG00000029613	-0.161553855909571	6.96646729408921	-2.73961307452339	0.00617094919977446	0.0221828849323029	-2.81805197670144
ENSMUSG00000028458	0.105374654106737	7.41021784612314	2.83917034216862	0.00453965696227463	0.0173330333441313	-2.81854925508351
ENSMUSG00000041828	0.13888545394199	6.67152191342246	2.78198609170932	0.00542110968485234	0.0199587086597545	-2.81895843879149
ENSMUSG00000015850	0.160578925113256	6.93815123553746	2.74674054005674	0.00603862399151428	0.0217609868695031	-2.8206206618571
ENSMUSG00000061762	0.0754270666869896	6.71712488173675	2.76378840350066	0.00573243410094697	0.0208637043084764	-2.82183724313649
ENSMUSG00000074738	0.0789155695198467	7.59438152788271	3.00120911023071	0.00270114437955372	0.0113965137663929	-2.82678478937392
ENSMUSG00000031708	-0.113526059762068	7.29160224760073	-2.81329272650069	0.00492106364933813	0.0184497609671062	-2.82733459641582
ENSMUSG00000013622	0.0677336928735981	7.49334417312215	2.89705882058513	0.00378162678751834	0.0149303552177895	-2.82816224672388
ENSMUSG00000048967	0.146665453633998	6.97554674167811	2.73333388553941	0.00628968357546893	0.0225787050644473	-2.8295922799207
ENSMUSG00000031231	-0.127369345066398	7.22790513019477	-2.7884334123708	0.00531452689503578	0.0196214850845483	-2.82990590706538
ENSMUSG00000074715	0.071507602778202	7.54425644344316	2.93633491327216	0.00333489260788269	0.0134995918006317	-2.83024365347887
ENSMUSG00000026888	0.107220982819743	7.02943323664301	2.7324649029997	0.00630627635913847	0.0226196630394085	-2.83139550288591
ENSMUSG00000064307	-0.0872688291883374	7.05438589089533	-2.73225963369486	0.0063102016227208	0.0226275430415395	-2.83338734727019
ENSMUSG00000005951	0.099172695996474	7.54374389439622	2.93135310716427	0.00338876270209738	0.0136678007689029	-2.83421383545587
ENSMUSG00000047473	0.1126516394518	7.2703179121901	2.76291267865094	0.00574781478743732	0.0209086944143177	-2.83557952111567
ENSMUSG00000039860	-0.111410950732631	6.99004136698483	-2.73163167887393	0.00632222335381865	0.0226452896655767	-2.83590396697122
ENSMUSG00000023367	0.143488211638915	7.34339881140249	2.78708984995948	0.00533658033908387	0.0196973526358292	-2.83641782357728
ENSMUSG00000026433	0.122857326260356	7.33791603052117	2.78150803734944	0.00542908891152017	0.0199768499240084	-2.83755309297537
ENSMUSG00000046572	0.117086753114051	7.25597395883841	2.75174866192942	0.00594718086387769	0.021508423168477	-2.83771043628814
ENSMUSG00000047342	-0.0712614752951044	7.44928609446276	-2.88759539811612	0.00389709726744825	0.015358457984778	-2.84367882069222
ENSMUSG00000024963	0.0606100005875998	7.40293927047289	2.82686919146778	0.00471749026657194	0.0178759428567177	-2.84393099457756
ENSMUSG00000051510	-0.159531188884999	6.99502966616015	-2.73160511773843	0.00632273230134219	0.0226452896655767	-2.84409364036009
ENSMUSG00000031770	-0.0720366746801426	6.70330502785958	-2.7504634060625	0.0059705284710855	0.021569028350842	-2.8474539061746
ENSMUSG00000040850	0.0989857618484269	7.04138801071072	2.72489897381627	0.00645241765697531	0.0229926652055309	-2.84820800840895
ENSMUSG00000028176	0.13079025710844	7.25347356661803	2.75370653403813	0.00591177284153223	0.0214107557448606	-2.84896990249868
ENSMUSG00000093967	0.104713535936841	7.4250251996579	2.82838975591351	0.0046951714794056	0.0178068322735742	-2.85065606460681
ENSMUSG00000015755	0.153534765429406	7.0681809875906	2.72506563412891	0.0064491659425575	0.0229873347454296	-2.85177370776355
ENSMUSG00000083929	0.154126198279558	7.34396764703247	2.77399688486679	0.00555585802062486	0.0203460960016841	-2.85342024628614
ENSMUSG00000030329	-0.10812311511533	7.25616812932191	-2.80059360642577	0.00511864123308813	0.0190799432176857	-2.85376297135787
ENSMUSG00000054640	0.141627526527585	7.34040800260178	2.79064437052376	0.00527841504912908	0.0195267052340203	-2.85391189170909
ENSMUSG00000031820	-0.0642267714281282	7.43054648313573	-2.88480705855735	0.00393172579259487	0.0154762940699495	-2.85492016973456
ENSMUSG00000032589	0.139417430533448	7.30982177745876	2.78201817980618	0.00542057448046787	0.0199587086597545	-2.85522430651828
ENSMUSG00000024660	-0.139506000979957	7.17740133975904	-2.74820999784499	0.00601166274633757	0.0216877069922986	-2.85526643363065
ENSMUSG00000041841	0.111222821412595	7.28829793099112	2.7646049527972	0.00571812619575272	0.0208354322724171	-2.85816849714183
ENSMUSG00000072258	-0.161170526084285	7.22179902615369	-2.76385630901335	0.00573124300323294	0.0208637043084764	-2.85868968587902
ENSMUSG00000031210	0.0823416670097981	7.34313610088171	2.79793920353995	0.00516083473701364	0.0192103822345328	-2.8596769087026
ENSMUSG00000093874	0.140381001512886	7.21074555061083	2.73444772515263	0.0062684728562767	0.0225087346775575	-2.86174127195558
ENSMUSG00000050272	0.131844900752821	7.29764417390127	2.77334678833367	0.00556695464897021	0.0203810319531091	-2.86477571814205
ENSMUSG00000058317	-0.0983532010277983	7.29380960674511	-2.81454243631617	0.00490199800993854	0.0183889624104132	-2.86638425100978
ENSMUSG00000034312	0.141642393924252	7.28208116115001	2.75430362059423	0.00590101243997299	0.021394642720611	-2.86790340892664
ENSMUSG00000043279	0.12074092681276	7.056456394144	2.71775892750486	0.00659312045949013	0.023436636724313	-2.8692747824782
ENSMUSG00000027680	-0.0909292920414302	6.66997149625963	-2.74952648921207	0.00598760027481854	0.021612810255838	-2.87057080245029
ENSMUSG00000036040	-0.0809425322632178	7.33961713536876	-2.81956996543758	0.00482597118967898	0.0181817596590726	-2.87144513363365
ENSMUSG00000089715	-0.122017409109209	7.33697802358164	-2.82983787625614	0.00467400496177021	0.017752269497968	-2.87380462256812
ENSMUSG00000001211	0.149828652996638	7.30910415022379	2.77210716803646	0.00558816943215921	0.0204358419569353	-2.87517376524201
ENSMUSG00000001995	0.12589913660738	6.87929700211009	2.72825232525543	0.00638727333197909	0.0228164208628295	-2.87787600003585
ENSMUSG00000041840	0.0862202660405416	7.47138723450072	2.84819563892313	0.00441306896330399	0.0169430788467964	-2.87799377752237
ENSMUSG00000026827	0.149527437580688	7.07232980961043	2.71625507788187	0.0066231050729185	0.0235176814794274	-2.87877966826098
ENSMUSG00000031864	-0.124570637123798	7.00890029189595	-2.71569598870104	0.00663428374928601	0.0235414429206492	-2.87969470550216
ENSMUSG00000007659	-0.134971522124583	6.68637663118224	-2.73699008485309	0.00622030008420228	0.0223480155604765	-2.88252151854235
ENSMUSG00000047554	0.0919873279721521	7.12209785765196	2.71252484016249	0.00669801077881656	0.0237257459730158	-2.88456987864726
ENSMUSG00000059146	0.0908822969917651	7.44511775276833	2.86044366791687	0.00424639707643411	0.0164138855992546	-2.88867150789228
ENSMUSG00000022452	0.129479346354615	7.14760170893783	2.71879885642723	0.00657245723261118	0.0233758788615446	-2.88979358498608
ENSMUSG00000005621	0.130430107592258	7.38830921516113	2.78902117339471	0.00530490520683922	0.0195970143814727	-2.89170179921603
ENSMUSG00000028978	0.187380233340136	7.15948516702679	2.71529130707829	0.00664238571597988	0.0235542020026025	-2.8921355891927
ENSMUSG00000103472	0.0905779371973363	7.2740617023482	2.74269028686187	0.00611350198972097	0.0219944952045691	-2.89489758888038
ENSMUSG00000024594	0.085676177754908	7.36729984214216	2.77765733381006	0.00549374894889096	0.0201637682194787	-2.89525832219541
ENSMUSG00000073771	0.128256712430036	7.3501942877598	2.79497847834749	0.00520826814193114	0.0193437295075638	-2.89669119891893
ENSMUSG00000029673	-0.143655539786783	7.02089578573575	-2.70981631710061	0.00675287619764095	0.0238942311295988	-2.90198942437317
ENSMUSG00000044072	-0.106561728912571	7.21054677534544	-2.73090614932882	0.00633613875150623	0.0226832727740551	-2.9022365291174
ENSMUSG00000031783	-0.141040049283991	6.96410482590211	-2.70765206618518	0.00679700657038507	0.0239984924540133	-2.90616694163722
ENSMUSG00000021171	0.157563825985265	7.18047192031481	2.71174941529698	0.00671367714090209	0.0237748069052448	-2.90677151735742
ENSMUSG00000040177	-0.130987117719291	7.15157721210332	-2.73200431799983	0.00631508696811888	0.0226386679984605	-2.908195592073
ENSMUSG00000037572	0.0945858985867023	7.42410165585572	2.82639860731909	0.0047244169224887	0.01788665886328	-2.90862424095728
ENSMUSG00000034157	0.152014977374773	7.42320980943235	2.80950457332187	0.00497926651882925	0.0186466124898491	-2.91132448539802
ENSMUSG00000024622	0.11434665724668	7.19000664349038	2.71716294045228	0.00660498895289359	0.0234724525980681	-2.91203046660129
ENSMUSG00000036432	0.150623803151771	7.03404874490408	2.70275497519099	0.0068978195228215	0.0243085472928073	-2.91214336134724
ENSMUSG00000050890	0.171798071554095	7.34768108278879	2.74764922990244	0.00602193875020737	0.0217187939718223	-2.91229441619322
ENSMUSG00000020484	-0.0978744274493728	6.66808137350383	-2.72427462947023	0.00646461237902341	0.0230298517731087	-2.91441951020732
ENSMUSG00000017386	0.130721969252948	6.95422991676601	2.70847009974196	0.00678029599224444	0.0239607607055997	-2.91597736869969
ENSMUSG00000049940	0.167828538290356	7.14630909260813	2.7051972364203	0.00684737566692397	0.0241632997928217	-2.91626044407096
ENSMUSG00000006019	0.0784212934772146	7.4384956294865	2.83938750492142	0.00453657282432943	0.0173308466344094	-2.9164640501218
ENSMUSG00000034349	0.119340703245786	6.78241962685316	2.72967631690165	0.00635978949028855	0.0227498086376997	-2.91679972169079
ENSMUSG00000027804	-0.0952962462827571	6.95499782655216	-2.70084440884437	0.00693751398143863	0.0244287071126935	-2.91755196106174
ENSMUSG00000040488	-0.104383449712141	7.38324775970854	-2.81504750576224	0.0048943116259902	0.0183705068255343	-2.91916060526742
ENSMUSG00000029778	0.124950365733588	7.19536240232841	2.70931009244371	0.00676317527934993	0.0239242071756956	-2.9209126651122
ENSMUSG00000051238	0.142840996978511	7.20340855302672	2.71594517320296	0.00662929934972601	0.0235332936785827	-2.92096045639141
ENSMUSG00000103375	0.0602975348579973	7.20608715926276	2.70921253653287	0.00676516166509442	0.0239247694541913	-2.92393378934768
ENSMUSG00000022000	-0.123844216010951	7.09466614261242	-2.70335214030774	0.00688545458610757	0.0242845828236316	-2.92397735112661
ENSMUSG00000029291	-0.136424601789289	6.8773803843009	-2.69983924395614	0.00695847985593274	0.024495944682407	-2.92557086021055
ENSMUSG00000055125	-0.0522060755977751	7.52227022820157	-2.92576925839411	0.00345008398539363	0.0138642350772718	-2.9256527698101
ENSMUSG00000067872	0.0784980328063281	7.43938780324373	2.82392867243372	0.00476092380014457	0.0179780831818554	-2.9261609149908
ENSMUSG00000053475	0.157745671528899	6.78698746130676	2.72887069632172	0.00637532531658802	0.0227986230660394	-2.92683719284099
ENSMUSG00000027676	-0.101367438064468	7.19917229778318	-2.71554815510871	0.00663724243478053	0.0235423402753039	-2.92766214781297
ENSMUSG00000022658	-0.101755846761494	7.3031431405546	-2.79244101473026	0.00524923368490864	0.0194572387890215	-2.92826010497072
ENSMUSG00000036188	-0.0877844905322149	7.3790585618602	-2.83538154488219	0.00459377193709667	0.0175033941212077	-2.93004259030017
ENSMUSG00000035212	0.129645206842884	7.1087043087499	2.6933997000596	0.00709415264549556	0.0248932314218247	-2.93301261318574
ENSMUSG00000031641	-0.073159989382769	7.47586796805355	-2.87774456775818	0.00402068935165145	0.0157318783597791	-2.93454594378327
ENSMUSG00000032086	0.124169149418641	7.05259756416317	2.69236967175515	0.00711607302905571	0.0249367312891856	-2.93536110524274
ENSMUSG00000082286	-0.0531007594566919	7.409832103352	-2.8126751499039	0.00493051017772434	0.0184798852696156	-2.93665012781984
ENSMUSG00000040865	0.137226107151409	7.00253745145412	2.69297702419331	0.0071031404077004	0.0248980760957466	-2.93970720389178
ENSMUSG00000038848	-0.117104955200598	6.85717429245796	-2.69687625254578	0.00702061399083258	0.0246748666759678	-2.93998742877705
ENSMUSG00000024218	0.0890478027011756	7.25512525336903	2.72869313491212	0.00637875405435336	0.0228046554013092	-2.94042906361298
ENSMUSG00000098146	0.171405040445181	7.15034367140107	2.69211847309578	0.00712142809049479	0.0249488189886962	-2.94256934863194
ENSMUSG00000031697	0.109320578499517	7.30624651542424	2.72712982758909	0.0064090134680057	0.0228811531707817	-2.94340644846897
ENSMUSG00000027238	0.129344243088725	6.89650678620143	2.70348766445126	0.00688265118976258	0.0242812366953306	-2.94447750207908
ENSMUSG00000049957	-0.111689918743496	6.88566703085865	-2.69310175538442	0.00710048706580449	0.0248980760957466	-2.94456103561412
ENSMUSG00000029614	0.0813309045870714	7.29893294207564	2.72750351441437	0.0064017686505485	0.0228619626767542	-2.94615902461981
ENSMUSG00000030386	0.097979019581973	7.28484734644486	2.71565063621257	0.00663519129065045	0.0235414429206492	-2.9481092411223
ENSMUSG00000033054	0.122105532464039	7.21475639545073	2.69634477179773	0.00703181174685222	0.0247075897449783	-2.94828677085308
ENSMUSG00000011589	-0.155101772527496	7.08901301994657	-2.7028244584478	0.0068963797732658	0.0243085472928073	-2.95117255990299
ENSMUSG00000037075	0.082384974349714	7.48391955261524	2.83271054130868	0.00463227206970812	0.0176142044544347	-2.95292910779534
ENSMUSG00000029634	-0.137891379564061	6.95492727717968	-2.68667101394289	0.00723845087814544	0.0252911125958581	-2.95619050337675
ENSMUSG00000008200	0.0608830731566039	7.49594343103263	2.84000288194721	0.00452784357092427	0.0173177119575053	-2.95889984527741
ENSMUSG00000001774	-0.0851472901049322	6.6511497772341	-2.71918754975786	0.00656474892448548	0.0233548078585228	-2.95922528401877
ENSMUSG00000024486	0.0788064449977925	6.40961398781847	2.75611262781808	0.00586851910149544	0.0212886262335213	-2.96009295324688
ENSMUSG00000036225	-0.124435661131796	7.04459680312301	-2.68931501501552	0.00718143832893546	0.0251053112423025	-2.9604658693249
ENSMUSG00000041378	0.115243912136648	7.43242716050207	2.79001918399899	0.00528860374741434	0.0195478261606857	-2.96165674375949
ENSMUSG00000053080	0.104047654504275	7.24994696040029	2.70261028214826	0.00690081854717667	0.0243125716952737	-2.96434105935825
ENSMUSG00000064419	0.150557651631241	7.29490232986627	2.73154944473015	0.00632379919167036	0.0226452896655767	-2.96480055962655
ENSMUSG00000028955	0.155880174244495	6.72072456513664	2.72549932231818	0.0064407111496858	0.0229634505369517	-2.96490425501445
ENSMUSG00000015027	0.0653969072912428	7.59833007864949	2.94738598869807	0.00321816732336662	0.01315347650503	-2.96629402364698
ENSMUSG00000014767	0.0950925084258154	7.42408517161987	2.7760496638846	0.00552094965631602	0.0202352387739332	-2.96657090890463
ENSMUSG00000009681	0.107588029404346	6.56901018404211	2.73296919744963	0.00629664231812303	0.0225974893719481	-2.96755327156166
ENSMUSG00000044763	0.126176875847345	6.96455612702572	2.68223821705033	0.00733494733608653	0.0255872983011044	-2.97084297938701
ENSMUSG00000065715	-0.1223003636865	7.22368725887523	-2.71395743431533	0.00666915368203993	0.0236427186583446	-2.97149172171462
ENSMUSG00000055958	0.158089009256739	7.18942086472409	2.6962080458021	0.00703469501699791	0.0247110885866747	-2.97260438657765
ENSMUSG00000037996	0.149816880364078	7.24403693941758	2.69863285590577	0.00698371802227317	0.0245715765513573	-2.97281818927517
ENSMUSG00000026889	-0.118431572175473	6.60704190514193	-2.70820116803516	0.00678578558025437	0.0239653371504425	-2.97539376330919
ENSMUSG00000104344	0.0997842213686724	7.47828348018074	2.8346337576574	0.00460452129971267	0.0175341456823264	-2.97545051423507
ENSMUSG00000022391	-0.134262730798968	7.17014563893405	-2.72850440295303	0.00638240031676784	0.0228114619020269	-2.97710117543809
ENSMUSG00000088552	0.139982652131766	6.99080253122244	2.67585670382014	0.00747589245418765	0.0259407325762589	-2.98086435447619
ENSMUSG00000029192	0.137311495763252	6.84467887136864	2.6930114421432	0.0071024081635771	0.0248980760957466	-2.98391833854642
ENSMUSG00000064181	-0.141556340478904	7.00772477718996	-2.6804380849152	0.00737446244722976	0.0256772506274287	-2.98477717741289
ENSMUSG00000028414	0.117652388296428	6.90975235572108	2.68247549126644	0.00732975307410375	0.0255759934024963	-2.98694279025973
ENSMUSG00000019188	-0.151939946472927	6.94102810506515	-2.67499348559154	0.00749514328851198	0.0259868686263768	-2.98750255874204
ENSMUSG00000087153	0.0856491531544963	7.2412796387268	2.69470394725876	0.00706648353144205	0.0248149602714336	-2.98780876011163
ENSMUSG00000038128	0.130158135509553	7.26874005513644	2.70643550480835	0.00682192664370336	0.0240799847989658	-2.98828111999865
ENSMUSG00000020850	0.128823076792524	7.30884120155105	2.7214075065202	0.00652087987166139	0.0232176663801444	-2.98884266025825
ENSMUSG00000030499	0.125224013832363	7.21377386025393	2.68305105181434	0.00731716696772867	0.025538882948948	-2.98907885255757
ENSMUSG00000095832	-0.0969223870901086	7.11105273600131	-2.6765151800834	0.00746123745296641	0.0259173575840372	-2.98914702764043
ENSMUSG00000052726	-0.104810417392306	7.37282571079278	-2.77773966741763	0.005492359181298	0.0201637682194787	-2.99052915663646
ENSMUSG00000050394	-0.114492744051728	7.02210014780406	-2.67319114927603	0.00753548102610754	0.0261198087354514	-2.99185189453919
ENSMUSG00000001285	-0.132242837874718	6.96139144233936	-2.67190220541135	0.00756444792688703	0.0261786286700516	-2.99399560134275
ENSMUSG00000062991	0.101728766244601	7.42304361861896	2.79258409457107	0.00524691603948134	0.0194541559866581	-2.9944221215849
ENSMUSG00000033307	-0.125209464616455	7.15570385578781	-2.69312920572536	0.0070999032484615	0.0248980760957466	-2.99538781788255
ENSMUSG00000029703	-0.154460539624759	7.11289460224021	-2.68204573943096	0.00733916336484307	0.0255951856080249	-2.99854811060076
ENSMUSG00000063894	0.11493372509034	7.23144629174925	2.68075403521363	0.00736751315921934	0.0256598782337056	-3.0010156526423
ENSMUSG00000028402	-0.101621374028587	6.88555334097486	-2.67230116590401	0.00755547129068595	0.0261544765038764	-3.00106747862486
ENSMUSG00000034064	0.11585000342324	6.98767173670355	2.67044713279152	0.00759726826261333	0.0262644404790424	-3.00193026650871
ENSMUSG00000090873	0.13322764190122	7.36975266138205	2.73728296255633	0.00621477209143162	0.0223342838926771	-3.0033030188353
ENSMUSG00000021428	-0.0804806994678673	7.26991772280227	-2.7082326990512	0.00678514174440473	0.0239653371504425	-3.00548460860599
ENSMUSG00000026203	0.123082786327891	6.86159552765978	2.68135137308357	0.00735439084118222	0.0256278107247159	-3.00842167445284
ENSMUSG00000034584	0.134241507859301	7.37066176536251	2.75109953281987	0.00595896246008008	0.0215359075672607	-3.00899563416841
ENSMUSG00000067212	0.151435326662467	7.17521642741581	2.6774268439387	0.00744099006747767	0.0258599492681699	-3.01048346925628
ENSMUSG00000016833	-0.105899160203604	7.13777243502802	-2.68122535420436	0.00735715747694576	0.0256306295072309	-3.01122300223785
ENSMUSG00000085622	-0.145876460892104	6.80471200970243	-2.67881827405188	0.00741018244641361	0.0257825545966766	-3.01419580104847
ENSMUSG00000037492	0.0630502005898848	7.62780882221826	2.95080365853549	0.00318282998145946	0.0130421314921024	-3.01636374634778
ENSMUSG00000043467	0.108045362023366	7.03922741799625	2.66125452855034	0.00780758268725971	0.0268638298401062	-3.0164791575462
ENSMUSG00000021417	0.0944065336137889	7.27199611295386	2.68336550809558	0.00731029877165761	0.0255328991532947	-3.01768284659894
ENSMUSG00000029287	0.157963036337749	7.18869608378985	2.67015370904945	0.00760390212225825	0.0262804346844258	-3.01840557101169
ENSMUSG00000041961	0.149986214551374	7.12747900732956	2.66454147314756	0.00773178992046259	0.0266731472038725	-3.01960245586521
ENSMUSG00000022757	-0.114151568231645	6.72934250525386	-2.67879876621494	0.0074106135767869	0.0257825545966766	-3.02039153584387
ENSMUSG00000085084	0.0760951138068728	7.57883008648998	2.9050860831103	0.00368612756476931	0.0146236404457635	-3.02368804466045
ENSMUSG00000049300	0.0707325649479404	7.53937287775107	2.87448637884876	0.00406234446132548	0.0158475010988299	-3.02384654643212
ENSMUSG00000035293	0.104237680404137	7.41468402895674	2.74743298416097	0.00602590565409256	0.0217271156219719	-3.02395718778542
ENSMUSG00000030752	0.0554063738551624	7.44775148492054	2.79473000757817	0.0052122667260099	0.0193517140714421	-3.02575398606395
ENSMUSG00000097574	0.0456830222534377	7.62317431150425	2.94216859012135	0.00327280320899681	0.0133025580913338	-3.02705668002656
ENSMUSG00000032198	0.117310478625139	7.31983470713533	2.69445412382478	0.00707177592490728	0.024821364720881	-3.02791282572731
ENSMUSG00000014606	-0.0869141837500624	7.24001843157464	-2.69807930636698	0.00699532602087533	0.0245991964182917	-3.02901563301176
ENSMUSG00000023959	0.171047212049256	7.11102336443483	2.65578504834984	0.00793517870171241	0.0272384267338277	-3.03461121737582
ENSMUSG00000055493	0.0733718737598839	7.4989304184128	2.83877358148707	0.00454529665058965	0.0173439299765432	-3.03523781839431
ENSMUSG00000035171	0.126378766267806	7.27055944292289	2.67917047583163	0.00740240252740475	0.0257676825016706	-3.03635910293536
ENSMUSG00000029433	0.1320297727544	7.22374947050802	2.66397393269922	0.00774482938951511	0.026711092299139	-3.03857364074485
ENSMUSG00000021264	0.162322794772169	7.21600849533175	2.66863172564004	0.00763839524435277	0.0263857178203342	-3.04392156787799
ENSMUSG00000072572	-0.150692570243813	6.9784895852743	-2.65357460479281	0.00798727336313689	0.0273670198561079	-3.04518000925175
ENSMUSG00000072214	-0.0945376200441661	7.34508633441137	-2.7765666078483	0.0055121900754192	0.0202144516715373	-3.04575705941949
ENSMUSG00000024608	0.0849603823711584	7.34133724946358	2.72575889790761	0.00643565547175963	0.0229579295466695	-3.04615241035666
ENSMUSG00000022554	0.0887476427637681	7.4708145552655	2.81718106689502	0.00486196228363294	0.0182752828645772	-3.04980882788396
ENSMUSG00000075595	0.14975296852331	7.05017273609467	2.65027630193869	0.00806557582253925	0.0275919829288435	-3.04984407855291
ENSMUSG00000061099	0.0652249505255922	7.46312153681405	2.79600537130222	0.00519177197359591	0.019287933790669	-3.05303478574834
ENSMUSG00000051864	-0.0724216917994287	7.20658963698889	-2.68850524533711	0.00719885639904989	0.0251594842435561	-3.0554197744365
ENSMUSG00000024294	0.132320686544867	7.1742729141785	2.65407430767529	0.0079754698831868	0.0273532026542247	-3.056984536551
ENSMUSG00000020811	0.134867828462506	7.13835083153267	2.64582912828725	0.00817224086204994	0.0278694913690955	-3.05747488522177
ENSMUSG00000071076	0.154936550337124	7.16538040200378	2.65908284797864	0.00785802348628141	0.0270046042022773	-3.0583996052073
ENSMUSG00000059552	0.10951156884873	7.15566069524172	2.64787756872553	0.00812295332027462	0.027744770380651	-3.06072302298512
ENSMUSG00000030102	0.146081445920199	7.23473413737825	2.67275619006793	0.00754524488081362	0.0261328957618021	-3.06190828615903
ENSMUSG00000072772	-0.129558110137991	7.12713166900919	-2.65904907950992	0.00785881011386163	0.0270046042022773	-3.06238808646664
ENSMUSG00000086363	-0.160120210387312	7.00175043630875	-2.64618051304939	0.00816376721291831	0.0278478479290064	-3.0641395158989
ENSMUSG00000022337	-0.121863548878618	7.18378395001217	-2.67510061366423	0.00749275178566758	0.0259854586431682	-3.06742746862992
ENSMUSG00000000253	-0.0632909443404657	7.35270454626239	-2.74975992866979	0.00598334260395576	0.0216087619290681	-3.0696976043843
ENSMUSG00000021190	0.0994889047141783	7.28692809173746	2.66487994321942	0.00772402280583213	0.0266568803623372	-3.07122294425083
ENSMUSG00000087616	0.0833833892951006	7.3706136914501	2.72966864187534	0.00635993733684546	0.0227498086376997	-3.07913233630704
ENSMUSG00000030291	-0.0442737295789257	7.28518184262264	-2.68310809065266	0.00731592072429136	0.025538882948948	-3.08038820404313
ENSMUSG00000023961	0.129775695067003	6.89925642827571	2.64993044698299	0.00807382618843074	0.0276051725794656	-3.0815405656772
ENSMUSG00000025425	-0.0994402299162536	7.24163205053627	-2.70156020089413	0.00692261850648384	0.0243828144974136	-3.08184265439524
ENSMUSG00000051413	0.18442781186355	6.88989747611814	2.65609863369507	0.00792781298040028	0.0272274206556664	-3.08265783015247
ENSMUSG00000090110	0.0548098468137068	7.16733575075954	2.64207480929626	0.00826326902590032	0.0281213200122399	-3.08295721239229
ENSMUSG00000022672	0.119166841845861	7.26977503499301	2.66185127778656	0.00779377313580968	0.0268343824688577	-3.08396711373512
ENSMUSG00000055228	0.121253465788159	7.04249446462174	2.63546570179037	0.00842572222245379	0.0285702034023219	-3.08479418250253
ENSMUSG00000031502	0.120442067563505	7.15338608645846	2.64350059619558	0.00822859270164998	0.028026592288805	-3.08518930785379
ENSMUSG00000035964	-0.0891004029668139	7.412519294986	-2.81444760659887	0.00490344239037217	0.0183889624104132	-3.08694804689383
ENSMUSG00000019854	0.106786379841988	7.34861235754762	2.69851373093345	0.00698621462457163	0.0245737565461826	-3.08948191058024
ENSMUSG00000037001	0.157323367780326	7.25985984849416	2.65267632426567	0.00800853099525341	0.0274183283969293	-3.09268171617641
ENSMUSG00000026238	0.12288825259493	6.90340370425054	2.64651006684569	0.008155827166856	0.0278341477850929	-3.09277230945386
ENSMUSG00000031538	-0.110603509976009	6.75016741997853	-2.65330318301389	0.00799369117147474	0.027374680831009	-3.09465734814933
ENSMUSG00000026436	0.150446543723963	6.84643449919994	2.6545813534457	0.00796350892979882	0.0273285082330082	-3.09576921926693
ENSMUSG00000000202	0.160817178796851	7.01113653600656	2.63262921653041	0.00849631557388639	0.0287574362702484	-3.09576979685984
ENSMUSG00000024302	0.13704513892439	6.60548715306281	2.69077354658779	0.00715016088142475	0.0250160091554283	-3.09683270938483
ENSMUSG00000029101	0.0830149807082865	7.41643365482525	2.75369403284003	0.00591199832093424	0.0214107557448606	-3.0973455770847
ENSMUSG00000038215	0.0726920452649145	7.45813813092266	2.75411272322194	0.00590445077718898	0.0214011820528677	-3.09796866592798
ENSMUSG00000029427	-0.0948532499384838	6.92746674016155	-2.63365704411059	0.00847067451206069	0.0286854813015775	-3.09899754361754
ENSMUSG00000036104	-0.0774793352302812	7.23973436498877	-2.68330810951282	0.00731155201082356	0.0255328991532947	-3.10163269086048
ENSMUSG00000025532	-0.137134338887262	7.20837738678006	-2.67590086958356	0.00747490869681186	0.0259407325762589	-3.10215688539602
ENSMUSG00000032839	-0.121075495864666	7.18887512871164	-2.65937078797589	0.00785131886504127	0.0269930321904203	-3.10391196981245
ENSMUSG00000072825	0.109104014347684	7.43854447297888	2.78437242177348	0.00538143749819362	0.0198293779134114	-3.1053173146603
ENSMUSG00000021500	0.143481378646352	7.26889311987586	2.649865803553	0.00807536909470588	0.0276051725794656	-3.10621401554561
ENSMUSG00000040537	0.0957864727297695	7.42779221003762	2.74682754032398	0.00603702470283038	0.0217609868695031	-3.10930262045948
ENSMUSG00000074406	0.0963717509836899	7.47376788179439	2.79199580833464	0.00525645117561738	0.0194729651361581	-3.10940117383823
ENSMUSG00000039809	0.0945534887983239	7.52785952559269	2.84997361249153	0.00438851183446409	0.0168636327962442	-3.10994146091642
ENSMUSG00000021474	0.0851649919463933	7.30096455007611	2.67849371763449	0.00741735819076302	0.0257991640365222	-3.11041485280449
ENSMUSG00000038619	-0.100614248500288	7.28154195607112	-2.71357266085935	0.00667689326664042	0.0236637484154998	-3.11194083447766
ENSMUSG00000081161	0.111976701961519	7.20509889953311	2.64008257247681	0.00831194093287032	0.0282355813941718	-3.11220174101779
ENSMUSG00000036529	0.099316816629659	7.06865944908218	2.62320670235234	0.00873463248281871	0.0294119877739358	-3.11335417172765
ENSMUSG00000097924	-0.0564679267791348	7.31083729604469	-2.68178798410863	0.00734481264210626	0.0256080658083769	-3.11346770834475
ENSMUSG00000027131	-0.0962284198016681	7.25733180662302	-2.6991469064896	0.00697295382109497	0.0245402987703697	-3.11358486918423
ENSMUSG00000053774	0.145497427645662	7.10681592089129	2.62482049395853	0.00869339669859044	0.0293259339288704	-3.11514339139939
ENSMUSG00000022565	0.127433297701466	7.42213456860109	2.74573803113708	0.00605708024944675	0.0218154868296443	-3.116078738173
ENSMUSG00000045404	0.132509545494239	6.86684636916508	2.64187819961952	0.00826806098395855	0.0281250808347625	-3.11682953193883
ENSMUSG00000058897	0.0814080337276044	6.83290109442884	2.63791739403847	0.00836512872264954	0.028401521067668	-3.11685979405892
ENSMUSG00000017747	0.0871265179328473	7.40567856543532	2.72829591858126	0.00638643037247417	0.0228164208628295	-3.11773625131055
ENSMUSG00000041014	0.0917054785251787	7.42932690737785	2.75378981102039	0.00591027100379293	0.0214107557448606	-3.11856651134987
ENSMUSG00000021732	0.131775045415075	6.85364910442258	2.63457766964108	0.00844776659314001	0.0286301217285501	-3.11864419389001
ENSMUSG00000046949	0.147084532541614	7.00265383427401	2.6232615173563	0.00873322898028403	0.0294119877739358	-3.12055680645349
ENSMUSG00000034429	0.0886169727793611	7.39637905291238	2.72354098348168	0.00647896848610386	0.0230747158378868	-3.12162305167712
ENSMUSG00000028546	-0.101289760657493	7.26561802632195	-2.67241202742714	0.00755297859619272	0.026152762703347	-3.12162926679209
ENSMUSG00000031700	-0.0961882660439333	6.68454196849939	-2.64887272435657	0.00809910506841201	0.0276777560834378	-3.12233738255933
ENSMUSG00000034487	0.112746088752932	7.4123554176565	2.70898161322747	0.00676986570276853	0.023934939719321	-3.12376091400571
ENSMUSG00000027358	0.0723417562239446	7.55470702659171	2.86090321563299	0.00424025616764658	0.0163998327169362	-3.12666420994007
ENSMUSG00000047786	0.111178579629887	7.44219512158032	2.73463728730821	0.00626486946622445	0.0225019673667518	-3.1275980062372
ENSMUSG00000031785	0.124961675348749	7.07029650479655	2.61758429942143	0.00887966579968208	0.0297849768105838	-3.12897994119452
ENSMUSG00000031792	0.0919092877041541	7.41254069959233	2.71054681147817	0.0067380392276491	0.0238481777692301	-3.12973738263523
ENSMUSG00000040952	0.112609175320784	7.24621962961509	2.64767375351194	0.00812784536843671	0.0277542388011407	-3.13081008762215
ENSMUSG00000032281	0.137114379039573	6.94382442696317	2.62037180592742	0.00880749357124963	0.0296268514477904	-3.13123428478168
ENSMUSG00000026526	-0.118195240364405	7.07484232525461	-2.62824809263816	0.00860639116673936	0.0290698847148998	-3.13268897867671
ENSMUSG00000025439	-0.135110407288325	6.97043257357773	-2.61893356705713	0.00884466575083107	0.0297026195844081	-3.13443277309124
ENSMUSG00000063172	0.0951201337266943	7.25267468685909	2.64328665760471	0.00823378754645912	0.0280355647745755	-3.13754091376317
ENSMUSG00000007050	-0.105254367272239	7.04267520766184	-2.61562867642843	0.00893061440462109	0.0298950661685756	-3.13995286523287
ENSMUSG00000006262	0.0944565410574585	7.44183058974392	2.73277940442629	0.00630026656779736	0.0226042997822973	-3.14164095167526
ENSMUSG00000034936	-0.105628455401199	7.02093130526106	-2.61389545348108	0.00897598709270502	0.0300153094218583	-3.14191804749361
ENSMUSG00000064612	0.148258681740217	7.33302465187785	2.67045514166993	0.00759708726696973	0.0262644404790424	-3.14198714171256
ENSMUSG00000028329	0.0900894267393912	7.42982128238963	2.70844396016314	0.00678082939308332	0.0239607607055997	-3.14383458200813
ENSMUSG00000022462	0.10701977893785	6.92933720176577	2.61987612306106	0.00882028900661443	0.0296485841545233	-3.14407245644248
ENSMUSG00000021556	0.116318038085907	7.08005436681002	2.61123734859798	0.00904597166029721	0.0302039941281844	-3.14505859610461
ENSMUSG00000018509	-0.153014481180731	6.94433670240435	-2.61394785934028	0.00897461218737807	0.0300153094218583	-3.14508980238697
ENSMUSG00000046862	0.135728431828715	6.98133073984779	2.61670605605442	0.00890251390272458	0.0298315106256642	-3.14511317196704
ENSMUSG00000024841	-0.0809125917764177	7.21915671700419	-2.64643542673226	0.00815762488935238	0.0278341477850929	-3.14632617569012
ENSMUSG00000020491	0.169140336219581	7.13822869382344	2.61288502280571	0.00900253327986811	0.0300819718478901	-3.14695147717984
ENSMUSG00000027285	0.119214796333942	7.34306700848734	2.67304227930859	0.00753882154536497	0.0261244710619159	-3.14755584948527
ENSMUSG00000084440	0.103787571079764	7.28964578894288	2.6538336967669	0.00798115140078968	0.0273532026542247	-3.14887566622041
ENSMUSG00000068747	0.147460246619222	7.34083331251395	2.69112711872585	0.00714259715551483	0.0250072684837777	-3.14915791075551
ENSMUSG00000046785	0.0781723092883482	7.40201346712087	2.72066598755463	0.00653550376709217	0.023263408188899	-3.15073816857623
ENSMUSG00000097823	0.139246977057708	7.22677908095771	2.62547923468028	0.00867661455990523	0.0292844129461921	-3.15155801702459
ENSMUSG00000059554	-0.114940593634759	7.26332368297336	-2.69106888775166	0.00714384235634957	0.0250072684837777	-3.15413203078576
ENSMUSG00000000184	0.105972282064636	6.75461575157854	2.64078510741309	0.00829474824779928	0.0281918079076293	-3.15439953157956
ENSMUSG00000027900	0.0835239044294953	7.26378419343608	2.62860935188394	0.00859726653783473	0.0290465583260212	-3.15627931378931
ENSMUSG00000022965	-0.0897075327994346	7.26243498795116	-2.66041303674026	0.00782709316187508	0.0269174426365506	-3.15861186449531
ENSMUSG00000019841	0.128007605635866	7.31652709070592	2.64544726414123	0.00818145844928255	0.0278936599005227	-3.15919618475368
ENSMUSG00000005871	0.140758823917096	7.35670227115594	2.66483566447502	0.00772503850402591	0.0266568803623372	-3.15999952160078
ENSMUSG00000039450	0.0959260559325017	7.34925811858927	2.65615299388441	0.00792653675173612	0.0272274206556664	-3.16040901431327
ENSMUSG00000027088	-0.0982441357273878	6.67534564610916	-2.63685129566136	0.00839142923879849	0.0284760475879601	-3.16179060158392
ENSMUSG00000038214	0.0787159305671024	7.5221273438874	2.79866154199261	0.00514932165931394	0.0191737540283669	-3.16182406612729
ENSMUSG00000032598	-0.135185948656846	7.17693986773311	-2.64739290104999	0.00813459081508763	0.0277700294527059	-3.16254250617238
ENSMUSG00000075415	0.123734463253529	7.04451889308302	2.60581927546762	0.0091901336312551	0.0305917186626981	-3.16269450915521
ENSMUSG00000018909	0.145827900938927	7.36695351704798	2.69169120520786	0.00713054491457413	0.0249740754471922	-3.16361349091647
ENSMUSG00000009076	0.112379344815816	7.27767464555078	2.64525778800332	0.00818603555287026	0.0279019988175416	-3.1644801333468
ENSMUSG00000068479	0.182085208137868	7.19442141651564	2.61263809185032	0.00900903134061078	0.0300960036517674	-3.16495375451137
ENSMUSG00000102504	0.14748887308002	7.15960291628334	2.61563551726138	0.00893043573050527	0.0298950661685756	-3.16539758095562
ENSMUSG00000067860	0.138050010882458	6.87236424361048	2.61955360619808	0.00882862329564775	0.0296598245282577	-3.16607841867096
ENSMUSG00000030647	-0.103608657284669	7.06702146882827	-2.60942657858757	0.00909392562863121	0.0303177169162312	-3.16739525375775
ENSMUSG00000056673	-0.0597751283590942	7.26329297307619	-2.64463374498992	0.00820112653649761	0.0279461604934479	-3.17163677603432
ENSMUSG00000030685	-0.112816153725307	7.2467814974477	-2.65174276849687	0.0080306770920957	0.0274809927174417	-3.17291736234633
ENSMUSG00000022897	0.140917072603325	7.08279932391346	2.60138863534642	0.00930954311862872	0.0309262975156273	-3.17486226252212
ENSMUSG00000083391	-0.122123079759402	7.18734333928573	-2.63082146912714	0.00854158165192636	0.0288658717054775	-3.174977500912
ENSMUSG00000085133	0.10051318355008	7.37663966598581	2.6973959813501	0.00700967932940274	0.0246430509614771	-3.17582474887194
ENSMUSG00000025503	0.128638182254165	6.96444518211496	2.6041058577642	0.00923614857034127	0.0307023369504488	-3.17642905215442
ENSMUSG00000028271	-0.15701990681369	6.96471919740821	-2.6017779537209	0.00929899544280514	0.0308990985627424	-3.17656594335972
ENSMUSG00000078350	0.1045936265431	7.21149874266969	2.61049421400535	0.00906562443442152	0.0302387656294131	-3.17671591184955
ENSMUSG00000019505	-0.144457922828042	7.04474615753742	-2.60624767952979	0.00917866059482626	0.0305690726297292	-3.17972236114769
ENSMUSG00000024580	0.115493973404942	7.22172866797137	2.62370378753382	0.00872191231261407	0.029391834233396	-3.18076823149984
ENSMUSG00000064585	0.130345580259874	7.38313916056772	2.70305951554728	0.00689151120091106	0.0242993979645375	-3.18104944344435
ENSMUSG00000005973	0.119164344064209	6.77846262332857	2.61888593176957	0.00884589930947197	0.0297026195844081	-3.1837571217379
ENSMUSG00000097331	-0.134171230917573	7.21632285812754	-2.64348333747758	0.00822901166805427	0.028026592288805	-3.18445266515512
ENSMUSG00000058486	0.108168355042292	7.31207083802938	2.63478618448272	0.00844258582356263	0.0286199724500471	-3.18571407452411
ENSMUSG00000039563	-0.0714685796315804	7.4374998759243	-2.7644228250182	0.00572131471757089	0.0208412499394652	-3.18576238395832
ENSMUSG00000015970	0.123781171131752	6.99068066686131	2.60043581653277	0.00933540258708859	0.03099647239923	-3.1863708087527
ENSMUSG00000094936	0.069756016164221	7.30764269734613	2.6358987691027	0.00841499050674028	0.0285486021545073	-3.18735627101335
ENSMUSG00000039987	-0.133252420496571	6.96026940211245	-2.59656060652505	0.00944123742465252	0.0313002482561537	-3.18763697507632
ENSMUSG00000020661	0.109607034953579	7.25857097990971	2.61956107397285	0.00882843023829151	0.0296598245282577	-3.18843754350483
ENSMUSG00000071256	0.0617222581476042	7.43446172052518	2.7255506786537	0.00643971061381885	0.0229634505369517	-3.18951362536529
ENSMUSG00000098979	-0.117091497516356	7.21279704665757	-2.65338529659039	0.00799174909661067	0.027374680831009	-3.19078464893672
ENSMUSG00000026615	0.100545365183155	7.00498161543141	2.59398369957263	0.009512205964952	0.0314717716687267	-3.19174242253806
ENSMUSG00000003813	-0.0733998369510553	7.38692156903363	-2.71863895036914	0.00657563074643285	0.0233808141586906	-3.193210934963
ENSMUSG00000026411	-0.121434301069558	7.24746529349655	-2.66180147150214	0.00779492488000808	0.0268343824688577	-3.19356225322264
ENSMUSG00000047193	0.133030573787433	7.18045717095945	2.60503324312553	0.00921121756746701	0.0306307494013914	-3.19365031960908
ENSMUSG00000057229	-0.121874117349977	7.21779811618595	-2.64185319294302	0.00826867064871683	0.0281250808347625	-3.19547152436274
ENSMUSG00000064778	-0.163729760699634	7.0292060699058	-2.59823311934416	0.0093954292571861	0.03117206280666	-3.19682180289101
ENSMUSG00000025393	-0.124875365037926	7.14260581213192	-2.6202707163003	0.00881010172659387	0.0296280122796216	-3.19731758694652
ENSMUSG00000026404	0.102800039032287	7.38158012830962	2.66355937937168	0.00775436637177361	0.0267299011425119	-3.19990586950139
ENSMUSG00000026489	0.07501439343197	7.49638096415174	2.79283123982189	0.00524291489276299	0.0194448276985986	-3.19999946400335
ENSMUSG00000047205	-0.151474637505663	7.13632471204749	-2.63894428256188	0.00833986527122412	0.0283230910845308	-3.20021070454667
ENSMUSG00000033938	-0.102869819901242	7.20116615940672	-2.61742437640133	0.00888382240083153	0.0297849768105838	-3.20138754150785
ENSMUSG00000026670	-0.112178488023893	6.90088210515791	-2.59136542770873	0.00958480070706681	0.0316188796123145	-3.20233536635356
ENSMUSG00000024127	0.130567677823153	7.36388530331944	2.68983955397296	0.00717017574801915	0.0250726337855413	-3.20477477081474
ENSMUSG00000025939	-0.0760514303920798	7.15762728514208	-2.60524927611901	0.00920541856318847	0.0306192428428007	-3.2055371355349
ENSMUSG00000059475	-0.1259711835249	6.8495663973564	-2.59384670232817	0.0095159921839539	0.0314763440304003	-3.20615541149687
ENSMUSG00000048279	0.12626173864053	7.37298867014802	2.67734818094323	0.00744273516975743	0.0258599492681699	-3.20726291381932
ENSMUSG00000021149	-0.130410479728986	6.83460056748856	-2.59535388991992	0.00947441162087389	0.0313625782403239	-3.20814085958142
ENSMUSG00000063229	-0.0918171828739229	7.25717342729372	-2.66215566580924	0.00778673763608983	0.026820302323517	-3.2096081219815
ENSMUSG00000030898	-0.0625971218009047	7.45744951681369	-2.7890993215919	0.00530362710153295	0.0195970143814727	-3.21079825102689
ENSMUSG00000029502	-0.119593298909324	7.02023210484718	-2.5899987013083	0.00962289078251572	0.0317134975589567	-3.21138486068171
ENSMUSG00000032114	-0.122359659721319	7.30320073457204	-2.67562699714232	0.00748101086147182	0.0259516147849467	-3.21162472131492
ENSMUSG00000020638	-0.0833180796404207	7.28942317303691	-2.66301391162453	0.00776693113476058	0.0267591216884962	-3.21222387443444
ENSMUSG00000034675	-0.148847012163488	7.01077202902577	-2.58995810396452	0.00962402427449856	0.0317134975589567	-3.21259293278515
ENSMUSG00000050244	-0.109888655914338	6.94485434660884	-2.58620112574611	0.00972943717310971	0.031960368918986	-3.21319943512779
ENSMUSG00000090862	0.058654373678487	7.25628370192067	2.6157904144044	0.00892639086301907	0.0298950661685756	-3.21366957658794
ENSMUSG00000021900	0.0711998755584808	7.20247760809041	2.59600924430619	0.00945638220359944	0.031334587651107	-3.21445208619001
ENSMUSG00000003208	0.0879243882143701	6.95403022742107	2.58817586626575	0.00967390246857504	0.0318377906281007	-3.21598511599822
ENSMUSG00000021483	-0.156561242264461	6.93507033809642	-2.58593393511115	0.00973697303991354	0.031965007782986	-3.21649945788189
ENSMUSG00000060152	-0.1151920804083	7.15144537838384	-2.61579442064748	0.00892628626871792	0.0298950661685756	-3.21658601922973
ENSMUSG00000049670	-0.0669092629812109	7.38852125010233	-2.72704609788867	0.00641063778112033	0.0228811531707817	-3.216730184905
ENSMUSG00000031918	0.0988218859066077	6.81525077130995	2.60855496001827	0.0091170892216524	0.0303719234203597	-3.21703259385363
ENSMUSG00000052544	0.0879791979814986	7.23427506236713	2.59613245369884	0.00945299601733802	0.031331297179491	-3.2180927557524
ENSMUSG00000054277	0.129969201727411	7.2247963619365	2.60405804803666	0.00923743547569643	0.0307023369504488	-3.21909432905368
ENSMUSG00000020074	-0.116900304556108	6.74810021168386	-2.60544687729186	0.00920011718110005	0.0306093860571695	-3.22002158031805
ENSMUSG00000029621	0.0721120988001633	7.17442248819094	2.59262175356513	0.00954990612107278	0.0315486679124615	-3.22083539264975
ENSMUSG00000062929	0.0814439530313056	7.46897751939067	2.71088226785543	0.00673123564470475	0.0238305400379866	-3.22158992207909
ENSMUSG00000058099	0.117998960211738	7.05403636852123	2.58084960922846	0.00988136683788082	0.0323498011106616	-3.22295660021129
ENSMUSG00000032611	0.0933595491818364	6.67763891027088	2.62111053457089	0.00878845499478108	0.0295780084297362	-3.22445574201289
ENSMUSG00000054728	0.120698449568843	7.14198680881662	2.58615713436341	0.00973067755202248	0.031960368918986	-3.22484208454417
ENSMUSG00000008690	0.0846395517428338	7.36569236550187	2.67629081645117	0.00746622797700156	0.0259278134416192	-3.22754621864077
ENSMUSG00000026748	0.141620340604424	6.88105828114704	2.59287265979988	0.00954295076340255	0.0315416085318016	-3.22824355725193
ENSMUSG00000090812	0.122335464212385	6.89893431356957	2.5863630748142	0.00972487207955484	0.0319573356590191	-3.22833074157415
ENSMUSG00000033760	0.0658749696203618	7.0326998087092	2.57777617520868	0.00996957430974494	0.0325652861435082	-3.22884300049603
ENSMUSG00000050737	0.134190168052843	7.13124274720483	2.58340838734881	0.00980846125594923	0.0321754885399367	-3.2291983997366
ENSMUSG00000036078	-0.0786985611566129	7.52057039250577	-2.82984442265782	0.0046739094725138	0.017752269497968	-3.22939617065432
ENSMUSG00000097867	-0.13728514490234	6.95010372231648	-2.58255460778851	0.00983273395875509	0.0322308845738662	-3.23091581793319
ENSMUSG00000058420	-0.0974916877467615	7.20647920935473	-2.62037904242847	0.00880730689291552	0.0296268514477904	-3.23346033796269
ENSMUSG00000015143	-0.132583169130855	7.04396274228591	-2.58122075090401	0.00987076228617221	0.0323231665459146	-3.23360135745429
ENSMUSG00000028300	-0.0861896032656206	7.19396384344445	-2.60123290471307	0.00931376526692855	0.0309324746003624	-3.23506770039262
ENSMUSG00000030980	0.100796212998979	6.91641163917494	2.58786629726197	0.00968258960870257	0.0318502645716454	-3.23660615757833
ENSMUSG00000022935	0.0821707386976236	7.51177025320594	2.77228085843127	0.00558519251680484	0.0204350824185095	-3.23705769551297
ENSMUSG00000024732	0.10874088606271	7.4386113288363	2.69079361470686	0.00714973138549355	0.0250160091554283	-3.23768470673083
ENSMUSG00000029755	0.112079900693442	6.71541199632375	2.6134720968392	0.00898710105945342	0.0300380717565392	-3.23776394955558
ENSMUSG00000002831	0.121897120166611	7.0513050922185	2.57417883536975	0.0100737084903716	0.0328805382882986	-3.23911482856168
ENSMUSG00000064246	0.143658657732902	7.11462361797662	2.57392286642399	0.0100811549564032	0.0328805382882986	-3.2415087125267
ENSMUSG00000057672	0.090840040748966	7.40624672917725	2.67801461525074	0.00742796224652471	0.0258291850548477	-3.24173893936543
ENSMUSG00000043518	-0.104578139764284	7.11469012587626	-2.59551878412199	0.0094698723409158	0.0313625782403239	-3.24186055903711
ENSMUSG00000087794	-0.103345658579291	7.30313024593093	-2.64984955207987	0.00807575702561514	0.0276051725794656	-3.24228683463091
ENSMUSG00000045312	0.153192852047603	6.96353882459029	2.57968661687443	0.00991466255645195	0.0324425799022917	-3.24277802901434
ENSMUSG00000020689	-0.0546080476147406	7.457666510788	-2.75105809131001	0.00595971533120878	0.0215359075672607	-3.24287458061626
ENSMUSG00000025980	-0.107467422110924	6.70197707254546	-2.59845957701872	0.00938924211510635	0.0311594316276229	-3.24445270023392
ENSMUSG00000037134	-0.117963268480258	7.11049101711716	-2.57942812397217	0.00992207660718214	0.0324587273716213	-3.24484032800898
ENSMUSG00000035877	0.102154823736405	6.86560372821358	2.58170239815336	0.00985701540504993	0.0322987191309043	-3.2449608654917
ENSMUSG00000028381	-0.0622479455052583	7.2870962605887	-2.63312764959225	0.00848387258106399	0.0287227462713447	-3.24646186884591
ENSMUSG00000036916	0.0606807217020444	7.311881239728	2.61088398502311	0.00905531188590958	0.0302217783814649	-3.25124447969408
ENSMUSG00000026848	0.123205990538054	6.99270714349278	2.57151515602334	0.0101514386731893	0.0330850473262121	-3.2522500622514
ENSMUSG00000038593	0.0725325419417207	7.50802169638772	2.75177517377415	0.00594670012446226	0.021508423168477	-3.2526606056338
ENSMUSG00000001751	0.0450151453800478	7.5541804275027	2.80263586323731	0.0050863907506401	0.0189826190727994	-3.2526929370249
ENSMUSG00000055866	-0.130866201971206	6.90930425885776	-2.56990008094277	0.0101988287119784	0.0331981764040829	-3.25562063211903
ENSMUSG00000025337	-0.0871126035538259	7.00255472533851	-2.56811941063353	0.010251305947817	0.0333110194760039	-3.25576515227837
ENSMUSG00000045466	0.100404815652547	7.41966674913335	2.67752803432352	0.00743874574528355	0.0258598139397908	-3.25651503400068
ENSMUSG00000024817	-0.0857247196154178	6.72456418014467	-2.59164191603605	0.00957711146965315	0.0316066406253338	-3.25722350766871
ENSMUSG00000054931	0.106131123696827	7.23831059357738	2.58268606384423	0.00982899321803847	0.0322266915127873	-3.25726240201777
ENSMUSG00000097375	0.0770480296450478	7.36598737377169	2.63112693090689	0.00853391776427679	0.0288474183759132	-3.2574474856825
ENSMUSG00000102899	0.123517911007673	7.12325635361596	2.56910387118653	0.0102222637677977	0.033257921781314	-3.25808832065778
ENSMUSG00000003031	0.124180971650314	6.83848346252511	2.58933632824066	0.00964139935193784	0.0317547673749862	-3.25928704577853
ENSMUSG00000046480	0.119746348014829	6.77518537443792	2.59359393725615	0.0095229814289931	0.0314835537546408	-3.25929414436743
ENSMUSG00000049538	0.045202985480981	7.46414888827497	2.72057420916232	0.00653731582866516	0.0232635332505801	-3.25981077282918
ENSMUSG00000027712	0.110799465459815	6.88086065904935	2.5813133696961	0.00986811749112327	0.0323225904913149	-3.26076845502984
ENSMUSG00000032562	0.0896892067790898	7.22175108725151	2.57576020100768	0.0100278130683057	0.0327391842120345	-3.26172603984178
ENSMUSG00000012848	0.0943382227469582	7.2148149434734	2.58604721343482	0.00973377749350261	0.0319625319651207	-3.26198195391643
ENSMUSG00000042572	-0.10873903487014	7.1719432899296	-2.59539903066257	0.00947316877377932	0.0313625782403239	-3.26224708526497
ENSMUSG00000022370	-0.107452641282345	7.02011600341883	-2.56857616323984	0.0102378223473339	0.0332837273829888	-3.26282342079406
ENSMUSG00000022346	-0.0857585869668256	7.17967293576674	-2.58073392013647	0.00988467447264929	0.0323525395489811	-3.2628318149821
ENSMUSG00000021072	0.07903945031061	7.28205237112815	2.59761049749306	0.009412458916961	0.0312206516698387	-3.26583128031954
ENSMUSG00000030282	-0.0942542856872803	7.23572458487141	-2.62323403994569	0.0087339324963167	0.0294119877739358	-3.26787886449276
ENSMUSG00000021379	0.120617890734585	6.81870613981478	2.59007329426646	0.00962080843146249	0.0317134975589567	-3.26866888468675
ENSMUSG00000048410	0.141706304339366	7.30798777566503	2.61728402405404	0.00888747176779426	0.0297887302570308	-3.26901264443013
ENSMUSG00000024191	-0.0981301085705919	7.31230059207691	-2.66040513764813	0.00782727651369907	0.0269174426365506	-3.2692116309835
ENSMUSG00000056211	-0.115495630498376	6.93340333660217	-2.56384828184509	0.0103781593820859	0.0336656153028682	-3.27047152528617
ENSMUSG00000101840	-0.112265839836757	7.28711020450465	-2.62563631790383	0.00867261697256811	0.0292784686448844	-3.27250430150525
ENSMUSG00000038026	-0.0685958625583227	7.50224536378879	-2.79466121756428	0.00521337423846441	0.0193517140714421	-3.27415731611214
ENSMUSG00000064138	0.142289841752219	7.23285719136733	2.57840148139171	0.00995157139919139	0.0325304182482844	-3.27587825342532
ENSMUSG00000027650	-0.0589098884939352	7.44945104314695	-2.71702491885526	0.00660774025561338	0.023475857646266	-3.27681522259597
ENSMUSG00000068037	-0.134731204525583	6.91117602700137	-2.56146024193734	0.0104496920109425	0.0338297150858703	-3.2772244981735
ENSMUSG00000035069	-0.110175259928844	7.29905529825716	-2.63156460978014	0.00852294733280545	0.0288177754341655	-3.2781586332605
ENSMUSG00000001100	0.104220713875632	7.50596145796026	2.75350984901442	0.00591532127392478	0.0214168656300396	-3.28014205852924
ENSMUSG00000020364	-0.12489716249312	7.1748031226002	-2.57910838047423	0.00993125427219131	0.0324806347568145	-3.28149132861933
ENSMUSG00000022540	-0.109633793574424	7.20957311084577	-2.60855287300107	0.00911714474809148	0.0303719234203597	-3.28197413219883
ENSMUSG00000049287	0.125323859527219	7.11609278825763	2.5597130803448	0.010502305038691	0.0339916384589721	-3.28235767680293
ENSMUSG00000032066	0.128765646564738	6.89301810213366	2.56870725497342	0.0102339553613632	0.0332837273829888	-3.28318201615853
ENSMUSG00000038335	0.147655725028152	7.21138676484738	2.58942481150517	0.00963892504456867	0.0317546066138634	-3.28337567015573
ENSMUSG00000016534	0.131590235993122	7.13376795111096	2.55642922840447	0.0106018313118221	0.0342204328125446	-3.28557235558495
ENSMUSG00000024269	-0.131246310570794	7.16486953317032	-2.59164938482791	0.00957690383626732	0.0316066406253338	-3.2859143021903
ENSMUSG00000026019	-0.124086125754991	6.7452277391413	-2.56858570099016	0.0102375409558384	0.0332837273829888	-3.28735800209394
ENSMUSG00000048100	0.155235692320859	6.84670880592798	2.57842049165079	0.00995102453732678	0.0325304182482844	-3.28752184804552
ENSMUSG00000037348	-0.155842626341999	7.0091603923149	-2.5586811054284	0.01053349195653	0.0340673114364847	-3.29024264640328
ENSMUSG00000079111	0.13549817627858	7.22500376242227	2.56996569609018	0.0101968995791723	0.0331981764040829	-3.29132531910408
ENSMUSG00000068966	0.108970542612868	7.34905940623661	2.62371378425115	0.00872165667137539	0.029391834233396	-3.29324241736821
ENSMUSG00000055681	-0.138268093079434	7.26459663133433	-2.62638679642707	0.00865354087394766	0.0292216035908493	-3.29406534232361
ENSMUSG00000034432	-0.129079489911297	7.10003918640023	-2.57183367294576	0.0101421158354451	0.0330628935551909	-3.29427562322859
ENSMUSG00000038717	-0.139952991916525	7.0342377339502	-2.55739266196166	0.0105725451598748	0.0341598621009577	-3.29581667993376
ENSMUSG00000042303	-0.133460408130964	7.27647703460189	-2.62465950360329	0.0086975025134038	0.0293259992803844	-3.29739840208185
ENSMUSG00000000374	0.128692161553013	7.03579344690629	2.55118387473484	0.0107625475303874	0.034636989249713	-3.29787076142672
ENSMUSG00000097842	0.0813331956537358	7.3962267538303	2.66330709531099	0.00776017542877912	0.0267428841046529	-3.29836796951179
ENSMUSG00000039194	0.112994059683503	7.12544465462134	2.55026190524325	0.0107910192331524	0.0347115537593197	-3.30097643756457
ENSMUSG00000035594	-0.0814781189678824	7.19485532125363	-2.578305087013	0.0099543447567181	0.0325304182482844	-3.30114462348316
ENSMUSG00000029535	0.139970889886984	7.13936186573128	2.56410785312892	0.0103704103677149	0.0336562747977499	-3.30244911521369
ENSMUSG00000028691	0.128568388783392	6.98437636038597	2.55405687882373	0.0106742531177367	0.0344035750412135	-3.3027510313819
ENSMUSG00000021203	-0.0980987617832199	6.83362109836902	-2.55562847621098	0.0106262272217437	0.0342825447972077	-3.30331468520114
ENSMUSG00000057637	-0.11033658534814	6.74613513462028	-2.56821054093398	0.0102486144668026	0.0333105413603226	-3.30448301684931
ENSMUSG00000035401	-0.117359542024983	6.94617847725274	-2.54977995258274	0.0108059292432186	0.0347339125097516	-3.30589686705812
ENSMUSG00000031447	0.116247501337072	6.88860381817616	2.56257748106543	0.010416171188883	0.0337462294493581	-3.30844390918392
ENSMUSG00000030313	0.138171125549656	6.93775460480289	2.54967566506091	0.0108091579615288	0.0347357624036169	-3.31150861248976
ENSMUSG00000035095	0.112918771265517	6.71026789769651	2.59266989223382	0.00954857132130338	0.0315486679124615	-3.31182981790018
ENSMUSG00000015968	0.115485014610356	7.45651563537291	2.71692836107268	0.00660966563737179	0.0234763273262267	-3.31297710180081
ENSMUSG00000041308	0.153617795339907	7.32385852120457	2.6181838301868	0.00886409870218732	0.0297560974894965	-3.31305136353098
ENSMUSG00000022114	0.128463971058099	6.71214016103275	2.58165517429999	0.00985836248450148	0.0322987191309043	-3.31368304372227
ENSMUSG00000028403	0.0860963148287253	7.44772858489935	2.6901387520127	0.0071637586552978	0.0250568870732457	-3.3143170107591
ENSMUSG00000036181	0.147877664937956	7.10619940268117	2.54477517712952	0.0109618464763844	0.0351401797426112	-3.31596772000385
ENSMUSG00000030268	-0.0855086283613664	6.70170621318993	-2.56920915767146	0.0102191620937832	0.0332560949867783	-3.31701518062927
ENSMUSG00000001418	-0.100712680105656	7.09512008953815	-2.54989984749936	0.0108022183831486	0.0347305115599661	-3.31714033788096
ENSMUSG00000019996	0.127044431056104	6.80437705438788	2.57395799666159	0.0100801326823864	0.0328805382882986	-3.31771361061841
ENSMUSG00000085837	0.0915998207710906	7.46931475701608	2.71272004582161	0.00669407210744179	0.0237182116456368	-3.31779668561723
ENSMUSG00000098651	-0.107101474958091	7.23624448548396	-2.61774542067156	0.00887547981239427	0.0297790317026822	-3.31818325071392
ENSMUSG00000063568	-0.10143655888002	7.15266884905506	-2.56571713117758	0.0103224832267067	0.0335173488105267	-3.31958977325753
ENSMUSG00000000776	-0.132914470896215	7.27808790514119	-2.63207509299818	0.00851016799456613	0.0287968775871956	-3.32041522350171
ENSMUSG00000028141	0.08754209603664	6.76442813842464	2.56590641168601	0.0103168590989435	0.0335073975002152	-3.32120137570367
ENSMUSG00000013646	-0.153629337098882	7.04328790759739	-2.55012523424331	0.0107952455192841	0.034716618604389	-3.32154441556591
ENSMUSG00000066233	-0.0686289535311042	7.43952872020716	-2.73013707656601	0.00635091939118618	0.0227299717521622	-3.32295632201455
ENSMUSG00000010057	-0.162669844099579	7.09423484379514	-2.55923578802811	0.0105167188793896	0.0340258605552748	-3.32427800685037
ENSMUSG00000035354	0.0902414925180919	7.2288969820215	2.57123760896914	0.0101595685644727	0.0330950663463737	-3.3243769867736
ENSMUSG00000028373	0.111819528814927	7.04437614741134	2.53917580624752	0.0111386549054066	0.0355936709840328	-3.32609517187647
ENSMUSG00000056116	0.174455557733038	7.14145786537545	2.55076879799491	0.0107753574005471	0.0346696925750706	-3.32795973743695
ENSMUSG00000035456	-0.12058141795686	7.25442825395972	-2.58699350998202	0.00970711926905505	0.0319150189529052	-3.32807671430623
ENSMUSG00000014498	-0.122849432328725	7.070507096527	-2.54740874950844	0.0108795534622526	0.0349448267732609	-3.32863234795705
ENSMUSG00000034402	0.132231632648499	7.25320678058332	2.56665506947778	0.0102946408112224	0.0334435328785419	-3.3340042532907
ENSMUSG00000039298	0.124940361662323	6.88537250779153	2.55419823466047	0.010669925586228	0.0343980954875394	-3.3340683556121
ENSMUSG00000034932	0.100926668450095	7.21296487359656	2.55806750550841	0.010552074363062	0.0341105574225204	-3.33497749161646
ENSMUSG00000032251	0.0856104672253206	7.30807850497172	2.59666286394154	0.00943843100517333	0.0312988699897997	-3.33527506687144
ENSMUSG00000025468	-0.108358476549213	7.18228384499571	-2.57293183136181	0.0101100317029854	0.0329665093537944	-3.33830541062376
ENSMUSG00000079108	-0.107868511753725	7.11839174869964	-2.54566465768273	0.0109339906077937	0.0350766491147353	-3.33949765860734
ENSMUSG00000003974	0.155798489089065	6.93163806262652	2.53844583810161	0.0111618904395516	0.0356418218620998	-3.34548815306018
ENSMUSG00000011114	0.152649061403976	7.02981183449901	2.53144869028106	0.0113868099028696	0.0362098895429607	-3.34685712045386
ENSMUSG00000045482	0.107934586087255	7.13704724575976	2.53472249887418	0.0112810789135929	0.0359372382207863	-3.34729475851728
ENSMUSG00000029234	0.0805269678218732	7.34249008951073	2.59218961155523	0.00956189610642605	0.031580308734947	-3.34817749646542
ENSMUSG00000071176	0.111649790573877	6.98878337016455	2.53469836122917	0.0112818552617959	0.0359372382207863	-3.35000378753512
ENSMUSG00000040843	-0.112717432495987	7.0712831423623	-2.54102387480687	0.0110800212599637	0.0354305513267863	-3.35078937126581
ENSMUSG00000084946	0.110297860538983	7.04423355042829	2.52862011790317	0.0114788691374396	0.0363877372269635	-3.35143676322908
ENSMUSG00000021701	-0.126708408824259	6.89651925256331	-2.5295441871506	0.0114487217988839	0.0363185524087687	-3.35608770883594
ENSMUSG00000031665	0.0965963465797985	7.05917107026533	2.52649110772897	0.0115485955163157	0.0365645012090943	-3.35771162186998
ENSMUSG00000031949	-0.136044042977713	6.94470311996312	-2.52830654178871	0.0114891154195233	0.0364114013731296	-3.35844250899943
ENSMUSG00000043448	0.144655670905501	7.11171298000886	2.52569809279565	0.011574663178871	0.0366293184282763	-3.36068041039699
ENSMUSG00000035778	0.166003045995939	7.00603678019983	2.52976071751622	0.0114416677683478	0.036304971988175	-3.36113998183964
ENSMUSG00000039842	0.147849191118894	7.30776980272921	2.60595190727356	0.00918658026762277	0.0305876675645263	-3.3621224383442
ENSMUSG00000066440	0.0861843870864147	7.27157543119417	2.55769146643112	0.0105634768294297	0.0341389875711907	-3.36325766237601
ENSMUSG00000005417	0.104307729440074	7.17699497929599	2.53540629186187	0.0112591055241998	0.0358822321136378	-3.36332147795277
ENSMUSG00000001025	0.0842539463190493	7.15960717550462	2.53029433475503	0.0114243002921645	0.0362938460143213	-3.36363627431823
ENSMUSG00000031684	0.151068154770247	6.86300262956213	2.54552491952756	0.0109383626181726	0.0350820782452511	-3.36381839176631
ENSMUSG00000038046	0.133761279870095	7.13640695550106	2.53134838969947	0.0113900630590551	0.0362114389434553	-3.36408088774706
ENSMUSG00000031422	-0.0876749791121529	7.17893211389264	-2.55634611548902	0.010604361130499	0.0342204328125446	-3.36556078184335
ENSMUSG00000036052	-0.13653786694894	6.97957274455699	-2.52684153711051	0.0115370929562414	0.0365369184768051	-3.36565368007391
ENSMUSG00000028848	-0.104782954199837	7.17293497003879	-2.54186850999569	0.0110533149695034	0.0353727693915274	-3.36574210753596
ENSMUSG00000052748	-0.108455197811598	6.77593522441654	-2.54293989792903	0.0110195213549271	0.0352818717482773	-3.36653473440074
ENSMUSG00000059003	0.12783656150796	7.37659436278999	2.62464407611485	0.00869789605909964	0.0293259992803844	-3.36702070988426
ENSMUSG00000023033	0.125027129830196	7.35229316460609	2.61000456783097	0.00907859433999282	0.030274314085376	-3.36740846803996
ENSMUSG00000023912	-0.0626026446959633	7.19126767553333	-2.54663568147538	0.0109036529051603	0.0349964755661581	-3.36801435612081
ENSMUSG00000029131	-0.135408605151185	6.9991462204579	-2.52977828644416	0.0114410955848693	0.036304971988175	-3.36898145278081
ENSMUSG00000001440	0.13802348033921	6.83647293031844	2.53845185357605	0.0111616987858222	0.0356418218620998	-3.37309521867378
ENSMUSG00000058656	0.136065669690225	7.32848258215744	2.59439489082215	0.00950084986231325	0.0314421451965129	-3.37310358524007
ENSMUSG00000025278	0.097276516373654	7.34224616148838	2.58652997675483	0.00972016937044435	0.0319499014305442	-3.37358575402781
ENSMUSG00000016757	-0.11372684498826	7.03819281109346	-2.52175916336183	0.0117049175362819	0.0369432932461432	-3.37482024735862
ENSMUSG00000032238	0.151647218599816	7.20427258164578	2.53180318074996	0.0113753189437702	0.0361821369319337	-3.3771790485054
ENSMUSG00000030894	0.0712410000873342	7.21204379721165	2.53306210306181	0.0113345936179583	0.0360788960968417	-3.37777332702736
ENSMUSG00000093904	0.144964628184479	7.17505200258523	2.53313558265197	0.0113322206048986	0.0360788960968417	-3.37788660238724
ENSMUSG00000059669	-0.0643941835062742	7.34877675400077	-2.61429297070019	0.00896556264093773	0.0300043829486597	-3.37825168430928
ENSMUSG00000002524	-0.0876185104470943	7.22686020965307	-2.56508799394184	0.0103411965190116	0.0335697854765436	-3.37988991517207
ENSMUSG00000032355	-0.0618683685525951	7.51622583435133	-2.7593175240273	0.00581134869053166	0.0211104819801444	-3.38086170874028
ENSMUSG00000004665	0.164955933500907	7.12861112239583	2.5195617597988	0.0117781460761308	0.0371117902355486	-3.38410165598359
ENSMUSG00000042680	0.158209804631587	7.03875398258968	2.51652343270243	0.0118800678649246	0.0373789590212912	-3.3846148197407
ENSMUSG00000025066	-0.139104347214492	7.1193879262643	-2.53000008553301	0.0114338742339899	0.036304971988175	-3.38498561628642
ENSMUSG00000025437	-0.0895557533789209	7.18186294709171	-2.5375511845365	0.0111904267811515	0.0357155210674879	-3.38550018802641
ENSMUSG00000029648	0.158187378163126	6.92619665751407	2.5251514711401	0.0115926618958932	0.0366685502635984	-3.38626027799443
ENSMUSG00000074340	0.100641028267601	7.47802346329136	2.67148355150473	0.00757387794943856	0.0262043367109011	-3.3864009715442
ENSMUSG00000006403	0.143395829701792	6.97202234725311	2.52345228178257	0.0116487701624002	0.036806248206139	-3.3865057298663
ENSMUSG00000007833	0.0934145833796682	7.3299821339736	2.57025343284938	0.0101884437465537	0.0331808720223584	-3.38705976659232
ENSMUSG00000059183	0.0800066405901987	7.27334443215223	2.54312080194712	0.011013824367799	0.0352722574910042	-3.38871494551258
ENSMUSG00000061451	0.117437001131306	7.32676191008446	2.5782331446078	0.00995641505658995	0.0325304182482844	-3.38888900111107
ENSMUSG00000021843	0.102786337173364	7.04302034841452	2.51365289556725	0.0119770789696158	0.0376259457054769	-3.39005919957344
ENSMUSG00000050017	-0.16423385345373	6.84768433414206	-2.52461405872209	0.0116103815908682	0.0367157284511223	-3.3907551610428
ENSMUSG00000032968	-0.12419079384204	7.26955435869251	-2.59575027755474	0.00946350296203325	0.0313502481728085	-3.39195886058427
ENSMUSG00000079562	-0.0873614303769275	7.19059666791949	-2.55445156339918	0.0106621739699109	0.0343856401013916	-3.39203317271375
ENSMUSG00000024378	0.0825480536659278	7.36210834789701	2.61086118641132	0.00905591480220644	0.0302217783814649	-3.39456598617149
ENSMUSG00000031921	0.127957854462296	7.1007579724092	2.51499184532173	0.0119317414795215	0.0374999224913595	-3.3947856747489
ENSMUSG00000028689	0.135181255775111	7.07161807666578	2.51110776783317	0.0120636795866353	0.0378475181280205	-3.39689409715475
ENSMUSG00000041716	-0.0499186761042951	7.51549514751206	-2.72627678868415	0.00642557933391636	0.0229282323901971	-3.39699224359523
ENSMUSG00000084530	0.124490183775331	6.91394975770729	2.52373056856205	0.0116395644931432	0.0367902410295102	-3.39756731999356
ENSMUSG00000022836	0.174804252044535	7.16437458305522	2.51276540132118	0.0120072140803901	0.0376981757285545	-3.39797712434894
ENSMUSG00000089832	-0.106430060934169	6.95540846337156	-2.51146658557734	0.0120514369191605	0.037818171655237	-3.398120925248
ENSMUSG00000100131	0.0625286425104825	7.50873877584287	2.69462971081978	0.00706805582433364	0.0248149602714336	-3.39873332152265
ENSMUSG00000036748	-0.0939638037949715	7.37810736542909	-2.6658756455225	0.00770121424892979	0.0265956995375861	-3.39878688341809
ENSMUSG00000024983	0.116745366726524	7.32931918142058	2.58830388940013	0.00967031190905952	0.0318339762417418	-3.402650792311
ENSMUSG00000050821	-0.0722935723640736	7.54756459229754	-2.79090569241583	0.00527416153070118	0.0195164846692877	-3.40275930420088
ENSMUSG00000058192	0.133774979388884	7.03592580553596	2.50826598055678	0.0121610299521363	0.0380654956380936	-3.40337532393788
ENSMUSG00000040258	0.10612609300443	7.1833972805677	2.51495949448816	0.0119328350976935	0.0374999224913595	-3.40437207373321
ENSMUSG00000026867	-0.141063510370226	6.82569918551905	-2.51847711712233	0.0118144414272228	0.0371992946525255	-3.40468025243083
ENSMUSG00000037601	-0.0948290209981169	7.21952239517706	-2.56185963504575	0.0104376979040958	0.0338076053835778	-3.40579363050242
ENSMUSG00000099284	0.0906590237827913	7.21013623729871	2.52072286235833	0.011739401812476	0.0370342767539606	-3.40665627855041
ENSMUSG00000036550	0.13313311184018	7.26656196206635	2.53687198738737	0.0112121340712107	0.0357586502461122	-3.40870460659972
ENSMUSG00000033486	0.0902907768168095	7.29914801923029	2.54584065339296	0.0109284864116414	0.0350675843385316	-3.40905243602245
ENSMUSG00000028804	0.124725759584901	7.2818732090648	2.55675481897915	0.0105919260478476	0.0341971629638522	-3.40949696626267
ENSMUSG00000027203	0.123147348477487	7.16565422038199	2.52060788270614	0.0117432334613498	0.0370374397677649	-3.41020134453208
ENSMUSG00000097075	0.0920350781367505	6.76786711508205	2.52992960809522	0.0114361684047629	0.036304971988175	-3.41042755347847
ENSMUSG00000045659	0.0817843256557707	7.2776338560721	2.54004717370404	0.0111109747812988	0.0355138871671786	-3.41053343427612
ENSMUSG00000024826	-0.0923138586797938	6.99742723075598	-2.50517370197659	0.0122677518793418	0.0383499063047618	-3.41175962761485
ENSMUSG00000029229	0.15742340199129	7.25008997247644	2.52012123448161	0.0117594630997481	0.0370707659287027	-3.41331662100135
ENSMUSG00000026674	0.152031187456757	6.95594790811582	2.51043151254196	0.0120867830290211	0.0379109160076533	-3.41357337517442
ENSMUSG00000066800	0.060026109031039	7.57047113409688	2.77129563674577	0.00560209741864317	0.0204753376339688	-3.41403057173337
ENSMUSG00000031311	-0.135801364726444	6.87038688237195	-2.51275878160826	0.0120074391069411	0.0376981757285545	-3.41440438111286
ENSMUSG00000040372	0.122035918960298	7.23642100835909	2.51825273108558	0.0118219624219201	0.0372140254935749	-3.41470751204198
ENSMUSG00000002416	0.129092606904344	6.79917621823747	2.51904684010025	0.0117953644597228	0.0371571009400124	-3.41624036494187
ENSMUSG00000097055	-0.0735139119968009	7.27155232487465	-2.55335956529881	0.0106956238433759	0.0344639693225395	-3.41823778331152
ENSMUSG00000016541	-0.0928866220016236	7.29596723785952	-2.58514803378377	0.00975916883783258	0.03202181414158	-3.42258716222893
ENSMUSG00000059336	0.129262483210037	7.08919215835632	2.50005676064861	0.0124461735649591	0.0387688090203294	-3.42262445322161
ENSMUSG00000050138	0.0925398836195104	7.26105052278037	2.54216323543158	0.0110440095977236	0.035351631700097	-3.42414914260262
ENSMUSG00000052397	0.120617948501362	6.64664642761545	2.55166217238025	0.0107478033662669	0.0346065523047631	-3.42726359423132
ENSMUSG00000075702	0.0824715108164176	7.40129256834837	2.61741458782131	0.00888407687483422	0.0297849768105838	-3.43045022175164
ENSMUSG00000044816	0.0774542902313566	7.44035862650787	2.65387439535323	0.00798019013509673	0.0273532026542247	-3.43048448906213
ENSMUSG00000024924	0.0997846075886812	6.90447972332698	2.50863522002694	0.0121483417752765	0.0380654956380936	-3.43107176644481
ENSMUSG00000018931	0.10318851399644	7.00496445863378	2.49899787300044	0.0124833815029207	0.0388569735226434	-3.43114262086543
ENSMUSG00000021337	-0.110763936865756	7.19807023839359	-2.52136154070621	0.011718138310316	0.0369761067145475	-3.43269820277638
ENSMUSG00000031948	-0.0623615449279535	7.19295360048299	-2.52275670544135	0.0116718079479541	0.0368654546814513	-3.4327593237209
ENSMUSG00000025812	0.129148587960959	6.69618141687468	2.54359531743869	0.0109988934726955	0.0352330592964348	-3.43341293264355
ENSMUSG00000023026	0.113710595295223	7.2384275420573	2.5165501811939	0.0118791671745564	0.0373789590212912	-3.43358091699573
ENSMUSG00000052581	-0.0912992146851055	7.23273464184025	-2.54399245012243	0.0109864113021458	0.0352016879020295	-3.43362901092326
ENSMUSG00000022463	0.125103693745761	7.23200647091457	2.53223387781321	0.0113613715720236	0.0361553419107762	-3.43393582012603
ENSMUSG00000020375	-0.134312908623865	7.25288417733693	-2.5362027769277	0.0112335587612143	0.035818254092016	-3.43422799596909
ENSMUSG00000006390	0.13991484206838	6.95418620630563	2.50671193485072	0.0122145604797978	0.0382109978020341	-3.43488059436344
ENSMUSG00000046318	0.0773635728038	7.44022993696428	2.648722673785	0.00810269691331637	0.0276828047988356	-3.43561763977831
ENSMUSG00000070705	0.0921524258617801	7.37598285028798	2.60572840726147	0.00919256880671272	0.0305920464711446	-3.43631165153727
ENSMUSG00000084911	0.0730182131764563	7.46418972125441	2.63572363772398	0.00841932891317372	0.0285559207593965	-3.43651960165463
ENSMUSG00000043962	-0.117070179381364	6.98571296502209	-2.49630737882271	0.0125783655552695	0.0390875769877969	-3.43800112345975
ENSMUSG00000023456	-0.0806077773941576	7.40478087678577	-2.67603787682155	0.00747185770799125	0.0259404829257548	-3.43860093564655
ENSMUSG00000024430	0.0682973324602303	7.46542478168815	2.66371601021212	0.00775076177364528	0.0267245122835302	-3.43976817446527
ENSMUSG00000046598	-0.0669603262031213	7.44870392799076	-2.66532248200421	0.00771387810283479	0.0266324082601037	-3.44361785855113
ENSMUSG00000034681	-0.146401124312656	7.11734420985682	-2.50909183682478	0.0121326672807833	0.0380275030021583	-3.44497333000246
ENSMUSG00000021025	-0.103072374281448	7.09148693640669	-2.49585896331042	0.0125942582984016	0.0391180221784518	-3.44557410952456
ENSMUSG00000030844	0.106694681775073	6.89367513581831	2.50346530417274	0.0123270680091034	0.0384893809623616	-3.44577519601842
ENSMUSG00000028973	0.0932808296675702	7.38996877664246	2.59920950209502	0.00936877905409253	0.0310994055213437	-3.44700932055167
ENSMUSG00000027244	0.116613431892675	7.30219087795821	2.55857674227349	0.0105366504587928	0.0340691103498432	-3.44740291054977
ENSMUSG00000035246	0.0926119862713675	7.42539313547	2.6141132027156	0.00897027551830385	0.0300124832828096	-3.4486431324385
ENSMUSG00000021147	-0.10683903367786	7.39650645740932	-2.6417371062111	0.00827150137941485	0.0281274015738439	-3.45257600624359
ENSMUSG00000076439	0.154548930533551	7.00874937880474	2.49327519374595	0.0126861791559508	0.0393385735456437	-3.45330927681082
ENSMUSG00000028527	-0.106929393688072	7.03611591110189	-2.4948056199288	0.0126316608627522	0.0392066628769918	-3.45514835081716
ENSMUSG00000040225	0.116605644039579	7.25411053664072	2.50929344894144	0.0121257521564212	0.0380149298926882	-3.45787428736649
ENSMUSG00000004902	-0.0809614879206775	7.34200901390027	-2.5886199851612	0.0096614517199014	0.0318128083292125	-3.45941410986222
ENSMUSG00000027803	0.15292896739544	6.93150269357321	2.49828804352455	0.0125083791197824	0.0389255287464206	-3.46005500410216
ENSMUSG00000004843	0.0960602176391658	7.30885382000933	2.52929436567243	0.0114568651696628	0.0363267810126484	-3.46028604329745
ENSMUSG00000022253	0.138568660397445	7.15668383189796	2.48667445676953	0.012923711112469	0.0399521194532336	-3.46131484220675
ENSMUSG00000033233	-0.0742731606387705	7.44101988575313	-2.66149463961712	0.007802023571347	0.0268517593575381	-3.46262788151733
ENSMUSG00000051351	0.0780541869797426	7.47221967091255	2.65385255455859	0.00798070598303423	0.0273532026542247	-3.46273755034028
ENSMUSG00000030498	0.0580139067062078	7.48409700901311	2.64232764231645	0.00825711039270566	0.0281076675146392	-3.46335798094651
ENSMUSG00000021039	-0.130910077216374	6.9251765030845	-2.48566374882106	0.012960427481784	0.0400561653898762	-3.46405709998937
ENSMUSG00000031367	0.0783931622088145	7.04712001378958	2.48113923231349	0.0131259251387437	0.0404625881602148	-3.4667370215616
ENSMUSG00000024589	-0.0953186264478898	7.27828200244927	-2.55919086216865	0.0105180765098684	0.0340258605552748	-3.47140663718342
ENSMUSG00000079508	0.11109106864016	7.21436711263157	2.50068861266743	0.0124240179365779	0.0387182201441746	-3.47386944854653
ENSMUSG00000092536	-0.0895296186392507	7.37732460771319	-2.59124949124455	0.00958802657890495	0.0316188796123145	-3.47635998126432
ENSMUSG00000097062	0.0793741459948079	7.50634959283214	2.67116846529743	0.00758098209979766	0.0262219861692341	-3.47916364275514
ENSMUSG00000099320	0.083655689204658	7.45869879241823	2.63170497403138	0.00851943177155588	0.0288133300834951	-3.47917978895666
ENSMUSG00000025651	-0.0845603475449641	7.39557301097111	-2.64051739972802	0.0083012959289223	0.0282067392425255	-3.47998377924347
ENSMUSG00000058298	0.074949796190058	7.36343890588616	2.55120225896833	0.010761980479597	0.034636989249713	-3.48023761233746
ENSMUSG00000049517	0.0779700273185275	7.3457237837797	2.53572442803659	0.0112488953213146	0.0358584216086319	-3.48046960872916
ENSMUSG00000052423	-0.158216462941597	7.21966548505847	-2.52340751944025	0.0116502514945188	0.036806248206139	-3.48131523025037
ENSMUSG00000036613	-0.0962222631627281	7.34712645211366	-2.61985834674917	0.00882074818834925	0.0296485841545233	-3.48162375469688
ENSMUSG00000039485	-0.0973308710015548	7.14552824198051	-2.50326739425213	0.0123339559048814	0.0384925269861042	-3.48191003965657
ENSMUSG00000037876	0.113826866310371	7.11713856870677	2.47703416100183	0.0132776949066874	0.04083429215841	-3.4830123728617
ENSMUSG00000033717	0.0717601914881847	6.91387655433126	2.48221613293527	0.0130863656848822	0.0403691563493114	-3.48355366133555
ENSMUSG00000041540	0.122473011298023	7.23167572053689	2.48830863292799	0.0128645404875799	0.0398067984077987	-3.48522045186455
ENSMUSG00000099083	0.0910429051625128	7.40699251387201	2.5739299732962	0.0100809481421869	0.0328805382882986	-3.48554928281981
ENSMUSG00000097209	-0.0937623310786577	7.39487955137386	-2.63198715607658	0.00851236816788894	0.0287968796005173	-3.48561767563645
ENSMUSG00000020895	0.104946128242103	7.03080791860121	2.47388141659435	0.0133953073480108	0.0411573254635432	-3.48586956808572
ENSMUSG00000024193	-0.137912891237923	7.15060656865633	-2.50506109337291	0.0122716538858568	0.0383529464487078	-3.48638397793931
ENSMUSG00000007653	0.1324940512583	7.32766643064771	2.54908542157588	0.0108274479391347	0.0347859996120618	-3.48652493280105
ENSMUSG00000021893	-0.0945964107004889	7.07452508280363	-2.47763705731177	0.0132553082855369	0.0407750225738368	-3.48654805031076
ENSMUSG00000030103	-0.130981119671533	7.0693984941051	-2.49311583691764	0.0126918678744667	0.0393468942014014	-3.4865574343516
ENSMUSG00000030788	0.125283431919773	7.06098229668461	2.47354937024408	0.0134077477127453	0.0411579470305578	-3.48686781485387
ENSMUSG00000047712	0.108867910700112	6.90412522911783	2.4847927200935	0.0129921436885446	0.0401257714485553	-3.48796166208788
ENSMUSG00000028111	0.0964938014655745	7.36166137494177	2.53908256853976	0.0111416203484407	0.0355944591512411	-3.48926924335218
ENSMUSG00000025510	0.0702904432291342	7.46525581033112	2.61204680536352	0.00902460824807652	0.0301403497917903	-3.49099282237061
ENSMUSG00000020955	-0.105528807529847	7.27302965133993	-2.55682179647102	0.0105898894495646	0.0341971629638522	-3.49127283357864
ENSMUSG00000045128	0.0808865423302771	7.30798817436569	2.52747484590814	0.0115163309037851	0.0364799913361613	-3.491672752819
ENSMUSG00000044788	0.0947816746336887	7.12591205699818	2.4710289319427	0.0135025112863012	0.0413605235751651	-3.49370688650504
ENSMUSG00000022131	-0.0879661562687621	7.22607921448342	-2.51959072618947	0.0117771781327268	0.0371117902355486	-3.49400269256887
ENSMUSG00000063576	-0.0989288386223031	7.32247684884636	-2.58805954755729	0.00967716579432055	0.0318405264084555	-3.4947153997529
ENSMUSG00000029504	0.106778818125514	7.31036322488634	2.53008863958589	0.0114309922152877	0.036304971988175	-3.4970047566579
ENSMUSG00000038070	0.0768055081195884	7.46177925525382	2.61381881322571	0.00897799814359891	0.0300153094218583	-3.49772186476722
ENSMUSG00000027239	0.0966488257650315	6.95327515967008	2.4759787052991	0.0133169663741323	0.0409358355881993	-3.49801696993233
ENSMUSG00000024521	-0.109664412571723	6.81837704699276	-2.47806825677973	0.0132393175553434	0.0407545604125455	-3.50076489249959
ENSMUSG00000066637	-0.0961957352779992	7.07432798282501	-2.47009651906889	0.0135377179131104	0.0414199118762423	-3.50087528240568
ENSMUSG00000025006	0.109710427201329	6.94129859021296	2.473687933027	0.013402555113277	0.0411579470305578	-3.50129352366529
ENSMUSG00000024766	0.113188812710338	7.34413428518031	2.52620444885937	0.0115580124293321	0.0365854687439111	-3.50407703678851
ENSMUSG00000031838	0.115327902231228	7.05948866208361	2.46499803307044	0.0137316680841647	0.0419008496508852	-3.5066321863542
ENSMUSG00000078695	-0.110376982019454	7.11369704923295	-2.47871947719613	0.0132151998390206	0.0406898862399946	-3.50694524163595
ENSMUSG00000042305	0.0947223960957917	6.9835806349004	2.46533586008253	0.0137187413680609	0.0418759062696791	-3.50733294817967
ENSMUSG00000002984	-0.0936065450604175	7.24939098735044	-2.52935087438883	0.0114550227186715	0.0363267810126484	-3.50741278448577
ENSMUSG00000058446	-0.117181786406223	7.22926384189057	-2.50523511562652	0.0122656242951763	0.0383499063047618	-3.50819696615276
ENSMUSG00000038372	-0.0796094101381719	7.00922497685048	-2.46479854021915	0.0137393065918327	0.0419093667055624	-3.50937499832427
ENSMUSG00000057818	0.0735382374500348	7.46368341455883	2.64106500069544	0.00828790747003449	0.0281758723961806	-3.51280417932108
ENSMUSG00000031983	0.0888688855132846	7.41337012798521	2.56344217029461	0.0103902934214763	0.0336874000678473	-3.51327165337307
ENSMUSG00000028906	0.147677250321411	7.14456385078486	2.46408996460537	0.0137664680432502	0.0419335969339768	-3.51350931323368
ENSMUSG00000039037	-0.0853980766451325	7.21906950678629	-2.49974470987454	0.0124571284010846	0.0387844768197383	-3.51395174728716
ENSMUSG00000030532	-0.0584091570792209	7.44723228710727	-2.63415013407771	0.00845839805645476	0.0286513188499627	-3.5150870796792
ENSMUSG00000084607	-0.109373826944268	7.28800007131409	-2.53034715307398	0.0114225825043256	0.0362938460143213	-3.51690840508766
ENSMUSG00000021116	-0.107135109839731	6.97194908348827	-2.46196518094337	0.0138482008274267	0.0421335452550943	-3.51750062139621
ENSMUSG00000078861	0.0425323032984979	7.35952237537427	2.54099122319462	0.0110810548125627	0.0354305513267863	-3.51777099662604
ENSMUSG00000022982	-0.107722168838525	7.13765934533736	-2.47911914825211	0.0132004174117575	0.040663497589348	-3.51930402982931
ENSMUSG00000044308	0.126629807884217	7.37687794938886	2.5472630484683	0.0108840918878859	0.0349508292853084	-3.51954389639721
ENSMUSG00000041078	0.12952576075868	7.23981458001119	2.49591701171148	0.0125921999454045	0.0391180221784518	-3.51987885265932
ENSMUSG00000066036	0.09896224457286	7.23462509007355	2.48312072980951	0.0130532172759093	0.0402858841528065	-3.52076792007776
ENSMUSG00000085213	0.123917828960865	6.94093632976957	2.46665981820497	0.0136681845949795	0.0417449681005597	-3.52105189039941
ENSMUSG00000038181	0.0867081270879622	7.44745493071469	2.62530503109529	0.00868104976711316	0.0292918308121251	-3.52282473913055
ENSMUSG00000057863	0.0878504017786135	7.35315964343709	2.53707369002142	0.0112056837092323	0.0357467863355921	-3.52315779320872
ENSMUSG00000073424	0.0953767662581164	7.39950610731853	2.56335413170658	0.0103929255549499	0.0336875913259233	-3.52698799566575
ENSMUSG00000044712	-0.0951399800256496	7.12533909248706	-2.46950112770417	0.0135602414912889	0.0414597574974204	-3.52743658081606
ENSMUSG00000074635	0.0508550697019547	7.60303147037504	2.75327097904944	0.0059196333548722	0.0214206301498029	-3.52759230245117
ENSMUSG00000053279	0.0800157659262153	7.07368390588934	2.4556279755804	0.0140945212266743	0.0427538164734986	-3.5278904734757
ENSMUSG00000022772	0.120165590764494	7.04847751324572	2.45535379534688	0.0141052650646383	0.0427764953037399	-3.53251187334991
ENSMUSG00000028884	0.0652147123388502	7.21551425129348	2.47291519902672	0.0134315357953765	0.0412106085383336	-3.533043506234
ENSMUSG00000036678	-0.0779732512255906	7.46083192522394	-2.63441791319653	0.00845173783326394	0.0286361676276117	-3.53335753979974
ENSMUSG00000021902	0.038153561643175	7.52292892510102	2.68135493582286	0.00735431263788707	0.0256278107247159	-3.53482452828071
ENSMUSG00000022387	0.114838380786325	7.15164473665917	2.45397280240813	0.0141594896853301	0.0429011892988525	-3.53710967114758
ENSMUSG00000005774	0.045306429925855	7.5784539191034	2.73191679486854	0.00631676246550383	0.0226386679984605	-3.53740542637156
ENSMUSG00000020075	0.164413292461087	6.78209112573656	2.48895319964137	0.0128412678847855	0.0397535774763801	-3.53750883536481
ENSMUSG00000085238	-0.111427155801571	7.21401158667808	-2.50471310499878	0.0122837190008704	0.0383814682859645	-3.53807412944071
ENSMUSG00000038299	-0.0991470113992303	7.22953104496255	-2.50855708046844	0.0121510259057923	0.0380654956380936	-3.53810138364814
ENSMUSG00000019878	-0.0984101950222449	6.94746133545122	-2.45514918162221	0.0141132876272487	0.0427909128337056	-3.53840168551109
ENSMUSG00000029119	0.060985699867536	7.48754354727219	2.62273217389073	0.00874679090539065	0.0294453552412894	-3.5386132466381
ENSMUSG00000060992	-0.135258578847979	6.90571658871867	-2.45369295213437	0.0141705003857745	0.0429246161616288	-3.53956092771968
ENSMUSG00000054226	0.13973299285094	6.85928664612471	2.47378459702904	0.0133989337110637	0.0411579470305578	-3.5395772927423
ENSMUSG00000028053	0.139292834821838	7.27015888292291	2.4855257173441	0.0129654489601952	0.0400622274691704	-3.5399278359627
ENSMUSG00000027500	-0.0689256047002109	7.44323386206205	-2.65172780321154	0.00803103254941429	0.0274809927174417	-3.54077229174136
ENSMUSG00000084304	-0.105771757098807	7.12337804294429	-2.46495504091148	0.0137333139208638	0.0419008496508852	-3.54143327455071
ENSMUSG00000024597	0.129731660163239	6.91650357456728	2.46627013730762	0.0136830478589163	0.0417766936961129	-3.54194334044521
ENSMUSG00000054237	0.098345762568135	7.27270933941943	2.48444307717554	0.013004894313969	0.0401556783864345	-3.54476845886455
ENSMUSG00000090223	0.123400883523704	6.97637293939597	2.45031631024413	0.0143039511546923	0.04326879124705	-3.5451893661243
ENSMUSG00000074220	0.107245254509178	7.17317612883855	2.46067566766423	0.0138980124772047	0.0422654539724886	-3.54760446914537
ENSMUSG00000037847	0.0850643028794886	7.19278306635544	2.46260150469499	0.0138236789018958	0.0420784943463426	-3.54803205763041
ENSMUSG00000060519	0.0777849440988936	6.99577811053471	2.44756428393767	0.0144135349901166	0.0434697074615541	-3.55096025489792
ENSMUSG00000031748	-0.113892758717503	7.07551888856601	-2.45338217709098	0.0141827366755737	0.0429517438252628	-3.55158050154435
ENSMUSG00000028573	-0.0754477713037334	7.35829587304373	-2.56383666426844	0.0103785063235379	0.0336656153028682	-3.55360922293324
ENSMUSG00000025795	0.0711402364464897	7.38459710721701	2.54441617722215	0.0109731071343839	0.0351676667327671	-3.55365468660998
ENSMUSG00000051403	-0.144688028030556	7.09515721750223	-2.47042452728604	0.0135253235350875	0.0414110233211801	-3.55430983125072
ENSMUSG00000055670	0.0990274430587705	7.31546381595503	2.50559748246735	0.0122530772928895	0.0383223334731269	-3.55439682721121
ENSMUSG00000045098	0.147532731338226	7.1645906966045	2.44910366729779	0.0143521468564883	0.0433644834168348	-3.55440885281082
ENSMUSG00000001755	-0.116655949411684	7.13228908624504	-2.4680406036268	0.0136156332428619	0.0416096803024155	-3.55448328519556
ENSMUSG00000024160	0.131805723149127	7.0703862534802	2.45033740510071	0.0143031140186581	0.04326879124705	-3.55465456985304
ENSMUSG00000031922	0.120381723387737	7.25510086982577	2.46139814926563	0.0138700848164471	0.0421903230522595	-3.55638195990796
ENSMUSG00000024158	-0.0973716750649674	7.26510930683536	-2.5305842769358	0.0114148734508971	0.0362815060012489	-3.55671733676602
ENSMUSG00000006740	0.13733293890561	7.06834866324132	2.44501601624367	0.0145156650027036	0.0437282241731143	-3.5582621897505
ENSMUSG00000026442	0.142094435216165	7.00762605107731	2.44799948547409	0.0143961564094159	0.0434573391081561	-3.55879016245904
ENSMUSG00000054280	0.115117131607974	7.09069906460927	2.44423788422778	0.0145469780905762	0.0438116027517424	-3.55936698609346
ENSMUSG00000050071	-0.100808143527616	6.99602057711898	-2.44389579764198	0.0145607629604223	0.0438329520988385	-3.56072400121126
ENSMUSG00000037434	0.152199173513755	7.25877751727039	2.46427176452873	0.0137594946837843	0.0419257250115517	-3.56154884184359
ENSMUSG00000038733	0.130097207230258	7.30950584833094	2.48753060428233	0.0128926815587661	0.0398844487162962	-3.56225010833628
ENSMUSG00000026447	0.111625293882102	6.84590270956714	2.46441131554456	0.0137541439966343	0.0419257250115517	-3.56317380920875
ENSMUSG00000036371	0.116637409831675	7.16859503791473	2.44826851350654	0.0143854227600736	0.0434349526694842	-3.5649555756692
ENSMUSG00000040423	0.141038596386661	7.07083434875815	2.44143171245244	0.014660397612261	0.0440923329978685	-3.56532974377769
ENSMUSG00000070639	0.118554446799493	7.26588727019887	2.47276738499527	0.013437085732783	0.0412179771353314	-3.56596936208619
ENSMUSG00000049100	0.0771818753436309	7.42691116561906	2.5917178358209	0.00957500107675856	0.0316066406253338	-3.56606225568084
ENSMUSG00000026342	0.074391387329551	7.54120616028799	2.66867862257303	0.00763733031513785	0.0263857178203342	-3.56802000725372
ENSMUSG00000044991	0.117354347705175	7.24196073428207	2.45940072137351	0.0139474169199327	0.0423763245105035	-3.56851560361738
ENSMUSG00000021615	-0.1157344212746	6.97459088706419	-2.44112264274994	0.0146729370994797	0.0441199110028453	-3.56889060865701
ENSMUSG00000028668	0.11129326984517	7.30634261553023	2.48201679812228	0.0130936801942047	0.0403822052067202	-3.57088232759163
ENSMUSG00000029156	0.0628643656525893	7.42253196859481	2.55241235501046	0.0107247141639822	0.0345407030344047	-3.57099644573902
ENSMUSG00000029126	-0.134748558911465	7.21219275687402	-2.5074645024812	0.0121886115744564	0.0381389346875678	-3.57134893501742
ENSMUSG00000103041	0.116995143095821	7.21198129632918	2.45400166062483	0.0141583546892905	0.0429011892988525	-3.57302263185631
ENSMUSG00000020471	0.107384099992211	7.19133119356208	2.44403700274427	0.014555071502618	0.0438258960699804	-3.57333649926978
ENSMUSG00000032184	0.123036156802817	7.12050096111192	2.44304163238459	0.014595233081671	0.0439165229844259	-3.57363929087619
ENSMUSG00000032437	-0.117032977038512	6.65815189410427	-2.47115508772823	0.013497754038028	0.0413556273966446	-3.57455382564239
ENSMUSG00000023175	0.164393166704689	7.16770405459548	2.44654545927416	0.0144542913562288	0.0435725494901561	-3.57894868210569
ENSMUSG00000028757	-0.113840614593329	6.96397678038353	-2.43605452742521	0.0148799124022233	0.0446192884035519	-3.58150295927797
ENSMUSG00000020601	-0.106238273041347	7.02347906926	-2.43708609490381	0.0148375771486631	0.0445137425184599	-3.58218087890249
ENSMUSG00000035569	0.0953830921089409	7.19535795694959	2.44725352440994	0.0144259556434505	0.043497146772007	-3.58281276227707
ENSMUSG00000104237	0.0778291820226364	7.44046301433086	2.57614316866605	0.0100167263888721	0.0327111453936428	-3.58333314076391
ENSMUSG00000087574	0.130313778565083	7.04586490450548	2.43315493756048	0.014999481514838	0.0449058339794784	-3.58371321468322
ENSMUSG00000041571	-0.0915506358630545	7.24113209087464	-2.48188910838288	0.0130983676170651	0.0403871476313274	-3.58391270441549
ENSMUSG00000028698	0.0882297369795113	7.38143568145541	2.52207450410781	0.0116944420108752	0.0369191306501995	-3.58419266248275
ENSMUSG00000016940	-0.0720857536606667	7.42573471613469	-2.61054337079517	0.00906432326800623	0.0302387656294131	-3.58429951694134
ENSMUSG00000040591	-0.120908021296222	7.09219245473899	-2.44774618960784	0.0144062688358103	0.0434602560051695	-3.58951519678147
ENSMUSG00000031431	-0.108296546470236	6.79561953854567	-2.44500884214966	0.0145159534262416	0.0437282241731143	-3.59086659640789
ENSMUSG00000047976	0.146801387843722	6.96477434939545	2.43835574938249	0.0147856166440375	0.0443873637018433	-3.59134728766034
ENSMUSG00000015289	0.0566272583305594	7.48431836866007	2.59373390838268	0.00951911050075674	0.0314787053993198	-3.59408464023022
ENSMUSG00000040797	0.13994893364694	7.2810342167282	2.48041087452981	0.0131527409608221	0.0405261672532555	-3.59468647059686
ENSMUSG00000019528	-0.111197605227741	7.00167078348182	-2.42985598209052	0.0151365479344866	0.0452127961574945	-3.59582783137092
ENSMUSG00000020536	0.11292983794153	7.12047961967174	2.42779567840663	0.0152227089582775	0.045428699722309	-3.59622230547157
ENSMUSG00000042216	-0.103892250787918	7.0382721558394	-2.43582589530618	0.0148893098031682	0.0446372438614787	-3.59687257259773
ENSMUSG00000003923	0.112172719801117	7.20255005166587	2.44791132502617	0.0143996753615112	0.0434579414091527	-3.59799156556679
ENSMUSG00000029084	0.13439812023523	7.0065086599304	2.43071570747005	0.0151007218047541	0.0451424023839512	-3.59854661838181
ENSMUSG00000011158	0.0705083708572811	7.32766051343525	2.48740365728724	0.0128972783609174	0.039889243633624	-3.59959271478391
ENSMUSG00000023942	0.113822283890847	6.92564420414886	2.43066970491843	0.0151026369112211	0.0451424023839512	-3.60183656939874
ENSMUSG00000042426	-0.104606894285131	6.70584250477474	-2.44958679238448	0.0143329282220563	0.043326413364849	-3.60212774462755
ENSMUSG00000029003	0.0759840832171212	7.24118281480744	2.43995678809564	0.0147203229770756	0.0442217687966667	-3.603390416937
ENSMUSG00000032306	-0.136686366699726	7.26699975504314	-2.50330647331206	0.0123325955589454	0.0384925269861042	-3.60367642221712
ENSMUSG00000037625	0.148487802275222	6.93128338873074	2.43844940448693	0.0147817901767389	0.0443860543563911	-3.60384741018449
ENSMUSG00000028655	-0.128642000212003	6.78680577267382	-2.43437295635335	0.0149491518717052	0.0447858801611818	-3.60728955470948
ENSMUSG00000002799	0.0881102939054266	7.39272071726184	2.55441032136407	0.0106634355951459	0.0343856401013916	-3.6074719690435
ENSMUSG00000021265	0.0852274995492639	7.06007600892269	2.42330012478925	0.0154122121144967	0.0458758352605529	-3.60822989601197
ENSMUSG00000024583	0.0530389577859891	7.20283334534636	2.44363806658646	0.0145711562111266	0.0438541556588665	-3.60935693209655
ENSMUSG00000005150	-0.0863432427271711	7.311530293829	-2.51194738132348	0.012035049698054	0.0377758021210557	-3.61273309692494
ENSMUSG00000092417	0.0971318460943067	7.35831720427828	2.50258560164097	0.0123577105770091	0.0385391012087192	-3.61314991492086
ENSMUSG00000020744	-0.107693019076201	7.12194111137591	-2.43561122816119	0.014898137966532	0.0446534849491386	-3.613798772086
ENSMUSG00000052144	0.138135216880376	7.05770223197657	2.42059191126188	0.0155273724960846	0.046127606244325	-3.61428807340038
ENSMUSG00000051256	-0.0562555145531265	7.18104754537991	-2.44866891729434	0.0143694605700305	0.0434067784455098	-3.61495926680331
ENSMUSG00000042724	0.0785287922070239	7.53038020295037	2.67282357138439	0.00754373157967794	0.0261328957618021	-3.61688870142053
ENSMUSG00000022765	0.096185096991257	6.70812919081672	2.4562377824362	0.0140706516520191	0.0426913027643648	-3.61695443121582
ENSMUSG00000072501	0.0830078811640282	7.36825956458102	2.50056799188997	0.0124282447537104	0.0387221752297897	-3.61725580346041
ENSMUSG00000024142	0.114210094922305	7.18864104393781	2.43232911739413	0.0150336900299484	0.0449876731136194	-3.61930266284892
ENSMUSG00000074166	0.115646704213658	7.37158387693783	2.4914114762484	0.0127528515223924	0.0395172383742393	-3.61997182606502
ENSMUSG00000029718	0.0959188024488222	7.37124324797478	2.48997941429813	0.0128042924605207	0.0396578653638837	-3.62121131537277
ENSMUSG00000024073	0.113762652276729	7.31415316841037	2.47019562163978	0.0135339720871337	0.0414181305667962	-3.62238854819142
ENSMUSG00000032549	0.112013667568967	7.38132160623629	2.54700613333759	0.0108920986095903	0.0349679634616861	-3.62396452529489
ENSMUSG00000027907	0.13749729162631	7.22326282430554	2.4221527317581	0.0154609101675116	0.0459718909636751	-3.62537449807168
ENSMUSG00000098714	-0.136643747032409	7.03244127425658	-2.42324404783821	0.0154145890094082	0.0458758352605529	-3.62665275245219
ENSMUSG00000020381	0.0723730244035687	7.42673727524369	2.56312273582377	0.0103998465429284	0.033701680925747	-3.62699350359759
ENSMUSG00000035595	-0.123121392043679	7.01926075902444	-2.41786207472216	0.0156442181850974	0.046390510640837	-3.6289994746449
ENSMUSG00000038740	0.088306291320146	7.27255950703855	2.44990710216839	0.0143201988740475	0.0432979315609768	-3.62900671217043
ENSMUSG00000015748	-0.0930870249509432	6.99663590392197	-2.41447619208964	0.015790219313035	0.0467176386997183	-3.62935200037557
ENSMUSG00000017774	0.15355834985434	7.3072259638825	2.47354038113574	0.0134080846383539	0.0411579470305578	-3.63184218554666
ENSMUSG00000029642	0.12205221178574	7.07273922940913	2.4159617486336	0.0157260143422882	0.0465803121649858	-3.63248447703268
ENSMUSG00000043557	0.0868220351372795	6.63683844768441	2.46434078973634	0.0137568478785668	0.0419257250115517	-3.63337034605915
ENSMUSG00000011958	0.0977364784875885	6.99148400011622	2.41544997275617	0.015748107042339	0.0466351995924683	-3.63389826108681
ENSMUSG00000038023	0.109988667670703	7.16973096457277	2.4184404785957	0.0156193962529495	0.0463459032876302	-3.63498147688004
ENSMUSG00000033361	-0.0926824175903977	7.24220557388773	-2.487150348906	0.0129064550949195	0.0399081979458399	-3.63581470056012
ENSMUSG00000012535	-0.112355305492906	7.21413902659724	-2.46034694376691	0.0139107357900301	0.0422845026614985	-3.63593477472841
ENSMUSG00000029478	0.0737364784208223	6.94737824192645	2.41477233412973	0.0157774018368401	0.0466902678227646	-3.63688296883877
ENSMUSG00000041438	-0.116874663637604	7.14825545837323	-2.44504850542638	0.014514358887805	0.0437282241731143	-3.63719187419461
ENSMUSG00000026819	-0.104983081839173	6.85961635464497	-2.4126191319367	0.0158708047317947	0.0468924792481733	-3.63746026889824
ENSMUSG00000037822	0.0969277339318255	7.23848711336706	2.44037300873807	0.0147033903278167	0.0441911813984794	-3.64046858166846
ENSMUSG00000022443	0.0983504638012231	6.86664904538685	2.42535071751977	0.0153255164126443	0.0456626447142329	-3.64130076811068
ENSMUSG00000077962	0.158844098891082	7.1933742141389	2.42163388733156	0.01548297558344	0.0460165984877178	-3.64143138099709
ENSMUSG00000024211	-0.0744403291541662	7.25487957104128	-2.48353170157661	0.0130381820182919	0.0402489693429562	-3.64226824681162
ENSMUSG00000021054	0.137515256054385	7.3173925658298	2.45189192032555	0.0142415429161274	0.0431098912966336	-3.642369712608
ENSMUSG00000030030	-0.107472190462907	7.33036781692971	-2.54493136359566	0.0109569506227995	0.0351330878162359	-3.64271109293984
ENSMUSG00000008730	0.164827057257062	6.8761947290051	2.42268844926041	0.0154381562265876	0.0459250945963383	-3.64358074763457
ENSMUSG00000001707	-0.132401244634491	7.16948911910797	-2.43143955830383	0.0150706157315277	0.0450789589142998	-3.64590143606454
ENSMUSG00000045822	-0.0798176604901624	7.34086653712002	-2.52047665719383	0.0117476078525443	0.0370423126217509	-3.64604994438297
ENSMUSG00000074252	0.0860802548644415	7.46962397531445	2.58286633716463	0.00982386538563054	0.0322179473017723	-3.64764787627662
ENSMUSG00000004207	-0.118688607529913	7.25359533601976	-2.48288220589647	0.0130619506223637	0.0403033366834754	-3.64873664817877
ENSMUSG00000052632	-0.10509191932551	6.73125931996145	-2.42649768103597	0.0152772121863901	0.0455601963426467	-3.64937314703443
ENSMUSG00000028871	0.105437077550687	7.08571599986488	2.40622329611732	0.0161511213774662	0.0475276424081338	-3.64973264279512
ENSMUSG00000039834	0.104164376538304	7.31780719266286	2.46425506409212	0.0137601351377458	0.0419257250115517	-3.65011397235707
ENSMUSG00000020260	-0.0830877566046704	6.9100343955815	-2.4081466207997	0.0160663717402484	0.0473527552506375	-3.6515198959651
ENSMUSG00000024213	-0.0942018831272922	7.07730802700206	-2.41049318992695	0.0159635019689586	0.0471025845791315	-3.65162106788119
ENSMUSG00000028140	0.105090876383311	7.11894388149646	2.41097890356978	0.0159422815801497	0.0470611838663629	-3.65254770494244
ENSMUSG00000035949	0.0724522449985887	7.37175106027659	2.50462880752941	0.0122866432620285	0.0383814682859645	-3.65407652723439
ENSMUSG00000031875	-0.122370406543383	6.98851913596426	-2.40594858273871	0.0161632584074103	0.0475419858615628	-3.65728349883804
ENSMUSG00000001520	-0.0721666785852113	7.12708034363893	-2.41410338857155	0.0158063678387142	0.0467548503715424	-3.65826714416624
ENSMUSG00000009927	0.0698298422968833	7.29919710595803	2.44855148820987	0.0143741402875858	0.0434108984187021	-3.65857578280229
ENSMUSG00000026305	-0.107321851111633	6.94767155709061	-2.40333232946093	0.0162792487090039	0.0478509034796315	-3.65873576584348
ENSMUSG00000042389	-0.138248472977185	7.02064223918512	-2.40586128466036	0.0161671169763308	0.0475426539654365	-3.65877897384206
ENSMUSG00000047368	0.113573098403212	7.22387933994951	2.41357683798813	0.0158292008936942	0.046801241666722	-3.65890979742013
ENSMUSG00000015714	0.125044599608917	6.98712397648204	2.40762264953552	0.0160894212389618	0.0474100163989395	-3.65975309519613
ENSMUSG00000034463	0.0974589934694503	7.2731777062038	2.42524983775638	0.0153297713791133	0.0456649298965531	-3.6607490291159
ENSMUSG00000022629	-0.109114265303543	6.930645773347	-2.40254991549044	0.0163140784654962	0.0479210040992319	-3.66147304568702
ENSMUSG00000006304	-0.162785422497751	7.06840776050492	-2.41907648294211	0.015592142439303	0.0462885099354546	-3.66309715839812
ENSMUSG00000031365	0.13491481703306	7.10657308473676	2.40064217959018	0.0163992774556695	0.0481065069347131	-3.66318610361095
ENSMUSG00000021420	0.090602830211151	7.37274899873709	2.49443261653935	0.0126449291884859	0.0392292447714827	-3.66332628561885
ENSMUSG00000027247	-0.0692997104710589	7.43651694334963	-2.61775361903276	0.00887526686320842	0.0297790317026822	-3.66446413558571
ENSMUSG00000062078	0.131167268266442	6.94333325421661	2.41187221537094	0.0159033183653288	0.0469567532789547	-3.66460365185878
ENSMUSG00000009112	0.126124699929118	7.22877768282568	2.43234920045392	0.0150328573007622	0.0449876731136194	-3.66652135878202
ENSMUSG00000021969	0.133874662445224	7.16509771362577	2.40016650093038	0.0164205819454637	0.0481474263897001	-3.66672888370366
ENSMUSG00000025597	0.12026229119714	6.84587383735758	2.42044974486557	0.0155334386553849	0.0461351585472548	-3.66728697562869
ENSMUSG00000069814	0.168390416059416	7.35286002394787	2.5164060637909	0.0118840206934923	0.0373824120420956	-3.66747541458233
ENSMUSG00000027366	0.089887166024865	7.42326561075407	2.50213056247454	0.0123735873676298	0.0385794250576349	-3.66941791516872
ENSMUSG00000072969	0.104098753595336	7.42820352170164	2.53746058953043	0.0111933200579234	0.0357160483057113	-3.67012799942322
ENSMUSG00000035237	0.108509411837146	7.23548441948891	2.41657427493783	0.0156996082328705	0.0465231487063695	-3.6711202525638
ENSMUSG00000030681	0.0955594752947171	7.42554254830883	2.4965394712381	0.0125701467129624	0.0390713107231966	-3.67265944804519
ENSMUSG00000055567	0.117893026685619	7.24232315447229	2.43057858729415	0.0151064308096446	0.0451434357817547	-3.67267136682469
ENSMUSG00000025134	0.114876511866924	7.09375483626217	2.39557358859349	0.0166275416065691	0.0486453127850733	-3.67290752311804
ENSMUSG00000074794	0.139368670418852	6.88177123688153	2.41644510490873	0.0157051735254413	0.0465291088017826	-3.67395891595095
ENSMUSG00000051444	-0.127631474924749	7.11122445631402	-2.40697566882769	0.0161179220357576	0.0474619512577909	-3.67430714783157
ENSMUSG00000069020	0.070353638214538	7.2978068054375	2.44067609459651	0.0146910710248755	0.0441642943416005	-3.67463572942849
ENSMUSG00000020743	0.107025904937471	7.18318078033814	2.39727154198532	0.0165507652715147	0.0484640167601588	-3.67582232562622
ENSMUSG00000028341	-0.0950365228564793	6.91011573294168	-2.3957437667607	0.016619832582204	0.0486336272164092	-3.67632778579109
ENSMUSG00000024084	0.1295314848049	7.1634579307847	2.40053923158151	0.0164038861858108	0.0481092468513968	-3.67690182324403
ENSMUSG00000036854	0.0737744976187331	7.39489349346769	2.47875519313036	0.0132138782367494	0.0406898862399946	-3.67796496465282
ENSMUSG00000058997	0.0809502446992907	7.45172007458884	2.54126984023749	0.0110722382345865	0.0354246683693077	-3.67931646497359
ENSMUSG00000028899	-0.113447380006107	6.97234418256711	-2.39334536885397	0.0167287695246062	0.0488868416553893	-3.68051358117252
ENSMUSG00000032503	-0.0935779960666805	6.58562447041565	-2.43680788871859	0.014848984188101	0.0445367470768884	-3.68092911363043
ENSMUSG00000024885	0.114015720382651	7.25022381444231	2.40698697735848	0.016117423491407	0.0474619512577909	-3.68096960010582
ENSMUSG00000020451	-0.105651682783559	7.11717724075418	-2.40937449378008	0.0160124713119627	0.0472364295665199	-3.68136577155409
ENSMUSG00000038080	0.0671881519527284	7.38973591945374	2.4977684095036	0.0125267068418836	0.0389697437395067	-3.68271591708717
ENSMUSG00000024527	0.133863942553094	7.23090751900617	2.42553792489378	0.0153176230246624	0.0456495152831505	-3.68324478119189
ENSMUSG00000032854	0.13413510424328	6.98150608165225	2.39738400681403	0.016545690965838	0.0484599968959173	-3.68433248814124
ENSMUSG00000049122	-0.0647099686224326	7.53662466427641	-2.65588377607551	0.00793285905191385	0.027237605745517	-3.68462937047734
ENSMUSG00000051978	0.086893356668643	7.30803655897245	2.43120172961896	0.0150805015554541	0.0450968310561911	-3.68953461902497
ENSMUSG00000033364	0.141177429228205	7.03690082510317	2.38841307873431	0.0169547701753352	0.0493709633308472	-3.69067108364648
ENSMUSG00000023845	0.128666979086598	7.20835774832092	2.40833595676498	0.0160580499944527	0.0473388855049256	-3.69081617663768
ENSMUSG00000031557	0.139720838037857	7.01309588742457	2.39222248794533	0.0167799867410146	0.0489854456176366	-3.69102351954621
ENSMUSG00000026443	-0.0928387381569102	7.15780645586795	-2.42963206023807	0.0151458913973723	0.0452200707353247	-3.69133117668994
ENSMUSG00000039840	0.112381963333188	7.28820794890829	2.43776937141337	0.0148095941469893	0.0444491532719816	-3.6919278563883
ENSMUSG00000060860	-0.105568433487942	7.1506360413389	-2.41382667480836	0.0158183634897774	0.0467797639051652	-3.69209737995159
ENSMUSG00000049106	0.0747220645202296	7.40028046067516	2.53186362003468	0.0113733608065047	0.0361821369319337	-3.69211984866387
ENSMUSG00000094114	-0.0935077199182182	7.07662223308687	-2.39255730040768	0.0167647007754967	0.0489766723390676	-3.69235198402539
ENSMUSG00000028883	0.0901396140277395	7.24071541304799	2.41708790428879	0.0156774956705558	0.0464786624363487	-3.69562667491125
ENSMUSG00000016356	0.10023650494272	7.2243510336883	2.41240852280295	0.0158799667231386	0.046898381308218	-3.69716435928305
ENSMUSG00000042390	0.111499141358132	7.26909147964387	2.42573933262824	0.0153091348923396	0.0456346070151434	-3.69852289158157
ENSMUSG00000101892	0.103228175044868	7.10980328844717	2.38982631877524	0.0168897422544044	0.0492582993082339	-3.69879213221173
ENSMUSG00000021910	0.0965535162274591	7.35788146327372	2.48884877338633	0.0128450357478964	0.0397558411374609	-3.70242195841618
ENSMUSG00000036427	-0.126948119140544	7.30904723767659	-2.51614106502643	0.0118929497894378	0.0374015130058417	-3.70340136732411
ENSMUSG00000019794	-0.0894007905117995	7.22167670318396	-2.41248263777351	0.0158767420176699	0.046898381308218	-3.70381415013398
ENSMUSG00000048915	-0.067725242908514	7.34484635767903	-2.50188782359769	0.0123820641695144	0.0385966628826864	-3.70467305284254
ENSMUSG00000051242	0.100448205469237	7.31097673317216	2.44772584069706	0.0144070815049218	0.0434602560051695	-3.70599127503694
ENSMUSG00000032553	-0.137758417367555	6.88800235844149	-2.38700375077154	0.0170198368548646	0.0495163786897527	-3.70617834683151
ENSMUSG00000052299	-0.103392295677038	6.75060697682159	-2.40265514392381	0.016309390332603	0.0479179843434556	-3.70628348902137
ENSMUSG00000035133	0.119647142064126	7.11885210895531	2.38166074520814	0.0172685106243952	0.050061855866825	-3.70679321761159
ENSMUSG00000060212	0.0985044048452206	7.45127897224747	2.57133032652901	0.01015685204265	0.0330944517029303	-3.70780035588062
ENSMUSG00000048109	0.0945850209919303	6.86952041325312	2.39242516701622	0.0167707319046777	0.0489766723390676	-3.70817272747629
ENSMUSG00000038384	0.105984341809181	7.33374583375967	2.45006383038047	0.0143139740141354	0.0432891078293049	-3.70848520368078
ENSMUSG00000009640	0.0879669288264093	7.30522826305551	2.44016753244585	0.0147117473477039	0.0442061501666604	-3.7098958201681
ENSMUSG00000055296	0.0864319312840349	7.38941382817921	2.50313222370006	0.0123386622304991	0.0384980376362474	-3.71034041904528
ENSMUSG00000046873	0.0985750878152993	7.3719786975951	2.46316248732924	0.0138020922056368	0.0420225560828364	-3.71082536977238
ENSMUSG00000021143	0.137426759586496	6.91154985670583	2.39547724041473	0.016631907545043	0.048645739599355	-3.71114530932015
ENSMUSG00000046402	0.0899087825210962	7.15309217384229	2.38218932323795	0.0172437683072091	0.0500227457464557	-3.71122799770673
ENSMUSG00000054716	0.146433737882739	7.11704057919287	2.38436156554529	0.0171424136397726	0.0498287032353249	-3.71186116820974
ENSMUSG00000029095	-0.0650530292046705	6.97153802657547	-2.37731680803598	0.0174730293825378	0.0505428415104252	-3.71465359785344
ENSMUSG00000008822	0.0851816691189882	7.41220790767385	2.47683561572916	0.0132850745630911	0.040847392245183	-3.71553203089047
ENSMUSG00000031299	-0.125451100223297	7.22581260098032	-2.44914405236378	0.0143505394749789	0.0433644834168348	-3.7156227303638
ENSMUSG00000045967	0.134012937049043	7.23346320413953	2.40634498254966	0.0161457477466142	0.0475225111282988	-3.71700019898721
ENSMUSG00000023908	0.0847971966328522	7.28107226035646	2.40603411507549	0.01615947866939	0.0475415493796975	-3.71871839665846
ENSMUSG00000085438	0.127436972039876	7.28582688802035	2.41808731751212	0.0156345478719457	0.0463723381829435	-3.7192117034747
ENSMUSG00000025213	0.0821565022926753	7.32017134909486	2.4572517629739	0.0140310405669491	0.0425908609094592	-3.72203538280027
ENSMUSG00000020935	-0.117825619252582	6.93045983841199	-2.37666414682515	0.01750394045454	0.0506130282771172	-3.72241743603957
ENSMUSG00000025068	0.098069070077055	7.27351829289746	2.40667204976872	0.0161313123604115	0.0474906996677551	-3.7225994245168
ENSMUSG00000029470	0.0907682718704006	7.23802065578665	2.3924765877173	0.0167683846190653	0.0489766723390676	-3.72268651805288
ENSMUSG00000026773	0.0969862584353089	6.9005822729699	2.38011891955066	0.0173408602753371	0.0502493454459302	-3.72501646833223
ENSMUSG00000024217	0.0619867408245725	7.22160407870908	2.39532441982034	0.0166388345497947	0.048645739599355	-3.72516206655543
ENSMUSG00000037166	0.153979389025981	7.0198034821366	2.37739549960313	0.0174693056608007	0.0505428415104252	-3.72582258786141
ENSMUSG00000024558	0.134769080216128	6.99320553762852	2.37265109005018	0.0176950612380104	0.0510722534673792	-3.72643596245338
ENSMUSG00000031023	0.0788829257990704	7.39691844171199	2.45815704097831	0.0139957591574065	0.0425034745740584	-3.72727423842919
ENSMUSG00000025020	0.0978822832775101	7.28039656055974	2.42748818057232	0.015235605364434	0.0454537941463262	-3.72862175676383
ENSMUSG00000067722	-0.065366003733577	7.30776548865555	-2.46005818003391	0.0139219209234759	0.0423086789067192	-3.72910181577537
ENSMUSG00000096768	-0.114126851954777	7.25551765789695	-2.43142834230705	0.0150710818185067	0.0450789589142998	-3.72913809898361
ENSMUSG00000022019	0.145492978012252	7.2602995302798	2.39038100857723	0.0168642790128007	0.0491949957298545	-3.72995173435595
ENSMUSG00000026393	0.161847580523435	7.09616934990532	2.37178509824678	0.0177365430373453	0.051158145284187	-3.73040936483902
ENSMUSG00000038084	0.119547747834936	7.25172080589244	2.40304268455753	0.016292134846873	0.0478780312941102	-3.7317030663196
ENSMUSG00000025857	0.130597026667616	6.93963189216139	2.37993255053774	0.0173496235665571	0.0502636140149072	-3.73197289302003
ENSMUSG00000038664	0.111168542277106	7.4761286469663	2.56375307738484	0.0103810028244484	0.0336656153028682	-3.73352101740957
ENSMUSG00000028656	-0.0839122447787455	6.67672631007283	-2.40108995069718	0.0163792450750364	0.0480585110986948	-3.73533278343313
ENSMUSG00000035443	-0.158266727981404	7.10245136651718	-2.38969809889158	0.0168956330366366	0.0492611418766178	-3.73606875804645
ENSMUSG00000063856	0.0827804406353714	7.29293272212272	2.42964204555493	0.0151454746373953	0.0452200707353247	-3.7361789364683
ENSMUSG00000022552	-0.0918278116670592	7.33815070882649	-2.46424082135906	0.013760681360727	0.0419257250115517	-3.73835870624267
ENSMUSG00000073478	-0.115639184436827	7.24177122916747	-2.41078857924737	0.015950593719359	0.047075106621697	-3.73882986681086
ENSMUSG00000031666	0.0964278310570057	6.86722032166258	2.38203050952813	0.0172511989799303	0.0500227457464557	-3.73893204923118
ENSMUSG00000025815	0.0341812677036213	7.57847184623154	2.63755006910114	0.00837418224362801	0.0284248882378994	-3.74096945425465
ENSMUSG00000087165	0.0628235094398812	7.40500529215991	2.46819038607319	0.0136099434162481	0.0416020030832408	-3.74515135145011
ENSMUSG00000092448	0.0895030068516816	7.52049715229361	2.58562790696764	0.0097456106758925	0.0319853434366469	-3.7462036991239
ENSMUSG00000049804	0.0980209509941421	7.48645635783117	2.56152381215838	0.0104477821239892	0.0338297150858703	-3.74636086761654
ENSMUSG00000032087	0.0686177613598575	6.85271331168139	2.37958723397837	0.0173658710269703	0.050299553868384	-3.74676344900199
ENSMUSG00000097342	-0.110793950609854	7.26022596667138	-2.46213927454925	0.0138414879900323	0.0421229104522323	-3.747117465655
ENSMUSG00000034701	-0.104863198442898	7.45588667729576	-2.55699534873112	0.0105846138313612	0.0341904180311327	-3.74747060107983
ENSMUSG00000097166	0.0721420073637615	7.39316078476108	2.49975414832536	0.0124567969301601	0.0387844768197383	-3.74763480844583
ENSMUSG00000034781	0.0969996309072414	7.3899863791958	2.49357409734908	0.0126755149862079	0.0393148169152888	-3.74960353041417
ENSMUSG00000022865	0.057364358171232	7.58764714191651	2.65415683381688	0.00797352203747438	0.0273532026542247	-3.75057361319193
ENSMUSG00000024426	-0.107242116090585	7.1513247028887	-2.37747577982093	0.0174655074805744	0.0505428415104252	-3.75081429930467
ENSMUSG00000073433	-0.0776344810401177	7.45827724972719	-2.58778076365104	0.00968499108308281	0.0318502645716454	-3.75092328297774
ENSMUSG00000036298	0.115897760250562	7.23369308948309	2.39207861953659	0.0167865588558428	0.0489901089034093	-3.7516456585362
ENSMUSG00000035168	0.105073557158727	6.65539348909521	2.41837754668811	0.0156220952649184	0.0463459032876302	-3.75175164259104
ENSMUSG00000071753	0.0697250125832021	7.09824950789904	2.36278234344979	0.0181728578584568	0.0521866758242852	-3.75288836141416
ENSMUSG00000051067	0.090790145533532	6.69257159504625	2.39874783540251	0.0164842650171543	0.0482908922811778	-3.75353748717331
ENSMUSG00000037977	0.0736719739525702	7.43824568897056	2.49154739936092	0.0127479785626886	0.0395114903746967	-3.75459850962848
ENSMUSG00000024312	0.0433789773297564	7.462608631329	2.52518446393297	0.0115915748318093	0.0366685502635984	-3.75725638789585
ENSMUSG00000092074	0.0783826503154081	7.39139321184501	2.45270384333191	0.0142094774220525	0.0430227748403126	-3.75799438486889
ENSMUSG00000034994	0.100740602246401	7.11636752800196	2.36141818839075	0.0182397847306999	0.0523329523765775	-3.75856091619911
ENSMUSG00000029563	0.109408834853323	6.96549511713612	2.36171917607618	0.0182249994293117	0.0523019931013916	-3.75884712017083
ENSMUSG00000046985	0.106727267293355	7.39225750195464	2.45108004805189	0.0142736702403953	0.0431971545971464	-3.75910976452291
ENSMUSG00000042406	-0.0851020779323601	6.82750298852354	-2.36764079669383	0.0179362411245289	0.0516431204755513	-3.76110262333316
ENSMUSG00000001052	-0.0885954678920324	7.04539270639987	-2.35819255686456	0.0183988968888525	0.0527325430500072	-3.76216502016801
ENSMUSG00000076052	-0.111674614183105	6.98462741593368	-2.35801606837233	0.0184076375726536	0.0527451939376628	-3.76311773527087
ENSMUSG00000022099	-0.119983574961402	7.20712051653119	-2.42124406027184	0.0154995723828556	0.0460554701852805	-3.76321853207996
ENSMUSG00000029544	-0.0968567661768818	7.30189923748144	-2.45494633049928	0.0141212450568204	0.0428051262523483	-3.76324957235815
ENSMUSG00000011148	0.100168572847385	7.17934904472579	2.35973834853372	0.0183224959248193	0.0525357241891665	-3.76355854303726
ENSMUSG00000004035	0.0797992035391859	7.00154463955547	2.35699552131993	0.0184582520198013	0.0528297794196581	-3.76450077389082
ENSMUSG00000033589	0.0890733854155057	7.00556760816969	2.3562502233763	0.0184952923128343	0.052899454765411	-3.76530922482997
ENSMUSG00000032977	-0.0910859160018838	7.137402308214	-2.38245605868648	0.017231294445172	0.0500204228106855	-3.76596487182532
ENSMUSG00000028080	0.110934604518195	7.15721928956826	2.3599989301038	0.0183096440446253	0.0525195922095482	-3.76636994582538
ENSMUSG00000028703	0.0891732709162447	7.31763487308362	2.43406717924207	0.0149617728491541	0.0448134363168899	-3.76726834928135
ENSMUSG00000060568	-0.0935963582667503	6.97010104347713	-2.35469230208574	0.0185729290961141	0.0530562486856482	-3.76899335474663
ENSMUSG00000086328	0.125889556562262	7.31638280425008	2.39718868088703	0.0165545047597938	0.0484641270830098	-3.76991493564558
ENSMUSG00000033039	0.0883490166719483	7.13328284728228	2.3539097791768	0.0186120325166516	0.0531321160425919	-3.77008576388376
ENSMUSG00000028958	-0.077460433348886	7.41783834557732	-2.52386047744775	0.0116352693448243	0.0367855460667567	-3.77221813215051
ENSMUSG00000019843	0.0993457702797489	7.20112745677058	2.35993374739376	0.0183128581146187	0.0525195922095482	-3.77266633050502
ENSMUSG00000031068	-0.122976777696091	7.00355450702067	-2.35586166093791	0.0185146291286236	0.0529243503388515	-3.77303290677486
ENSMUSG00000018648	-0.0960512253542207	6.61576950149612	-2.38484323237774	0.0171200104851752	0.0497746340821483	-3.77482463178543
ENSMUSG00000041126	0.0986183127863747	6.96525840623399	2.35693275650858	0.0184613688393626	0.0528297794196581	-3.77495936075964
ENSMUSG00000015134	-0.0872821249757303	7.28039418016149	-2.42611152541861	0.0152934600895978	0.045598264516742	-3.77574741790686
ENSMUSG00000019818	0.107939228073634	7.25671786277944	2.36975329600065	0.0178342029945871	0.0514171736633197	-3.7761020770866
ENSMUSG00000029627	-0.0816469795036605	7.38627680040549	-2.50845305116525	0.0121546001770044	0.0380654956380936	-3.77772930206025
ENSMUSG00000077637	0.128105391966889	7.08227344559119	2.35309744129221	0.0186527020258179	0.0532260625374909	-3.77783830044045
ENSMUSG00000001120	-0.0743739000349306	7.39142304348008	-2.50276025717685	0.0123516214586151	0.0385292895249439	-3.77849727273896
ENSMUSG00000020593	0.0931972746384178	7.22662120068112	2.36203974322557	0.0182092638775488	0.0522682926298769	-3.77907980317538
ENSMUSG00000086324	0.119318064997199	7.07848232137566	2.35125323938617	0.0187453203797271	0.053432121578791	-3.77973261592408
ENSMUSG00000028033	0.0762693295808603	7.33635318391471	2.42250712594035	0.0154458544085007	0.0459375570004751	-3.78051300046787
ENSMUSG00000041309	0.127666097620709	7.09692804261779	2.34869953212112	0.0188742353575616	0.0537060398394254	-3.7807581851028
ENSMUSG00000033020	0.104552183845939	7.18295084463156	2.3694794497024	0.0178474015776459	0.051443897281933	-3.78132097175224
ENSMUSG00000057236	0.0889107032325631	7.00014856123076	2.34730548016835	0.0189449359188188	0.0538720897152857	-3.78288199260315
ENSMUSG00000029146	0.0719199779121951	7.34428716010078	2.43707787252235	0.01483791417282	0.0445137425184599	-3.78390907634171
ENSMUSG00000055805	-0.126655854767233	6.9465088581795	-2.34892729546882	0.0188627061032946	0.0536965749737624	-3.78491605471187
ENSMUSG00000031760	-0.104764175834812	7.02703911970656	-2.34683666446369	0.0189687643118228	0.0539281351510064	-3.78919897516966
ENSMUSG00000027439	-0.088761889659617	6.7466004422067	-2.36441594614961	0.0180929947021361	0.05200296084311	-3.79002832577356
ENSMUSG00000057181	0.105263711583913	7.36528368145446	2.44146932950239	0.0146588720692991	0.0440923329978685	-3.79101713255192
ENSMUSG00000023953	0.118349014480304	7.23349394068445	2.35818654292499	0.0183991946725048	0.0527325430500072	-3.79364963025772
ENSMUSG00000047675	0.0936066493035259	7.28100465417055	2.3836035181052	0.0171777238380454	0.0499091789808456	-3.79449793532582
ENSMUSG00000058246	-0.125985308815645	7.14943523822503	-2.36828266165387	0.0179051837366336	0.0515877344806354	-3.79487360709124
ENSMUSG00000034218	0.0873766792321939	7.39510910474009	2.46967754896644	0.0135535640476708	0.0414570339193971	-3.79524350909797
ENSMUSG00000089847	-0.119311942145161	7.05702837183258	-2.34755349903963	0.0189323405106607	0.053847969143074	-3.79555260164866
ENSMUSG00000033488	0.0799606348216333	7.01749398827103	2.34145469941716	0.01924419569908	0.0545926349062526	-3.79735452509745
ENSMUSG00000040612	0.146707187640223	7.26794623126838	2.38715266370956	0.0170129514147803	0.0495086161807417	-3.79857909616391
ENSMUSG00000041959	-0.0792197626898545	7.07600482228092	-2.34996811617218	0.0188100987076405	0.0535817694256809	-3.80023776959868
ENSMUSG00000053846	-0.112652469719256	7.01017438294929	-2.34657407244928	0.0189821224687459	0.0539426844716348	-3.8006177421931
ENSMUSG00000045625	0.0752794535105741	7.28550362132129	2.37296375816151	0.0176801050600993	0.0510493019557514	-3.80146491404283
ENSMUSG00000021692	-0.0745455362596923	6.85010440257044	-2.34670342110175	0.01897554142508	0.0539356900428024	-3.80200653275441
ENSMUSG00000021027	0.11438982994726	7.16296203197425	2.35383604557276	0.0186157207674434	0.0531321160425919	-3.80233386156748
ENSMUSG00000023990	0.162497875926215	6.97904165729627	2.34878753204707	0.0188697801195716	0.0537050350707458	-3.80257767873463
ENSMUSG00000000805	-0.0828153659598474	7.41248533890593	-2.53451082582098	0.0112878886507906	0.0359477105852956	-3.80273839948052
ENSMUSG00000067586	0.124700250500647	7.04924163292876	2.33886235133788	0.0193781067552064	0.0548874357282387	-3.80381079687004
ENSMUSG00000021895	-0.104968236252412	6.92737386326283	-2.33944949572252	0.019347705925659	0.0548506206103786	-3.80488986522849
ENSMUSG00000020696	0.132091397081669	6.83647764792994	2.36664547795724	0.0179844941414557	0.051747911494492	-3.80752256446134
ENSMUSG00000051343	0.0955858795227966	7.42061498687011	2.50823095761015	0.0121622340554648	0.0380654956380936	-3.80916541221037
ENSMUSG00000100252	0.0753129208250645	7.4417550025764	2.47148113865671	0.0134854657421961	0.0413276492267864	-3.80997198546527
ENSMUSG00000028398	-0.109189217154559	7.13404292472727	-2.35760230264812	0.0184281437880186	0.0527693041278958	-3.81144774446613
ENSMUSG00000060924	0.127427336280753	7.34681492531999	2.42447856282916	0.0153623370644579	0.0457515279453782	-3.81181077390169
ENSMUSG00000021252	0.101247045551311	7.1979650829625	2.35771617206797	0.0184224984297264	0.0527646793791246	-3.81378956884607
ENSMUSG00000078813	-0.0931277589253696	7.08017842604187	-2.33659571488108	0.0194958594124324	0.0551631276048335	-3.81392168989465
ENSMUSG00000036391	0.0665287182058361	7.35774729522115	2.4187198637988	0.0156074189866602	0.0463233573732385	-3.81468672031284
ENSMUSG00000004891	0.122124153507213	6.9361539557432	2.34425682979978	0.0191003585888377	0.0542433610943737	-3.81563996682398
ENSMUSG00000036800	0.111079163492716	7.27267251218768	2.38025647288042	0.0173343948459421	0.0502417306449135	-3.8161520188915
ENSMUSG00000098093	-0.106584552563901	7.15585631260514	-2.34916669630694	0.0188505944073877	0.0536737672861071	-3.81638551148027
ENSMUSG00000032501	-0.145277390348692	6.90198215583847	-2.33620724143637	0.0195161034029638	0.0551846275921387	-3.81727724906979
ENSMUSG00000040687	-0.103743898168042	7.08745158265732	-2.35004368899273	0.0188062839472438	0.0535817694256809	-3.81992105199418
ENSMUSG00000039577	0.0796321839440601	7.43457514451102	2.49059737733841	0.0127820721936244	0.0395984120111051	-3.82060653540017
ENSMUSG00000084790	0.130025383734163	7.01198354749547	2.33022012632987	0.0198304328434676	0.0558562880349996	-3.8232534202855
ENSMUSG00000038145	-0.127749775729654	6.85407348293712	-2.33407880637438	0.0196273459968828	0.0554512761741887	-3.82340101751314
ENSMUSG00000028464	0.125085215156846	7.21850326755589	2.34092536305115	0.0192714733277817	0.0546581734851209	-3.82434064216264
ENSMUSG00000018765	-0.124635217762231	6.87633282785473	-2.33329572349909	0.0196684129806491	0.0555074073599175	-3.82447821113167
ENSMUSG00000020018	0.109071423163425	7.23846803697149	2.36689161825647	0.0179725506946628	0.0517249139798912	-3.8250167806448
ENSMUSG00000039770	-0.0662989254824202	7.32321928612756	-2.4334415828211	0.0149876236571542	0.0448805967336375	-3.82580410596818
ENSMUSG00000037523	0.112710445256279	6.76304898393992	2.36737432155586	0.0179491486965286	0.0516689214456798	-3.82711238552137
ENSMUSG00000030222	0.0993016760334573	6.61864277331942	2.38931757989966	0.0169131257709018	0.0492935535602508	-3.82845280459483
ENSMUSG00000022314	0.147087718347283	7.12465343190013	2.32862088715315	0.0199151391253943	0.0560707529956264	-3.82865678078889
ENSMUSG00000029402	-0.104636522177343	7.0875447106043	-2.33342746427201	0.0196614988907817	0.0554998584472001	-3.82964817484886
ENSMUSG00000065939	-0.136962971999947	6.82962233263971	-2.33883895164782	0.019379319195745	0.0548874357282387	-3.830633629008
ENSMUSG00000026219	0.137192438192114	7.3114224589068	2.38680177449485	0.0170291797474486	0.0495266869061852	-3.83226699513541
ENSMUSG00000090291	0.0818756473010041	6.81234032414397	2.35132491000942	0.0187417134811251	0.053432121578791	-3.83396799310161
ENSMUSG00000035623	0.153147286425557	7.15661592002678	2.33476240097053	0.0195915577085837	0.0553740659587171	-3.8348250062945
ENSMUSG00000021676	-0.0940301980511	6.84555501111818	-2.33268905932097	0.0197002796738532	0.0555614091964857	-3.83643236407205
ENSMUSG00000038127	0.121218063284124	7.25144012441163	2.34348512040832	0.0191398773624486	0.0543438027389236	-3.83667264571249
ENSMUSG00000019158	0.117614468018735	7.31661314858941	2.39624898366563	0.0165969648867922	0.0485775685888406	-3.83713541154686
ENSMUSG00000058975	0.142861141813873	7.2611791297436	2.37303999550986	0.0176764600009164	0.0510493019557514	-3.83753638878268
ENSMUSG00000036707	0.089737883819895	7.34164307694335	2.38964131775159	0.016898242298189	0.0492611418766178	-3.83828075421305
ENSMUSG00000037946	0.133981421983352	6.87174754471756	2.34475016978185	0.0190751323484425	0.0541834742256039	-3.8407474505756
ENSMUSG00000010529	0.0984798351364216	7.24240190008809	2.34024549312321	0.0193065577953307	0.0547458208049533	-3.84097143412324
ENSMUSG00000024360	0.0992832912447321	6.93113822650085	2.32475739636196	0.0201210799425566	0.056529008284968	-3.84199671406612
ENSMUSG00000102725	0.126954729288239	6.99028483556199	2.32342130231226	0.0201927308960356	0.0567059701610678	-3.84461589746601
ENSMUSG00000086075	0.10704317416791	7.28025521715262	2.35201325897669	0.0187071025171356	0.0533580361992024	-3.8448823553667
ENSMUSG00000043487	0.115165964469278	6.8913100554873	2.33363451266313	0.0196506367569728	0.0554907138066227	-3.84737933903656
ENSMUSG00000004233	0.0710432898531401	7.40585765839474	2.45689852030216	0.0140448287807631	0.0426228322665162	-3.84751600875991
ENSMUSG00000033272	0.0880673859039094	7.26354409865151	2.35268542884414	0.0186733590442611	0.0532733965150286	-3.84791169161594
ENSMUSG00000038630	0.0825093667828352	7.47081333177467	2.50835407149658	0.0121580018164817	0.0380654956380936	-3.84842541038963
ENSMUSG00000078496	0.101843741750677	7.1047981578369	2.31845202057403	0.0204611774419296	0.057349119047258	-3.84862084796428
ENSMUSG00000074527	-0.0957791083989648	6.84458239239959	-2.32533527442828	0.0200901587889321	0.0564542517417254	-3.8490538461976
ENSMUSG00000074215	0.0717098480235654	7.48715386255562	2.48496057310978	0.0129860264285883	0.0401163421432462	-3.84920275298382
ENSMUSG00000022400	0.0914584576039141	7.12994134995636	2.32744247580298	0.0199777576006903	0.0561987113253625	-3.85048135989773
ENSMUSG00000001323	0.132114425314626	7.28483649380589	2.37241756165426	0.0177062390782875	0.0510932514906194	-3.85095203045084
ENSMUSG00000015488	-0.0974197301130371	7.06049350483459	-2.32458852539173	0.020130123746466	0.0565422827909746	-3.85149375257121
ENSMUSG00000066037	0.0753649462200414	7.51782066256794	2.52258367589998	0.0116775450362624	0.0368746791159546	-3.85169675087517
ENSMUSG00000028295	0.0616998288252146	7.57459006828197	2.60926541226289	0.00909820472017048	0.0303242607424827	-3.85297815960158
ENSMUSG00000058248	0.12875009867876	7.30209522013637	2.37944410954271	0.0173726090740484	0.0503079402781335	-3.85483027638059
ENSMUSG00000035575	-0.143044651699165	6.91685006491729	-2.32065177503037	0.0203419623860354	0.0570638464876741	-3.85639994292583
ENSMUSG00000022842	0.144028641583153	7.13994314618785	2.32018728627788	0.0203670846191713	0.0570976170951158	-3.8570341178234
ENSMUSG00000021532	0.0936549370036248	7.28362007400278	2.36303458195359	0.0181605063646605	0.052162647943426	-3.85718900379539
ENSMUSG00000048347	0.0666009065875981	7.39940930676942	2.41993489149432	0.0155554246160501	0.0461899793770306	-3.85724893008981
ENSMUSG00000055717	0.132808934836939	6.87070864764103	2.33894320668982	0.0193739177952399	0.0548874357282387	-3.85925601153964
ENSMUSG00000060780	-0.124298226184714	7.09221578315735	-2.33801697974901	0.0194219512564024	0.0549896595693816	-3.85990179674588
ENSMUSG00000050628	0.0955304111940185	6.79611105171158	2.3377483129488	0.0194359035820483	0.0550172647991732	-3.86149143459219
ENSMUSG00000049281	-0.100118190914658	7.30413086527298	-2.42860054183915	0.0151889986323326	0.0453384336740764	-3.86195324007791
ENSMUSG00000075486	0.124315302926689	7.00600403961878	2.31246671097453	0.0207886400743591	0.0580308903738825	-3.86355241351746
ENSMUSG00000066148	0.0876720695451585	6.98602464938211	2.31296272548437	0.0207613299997946	0.0579793797690511	-3.86489755493916
ENSMUSG00000005442	0.0762972170772187	7.38693553472888	2.4228070835392	0.0154331213707683	0.0459205511332043	-3.86604974551283
ENSMUSG00000039065	0.133143510871185	7.14160749768838	2.31312974015243	0.0207521413781721	0.0579660838325217	-3.86844367442151
ENSMUSG00000004100	0.113446261517505	7.2261381045645	2.33173512319433	0.0197504789925831	0.0556789989170754	-3.8695501983576
ENSMUSG00000037570	0.0643719831412044	7.33515915696889	2.40123864261479	0.01637259765484	0.0480497754981316	-3.8707646628975
ENSMUSG00000050029	0.0862040015760828	7.47188819004593	2.46960831682987	0.0135561840978413	0.0414570339193971	-3.87121964468087
ENSMUSG00000042535	0.0611500935326177	7.10527059217918	2.3141865185244	0.020694082922103	0.0578848448352116	-3.87175909115644
ENSMUSG00000031099	-0.100026728226274	7.23256542000197	-2.35619903536147	0.0184978386736978	0.052899454765411	-3.87209288587556
ENSMUSG00000078532	0.136256280977435	6.91739812182848	2.32325091530609	0.0202018842619145	0.05671950863328	-3.87298625795888
ENSMUSG00000032180	0.0682402555592549	7.44279469972771	2.47021823741042	0.0135331173967101	0.0414181305667962	-3.87423756589779
ENSMUSG00000020740	-0.122331233302265	7.13606472964443	-2.33296448952562	0.0196858063642685	0.0555325526655899	-3.87461386010226
ENSMUSG00000087042	0.0985117779367313	7.21284518780603	2.32097928793182	0.0203242648559804	0.0570264199516708	-3.87558934194502
ENSMUSG00000043162	0.0475909426052725	7.52598916790529	2.53827981620446	0.0111671810708746	0.0356500206242113	-3.87690720670415
ENSMUSG00000029147	0.140356107981756	7.33192250192685	2.39061039710798	0.0168537587022118	0.0491752638576681	-3.87790757327001
ENSMUSG00000098363	0.108699054615987	7.23563780523766	2.34214639464241	0.0192086023095325	0.0545034723529257	-3.87952964962849
ENSMUSG00000029048	0.0898662364901437	7.06212099468705	2.30383332504561	0.0212690280464107	0.0591700202260113	-3.8804725965441
ENSMUSG00000027425	-0.0830627071357855	7.42076773281135	-2.51360555245865	0.0119786848228252	0.0376259457054769	-3.88051563813579
ENSMUSG00000022234	-0.0856011147366846	6.83070889692786	-2.31278183289504	0.0207712861428633	0.0579948130054098	-3.88129709346925
ENSMUSG00000020305	-0.124025764772703	7.08387198890008	-2.31548277636394	0.0206230611566561	0.0577410429133751	-3.88311458961424
ENSMUSG00000018347	0.080324723102124	7.45241100742102	2.49684739019799	0.0125592500464229	0.0390559861301114	-3.88451002853348
ENSMUSG00000024085	0.0695953742539777	7.52502528648038	2.553055777163	0.010704946001849	0.034485519944933	-3.88618156325075
ENSMUSG00000096054	-0.125071036689103	6.99233239956915	-2.30677039936463	0.0211045258154589	0.0587998408120851	-3.88641324541236
ENSMUSG00000020309	-0.0770605405338536	7.28960425696199	-2.36995335401409	0.0178245661972489	0.0514007093952384	-3.88778267188656
ENSMUSG00000036578	-0.0732023906468262	7.42358575262808	-2.48946147588559	0.0128229424452673	0.0397062352160452	-3.88842866381515
ENSMUSG00000038059	-0.106312794570672	6.7924625255397	-2.31785834415162	0.0204934558282042	0.05742729531311	-3.8885709989428
ENSMUSG00000040249	0.0877364517023178	7.34098482033351	2.38209185920041	0.0172483281811049	0.0500227457464557	-3.890321819307
ENSMUSG00000052926	0.090474567010852	7.30324517156755	2.36480578790621	0.0180739817180243	0.0519597208283649	-3.89044749504716
ENSMUSG00000003032	0.111308000823351	6.88510571175229	2.31198516367826	0.0208151835595082	0.0580925992669114	-3.89108323567205
ENSMUSG00000028755	-0.0544218654443878	7.52491348769772	-2.59124809667067	0.0095880653880911	0.0316188796123145	-3.89154942013327
ENSMUSG00000022701	0.0442601760078478	7.29706590847742	2.34567491576539	0.0190279252564389	0.0540611105593095	-3.89258419336333
ENSMUSG00000021071	-0.117665177932888	6.95173282681056	-2.30150988782838	0.0213999514679231	0.0594584390106217	-3.89493726355711
ENSMUSG00000028756	0.0746588900432581	7.34257182107685	2.37496126347637	0.0175848176115141	0.0508212874547334	-3.89808073022547
ENSMUSG00000084519	-0.105790034562824	7.02403324252101	-2.2977744510729	0.0216119113430283	0.0599075044046002	-3.89885866948642
ENSMUSG00000022801	0.0817879361868261	6.63009594283396	2.35742453968591	0.0184369598545405	0.0527830042457127	-3.89942744454753
ENSMUSG00000084849	-0.0996966728121347	7.25993427728608	-2.36625613772732	0.0180034002673869	0.0517909286531814	-3.89969698407728
ENSMUSG00000037989	0.109036855931043	7.36106958033442	2.40719497194827	0.0161082563246707	0.0474548361391964	-3.90143105733797
ENSMUSG00000024091	-0.0721388708993711	7.26449573798319	-2.35140041154631	0.018737914444657	0.053432121578791	-3.90202188183728
ENSMUSG00000040236	-0.0938637490968794	7.05895317026454	-2.30400350104148	0.0212594662813097	0.059155989916027	-3.9045205057682
ENSMUSG00000028078	0.0989901018305828	7.26938597936801	2.32258598405698	0.0202376397059661	0.0567955367696694	-3.90507481142269
ENSMUSG00000078864	-0.0926946066122536	7.19401587262111	-2.34331098201934	0.0191488047648815	0.0543455781447709	-3.90557389061322
ENSMUSG00000041426	-0.0869774995612662	7.1082257693291	-2.29867140515773	0.0215608493985072	0.0597912815770508	-3.90566683627429
ENSMUSG00000058093	0.0730703781883548	7.47240610177005	2.46789609702304	0.0136211246466519	0.041616747695208	-3.90841708616638
ENSMUSG00000035829	0.0769034498690022	7.46490781376216	2.49577808712489	0.0125971266043655	0.0391180221784518	-3.90879278526697
ENSMUSG00000020120	0.107841337370362	7.2960416073248	2.32627770425737	0.02003982015054	0.05632488737889	-3.90938264343589
ENSMUSG00000033707	0.0647832618957809	7.45159227895122	2.47089652851418	0.0135075057226734	0.0413661438412257	-3.90972319909102
ENSMUSG00000007989	0.119627071734537	7.26541821330432	2.33356999763173	0.0196540207700358	0.0554907138066227	-3.9101339555814
ENSMUSG00000064919	-0.101061001657963	7.29528638277093	-2.357750151219	0.0184208141225688	0.0527646793791246	-3.91173121277923
ENSMUSG00000020669	-0.081480371797622	7.49324107000459	-2.54095518003282	0.011082195820592	0.0354305513267863	-3.91418091014815
ENSMUSG00000021803	0.114984174835238	6.84383508332673	2.29934577019415	0.0215225282550315	0.0597229631019229	-3.91460245206829
ENSMUSG00000025534	0.112190786074782	7.18915913309319	2.29375581074467	0.0218419799635432	0.0603918060575941	-3.91516870379144
ENSMUSG00000022742	0.119493226954596	6.99141032150531	2.29488763611715	0.0217769678784602	0.0602884464928739	-3.91544062487691
ENSMUSG00000028614	-0.129975767535957	6.86722157092617	-2.30292796386392	0.0213199610511924	0.0592991141028704	-3.91591245229218
ENSMUSG00000019297	-0.055648376784279	7.18290947005348	-2.30576912275146	0.0211604811953304	0.0589306572663829	-3.91880624664591
ENSMUSG00000070306	0.140953392371906	7.02294544789259	2.29319613425834	0.0218741901742501	0.060468094966487	-3.91956827345903
ENSMUSG00000011884	0.128368532716252	6.88324938012644	2.31029818589481	0.0209084050954856	0.0583279010249515	-3.92002161525528
ENSMUSG00000027508	0.0806349972534033	6.70954384149182	2.3284865607284	0.01992226830359	0.0560787651323586	-3.9200914355954
ENSMUSG00000031681	-0.127043721328429	7.22898168735824	-2.34810881411294	0.0189041659072836	0.0537795176136804	-3.92372798952044
ENSMUSG00000032294	-0.0972354823938373	7.25799118978085	-2.36549869334866	0.0180402312055075	0.0518854804355239	-3.92481861156632
ENSMUSG00000034442	0.120098080411898	7.12996202929615	2.2879122625124	0.0221803280117365	0.0611207860091885	-3.92492833915512
ENSMUSG00000025209	-0.113912718837089	6.73534174091307	-2.31567917197074	0.0206123192374328	0.0577233119692985	-3.9254942648922
ENSMUSG00000025421	0.0956826327263816	7.02921792282595	2.28352103561971	0.0224375768666745	0.0616609480139595	-3.92639804506812
ENSMUSG00000103532	0.142301497937445	7.15227698624677	2.29962802998372	0.0215065063132067	0.0596911555337084	-3.92693571045358
ENSMUSG00000003660	0.101754877070962	7.17380012530753	2.29416043989571	0.0218187186767441	0.0603529822345095	-3.92728060426598
ENSMUSG00000020810	-0.0908986381637114	7.22832262866533	-2.33882103958606	0.019380247343003	0.0548874357282387	-3.92764933113961
ENSMUSG00000033964	0.149630965128956	7.21988181746378	2.29444290130671	0.0218024933419561	0.0603328783880388	-3.92856159048761
ENSMUSG00000032368	0.105397589987756	6.82521239510106	2.30707805224779	0.0210873588472486	0.0587645172473773	-3.92935801775077
ENSMUSG00000025078	0.0993711038900784	7.23068561073126	2.30063271275209	0.0214495616580807	0.0595836327663044	-3.93060552480069
ENSMUSG00000015083	0.0840714128762219	7.44782838243451	2.45748496060345	0.0140219446529152	0.0425731213812537	-3.93163966785763
ENSMUSG00000022892	-0.0841167703836216	7.36609441634636	-2.40201039421706	0.016338133803935	0.0479808990042883	-3.93201081808191
ENSMUSG00000045664	0.120111639971491	7.01164543464828	2.28468361158038	0.0223692190395041	0.0615506127921791	-3.9324348776022
ENSMUSG00000024805	-0.136559243590463	7.01088143678002	-2.28530007154884	0.0223330455969018	0.0614898492018166	-3.93272332421224
ENSMUSG00000086095	-0.0712055784842978	7.23914090272467	-2.33067574007322	0.0198063581907056	0.0558004823397284	-3.93277760146494
ENSMUSG00000026872	0.118029344575017	7.01802604913475	2.28391644050704	0.0224143072602988	0.0616203714353086	-3.93308543690486
ENSMUSG00000040822	-0.0594002123905994	6.73270602429304	-2.31108833990145	0.0208646963699009	0.0582183727354524	-3.93313382409895
ENSMUSG00000003154	-0.0990205009583836	6.97616077194148	-2.2818569504473	0.0225357387882355	0.0618708403436116	-3.93390173077227
ENSMUSG00000092741	-0.122928830660914	7.22509136941916	-2.33645300923819	0.0195032939050349	0.0551722393700771	-3.93624745358003
ENSMUSG00000024952	0.0681064910946567	7.46178208709006	2.46662614909362	0.0136694682437442	0.0417449681005597	-3.93648193353482
ENSMUSG00000022560	0.0827160209987543	7.40055652563507	2.39976187438572	0.0164387233224423	0.0481790386696698	-3.93815148327619
ENSMUSG00000021224	-0.0902332141494036	6.89919224235179	-2.28080696222381	0.0225978679775422	0.062000768156967	-3.93977662059141
ENSMUSG00000021958	0.117639712307677	7.24965703758699	2.31401351026783	0.0207035781328497	0.0578848448352116	-3.93992805921733
ENSMUSG00000037563	0.0809374962519263	7.26826929745062	2.31531573312143	0.0206322014812259	0.057754283043021	-3.94023722266316
ENSMUSG00000073702	0.0788264647603336	7.17348161473361	2.29075306308194	0.0220152771260077	0.0607811067342245	-3.9403651831575
ENSMUSG00000016200	0.159777883438633	7.0906065061261	2.28182574565541	0.0225375830735322	0.0618708403436116	-3.94063039844365
ENSMUSG00000050164	-0.112336037216821	6.74980622063925	-2.29692374366073	0.0216604378108661	0.0600166035597586	-3.94238976817229
ENSMUSG00000055523	-0.0681250469210273	7.43138436844946	-2.47769525280448	0.0132531491499503	0.0407750225738368	-3.94276800839603
ENSMUSG00000020212	0.101370772659041	6.91322043242829	2.28947148755386	0.0220896040508628	0.06093491281793	-3.94338358777783
ENSMUSG00000027810	0.125237509405061	7.26122559327288	2.31007012246359	0.020921035650939	0.0583382744924586	-3.94454003655216
ENSMUSG00000024222	0.129194998169793	7.18911659344364	2.29643915458548	0.0216881223668326	0.0600805962815429	-3.94570887915328
ENSMUSG00000042428	0.12032959248406	7.0321218226642	2.27589907933287	0.0228902525535982	0.0626550672029495	-3.94735386118613
ENSMUSG00000061718	0.0987718080275277	6.61253570462415	2.33633668503711	0.0195093558442776	0.0551774652653452	-3.94994645112226
ENSMUSG00000022142	-0.128902923566629	7.21126192822811	-2.31731348547594	0.0205231190604095	0.0574858097430213	-3.95020724222881
ENSMUSG00000033769	0.124307714152301	6.97039996493095	2.28006004328994	0.0226421547461782	0.0620928131413835	-3.95052218482458
ENSMUSG00000053334	-0.0671188618228404	6.95945218768294	-2.27395116536046	0.0230072065871302	0.0628175909569779	-3.950527229328
ENSMUSG00000005483	-0.0795642874123024	6.48051324010087	-2.3332054896002	0.019673149910058	0.0555088100479481	-3.95124475994413
ENSMUSG00000030879	0.0633853964446942	7.29905230194072	2.3310047840415	0.0197889873694499	0.0557635434009554	-3.95130491463444
ENSMUSG00000085465	0.108341462053722	7.24637999601919	2.29489014020664	0.021776824230437	0.0602884464928739	-3.95141904468231
ENSMUSG00000040717	0.0784115485286669	7.3993905720217	2.38248255702244	0.017230055685022	0.0500204228106855	-3.95266716121462
ENSMUSG00000094483	0.0831838162011858	7.44492974956237	2.4239781075672	0.0153835004523239	0.0458041364388956	-3.95475492703056
ENSMUSG00000031840	-0.0707869105275636	7.46827579099782	-2.52817908039219	0.0114932826152775	0.0364157928362085	-3.95495687843037
ENSMUSG00000037410	0.111305693175266	7.12118164941514	2.27338156112098	0.0230415039506465	0.0628850051536094	-3.95503721288328
ENSMUSG00000022450	-0.0769510968097453	7.35071059932664	-2.40381827534885	0.0162576493737056	0.0477981463284425	-3.95567531919781
ENSMUSG00000036098	0.140045970461538	6.907478452895	2.28960278187089	0.022081979412037	0.0609267174841704	-3.95711954532204
ENSMUSG00000050666	0.104054633747893	7.23693980577017	2.28967476688645	0.022077800007003	0.0609267174841704	-3.957225073698
ENSMUSG00000028173	0.102586804820431	7.15872159212467	2.27830148175646	0.0227467224785102	0.0623273525928538	-3.95839496145966
ENSMUSG00000020184	0.103064096440089	6.96976118724255	2.27543925796654	0.0229178138497014	0.062673969899264	-3.96026178022012
ENSMUSG00000007827	-0.103671690946883	6.82292601808427	-2.27933243625423	0.0226853689891089	0.0621852702691402	-3.96463967916411
ENSMUSG00000023791	0.118721897035213	7.23873845942843	2.29906416682804	0.0215385232937252	0.059744640581362	-3.96568122556074
ENSMUSG00000066196	-0.0828278473450412	7.04973027776297	-2.26703883469158	0.0234264271540065	0.0637627410187637	-3.96695543170946
ENSMUSG00000037710	0.085988633011306	7.2102482900062	2.30261538055497	0.0213375707441324	0.0593354877192398	-3.9671096463889
ENSMUSG00000068151	-0.0871163307179064	7.1262650554334	-2.27522232715658	0.022930826502953	0.0626806176731685	-3.97073557636042
ENSMUSG00000052139	-0.0720050767767919	7.47819393656983	-2.49658653611603	0.0125684806345325	0.0390713107231966	-3.9707397096563
ENSMUSG00000037815	0.123591416921614	6.65539018755606	2.32723099671615	0.0199890133613238	0.0562182949358649	-3.97080111450414
ENSMUSG00000042369	0.105327406560356	7.24052123011031	2.29998633986105	0.0214861824953705	0.0596696470425817	-3.97091347096243
ENSMUSG00000032252	0.108758406050678	7.19632107657535	2.28679934166204	0.0222452817264688	0.0612610913678859	-3.971001107043
ENSMUSG00000054206	0.0978343690412125	7.16728670390552	2.28389463592188	0.0224155899147861	0.0616203714353086	-3.97131514049055
ENSMUSG00000032875	0.103203695476783	7.14925588334883	2.27448595437626	0.0229750459174243	0.0627690528278211	-3.97257579298913
ENSMUSG00000027552	0.0841611879203334	7.17088535868836	2.26641196077882	0.0234647719033761	0.063840563956567	-3.97443843943896
ENSMUSG00000022255	0.0825517068284061	7.47131560943868	2.42164519081547	0.0154824945736351	0.0460165984877178	-3.97652252603224
ENSMUSG00000088929	-0.101745182668347	7.37892372214111	-2.39981725631116	0.0164362392414128	0.0481790386696698	-3.97702715437866
ENSMUSG00000091744	0.108835348172539	6.96809955725737	2.26303086794242	0.0236725281305784	0.0642989083579944	-3.97724178885188
ENSMUSG00000018363	0.121673624352169	6.87062833950467	2.28078584602436	0.0225991189768596	0.062000768156967	-3.97734761954142
ENSMUSG00000004894	0.126993569940094	6.8431315571442	2.28690477650154	0.0222391211162126	0.0612570110779414	-3.98006467780003
ENSMUSG00000027165	0.135970411579799	7.31771947841756	2.31501126703246	0.0206488704413212	0.0577885873915727	-3.98169428714064
ENSMUSG00000033355	0.0548334841525167	6.79477134334587	2.27956963781149	0.0226712731775007	0.0621596457465632	-3.98231594741855
ENSMUSG00000027284	0.146272754814357	7.21087451952461	2.27384704299894	0.0230134727525187	0.0628215982643817	-3.98324021299688
ENSMUSG00000018819	0.0943032215041342	7.42452987092539	2.38848846157494	0.0169512960167129	0.0493709633308472	-3.98425508642361
ENSMUSG00000096210	0.0763623569948013	7.45148009932993	2.41346884935569	0.0158338872383858	0.0468045273707263	-3.9845390350052
ENSMUSG00000047604	-0.0978310442556483	7.29781034071645	-2.36267539212829	0.018178097220308	0.0521902738614633	-3.98457303932892
ENSMUSG00000059851	-0.101040840734804	7.24085667359202	-2.29099798599196	0.0220010972448286	0.0607547701179701	-3.98782095989004
ENSMUSG00000085881	0.0512817043337819	7.50803883475195	2.47263655962571	0.0134419994919962	0.0412233912741191	-3.98991369992447
ENSMUSG00000078671	0.105160262803149	6.81762300718284	2.27565072166933	0.0229051353186018	0.0626565047202539	-3.99075754860683
ENSMUSG00000047098	0.0689464895244649	7.49253404834326	2.4734191685911	0.0134126286019699	0.0411622441765097	-3.99161671157623
ENSMUSG00000027189	0.109744788603518	7.18018205817961	2.27247317113068	0.023096292392208	0.0629876274292079	-3.99433611641191
ENSMUSG00000021140	0.124624001724489	7.14081501549499	2.26359779237128	0.0236375816232023	0.0642305505423172	-3.99433778986421
ENSMUSG00000002732	-0.106245014937072	7.19013397318892	-2.2741163432714	0.0229972690917841	0.0628035558927069	-3.99439203141574
ENSMUSG00000030654	-0.0965051495672222	7.31233546293456	-2.37662272778777	0.0175059037431917	0.0506130282771172	-3.99551362408921
ENSMUSG00000005054	0.101415881371086	6.99442901136743	2.25237528010162	0.0243377538299353	0.0657782562224427	-3.99612717771252
ENSMUSG00000014791	0.0669901072938872	7.43917149805173	2.40183932563314	0.0163457676511891	0.0479925521617779	-3.99638075408114
ENSMUSG00000001300	-0.101803151751235	7.33176756482614	-2.37229815238685	0.0177119569960427	0.0510984885394867	-3.99731159579263
ENSMUSG00000028060	-0.0922281588981386	7.01453645758504	-2.2529618005081	0.0243007204292572	0.0656917265867923	-3.99749313628101
ENSMUSG00000034880	-0.12462178418494	6.99186400243193	-2.25466777040524	0.0241932816247315	0.0654709161010842	-3.99881170667341
ENSMUSG00000065765	-0.0844851141141225	7.29641587429247	-2.32287581092476	0.0202220480193425	0.05676394782788	-4.0001451610849
ENSMUSG00000086877	-0.0841077610159591	7.08725015624533	-2.25688662157178	0.0240541589668117	0.065186721008797	-4.00093698105592
ENSMUSG00000039542	0.124053942781194	6.9369643381635	2.26089706953045	0.0238044625934119	0.0646120899659049	-4.00221459435294
ENSMUSG00000044716	0.0802900084475837	7.38024272186046	2.37655970755207	0.0175088913127913	0.0506130282771172	-4.00302022588843
ENSMUSG00000022724	-0.110702665395547	7.29371241152638	-2.3387938925499	0.0193816540919376	0.0548874357282387	-4.00317297710961
ENSMUSG00000100281	-0.0773830599609822	7.40976997382896	-2.4084718508306	0.0160520794782262	0.0473319424614723	-4.00350430207986
ENSMUSG00000028991	0.099831052554733	7.22455112351882	2.27573521494789	0.022900071138618	0.0626565047202539	-4.00392090134582
ENSMUSG00000025268	0.0668734514323051	7.378504779849	2.36336657578469	0.0181442606589301	0.052127421669237	-4.00417947288972
ENSMUSG00000024404	0.092641138991068	7.42309948653809	2.36795861913657	0.0179208570182867	0.0516215313714871	-4.00531336996878
ENSMUSG00000025583	0.102092683608385	7.17266084594338	2.26106849047065	0.0237938399805724	0.0646016078443911	-4.00581792442478
ENSMUSG00000100213	-0.0514075531374312	7.48403578056374	-2.47793008066903	0.0132444398611944	0.0407607443965109	-4.00701976903709
ENSMUSG00000018861	0.133791823297564	7.25411508935235	2.27466959490828	0.0229640113178143	0.0627520008709717	-4.00768244172085
ENSMUSG00000040112	-0.0932239996211655	7.17266165863936	-2.26502471706459	0.023549820861605	0.0640320362866318	-4.00816561483211
ENSMUSG00000007721	-0.0943953743816692	7.22335535115615	-2.29904755581327	0.0215394671206866	0.059744640581362	-4.00819635105636
ENSMUSG00000017221	0.101411487588399	7.23974890194429	2.28387987587687	0.0224164582105021	0.0616203714353086	-4.00822260650357
ENSMUSG00000025207	-0.0747058595093746	7.22729079481216	-2.28227152425257	0.0225112488347283	0.0618244744586245	-4.00986894450896
ENSMUSG00000032186	0.141781191486331	7.1720306214761	2.2580354923208	0.0239823974552547	0.0650461047201563	-4.01015383658947
ENSMUSG00000003119	0.115273008409159	7.24822209143359	2.26727101464097	0.0234122389366591	0.0637373741232566	-4.0119715996884
ENSMUSG00000022090	0.125565644422835	7.06163091229682	2.24633829553777	0.0247217866764823	0.066609926151164	-4.0126152754006
ENSMUSG00000038296	-0.115229084526308	6.84098656585585	-2.25021739352084	0.0244744261149039	0.0660607256308374	-4.0146208937509
ENSMUSG00000032867	0.0998556088093121	6.96356471717143	2.24641118580417	0.0247171187478029	0.066609926151164	-4.01503426114073
ENSMUSG00000018821	0.0685281066470189	7.28441753403731	2.30476241023339	0.0212168706430747	0.0590625707971791	-4.01616364718292
ENSMUSG00000024897	0.0803249538005026	7.45619836434812	2.43484482261819	0.0149296939593696	0.0447378240595255	-4.01689583047119
ENSMUSG00000036751	-0.12480790928029	7.19102340751743	-2.29527219118625	0.0217549173951492	0.0602528831261464	-4.01942894706472
ENSMUSG00000030451	0.107171347845473	7.26226409515429	2.2888525289959	0.0221255796165281	0.0610068266369453	-4.01956178386633
ENSMUSG00000031654	-0.0654780484565158	7.47997387129894	-2.49528978664944	0.0126144566675555	0.0391625484210664	-4.01962709351498
ENSMUSG00000048787	-0.11414320723151	6.94071272299449	-2.24363409907528	0.0248955054216067	0.0670228165699517	-4.01977622409837
ENSMUSG00000053178	0.0888180096696578	6.95595851852672	2.24790752983716	0.0246214607560764	0.066407944832829	-4.02024190150323
ENSMUSG00000038914	0.104374273409477	7.20615318611498	2.25510637321214	0.0241657258920741	0.0654348879791178	-4.02120779603416
ENSMUSG00000033961	0.0520590259129463	7.4213329364344	2.37289882993196	0.0176832099273856	0.0510493019557514	-4.0245044334898
ENSMUSG00000029385	0.0990047541638015	6.75082503099536	2.27538455862366	0.0229210943994559	0.062673969899264	-4.02453830328551
ENSMUSG00000030560	0.12659216584309	6.90123846082099	2.25156249983695	0.0243891543498168	0.0658899729153532	-4.02471335067361
ENSMUSG00000021948	0.0976052997614758	6.5279264667985	2.31770889386769	0.020501588485667	0.0574377908098335	-4.02500385313527
ENSMUSG00000035615	0.137722693165617	6.87495516567124	2.25617037919543	0.0240989915509595	0.0652947014456046	-4.02686191867791
ENSMUSG00000029763	0.102331145921515	7.16602050219496	2.2493894942437	0.0245270383961126	0.0661669043234919	-4.02706507825923
ENSMUSG00000021466	0.0844935821594994	6.86568277373506	2.25569130384736	0.0241290192984638	0.0653625327240818	-4.02747703638877
ENSMUSG00000030753	0.146697433123571	7.29479634328344	2.27647520569791	0.0228557606900594	0.0625737388026468	-4.02782525154745
ENSMUSG00000040631	-0.0647721455860895	7.20099038916656	-2.27897317688825	0.0227067326485266	0.0622308025611283	-4.0296320550184
ENSMUSG00000036834	0.0634305682414196	7.50984350227945	2.48065542094268	0.0131437321395173	0.040507942836761	-4.03300869231264
ENSMUSG00000031865	-0.103317834757893	7.18222400544654	-2.27566213558296	0.0229044511586689	0.0626565047202539	-4.03304519672894
ENSMUSG00000028898	-0.042685444754798	7.50786105258307	-2.49472036455654	0.0126346924450276	0.0392067773146009	-4.0343324589826
ENSMUSG00000021756	0.117269251227185	6.8312096243497	2.26382229051472	0.0236237554295701	0.0642063952841876	-4.03484761719417
ENSMUSG00000079434	0.051789503336626	7.55284252951127	2.51573023032038	0.0119068045705682	0.0374360916037174	-4.03514036421788
ENSMUSG00000054051	-0.116235345193126	6.98327856755868	-2.23699260310145	0.0253266519729429	0.0680017488986399	-4.03533540888533
ENSMUSG00000051469	0.130480578921906	7.01878597345506	2.23707591828506	0.0253212036140006	0.0680010661978454	-4.03604041689746
ENSMUSG00000024357	0.0321528338440764	7.55769407125126	2.51005331783916	0.0120997206883072	0.0379424055691781	-4.03652257972155
ENSMUSG00000072066	0.0954294392696502	7.15093533406426	2.23782585012447	0.0252722078107664	0.0678834108860388	-4.03759983992657
ENSMUSG00000070271	0.0658255461560646	7.36685291785454	2.35036784295367	0.0187899289997611	0.0535476165574384	-4.03820892154416
ENSMUSG00000031543	0.110804726740214	7.18944503517331	2.24643343734481	0.024715693900306	0.066609926151164	-4.03829816240113
ENSMUSG00000099033	0.146110139800089	6.95278077800234	2.23975989290493	0.0251462282971898	0.0676004970979074	-4.03856238013442
ENSMUSG00000028042	0.0742834673165804	7.13553739264403	2.23440650891128	0.0254962738082251	0.0682891196189205	-4.03887206221127
ENSMUSG00000052997	-0.1247364461125	6.86831919225784	-2.24055311531462	0.0250947169025483	0.067503602565885	-4.039049539835
ENSMUSG00000074754	0.114051982201886	7.04579814929068	2.23398158810163	0.0255242381868964	0.0683360585568196	-4.03983620570784
ENSMUSG00000041073	0.087866864391696	7.33330061376559	2.29145148908687	0.0219748625358281	0.0607079342306523	-4.04039546694185
ENSMUSG00000006494	-0.0596534156724937	7.47776388359574	-2.47196575207878	0.0134672197703915	0.0412813957466555	-4.04064736959412
ENSMUSG00000058441	-0.102499389191786	7.27071830258517	-2.32671511364933	0.0200164939467571	0.056271406216651	-4.04107474863161
ENSMUSG00000035969	0.0729151154847392	7.0680656211405	2.23231934841013	0.0256338866689633	0.068573527639981	-4.04126384252575
ENSMUSG00000035142	0.097329330099404	7.40513773530121	2.39380046671887	0.0167080505788878	0.0488371953960258	-4.04149210419986
ENSMUSG00000034190	0.0696011507175331	7.38807483691501	2.35426387001258	0.0185943293412688	0.0531057940087022	-4.04239254005188
ENSMUSG00000010517	0.121274263686172	7.13621219373579	2.23335533996012	0.0255655004633177	0.0684325356912197	-4.04330174639286
ENSMUSG00000073412	0.0589355677676036	7.52225016423966	2.45823772355986	0.0139926185192151	0.0425034745740584	-4.04415945951506
ENSMUSG00000019944	0.091678525237807	7.40914236728366	2.34924796461023	0.0188464844526516	0.0536737381888438	-4.04444913964662
ENSMUSG00000037643	-0.103466174238263	7.30191578180109	-2.32803553753152	0.0199462220048029	0.0561341226326053	-4.04551258733499
ENSMUSG00000078349	0.114999532015971	7.34013719022789	2.30218232066428	0.021361988542256	0.0593907738363167	-4.04556821291736
ENSMUSG00000026991	0.109953681169258	6.78730255871165	2.26648413098276	0.0234603546082018	0.063840563956567	-4.04692831261751
ENSMUSG00000032119	0.121402918485285	7.42509959775314	2.38778814394054	0.0169835955368509	0.0494439032173564	-4.04758240013161
ENSMUSG00000006763	-0.112413517663881	7.30781456879999	-2.30176026366145	0.0213858093672068	0.0594443771200577	-4.04819102471082
ENSMUSG00000048794	0.100414676786134	6.92561544840186	2.24002634762625	0.0251289146822782	0.0675678272787813	-4.04860922253792
ENSMUSG00000104154	0.0495292421373117	7.47742711238826	2.41535970814053	0.0157520064802711	0.0466361982903005	-4.04985241739115
ENSMUSG00000023977	0.0765036979362188	7.01347627171318	2.2280549983564	0.0259170473106906	0.0692037494170022	-4.04987271211471
ENSMUSG00000095147	0.0898768216544719	7.16861360313948	2.23681355292108	0.0253383643129754	0.0680192465830375	-4.05120469252449
ENSMUSG00000043388	-0.0938434234565966	7.04883801985805	-2.23477792604878	0.025471852270167	0.0682569541447102	-4.05264261674923
ENSMUSG00000073207	-0.112192600850565	7.25654669298667	-2.29976306914185	0.0214988447456055	0.0596825435558666	-4.05296174239058
ENSMUSG00000032051	0.0910171029630975	7.25717686366796	2.26521481350367	0.0235381506550151	0.0640135995794468	-4.05335299846892
ENSMUSG00000034295	0.071382152345036	7.51942746622951	2.49771645983424	0.0125285404368762	0.0389697437395067	-4.05426556748944
ENSMUSG00000071655	0.0623540368658011	7.36813760801546	2.30724043436044	0.021078302866143	0.0587517864857449	-4.05606397844936
ENSMUSG00000084845	0.0996345171676101	7.1127448943471	2.22964366005069	0.0258112426503482	0.068949354984362	-4.05701595997308
ENSMUSG00000019889	-0.0858465807799389	7.35860467471015	-2.35486736251909	0.0185641910074428	0.0530438181086413	-4.06130379637015
ENSMUSG00000030138	-0.137843261223959	7.23741167654432	-2.28320895991892	0.0224559573742639	0.0616980768055723	-4.06385272429818
ENSMUSG00000066595	0.0745423170546191	7.37785248330802	2.3063092035616	0.0211302832606417	0.0588590783932598	-4.06420319177151
ENSMUSG00000002205	0.129676695023284	7.10762078536255	2.22330900603025	0.0262353668921243	0.0699432870699339	-4.06433471537877
ENSMUSG00000053398	0.131341444625318	6.92907138016432	2.23466219155021	0.0254794599095664	0.0682580497515947	-4.06438544942681
ENSMUSG00000034570	-0.122616240944097	7.15704577734286	-2.25465580222648	0.0241940339212531	0.0654709161010842	-4.06507244355096
ENSMUSG00000038323	0.0656704237419845	7.50338936284434	2.43049285857668	0.0151100010947088	0.0451438006234431	-4.06582728656801
ENSMUSG00000029053	-0.135258488355253	6.80058177595628	-2.23154171114061	0.0256853227486271	0.068697087931568	-4.06615937773272
ENSMUSG00000028266	-0.051865586218744	7.51021867539716	-2.50404183691039	0.0123070222555536	0.0384359578649111	-4.06965989474648
ENSMUSG00000035011	-0.0873403103909061	6.78830862341911	-2.23474772501868	0.0254738373014859	0.0682569541447102	-4.07009597771573
ENSMUSG00000077549	0.0678587657136864	7.43652111174903	2.38374257949748	0.0171712415184669	0.0499014193029454	-4.07042639933646
ENSMUSG00000029221	0.123319814276774	7.02332860038117	2.2188360911354	0.0265384588966722	0.0705464982487781	-4.07074701879761
ENSMUSG00000022702	0.0663473885269008	7.43366702708302	2.38676360323008	0.0170309459556711	0.0495266869061852	-4.07202412446866
ENSMUSG00000002731	-0.0522887225091822	7.41474257417275	-2.36909977756246	0.0178657148155874	0.051485348528653	-4.07877358016332
ENSMUSG00000073557	0.111477224400049	7.22443566124524	2.24939962065525	0.0245263942797441	0.0661669043234919	-4.07905823151545
ENSMUSG00000014776	0.0961592667867075	7.27546328424133	2.25793574394791	0.0239886206324915	0.0650495073157784	-4.0801239997051
ENSMUSG00000091712	0.107468197890674	6.97861601095615	2.22110633714842	0.0263842472989359	0.0702078385442416	-4.08047628571745
ENSMUSG00000015312	-0.0586876345559464	6.68677400822725	-2.24660768900955	0.024704538389811	0.0666045750822498	-4.08051365781098
ENSMUSG00000042766	-0.158434491391056	7.09446682302934	-2.24425709122936	0.0248553906698655	0.0669285838440722	-4.08429696475555
ENSMUSG00000029919	0.0777157701952058	7.33243635272613	2.26351868699703	0.0236424551683033	0.0642305505423172	-4.08501364956185
ENSMUSG00000044014	-0.11680463591899	7.27249281811061	-2.29466339800776	0.0217898347254882	0.0603113142127043	-4.0855562415266
ENSMUSG00000041624	0.112890269877038	7.20488746321161	2.23644834263221	0.0253622686157332	0.0680276215359925	-4.08646263366276
ENSMUSG00000077440	0.0596100899064442	7.45621997431377	2.38262946271909	0.0172231894664044	0.0500190764184042	-4.08686157393962
ENSMUSG00000032609	-0.110720867953108	7.16644114081705	-2.25054981213586	0.0244533287406415	0.0660224747107606	-4.08724711533619
ENSMUSG00000056383	0.166440251624621	7.07879091468851	2.21131997049953	0.0270545787395898	0.0716565941449949	-4.08997300082285
ENSMUSG00000040481	0.111787896355526	7.20458562606049	2.22642830324722	0.0260257734730323	0.0694798993289028	-4.09036550387853
ENSMUSG00000024030	0.0727238929802301	7.15856330022179	2.21483894050067	0.0268118676290461	0.0711000548915275	-4.09098258365823
ENSMUSG00000051185	0.0953659759379049	7.39288452560055	2.31385113552912	0.0207124932003253	0.0578923913276385	-4.09182886047254
ENSMUSG00000097756	-0.0857780267014849	7.13202985704681	-2.21571890274451	0.0267514694576038	0.0710039329658253	-4.09291850743916
ENSMUSG00000047388	0.127456133697017	7.23196583827917	2.25489201263323	0.024179189943025	0.0654578070169733	-4.09329571306937
ENSMUSG00000024206	0.104243959376444	6.86464481991171	2.23486432174794	0.0254661744557915	0.0682569541447102	-4.09375325658321
ENSMUSG00000049124	0.102615571331524	6.93779856745651	2.20907255998164	0.0272105782879365	0.0720551963886862	-4.09403493784125
ENSMUSG00000027615	-0.0570897976612841	7.53343978329779	-2.47209665062736	0.0134622951099052	0.0412759643041871	-4.09518042452327
ENSMUSG00000043164	0.156539609548926	6.88943726550598	2.23116306115261	0.0257104005024199	0.0687360758377949	-4.09546061793061
ENSMUSG00000047989	0.0858842483464342	7.40457838084803	2.31454373186503	0.0206744899998685	0.0578479211537247	-4.09650177759273
ENSMUSG00000028207	0.0795382539108003	7.42814861198694	2.36517449451385	0.0180560156246892	0.051919472119137	-4.09657030997395
ENSMUSG00000060371	0.108907183508758	7.30962048427651	2.27109563150655	0.0231795929474001	0.0631828504824823	-4.09726896408616
ENSMUSG00000094807	0.164541165973839	7.31084879634089	2.28450010725208	0.0223799967828191	0.0615673288255238	-4.09780009682905
ENSMUSG00000078607	0.094934543280667	7.19095318398268	2.21536270265412	0.0267759038724964	0.0710334617018688	-4.09782564122224
ENSMUSG00000053024	0.124423781305665	6.92512610756445	2.22091808907213	0.0263970049620364	0.070227512489937	-4.09804317017635
ENSMUSG00000048106	0.121321698416635	7.21613571057712	2.23124992972876	0.0257046453788747	0.0687347257557654	-4.09810491839118
ENSMUSG00000042662	0.126394758675362	7.13019383332091	2.20820149570865	0.0272712499546661	0.0721720647678367	-4.09822709918975
ENSMUSG00000092384	0.0818906036349691	7.30483052142458	2.27518442008495	0.0229331010276869	0.0626806176731685	-4.0986310972908
ENSMUSG00000003228	0.0888671026729071	6.6953486793508	2.25016759748516	0.0244775878425903	0.0660607256308374	-4.09947696018389
ENSMUSG00000039844	0.107939510151621	7.20112937687437	2.2217074633826	0.0263435443551293	0.0701280363353705	-4.10116814368573
ENSMUSG00000039753	0.0914649887747832	7.16547380776917	2.20852723227244	0.0272485479855673	0.0721411507031441	-4.10135694471307
ENSMUSG00000038526	0.0947776094488804	7.04946634633371	2.20466412454898	0.0275188375724113	0.0726657163166616	-4.10227782929261
ENSMUSG00000057363	-0.110999914717804	7.12328986496831	-2.23288971309166	0.0255962171172118	0.0684867513792228	-4.10260687528698
ENSMUSG00000038233	0.120429261917551	7.09524279526973	2.20510234339714	0.0274880608910047	0.0725990908180419	-4.10278616074759
ENSMUSG00000032181	0.12264708985043	6.94870807363408	2.21202929532902	0.0270055029550301	0.0715845403294704	-4.1052629932801
ENSMUSG00000055991	0.0945473930228475	7.22813428419041	2.220130203735	0.0264504582016118	0.070355424375356	-4.10536126760932
ENSMUSG00000042523	-0.0893122547491716	7.10797829783201	-2.2187529895997	0.0265441185020112	0.0705472187227631	-4.1063112357972
ENSMUSG00000030004	-0.0780853735392188	7.20311207799778	-2.23647018206082	0.0253608385994625	0.0680276215359925	-4.10700696025413
ENSMUSG00000033730	-0.0751969105329842	6.70273794328493	-2.23103305173999	0.0257190158289818	0.0687450704844895	-4.10799121295006
ENSMUSG00000088990	0.115510674266809	7.39422631643353	2.32780263354131	0.0199586013063127	0.0561568898135065	-4.10886444810461
ENSMUSG00000040648	0.0717488111852207	7.35163797920006	2.27327918631591	0.0230476729124644	0.0628887315068744	-4.10912612142944
ENSMUSG00000096952	0.147935791450227	7.16382456797427	2.22205397393901	0.0263201063980319	0.0700798928133077	-4.11368869218753
ENSMUSG00000021192	0.0757938901205684	7.36343580808787	2.27705122500576	0.0228213203967586	0.0624925175976497	-4.1153020372358
ENSMUSG00000071866	-0.0854159739971294	7.26723860963493	-2.2813290511424	0.022566956698907	0.0619384899585096	-4.11717505369069
ENSMUSG00000007216	0.0764413672907471	7.4897527252263	2.40170334262211	0.0163518380589402	0.0479996107326557	-4.11791821706117
ENSMUSG00000071661	0.101187204974307	7.03806292231857	2.19630043418566	0.0281119548798103	0.0739026902604249	-4.11813642417803
ENSMUSG00000028405	0.0774369389842482	7.34103184027564	2.26493483078802	0.0235553408168595	0.0640337462571272	-4.11935254706632
ENSMUSG00000056493	0.0827909577109951	7.36997693552469	2.31411067003977	0.0206982452462683	0.0578848448352116	-4.11946545720886
ENSMUSG00000070319	-0.0676864440857239	7.32271194584182	-2.29168467433991	0.021961383598517	0.0606835023368055	-4.12076716079082
ENSMUSG00000036777	0.128097522918391	6.78888196868635	2.23536434557438	0.025433335042455	0.0682042651322862	-4.12086758255604
ENSMUSG00000003153	-0.0922180598732929	7.11813145622867	-2.22135347086505	0.0263675070178696	0.0701775567956799	-4.12168691708809
ENSMUSG00000019907	-0.101844518033305	7.16785424184248	-2.22243120142298	0.0262946112434955	0.0700394722115817	-4.12219025936527
ENSMUSG00000064177	0.105931763509712	7.14503426102531	2.20525407144946	0.0274774117561041	0.0725856082951806	-4.12221024190084
ENSMUSG00000027188	0.0791047523400756	7.43826276631547	2.35389680140119	0.0186126816354897	0.0531321160425919	-4.122308430543
ENSMUSG00000063895	-0.0960012086282376	7.0224864025205	-2.19886220205244	0.0279291252449201	0.0735266655351887	-4.1232394012681
ENSMUSG00000038705	0.12732580625244	7.0867802409121	2.19574360317147	0.0281518313247682	0.0739493931990099	-4.12339920722549
ENSMUSG00000037887	0.114299780142503	7.32732324109101	2.29405660840098	0.0218246856753711	0.0603567352898097	-4.12362098191542
ENSMUSG00000021127	0.12796940908112	6.81391494513164	2.22601976866848	0.0260531412756204	0.0695387819735826	-4.12423115118114
ENSMUSG00000051396	-0.0913836955775622	7.11833693489484	-2.20261883118423	0.0276628747237905	0.072972467435798	-4.12478568999079
ENSMUSG00000028420	0.157626221257013	7.02555534492556	2.19532685867698	0.0281817076215524	0.0740102906101613	-4.12669757662914
ENSMUSG00000038888	0.0829490623918163	7.15123703886096	2.20540113537579	0.0274670933736418	0.0725729942376829	-4.12727044531682
ENSMUSG00000064811	-0.130396556780798	7.10554642409601	-2.20688400109834	0.0273632383989876	0.0723578288627711	-4.12779121455355
ENSMUSG00000022427	0.0868997057957905	7.20936608538385	2.21666147128139	0.0266869045659083	0.0708979209774497	-4.12811137733144
ENSMUSG00000005469	-0.0711687333856537	7.30477822948532	-2.30463978328971	0.0212237483396914	0.0590691567311308	-4.13004610755037
ENSMUSG00000020547	-0.100203263912777	7.22562759887785	-2.23957110930779	0.025158501271852	0.0676196055534976	-4.13192062298658
ENSMUSG00000033629	-0.0919477368226636	6.83662060063861	-2.19779448407157	0.0280052017257641	0.0736824961804066	-4.13223176715079
ENSMUSG00000028307	0.0803619693244055	7.47667685879909	2.38851404683132	0.0169501170145682	0.0493709633308472	-4.13287296231553
ENSMUSG00000040441	0.0963028390064071	7.15708826731602	2.19526254651366	0.0281863205760972	0.0740102906101613	-4.13327880516103
ENSMUSG00000041935	0.0685175655806844	7.46709101607901	2.36371120282255	0.0181274102298772	0.0520904422145637	-4.1336588305976
ENSMUSG00000032116	0.136725931543701	7.12167387962497	2.19182027747859	0.0284341777277508	0.0745713651465773	-4.13388524803351
ENSMUSG00000041907	0.0409459276242528	7.5991489599132	2.51852295257291	0.0118129056319663	0.0371992946525255	-4.13431697896473
ENSMUSG00000040957	0.0826178650813176	6.75963221757392	2.21485327473769	0.0268108828238161	0.0711000548915275	-4.13520554621426
ENSMUSG00000032388	-0.0652631782730007	7.3414913350493	-2.30865639828584	0.0209994786958615	0.0585445432466394	-4.13550076425464
ENSMUSG00000094650	-0.0792962746380983	7.39973430029116	-2.32704557037142	0.019998887046501	0.0562339839374551	-4.13743679639172
ENSMUSG00000024413	0.0965249867177729	6.92354121583979	2.20084296619495	0.0277884647638118	0.0732320638645948	-4.13853106426646
ENSMUSG00000050697	0.134740159159519	7.30215753135346	2.22964591718093	0.0258110925919716	0.068949354984362	-4.13854416549066
ENSMUSG00000093739	-0.0779075316436879	7.2757290470434	-2.26288367804339	0.0236816085784473	0.0643102301408488	-4.13883175707852
ENSMUSG00000011427	0.162083189073579	7.01236264733423	2.19031120895119	0.0285434274690418	0.0748129234083473	-4.14099167757447
ENSMUSG00000014846	0.0961565810272198	6.92602977098761	2.19633694613259	0.028109341844837	0.0739026902604249	-4.14219511892668
ENSMUSG00000026482	-0.0888854415592055	7.13712678066542	-2.20754603771928	0.0273169810960676	0.072278479488625	-4.14240494511874
ENSMUSG00000060475	0.0891920619335735	7.40500608449006	2.29436717229341	0.0218068423871219	0.0603328783880388	-4.14377247648632
ENSMUSG00000056204	0.0835910343061546	6.9990188085885	2.18570989864392	0.0288787768165938	0.0753708307779441	-4.1438778803416
ENSMUSG00000031778	-0.128504845275291	6.95815200291339	-2.18828279665778	0.0286908449731922	0.0751241084778064	-4.14426985089668
ENSMUSG00000045140	0.0795792164625873	7.53060160553441	2.46324765757983	0.0137988174463148	0.0420223582245066	-4.14496234873268
ENSMUSG00000085873	0.0651200085295356	7.5109983779979	2.42742964078281	0.0152380616031336	0.0454537941463262	-4.14701627146731
ENSMUSG00000051169	-0.0837898961095069	7.43745746201194	-2.38276521469521	0.0172168466953971	0.0500117499303613	-4.14824423431502
ENSMUSG00000035189	0.0903054416990958	7.11071613299162	2.18157211835509	0.0291832353985296	0.076048351480404	-4.14858562125623
ENSMUSG00000060733	0.123379496732002	6.70909885152535	2.22328854803696	0.0262367463183964	0.0699432870699339	-4.15041490189085
ENSMUSG00000045409	-0.0799573642520528	7.35975421648745	-2.28778512140635	0.0221877400269067	0.0611283443670585	-4.15050172824376
ENSMUSG00000029173	0.073628253904535	7.42701956486804	2.32039307821494	0.0203559508651073	0.0570786268421471	-4.1545775642662
ENSMUSG00000026676	0.084284725610777	7.10434205527763	2.18568204967361	0.0288808167705897	0.0753708307779441	-4.15507169968226
ENSMUSG00000010914	-0.114263736108012	6.95302257684734	-2.1806226970738	0.0292534824028075	0.0762010727452359	-4.1557185760183
ENSMUSG00000029208	0.0620805598304166	7.48753798182924	2.37796350525552	0.0174424480039986	0.0504878464002541	-4.1567318214415
ENSMUSG00000090093	-0.0905818132306102	6.98114083424219	-2.17908966391288	0.0293672176555605	0.076466908024383	-4.1571875654021
ENSMUSG00000018858	-0.0535951346980976	7.41960785987338	-2.36773985861136	0.0179314448192944	0.051640667746195	-4.1577162867823
ENSMUSG00000032040	-0.0680325902531447	7.15959701558993	-2.19108512950606	0.0284873540260951	0.0746809048677687	-4.15777582882625
ENSMUSG00000079037	-0.0727169998202557	7.44973433432976	-2.41272286223647	0.0158662939297295	0.0468897336632095	-4.16022248877139
ENSMUSG00000073676	-0.0837773448328178	6.79988985028704	-2.18576370530837	0.0288748357971919	0.0753708307779441	-4.16057704964128
ENSMUSG00000021301	0.0985202280955049	7.35803579751346	2.28878249830219	0.0221296532003401	0.0610068266369453	-4.1612270261725
ENSMUSG00000024906	-0.086886620149877	7.350994953485	-2.29030732991454	0.0220411033803978	0.0608395794763162	-4.16156584665661
ENSMUSG00000042308	0.0799575979358984	7.48980908528983	2.39219550168812	0.0167812193396807	0.0489854456176366	-4.16236056595477
ENSMUSG00000022519	-0.115570349518516	6.84812976430176	-2.1884456641376	0.0286789842001019	0.0751080738443158	-4.16303400303737
ENSMUSG00000055839	0.0867215060882689	7.20875694004694	2.20366439639778	0.0275891610900251	0.0728289641957806	-4.16361740256791
ENSMUSG00000028525	0.0914922552165844	6.89498807657292	2.18663066723894	0.0288113997938835	0.075304221621386	-4.1647242112049
ENSMUSG00000023923	0.111012103237081	7.25149429822162	2.19722889550567	0.0280455730888474	0.0737590684771374	-4.16565622421957
ENSMUSG00000078908	0.105707696487325	7.1526335654843	2.18359559603005	0.0290340040928936	0.0756896020677345	-4.16612688644297
ENSMUSG00000038702	-0.0763217860058676	7.4108735728158	-2.35677755278805	0.018469078034273	0.0528402905648387	-4.16684313702766
ENSMUSG00000054958	0.10995556811597	7.16864699885345	2.1868222195607	0.0287974000227552	0.0752955918648422	-4.16809296875111
ENSMUSG00000044792	-0.0750530071381528	7.24939648890971	-2.25525264071867	0.024156542519222	0.0654235528882199	-4.17021455050768
ENSMUSG00000024579	-0.102684939648891	7.07997047210361	-2.1861681024723	0.0288452309191434	0.0753324881694446	-4.17084321782825
ENSMUSG00000042761	-0.0766472314703419	7.34637855873161	-2.33728389678906	0.0194600421646852	0.0550736861262557	-4.17110643986181
ENSMUSG00000026516	-0.122242961382526	7.20953429472173	-2.22235772194488	0.0262995757250333	0.0700394722115817	-4.17247629857193
ENSMUSG00000021807	0.102043401037396	7.10421382716088	2.17347114487586	0.0297873126341745	0.0773607413224781	-4.17252678901562
ENSMUSG00000054000	0.091134576380739	7.48191962016194	2.39535367017014	0.0166375085028998	0.048645739599355	-4.17471645632607
ENSMUSG00000003411	-0.098797648981205	7.14981592505715	-2.19162615737662	0.0284482109214115	0.0745932259930141	-4.17572011305316
ENSMUSG00000062372	-0.111855294048357	7.19649481241486	-2.23804806292337	0.0252577056040608	0.0678583791849712	-4.17704825799116
ENSMUSG00000018770	0.101905104604495	7.24612865051211	2.22498098282633	0.026122841831256	0.0697106084905837	-4.17717970357872
ENSMUSG00000035378	0.0927881056023159	7.17996250027103	2.18810851194531	0.0287035418823779	0.0751368518008018	-4.17761710311324
ENSMUSG00000023967	-0.100456696902657	7.15123656934384	-2.19591999169943	0.028139194306369	0.0739310318801892	-4.17764863422654
ENSMUSG00000038112	-0.0670914183863003	7.36421752208701	-2.32891608096181	0.0198994799731548	0.0560387162418892	-4.17786510719389
ENSMUSG00000061024	0.0990513847843282	7.16616177112596	2.18692531121883	0.0287898679029281	0.0752955918648422	-4.17859453165466
ENSMUSG00000036180	0.156996667060671	7.16046799061052	2.17169734522272	0.0299210080036225	0.0776155808962604	-4.17864807386174
ENSMUSG00000100396	-0.0834741449161447	7.23068861141092	-2.20222268055567	0.027690848178852	0.0730168347145076	-4.1791066259847
ENSMUSG00000104389	0.0787075688669061	7.24500232516905	2.18399647693355	0.029004517263122	0.0756428565754569	-4.17944091338437
ENSMUSG00000030199	-0.095429716692311	7.15685027688032	-2.20299987530201	0.0276359909918967	0.0729162422543151	-4.18061423630257
ENSMUSG00000027637	0.106312351711324	7.21794052389136	2.19955578064482	0.0278798022846097	0.0734559008875247	-4.18062686846433
ENSMUSG00000040033	0.0925031035725095	7.13448842820076	2.17322192783623	0.0298060656202586	0.0773940918485572	-4.18069761448338
ENSMUSG00000098247	0.110962257618936	7.2260075324218	2.20548767601208	0.0274610230233275	0.0725716014173202	-4.1814175563864
ENSMUSG00000037993	0.0747270400510223	7.10696647965212	2.17070762571671	0.0299958294739572	0.0777788471921266	-4.18267864688514
ENSMUSG00000063457	0.0863151230973154	7.37854643022811	2.27730568960586	0.0228061202828402	0.0624720415431702	-4.18339106103834
ENSMUSG00000032827	0.115683604826274	7.37931544100683	2.27725627888615	0.0228090710797704	0.0624720415431702	-4.18486148676969
ENSMUSG00000028790	0.151116892028731	7.09171375937997	2.16554103229778	0.0303890341092319	0.078550893209254	-4.18574233044843
ENSMUSG00000020333	0.116147806492382	6.88889730067648	2.178687070381	0.0293971489566065	0.0765144083777122	-4.18635602051618
ENSMUSG00000024352	0.0486026389204213	7.45482025635595	2.35606128811798	0.0185046924696138	0.0529074981026826	-4.18769169279816
ENSMUSG00000017943	-0.0900677919681314	7.37416634686903	-2.3342976559968	0.0196158823326356	0.0554308507444129	-4.18906285673668
ENSMUSG00000046229	0.115978032099853	7.06608431220118	2.16344471200728	0.0305498336234311	0.078902825369493	-4.19044524752539
ENSMUSG00000051329	0.0927303003351652	7.05718142835183	2.16191402339822	0.030667707264826	0.0791916417181662	-4.1905891742713
ENSMUSG00000096914	0.0701741817968839	7.52543334877208	2.41509075509944	0.0157636303083175	0.0466600605915653	-4.19114536988128
ENSMUSG00000028607	0.0941097713568606	6.9964494047703	2.16708962104585	0.0302707162429487	0.0783209915123882	-4.19167918319504
ENSMUSG00000034066	0.0919225105746104	7.04333588253214	2.1608885624629	0.0307468932180467	0.0793491673586966	-4.19205775936566
ENSMUSG00000050600	-0.0832672023793348	7.20697962795512	-2.21963262574426	0.0264842640191362	0.0704310348443087	-4.1932871475133
ENSMUSG00000087823	0.10089032241802	7.35357453758804	2.24538529617317	0.0247828875403198	0.0667470816041691	-4.19396863517341
ENSMUSG00000051223	0.0832952685771655	7.18922602706231	2.17245034993234	0.0298641894048812	0.0774989034070772	-4.1973273105982
ENSMUSG00000047466	0.129733280011735	6.92747845076473	2.16618081194233	0.0303401045057147	0.0784565486274841	-4.19768434342674
ENSMUSG00000070972	0.0503274045322222	7.16495921283182	2.16552193340662	0.0303904958119401	0.078550893209254	-4.19846540897403
ENSMUSG00000032413	0.103614939513809	7.29297545355264	2.21558419457589	0.026760707827693	0.0710075368626179	-4.19974970675922
ENSMUSG00000031616	-0.118389044416709	7.20721617624317	-2.1829091756445	0.0290845537362372	0.075806286584674	-4.20045045061438
ENSMUSG00000060090	0.138748807963182	7.06715358397685	2.15861111947434	0.0309233853649816	0.079710368418653	-4.20055343391882
ENSMUSG00000006471	0.0776800114969101	7.33745031481888	2.23648718692078	0.0253597251925423	0.0680276215359925	-4.20087718333344
ENSMUSG00000071711	0.11354804502407	7.14026185517884	2.15996446201306	0.0308184024961147	0.0795180381314809	-4.20242917737419
ENSMUSG00000038970	0.119863842038349	7.36675883550077	2.28313164879297	0.0224605128364923	0.0616980768055723	-4.20326509964776
ENSMUSG00000058715	0.0870369687627823	7.06700668473921	2.15518488531318	0.0311905424751985	0.0801780055144902	-4.20366900768297
ENSMUSG00000019179	-0.0764519099394345	7.35825102259506	-2.30555118381437	0.0211726776204762	0.058952083242721	-4.20749063508277
ENSMUSG00000085583	0.0691469718194826	7.34658081303942	2.24179264335682	0.025014405643725	0.0673152309738227	-4.20755228190609
ENSMUSG00000073176	0.141910803782856	7.00768953043007	2.1581799855485	0.0309568941573719	0.0797496376049414	-4.21035897238579
ENSMUSG00000075028	0.100399142883393	7.37513256819624	2.28058788526408	0.0226108498098024	0.0620199551036945	-4.21150313671011
ENSMUSG00000038205	-0.0918432673514262	6.96537605847531	-2.15353173241333	0.0313201523694378	0.0804164414239418	-4.21153571158966
ENSMUSG00000015749	0.128739480840464	7.16189893829858	2.15660932672278	0.0310792334507998	0.0799861066125165	-4.21205465652382
ENSMUSG00000022231	0.137921415013613	6.94802570783106	2.15807396225671	0.0309651393238304	0.0797551847388527	-4.21261486756345
ENSMUSG00000028560	0.141255069368518	7.32972443971708	2.20223647858704	0.0276898734460023	0.0730168347145076	-4.21363034881586
ENSMUSG00000052310	0.118597830728753	7.16672093982615	2.15386137923887	0.031294270686783	0.0804097766191163	-4.21400643186445
ENSMUSG00000028613	0.103293196849972	6.98212425614772	2.15147385568906	0.0314821388471924	0.0807043428821723	-4.21536247297057
ENSMUSG00000047992	0.0946694970551487	7.35940935762378	2.23652967805261	0.0253569432363749	0.0680276215359925	-4.21550250465543
ENSMUSG00000003348	0.101614881514577	7.13928838463728	2.15355657561702	0.0313182012059906	0.0804164414239418	-4.21637742596315
ENSMUSG00000040268	0.116574203026439	6.93045866699737	2.16803704808052	0.0301985247202765	0.0781960216847032	-4.21646815837709
ENSMUSG00000028683	0.0957873676937115	7.38972255086926	2.26943331574415	0.0232804613977021	0.0634181857300698	-4.21680540057504
ENSMUSG00000018167	0.121126884329901	6.82587478672333	2.1692461974107	0.030106605617414	0.0780042906675608	-4.21909216699026
ENSMUSG00000004945	0.0676420265459718	7.31825296683845	2.23518359512679	0.0254452017217174	0.0682221136474963	-4.21922519667763
ENSMUSG00000023905	-0.0956788496608478	6.80353452169771	-2.16516591632716	0.0304177540643068	0.0785771973579134	-4.2198668027921
ENSMUSG00000055653	0.121122197885311	6.87882561835649	2.16105988024633	0.0307336518765458	0.0793306329589388	-4.22041602438456
ENSMUSG00000003308	0.0570806000559791	7.36845817078682	2.25959148412867	0.0238855022126178	0.0647967250243664	-4.22056304608144
ENSMUSG00000033396	0.0691936269811642	7.4342372215945	2.31017561981378	0.020915192194911	0.0583344048180176	-4.22158705250843
ENSMUSG00000050188	0.0648613828607036	7.46209778388329	2.33587982903243	0.0195331796642891	0.0552209864316287	-4.22179428256047
ENSMUSG00000040472	-0.118233023194914	7.17712264072394	-2.20357742669939	0.0275952860923227	0.0728289641957806	-4.22232321820862
ENSMUSG00000037999	0.0971029031525044	7.11494562014756	2.14816237722505	0.0317443120248337	0.0813141328564121	-4.22250946654863
ENSMUSG00000043531	0.122450932845596	7.3663370077453	2.28895480249659	0.0221196316875117	0.0610048911002534	-4.22321201912104
ENSMUSG00000040270	0.124111266182062	7.07955494114935	2.14612281972989	0.0319067159967454	0.081682191206373	-4.22510314205477
ENSMUSG00000021972	0.0992318056974426	7.07283914430887	2.14535650193303	0.0319679195051498	0.0818228743228585	-4.22541390330138
ENSMUSG00000020841	0.120752722718006	6.96854763382713	2.1521686022199	0.0314273714416461	0.0806442859494376	-4.22567297251287
ENSMUSG00000066363	0.116978628557786	7.09979785875962	2.14786641886231	0.0317678342533868	0.081358467536256	-4.22606959562796
ENSMUSG00000041642	0.0895683823629918	7.36999925876323	2.25436096034508	0.0242125735170883	0.065494010844157	-4.2273859278654
ENSMUSG00000074247	-0.0976041165494577	6.85492661573134	-2.15379945848699	0.0312991308929893	0.0804097766191163	-4.22768277677191
ENSMUSG00000032097	0.135461693881873	7.17383828077671	2.15568802185897	0.0311511872404221	0.0800925654657514	-4.22850841624944
ENSMUSG00000022191	-0.0731007513067965	7.38127268465898	-2.2910490432429	0.0219981422721137	0.0607547701179701	-4.23006184239249
ENSMUSG00000025743	0.0792127355425283	7.38852233665063	2.29750723326667	0.0216271439043031	0.0599370381022726	-4.23020370259966
ENSMUSG00000022559	0.0886050955747697	7.3511206674323	2.25135501508261	0.0244022908295847	0.0659118612628272	-4.2307439289965
ENSMUSG00000021357	0.0429069060235951	7.59029956381079	2.47551074760787	0.0133344110128106	0.0409798377886657	-4.23127001968293
ENSMUSG00000000902	0.089545406222145	7.29178208441077	2.19887831986747	0.0279279781935668	0.0735266655351887	-4.23134919434623
ENSMUSG00000060681	0.0583244197987183	7.44844546444182	2.33372943696246	0.0196456586091494	0.0554907138066227	-4.2328779274583
ENSMUSG00000024780	0.0990797017414691	6.66555772709122	2.20158900815384	0.0277356445343015	0.0731202292072242	-4.2336778092426
ENSMUSG00000053166	0.120882511964168	7.02192109603387	2.14319636209692	0.032140985499058	0.0821855043268881	-4.23376861712441
ENSMUSG00000033326	0.0517692252919817	7.19184737802903	2.15711459038938	0.0310398330401649	0.0799004117502632	-4.23406828076183
ENSMUSG00000010609	-0.0933631876957657	7.21566122792813	-2.18676426206694	0.0288016352792436	0.0752955918648422	-4.23456479357562
ENSMUSG00000047454	-0.0873911003984951	7.12465587029698	-2.15175534087168	0.0314599392927432	0.0806962235933766	-4.23622009705069
ENSMUSG00000061032	-0.114162941098646	7.00370252759317	-2.14470912752668	0.0320197017746251	0.0819393932043377	-4.23644565505069
ENSMUSG00000024974	0.13475209967856	7.00036081575326	2.1441066928442	0.0320679539834677	0.0820308037420005	-4.23788321583331
ENSMUSG00000024683	0.0751621272916765	7.35591507074376	2.27239698196084	0.0231008927892589	0.0629876274292079	-4.23865831240257
ENSMUSG00000030494	0.101213057964188	6.79366046382549	2.17617266581224	0.0295846799803353	0.0769260437542304	-4.23878690526945
ENSMUSG00000065590	-0.0654252482896158	6.92229583747393	-2.14227025048766	0.0322154292991127	0.0823210832357403	-4.2389970310136
ENSMUSG00000073139	-0.0732547913713502	6.5375086814075	-2.20354814083501	0.0275973488676495	0.0728289641957806	-4.23959319702065
ENSMUSG00000034602	0.0857508025985529	6.79006469965489	2.17055512043234	0.030007372961247	0.0777933716452763	-4.23991235151396
ENSMUSG00000035199	-0.0841337915107605	7.28390034305504	-2.24663965325588	0.0247024925272542	0.0666045750822498	-4.24040981352242
ENSMUSG00000098220	0.0992838143629218	6.51098345150042	2.22442215875131	0.0261604045175246	0.0697823993364775	-4.24390652620704
ENSMUSG00000029422	-0.106643253993781	7.18462451680381	-2.15925445913538	0.0308734413334763	0.0796129789123246	-4.24417838721657
ENSMUSG00000072235	-0.109761841514792	7.20626264700096	-2.17515864549459	0.0296605990330257	0.0770886948037634	-4.24450506330079
ENSMUSG00000020413	0.106178383037793	7.01195380429356	2.13910178803997	0.0324712392148898	0.0828358269293331	-4.24474013057188
ENSMUSG00000027977	-0.0748105960973602	7.3421948782192	-2.27423661806954	0.0229900354208166	0.0627969004233947	-4.24531456749728
ENSMUSG00000028179	-0.0987131076237961	7.01523295727964	-2.13686045810293	0.0326532452412531	0.0831543059129518	-4.24629502157411
ENSMUSG00000050663	0.134624369980479	7.26458459595796	2.17475528681683	0.0296908447952687	0.0771408096963003	-4.24640049317921
ENSMUSG00000096841	0.117061684122772	7.09078601025213	2.13604059981767	0.0327200393615736	0.0832919998681162	-4.2476426002087
ENSMUSG00000028337	-0.0593926694413831	7.47835040325761	-2.40894517300108	0.0160312992694477	0.0472813178724056	-4.24929569883562
ENSMUSG00000095845	0.0785601873919939	7.27082488681361	2.18446793815203	0.028969871888262	0.0755675558400332	-4.25080447510441
ENSMUSG00000025144	-0.0776072070632043	7.25725674890576	-2.20632141976468	0.027402599755606	0.0724464531503217	-4.25103435012714
ENSMUSG00000078435	0.0931443721913006	7.3384061330118	2.21568307667843	0.0267539261625738	0.0710039329658253	-4.25255121282613
ENSMUSG00000026425	0.0963107511436405	7.04598276743439	2.13225310121996	0.0330301293450456	0.0838633765759965	-4.25292336991325
ENSMUSG00000008333	0.104160853434768	7.2589594888736	2.1684270961209	0.0301688470858111	0.0781346282982074	-4.25318199743271
ENSMUSG00000052372	0.0966941558393364	7.34204763047252	2.21953573716039	0.0264908510425383	0.0704342448921429	-4.25381292371632
ENSMUSG00000046756	-0.0780746637323357	6.99918388084979	-2.13268717361561	0.0329944637919245	0.0837950572189866	-4.25388354263032
ENSMUSG00000037926	0.109502874663288	7.10241620553446	2.13331638268067	0.0329428233830821	0.0837351707248871	-4.25515116228124
ENSMUSG00000041429	0.0958698491964309	6.9841796111484	2.13737659467751	0.0326112553686413	0.0830635321568583	-4.25533571793502
ENSMUSG00000025332	-0.0847666393416109	6.89608691333397	-2.1375456582947	0.0325975113966021	0.0830446816898842	-4.25599306818071
ENSMUSG00000048782	0.118828855614263	7.07318097863382	2.13059471561335	0.0331666947046467	0.0841508463320222	-4.25690293888421
ENSMUSG00000026494	-0.0832968871240558	7.01271155723814	-2.13313026068428	0.0329580915631946	0.0837351707248871	-4.25781679775934
ENSMUSG00000087301	-0.0815440580126658	7.40305864496054	-2.26076730750729	0.023812506422662	0.0646120899659049	-4.25919373534615
ENSMUSG00000031660	-0.103841420863802	6.98621989343631	-2.13127974195541	0.0331102254154827	0.0840238556192091	-4.25950768339484
ENSMUSG00000037788	-0.0762926695006616	7.20823352245155	-2.18110073506263	0.029218094542597	0.0761240385575482	-4.25954003208177
ENSMUSG00000041773	-0.106514198370683	7.00838998458518	-2.13897293985335	0.0324816786649976	0.0828463154260955	-4.25956780942267
ENSMUSG00000060771	-0.0812963876345725	6.84097179233964	-2.14289914778933	0.0321648604461664	0.082230492669637	-4.25983215562548
ENSMUSG00000022678	0.112216322867392	6.74960622222872	2.17808742250629	0.0294417791673474	0.0766001138431861	-4.26118775399691
ENSMUSG00000049176	0.0980754833912316	7.26579415576332	2.17556530623797	0.0296301324995741	0.0770289306363034	-4.26132490835021
ENSMUSG00000079179	-0.078968501297191	7.35737525137536	-2.2838518856489	0.0224181048843855	0.0616203714353086	-4.26194502377184
ENSMUSG00000013089	-0.112111543818924	7.1137412194084	-2.16971252436568	0.0300712199293211	0.0779280307432049	-4.26239743167085
ENSMUSG00000041453	0.0819073656670328	7.31624926449087	2.17889007912388	0.0293820527475746	0.0764903230406137	-4.26435519400899
ENSMUSG00000013155	-0.075050923189008	7.19924196276189	-2.16729812046294	0.0302548164029855	0.0782953264178467	-4.26754126195375
ENSMUSG00000035078	0.121414224218065	7.19927039462428	2.15056875526244	0.0315536114321969	0.0808572873106913	-4.268475075031
ENSMUSG00000021120	0.111839809220657	7.18831400632911	2.13220387546388	0.0330341760619015	0.0838633765759965	-4.26859330332497
ENSMUSG00000054057	0.0484533300598882	7.42917331781327	2.27235941806573	0.0231031612370193	0.0629876274292079	-4.26901224491682
ENSMUSG00000044550	-0.134778207846942	6.96191647379482	-2.12693616263787	0.0334696808716843	0.08477172798841	-4.27050013196953
ENSMUSG00000034674	0.0735116869466692	7.302013765972	2.17748980924653	0.0294863159399996	0.0767007447419978	-4.27112646400457
ENSMUSG00000024456	-0.101411963087926	7.08794416068522	-2.14186763598842	0.0322478387978801	0.0823461489256575	-4.27392398712629
ENSMUSG00000026028	0.12611637283424	6.81128021088955	2.15947050270131	0.0308566848869178	0.0795854449447454	-4.27396346717015
ENSMUSG00000019817	0.0482664356120495	7.32002001309859	2.18744532649286	0.0287519002196285	0.0752239294849945	-4.27474853961259
ENSMUSG00000053040	0.118675813668286	7.3445497265172	2.23420714692558	0.0255093906766255	0.0683102766901985	-4.27488367012744
ENSMUSG00000000740	0.084776773207385	7.29577272404013	2.17658551035102	0.0295538184933377	0.0768610631137818	-4.27538746669187
ENSMUSG00000029211	0.0758333612428626	7.42844351777535	2.29219175228442	0.0219320975213596	0.0606153727569433	-4.27566636636828
ENSMUSG00000040560	0.0972012088057763	7.33144861338115	2.22476225592683	0.0261375385210488	0.0697356132703425	-4.27574087953177
ENSMUSG00000031618	0.109457598883992	7.0771262156587	2.12112187371705	0.0339560685484199	0.0857051955727615	-4.27608358724551
ENSMUSG00000052539	-0.0927793675644111	7.29844502921768	-2.2303408687259	0.0257649267418308	0.0688537295170544	-4.27610781037468
ENSMUSG00000032047	-0.0827809345408648	7.33777181489605	-2.23858522802007	0.0252226785161137	0.0677781829090641	-4.27781563957238
ENSMUSG00000026380	0.100548711475989	7.03127523155719	2.12000387593743	0.0340502830051085	0.0858933150487245	-4.27899833943035
ENSMUSG00000024846	-0.0660797339693193	7.41650196065006	-2.3205048220391	0.0203499075264862	0.0570739051706849	-4.2792544481144
ENSMUSG00000042734	0.0654476632279044	7.13590297227702	2.12502044015213	0.0336292757080551	0.0851265424535686	-4.27926170025563
ENSMUSG00000021704	0.0709136807970117	7.22189674220886	2.13593228592888	0.0327288724754103	0.0832982889673546	-4.28068208940889
ENSMUSG00000063884	0.0799630655387809	7.29715524096448	2.18977908982731	0.0285820366381295	0.0748991240325042	-4.28084360046831
ENSMUSG00000036437	-0.0691824385829962	7.40850729378243	-2.30167441386627	0.0213906575458162	0.0594452321353908	-4.28100590343077
ENSMUSG00000000560	-0.0788134933653533	7.09873937222168	-2.12969124571673	0.0332412971716383	0.0842911219390061	-4.28259709945489
ENSMUSG00000058546	-0.139164545333483	6.95088381913668	-2.12213977184344	0.0338704835278118	0.0855765769675657	-4.28327475093279
ENSMUSG00000059842	-0.0610711881137407	7.15016337343074	-2.13016578205566	0.0332020952633639	0.0842080261890664	-4.28683405578401
ENSMUSG00000038957	0.053826834229258	7.29675068617329	2.19325698318919	0.0283305017349266	0.0743330649619871	-4.28836078178547
ENSMUSG00000038539	0.0867532253015355	6.92055226069326	2.12742153412336	0.0334293486441431	0.0847023480644709	-4.28911915358358
ENSMUSG00000028391	0.0641459090135461	7.45909900038261	2.31398083532632	0.0207053718578747	0.0578848448352116	-4.28954699626888
ENSMUSG00000032834	0.139434787991241	7.06558316578889	2.11773151938608	0.0342424650851009	0.0862949668708646	-4.28976285062519
ENSMUSG00000038538	0.0722632103004042	6.83654706809719	2.13469489489671	0.0328299280810699	0.0834847182592294	-4.29406856077378
ENSMUSG00000036062	0.076679756283454	7.51028577840342	2.38714323901206	0.0170133871216893	0.0495086161807417	-4.2941801928556
ENSMUSG00000021975	-0.0797289744248646	7.11614470059235	-2.11918980685872	0.0341190257279008	0.0860335679564093	-4.294427259998
ENSMUSG00000025208	-0.0768350435816254	7.15265935696913	-2.14057849984223	0.0323517992184613	0.0825633051399796	-4.29459244859147
ENSMUSG00000085637	0.113126537103589	7.29948713818912	2.15151817339535	0.0314786428045416	0.0807043428821723	-4.29484444870104
ENSMUSG00000039652	-0.126822272949833	6.97311711948831	-2.11590101100837	0.0343979519355416	0.0866034589884827	-4.29517907585967
ENSMUSG00000068798	0.106546270447384	7.08883763450407	2.1111696175068	0.0348026435638203	0.0873987392875201	-4.29675996214145
ENSMUSG00000023886	-0.0914633243836116	7.27699020993992	-2.22243049135174	0.0262946592140424	0.0700394722115817	-4.2970953441756
ENSMUSG00000018377	0.0918146158461601	6.99308267053554	2.11439915363817	0.0345259728002897	0.0868756555643653	-4.29800882750134
ENSMUSG00000029190	0.0809237350955661	7.07277152897049	2.11044703276992	0.0348648052053374	0.0875095915928446	-4.29928335753229
ENSMUSG00000103574	0.0585021184959427	7.54555046118732	2.39927152997661	0.0164607314490931	0.04823274309121	-4.30002465207169
ENSMUSG00000029247	0.110604133056268	6.91004647881247	2.12211662605094	0.033872427577599	0.0855765769675657	-4.30011503942473
ENSMUSG00000024940	0.0866645256450331	7.28974638708385	2.14831466230759	0.0317322145073707	0.0812990513366922	-4.30103489574322
ENSMUSG00000024526	-0.0648524173630607	7.26961375257549	-2.17146768033859	0.0299383560474021	0.077645197577771	-4.30384205463943
ENSMUSG00000024260	0.0981828149978687	7.25920320478248	2.14188304190098	0.032246598144954	0.0823461489256575	-4.30428729336085
ENSMUSG00000036095	0.106378479115811	6.68901691006245	2.15318223770284	0.0313476124367307	0.0804711651022899	-4.30519290746601
ENSMUSG00000025509	0.0620207377609798	7.17955272026213	2.11637584648007	0.0343575606607158	0.0865350488976704	-4.30548094944258
ENSMUSG00000042097	0.0764528952343495	7.51152902785581	2.37829344587733	0.0174268636801357	0.0504538919284248	-4.30643949198233
ENSMUSG00000047888	0.0842167669250093	7.18481572661392	2.12268220491454	0.0338249510769598	0.0855221835148224	-4.30679754411537
ENSMUSG00000066838	-0.114207973381589	7.05661509294819	-2.11285508805561	0.03465801581232	0.0871576532875323	-4.30748927381426
ENSMUSG00000019726	0.108692382691752	7.27667533876225	2.15762501835281	0.031000073469037	0.0798137584772139	-4.30773006867101
ENSMUSG00000009569	0.110121602642903	7.22118538555001	2.13314882194885	0.0329565686515833	0.0837351707248871	-4.30821516323806
ENSMUSG00000038622	0.0797617888330926	7.21669142360895	2.12868703164271	0.033324386923815	0.084485451899029	-4.3101343600821
ENSMUSG00000060703	0.0771465764967303	6.92667176231751	2.11235912176266	0.034700520536622	0.0872310320402179	-4.31057930947826
ENSMUSG00000039787	0.0538928659005355	7.44744041431582	2.253337334899	0.0242770345306743	0.0656412507384528	-4.31066357321209
ENSMUSG00000077222	0.0824447246126407	7.26256045334071	2.13978578058873	0.0324158693622275	0.0827106922023547	-4.31080061541242
ENSMUSG00000085167	0.0773031612444628	7.37379475683355	2.23306118113023	0.0255849019344626	0.0684704693634474	-4.31115905218097
ENSMUSG00000051950	0.0720567873787408	7.43652783701856	2.25453426316493	0.0242016747801696	0.0654780587356852	-4.31224331258668
ENSMUSG00000025135	0.0773883107020561	7.09465125450621	2.10804859034676	0.0350718157330229	0.0878943743447043	-4.31226632589321
ENSMUSG00000005057	-0.0839953041321273	7.19547616268951	-2.14234382736713	0.0322095095555749	0.0823210832357403	-4.31277000271677
ENSMUSG00000014195	-0.12999360644682	6.969569710738	-2.10589831770719	0.0352582980084868	0.0882603513436155	-4.31308656952346
ENSMUSG00000031385	0.122985852767637	6.98112531151391	2.11111558036473	0.0348072889279812	0.0873987392875201	-4.31417352385942
ENSMUSG00000022136	0.0828314661981153	6.74802771607109	2.14360668363804	0.0321080497185986	0.0821173250470585	-4.31433956092534
ENSMUSG00000048332	0.10204410153976	7.28318730238904	2.15976465884545	0.0308338825463512	0.0795423035067646	-4.31598991544607
ENSMUSG00000037973	-0.0489629138352639	7.57518703078008	-2.43904452977	0.0147574955303161	0.0443232694386094	-4.31682662467933
ENSMUSG00000041670	0.109356181911549	7.01480986927893	2.10274641206134	0.0355331762747214	0.0888125894976426	-4.31719904387306
ENSMUSG00000030306	0.109093799552567	7.30242838186944	2.17020958459377	0.0300335415209614	0.0778457979790986	-4.31726162808174
ENSMUSG00000052957	0.0980668802965345	7.00174185183424	2.10422291923201	0.0354041829560294	0.0885434798151804	-4.31734385089831
ENSMUSG00000022094	0.111930832210158	7.1391628525848	2.11614436004303	0.0343772466928936	0.0865679772462709	-4.3181196594839
ENSMUSG00000033099	-0.0870323944595697	7.0973032739981	-2.10900521394275	0.03498912367991	0.0877543308845559	-4.31888215434251
ENSMUSG00000005510	-0.0877572882266824	7.31939599457785	-2.21847283550467	0.0265632059982701	0.0705836194295416	-4.31932315896075
ENSMUSG00000040867	-0.0893750834025973	7.27367534529597	-2.19802313572223	0.0279888949407754	0.0736543944853531	-4.31935737762531
ENSMUSG00000030738	-0.108880644958662	7.08583409615303	-2.11032323452002	0.0348754646806321	0.0875195674906719	-4.31968888656352
ENSMUSG00000027257	0.0974459603071862	7.22445052508972	2.112233136856	0.034711324638331	0.0872414402313361	-4.32073338890305
ENSMUSG00000067567	-0.0888799459941305	6.9271107815043	-2.1071169259782	0.0351525106183923	0.0880460434314123	-4.32073557761516
ENSMUSG00000016150	0.0660892340202404	7.41711749508501	2.26623604120059	0.0234755423737042	0.0638565968744099	-4.32117154001967
ENSMUSG00000041354	-0.120096540282983	7.22078151354152	-2.15256915094732	0.0313958330459186	0.0805791504091682	-4.3229934177347
ENSMUSG00000070643	0.0650267424849709	7.27728579414324	2.13050517574629	0.0331740819005202	0.0841532804188357	-4.32422875567755
ENSMUSG00000019734	-0.0974485202657114	6.91873292887292	-2.09971102430387	0.0357996195510511	0.0893592799642598	-4.32567516072525
ENSMUSG00000102302	-0.0515464645803467	7.21144743104329	-2.12225017132995	0.0338612122225545	0.0855765769675657	-4.32615718047984
ENSMUSG00000040711	0.0837565892504548	7.06023877779521	2.09542530473053	0.0361787165722779	0.0901163921925917	-4.32772241434026
ENSMUSG00000092876	0.0825234509003714	7.3524949499487	2.16910221615525	0.0301175383913776	0.0780171770122508	-4.32839036454441
ENSMUSG00000033857	0.0555346749285377	7.50446563440639	2.35486064961061	0.0185645260138859	0.0530438181086413	-4.32873174330323
ENSMUSG00000045534	0.0722137049366198	6.63051292819391	2.15365915760736	0.0313101456110092	0.0804164414239418	-4.32995128887694
ENSMUSG00000080198	0.0622650864474776	7.44799792039383	2.29992533756622	0.0214896414455983	0.0596696470425817	-4.33009391357065
ENSMUSG00000039831	0.163380170270766	7.19323923516673	2.10372865006802	0.0354473196270566	0.0886318389147106	-4.3331654618001
ENSMUSG00000036790	0.115858897845823	7.03899920875936	2.09386228419045	0.0363178241611823	0.0903142260880026	-4.3345391587858
ENSMUSG00000049721	0.119319851734726	7.08775181895555	2.09242085762517	0.0364465138853572	0.0905422694093162	-4.33532754881154
ENSMUSG00000031709	0.0687863441779211	7.50653327550725	2.37335043980001	0.0176616238449103	0.0510207368441231	-4.33533662427691
ENSMUSG00000070697	-0.103624921334828	7.08915746644293	-2.10862099217887	0.035022316386366	0.0877946966188454	-4.33575200407886
ENSMUSG00000057335	0.131750292583004	7.01219957412237	2.09502199975994	0.0362145668341108	0.0901882661596497	-4.33622943010142
ENSMUSG00000098087	0.110391433440077	6.96861253796352	2.10068668574352	0.0357137917056852	0.089178897770519	-4.33625435517413
ENSMUSG00000038496	-0.0842267625851409	7.12666048589636	-2.09957146899924	0.0358119104479608	0.0893612054033514	-4.33656174100446
ENSMUSG00000068921	-0.0978946412437969	7.05154621952576	-2.10559966258621	0.0352842656874463	0.0883084699636871	-4.33701762592589
ENSMUSG00000044134	0.0560838733440923	7.42095635202996	2.24170230294227	0.0250202514324101	0.0673171253089011	-4.33722104955433
ENSMUSG00000102205	0.0759259199181352	7.434020872588	2.25389443862379	0.0242419334726272	0.0655598828803214	-4.33795876628111
ENSMUSG00000037649	0.0771372938808481	7.47879625189186	2.31337573060845	0.0207386142150504	0.0579406609695776	-4.33814641735577
ENSMUSG00000031146	0.0824478192134901	7.36908421888342	2.19472344003844	0.0282250149707358	0.0740821764227894	-4.34020680497246
ENSMUSG00000049421	0.101999508216047	7.20632124524755	2.10858605276161	0.03502533611673	0.0877946966188454	-4.34390113089634
ENSMUSG00000064036	0.111592477535635	6.7515483642664	2.13326911365632	0.0329467004377874	0.0837351707248871	-4.34752966431757
ENSMUSG00000006315	-0.0869242560129262	7.25342413929724	-2.17997106023805	0.0293017807285762	0.0763116994824985	-4.34768946203222
ENSMUSG00000002274	0.0998361896222608	7.15441327856106	2.09397782295506	0.0363075257181156	0.0903142260880026	-4.34791552643527
ENSMUSG00000041710	0.0940380324073438	7.24688335081111	2.13464502344612	0.0328340065930929	0.0834847182592294	-4.34804966562426
ENSMUSG00000035790	-0.098939477062661	6.78857740990001	-2.10608337783122	0.035242215456813	0.0882538417675203	-4.34809782493556
ENSMUSG00000038387	0.112001874034581	7.04919199190349	2.0877357625818	0.0368674845658804	0.0913338774813136	-4.34812494291769
ENSMUSG00000091534	-0.141376121877346	7.04473281280438	-2.09358056608601	0.0363429452884271	0.0903535586243995	-4.34944017226563
ENSMUSG00000022401	0.11576692911119	7.27394546395009	2.14077011154274	0.032336328835282	0.0825399136501291	-4.3519409758165
ENSMUSG00000039163	-0.0606586384857284	7.47864269630245	-2.33103869243019	0.0197871980412813	0.0557635434009554	-4.35199012565134
ENSMUSG00000024099	-0.106914330720242	7.03215694902045	-2.08701609010809	0.036932515041386	0.0914373084194072	-4.35287901073354
ENSMUSG00000020108	-0.0904851280423085	7.15189570832855	-2.10358965510305	0.0354594583020469	0.088645260280771	-4.35340534930505
ENSMUSG00000022390	0.129345104964189	7.10423115010273	2.08533834778279	0.0370844973846347	0.0917268542905039	-4.35419754354871
ENSMUSG00000050953	0.141299435268336	7.00194445730919	2.08918278930626	0.036737024698216	0.0910738737642576	-4.35425143641114
ENSMUSG00000028944	-0.0831814424755875	7.12812006185716	-2.10460046657661	0.0353712632142096	0.0884923711065225	-4.35600785235759
ENSMUSG00000031668	0.100361533008273	7.16482713558263	2.09386122035933	0.0363179189963743	0.0903142260880026	-4.35633850810845
ENSMUSG00000009418	0.067336580765728	7.31782580842661	2.1516272945923	0.0314700360993022	0.0807043428821723	-4.35721853554537
ENSMUSG00000032392	-0.0724897815397849	7.28543753438434	-2.15865506360933	0.030919971668085	0.079710368418653	-4.35725388273627
ENSMUSG00000044367	0.0551167383303968	7.5048222960115	2.31363655110314	0.0207242799380776	0.0579129718141541	-4.35785404691396
ENSMUSG00000033423	-0.0728350898321883	7.37788220425345	-2.27033494229762	0.0232257039666815	0.0632953614345951	-4.35857349482494
ENSMUSG00000001763	-0.0695260186796247	7.06944838806176	-2.08490447236391	0.0371238876147664	0.0917896008786631	-4.35859377437758
ENSMUSG00000032487	-0.0757764593183881	6.75725889373834	-2.10793910060251	0.0350812908337604	0.0879012937025055	-4.35915070429082
ENSMUSG00000015747	-0.0929076739999868	7.08472305115222	-2.09432035137601	0.0362770093875999	0.0902925108179578	-4.35969402235064
ENSMUSG00000098112	0.110378015838581	7.21229041672173	2.09774160285511	0.0359734035250723	0.0896561581858456	-4.3602251103374
ENSMUSG00000020832	0.100898783088638	7.20128031268548	2.09920296869788	0.0358443822628689	0.08940267719289	-4.36028917477184
ENSMUSG00000036745	0.110770268353898	7.00532459092636	2.0830142651314	0.0372959098000169	0.0921975172020055	-4.36043113817369
ENSMUSG00000042631	0.0849840215944067	7.38972877774118	2.21642454900844	0.0267031207978902	0.0709091999843009	-4.36209411584918
ENSMUSG00000005907	-0.11312400862679	6.98602619977619	-2.0812920358974	0.0374532352503207	0.0925514828043032	-4.36239656616061
ENSMUSG00000030062	-0.0767016427149008	6.96746805206371	-2.07884032548568	0.0376781730667695	0.0929844753610077	-4.36410786332761
ENSMUSG00000018040	-0.0858102355598227	6.91483592031248	-2.08029842430876	0.0375442582904519	0.0927414017997352	-4.36422609496992
ENSMUSG00000041577	0.126333147494806	6.89448640984152	2.09383534051574	0.0363202261192586	0.0903142260880026	-4.36655842261867
ENSMUSG00000027010	-0.090475618946475	7.55172929913815	-2.41684654396535	0.0156878832014895	0.0464989284296809	-4.36754171706496
ENSMUSG00000020736	-0.0878966167420261	7.30936993421721	-2.17374414991437	0.0297667813053902	0.0773227581051923	-4.36880148577916
ENSMUSG00000097343	0.042693588639648	7.64894725770443	2.46047087819538	0.0139059376799998	0.0422797343489452	-4.37012293175262
ENSMUSG00000091387	0.0846549652138622	7.44274579568769	2.22874077019765	0.0258713290705695	0.0690957650330264	-4.37062512829415
ENSMUSG00000042797	0.0658354883635015	7.42923775626211	2.26801777121587	0.0233666561799564	0.0636352015213123	-4.37075088053162
ENSMUSG00000049932	0.0887092668539653	6.92296274649215	2.08085560086078	0.03749319314794	0.0926327391381073	-4.3710261911871
ENSMUSG00000053134	0.0941972330722196	7.21692339374505	2.09146116789174	0.0365324097983476	0.0907007297118864	-4.37128163514869
ENSMUSG00000033579	0.131563872812466	6.97843231144507	2.08494105883411	0.0371205646652874	0.0917896008786631	-4.37156585674349
ENSMUSG00000055917	-0.0821917028217927	7.41643432354228	-2.27274573080124	0.0230798414147305	0.0629633848305172	-4.37221810884158
ENSMUSG00000047557	-0.0974821441392928	6.93275913588327	-2.07924427536066	0.0376410328376403	0.0929278525194017	-4.3722651384546
ENSMUSG00000030603	-0.120121092757311	6.97044555556808	-2.07490601322555	0.038041538147585	0.0937013558981554	-4.37609489115548
ENSMUSG00000045767	0.0855124659662456	7.44964914405423	2.24030328260281	0.025110931024757	0.0675333420246751	-4.37666036196126
ENSMUSG00000019080	-0.0636599600173255	7.35569660430288	-2.19907264332112	0.0279141520359472	0.0735266655351887	-4.37922318549059
ENSMUSG00000025094	0.0625729742800392	7.23649010867772	2.09797205274719	0.0359530312661358	0.0896395134900496	-4.37925279687705
ENSMUSG00000045007	-0.0636374439236658	7.52565430947297	-2.38892682331381	0.0169311056799321	0.0493349734167976	-4.37942738915107
ENSMUSG00000095477	0.110646698713636	7.14669932412104	2.09124403937195	0.036551867549642	0.0907007297118864	-4.37950616282707
ENSMUSG00000041258	0.0842063221435172	7.22065243533213	2.0934515340306	0.036354456170364	0.0903650161728508	-4.38014085585808
ENSMUSG00000026556	0.0843345102754753	7.30742243629319	2.11246756830952	0.034691222774975	0.0872244072536918	-4.38210454709536
ENSMUSG00000050875	0.0481077606917903	7.51420277309021	2.33235634583548	0.0197177755014743	0.0555987759778809	-4.38265343320738
ENSMUSG00000047030	0.0685892365885046	7.17890681759553	2.09022748578043	0.0366430824827972	0.0908753998607276	-4.38281242040226
ENSMUSG00000037824	0.12680141582706	7.09088387176222	2.07195109240601	0.0383164049713208	0.0941513464497995	-4.38281980833604
ENSMUSG00000048218	-0.0937224245962485	6.92396738389165	-2.07484293277352	0.0380473883252821	0.0937013558981554	-4.38295455668796
ENSMUSG00000020456	-0.0907070615460066	7.13916968745152	-2.0906433792379	0.0366057411157581	0.0908171996754794	-4.38295957575171
ENSMUSG00000020721	-0.0930738706521375	6.98996119570761	-2.06966638917113	0.0385300841710488	0.0944106048975052	-4.38453883018514
ENSMUSG00000039607	0.0908720814972188	6.98590891057602	2.07256561862621	0.0382591030470885	0.0940811752615482	-4.38465766619317
ENSMUSG00000096943	0.0797600487773771	7.55314786824929	2.38205675302433	0.0172499708894978	0.0500227457464557	-4.3849538487175
ENSMUSG00000076494	0.103264099170818	7.44181269417429	2.26974272071039	0.023261658046208	0.0633801513300634	-4.38650977783094
ENSMUSG00000016181	0.105010694657383	7.16805034028696	2.07581285556305	0.0379575207342483	0.0935504257252973	-4.38707288875236
ENSMUSG00000054469	0.0923922932623746	7.24917138508289	2.10928514658913	0.0349649573731542	0.0877105234583896	-4.38786289962897
ENSMUSG00000033061	-0.0925669394956827	7.2904275562459	-2.18373519839461	0.0290237327012242	0.0756778945477846	-4.38897448995444
ENSMUSG00000028542	0.0896409669962912	7.13701629212738	2.06623637571538	0.0388527812989924	0.0950759819678662	-4.3925237977893
ENSMUSG00000053329	-0.0863170083137303	7.20965747777956	-2.12080696181818	0.0339825838153735	0.0857497491854289	-4.39270947264373
ENSMUSG00000036634	0.122461955299041	7.04767530292106	2.06472700658145	0.0389955094267105	0.0953369205255824	-4.3952578435872
ENSMUSG00000026315	-0.117430749674501	7.1649523997675	-2.12382233972391	0.0337294175038118	0.085319376704219	-4.3952958250421
ENSMUSG00000003934	0.0782146207894296	7.17947399838449	2.06861528906442	0.0386287291086196	0.0945815076659899	-4.39594743916989
ENSMUSG00000031201	0.115396729866638	7.38486311107137	2.16616796190555	0.0303410865949398	0.0784565486274841	-4.39743605732447
ENSMUSG00000071662	-0.100929896780768	7.10481959326973	-2.08015929698221	0.0375570185205907	0.0927414038356481	-4.39757307283781
ENSMUSG00000026005	-0.136819814574144	6.74759088212559	-2.08751000748581	0.0368878735608114	0.0913440591371559	-4.39811855960122
ENSMUSG00000027287	0.0537541784740201	7.19289154270962	2.07239670607198	0.0382748461482505	0.0941022132906847	-4.39907278868668
ENSMUSG00000055024	0.102895689143989	7.36070017961197	2.15140257922253	0.0314877622549753	0.0807043428821723	-4.40273585339918
ENSMUSG00000023088	0.0464703570819047	7.57293014002366	2.37486931833826	0.0175891937847381	0.0508227157426156	-4.40308493068706
ENSMUSG00000032297	-0.0777010600829433	7.07255188290106	-2.06866149031156	0.0386243886507851	0.0945815076659899	-4.40323927820579
ENSMUSG00000019920	0.106636212671912	7.26439868303766	2.0867015378952	0.0369609690327027	0.0914904531246253	-4.4039825202021
ENSMUSG00000087524	0.0721065384766737	7.40113224139612	2.216362067257	0.0267073988025197	0.0709091999843009	-4.40531052034966
ENSMUSG00000059734	-0.0601414914589231	7.22416631500392	-2.12075666872472	0.0339868200827368	0.0857497491854289	-4.40548278186293
ENSMUSG00000081249	-0.0644655718930567	7.28557642404735	-2.12771259555967	0.0334051826780439	0.0846575012816396	-4.40603141329904
ENSMUSG00000027175	0.0749957166091395	7.29654778090861	2.11661459269254	0.0343372673378731	0.0865005780233663	-4.40632854994509
ENSMUSG00000092035	0.0612022296501671	6.59452056112559	2.1284285389669	0.0333458036306106	0.0845233806644634	-4.40682406547839
ENSMUSG00000047417	0.0601003762523771	7.43426700505994	2.24587544885587	0.0247514454348914	0.0666761159739914	-4.40771761073579
ENSMUSG00000084915	-0.0554993250260489	7.38486050189116	-2.18950488439246	0.0286019498259699	0.0749363072086448	-4.40783921633539
ENSMUSG00000042462	-0.0680999399160589	7.37405829210281	-2.20833405082599	0.0272620096544638	0.072162197815657	-4.40816164523232
ENSMUSG00000021824	0.0924721922151193	7.13111689446034	2.05588548295388	0.0398405540273667	0.0970043766647358	-4.40848005867284
ENSMUSG00000055204	0.093341901480219	7.17063200939263	2.07022551329644	0.0384776981142023	0.0943841298874789	-4.410163456923
ENSMUSG00000044528	-0.0992743571194854	6.98131526363728	-2.05785576673896	0.0396509067117231	0.0966684675362902	-4.41048197284238
ENSMUSG00000035164	0.123561141450524	7.05162489995275	2.05596051696223	0.0398333176426357	0.0970043766647358	-4.41058062189384
ENSMUSG00000083563	0.0551981683254663	7.31442833142701	2.11754487073059	0.0342582918195467	0.0863182364321604	-4.41064001176637
ENSMUSG00000074582	0.0878785665367818	7.1768609307029	2.06802300449113	0.0386844090666381	0.0946824235371893	-4.41185813702288
ENSMUSG00000062040	0.109553525447873	7.12994463306585	2.05751655027944	0.0396835028679151	0.0967299235797327	-4.41599421104688
ENSMUSG00000062963	0.0597622302119794	7.41118089902084	2.22334193099861	0.0262331469836271	0.0699432870699339	-4.41640184016053
ENSMUSG00000003469	-0.103399109063608	7.34752022087476	-2.25093394712954	0.0244289687553313	0.0659703091882833	-4.4167555049038
ENSMUSG00000036822	0.114299890193058	7.12488571105619	2.05383956252032	0.0400382958631803	0.0974133747334616	-4.41682223620475
ENSMUSG00000036968	0.08745985990807	6.8596591900623	2.07445477899496	0.0380834031462516	0.0937547788624907	-4.41895362806958
ENSMUSG00000018830	0.118969011017973	7.20228553605941	2.06169689519014	0.0392833863161862	0.0959332388829526	-4.41922524438753
ENSMUSG00000020776	-0.0801686384605693	7.29255727554388	-2.1422238989145	0.0322191590666005	0.0823210832357403	-4.41944510072529
ENSMUSG00000035529	0.123941763894022	7.27424558513542	2.1089119845958	0.0349971752423234	0.0877577127509094	-4.4200448143358
ENSMUSG00000029681	-0.0961097996704678	7.18161060142136	-2.08014394513763	0.0375584267595941	0.0927414038356481	-4.42013202759118
ENSMUSG00000069729	0.0936159002956591	7.08735074691202	2.04981466862189	0.0404297403850394	0.0982015141226226	-4.42102161166134
ENSMUSG00000027618	-0.0752223664618361	7.16056740338988	-2.07678956309627	0.0378672070533371	0.0933454104203144	-4.42165241540538
ENSMUSG00000033228	0.137204858645276	6.98085110658659	2.0557371675465	0.0398548610551958	0.0970211678941285	-4.42384761007864
ENSMUSG00000024970	-0.100923928868053	7.11235174866464	-2.07146352321227	0.0383619206059138	0.0942278169929875	-4.42391294820729
ENSMUSG00000038244	-0.0974580793225908	7.09503680309277	-2.07214702349312	0.0382981273213592	0.0941375418940594	-4.42468136459319
ENSMUSG00000030880	0.0867475738736418	7.21125646261724	2.0635399856774	0.0391080685437608	0.0955407414396187	-4.42526452292535
ENSMUSG00000043079	-0.0946211281979661	7.08801612382692	-2.07151559053883	0.0383570578172042	0.0942278169929875	-4.4269775508658
ENSMUSG00000030917	-0.0834572607646846	7.23210157293288	-2.11326045204686	0.0346233088233894	0.0870871006946808	-4.42878462916477
ENSMUSG00000029528	0.0746855241409001	7.28691374456338	2.08771001755884	0.0368698092337872	0.0913338774813136	-4.43014765415046
ENSMUSG00000028382	0.111395303024416	7.36116164941606	2.11820596445602	0.0342022630006794	0.0862102478253552	-4.43073300131315
ENSMUSG00000046962	-0.106105079815226	6.89201904301518	-2.05534559524241	0.0398926544569071	0.0970951165922713	-4.43077290115951
ENSMUSG00000026452	0.121252500050064	7.03060908768902	2.04564543559634	0.040838640408662	0.0989743576879309	-4.43119706745764
ENSMUSG00000000787	0.0964575821928193	7.40308234545861	2.16656988828467	0.0303103815174485	0.0784081238542652	-4.43162926078154
ENSMUSG00000023074	0.0886860190955989	7.36998828897907	2.14437550236123	0.0320464158978028	0.0819917289298485	-4.43186669401748
ENSMUSG00000056185	-0.114205233121565	7.23072920304951	-2.10963560482517	0.0349347227576071	0.0876514738103856	-4.43270934719405
ENSMUSG00000060240	-0.077569392011184	7.36465910351812	-2.21152821142448	0.0270401632762025	0.0716474028763495	-4.43310441534822
ENSMUSG00000015806	0.109432238267224	6.9292637384265	2.05732569007201	0.0397018530997413	0.0967566382691387	-4.43324003665111
ENSMUSG00000017734	0.098741828884827	6.86914758512869	2.07036538201423	0.0384646028570973	0.094373796964977	-4.43363522585871
ENSMUSG00000020089	-0.0819888060599094	7.10311699539731	-2.06994479291336	0.038503992095194	0.0943841298874789	-4.43389088298264
ENSMUSG00000043801	0.107422385760947	7.32429588798758	2.14214555340721	0.0322254641283747	0.0823211270963281	-4.43527040282969
ENSMUSG00000060073	-0.0844597735816652	7.01420409262197	-2.04445278279599	0.0409562534145453	0.0991888442452531	-4.43548090380149
ENSMUSG00000034105	-0.0862086838446663	7.12899310392678	-2.0589019755641	0.0395505170174419	0.0965315750917876	-4.43617119932292
ENSMUSG00000102697	0.109721830340793	7.32093330809167	2.14640693729088	0.0318840499244324	0.0816401293977447	-4.43648599025987
ENSMUSG00000057778	0.129215599688245	7.16054199862005	2.05112021069789	0.0403024146145992	0.0979649484096422	-4.43810329878223
ENSMUSG00000063445	0.0907155526517611	6.98083446288891	2.04765717276872	0.0406409024806224	0.0986046507183671	-4.44029826612558
ENSMUSG00000054252	0.139525045112539	7.07992382204385	2.04228863930433	0.041170402765293	0.0995572428894008	-4.44109575700291
ENSMUSG00000028410	-0.071272536416787	6.68132102124019	-2.0734911503385	0.0381729387393875	0.0939398710481318	-4.44142837867732
ENSMUSG00000027601	0.0873133320998676	7.0659351599931	2.03918798659319	0.0414788758841934	0.100155190534094	-4.44145366448388
ENSMUSG00000021268	-0.0893048843482012	7.30025502953588	-2.14133350692103	0.0322908780300164	0.0824399717568204	-4.44165720083024
ENSMUSG00000034445	0.117038918636156	7.17404940135416	2.056932235629	0.0397397044610547	0.0968128416085091	-4.44182665209394
ENSMUSG00000021993	-0.0874663789346695	7.28703124528574	-2.15643643656889	0.0310927252636214	0.0800051020344599	-4.4438350870583
ENSMUSG00000024789	-0.0763665675385079	6.58557255443301	-2.10523393387007	0.035316087565938	0.0883712191156844	-4.4438877796454
ENSMUSG00000037685	0.136315407639354	6.94858715549406	2.04317882782442	0.0410822009890596	0.099399034438878	-4.44391885657426
ENSMUSG00000029924	0.0812130622880716	7.01766414199656	2.03763150421265	0.0416344614855086	0.100438247607938	-4.4446238393269
ENSMUSG00000035934	-0.0740814964209155	7.32610247106991	-2.15824503843507	0.0309518360901658	0.0797496376049414	-4.44527918945201
ENSMUSG00000080574	0.0731830457735025	7.4385785042667	2.2115484316855	0.0270387638833725	0.0716474028763495	-4.44554652001242
ENSMUSG00000001441	-0.0987958997147134	6.815886614577	-2.0513582364057	0.040279237348823	0.0979274482033115	-4.44581114084219
ENSMUSG00000072847	-0.0893998914736276	6.86918563213674	-2.04402240914068	0.0409987649816532	0.0992705439503983	-4.44952327545909
ENSMUSG00000029366	0.0842084958564326	7.27433187934548	2.09270663938752	0.0364209686089887	0.0904959804571798	-4.44954757795472
ENSMUSG00000054428	-0.0898390420720725	7.23063248657027	-2.09971032669625	0.0357996809817097	0.0893592799642598	-4.45030669370172
ENSMUSG00000038170	-0.0912114638920762	6.90101795159448	-2.0416122207118	0.0412375310009248	0.0997011552842304	-4.45152685558599
ENSMUSG00000022537	0.127264157737236	7.30362963101133	2.10107361529049	0.0356798025962721	0.0891110216692855	-4.45253598106725
ENSMUSG00000024268	-0.0873835679852926	7.28986061548305	-2.12481155852693	0.0336467164999442	0.0851377681517722	-4.45379537889264
ENSMUSG00000040857	0.0668431959832629	7.3351296267302	2.12532704557894	0.0336036893729197	0.0850782249604069	-4.45515727972606
ENSMUSG00000063785	-0.0825148397444782	6.91823059010459	-2.03935843590919	0.0414618677687366	0.100132590449788	-4.45782945359636
ENSMUSG00000001674	0.108512316115174	7.22826893198844	2.05828627453586	0.0396095708744077	0.0966158275848512	-4.45792048416875
ENSMUSG00000021303	0.123851557640513	7.04578897697541	2.03274520844529	0.04212610926571	0.101362805092203	-4.45795192194824
ENSMUSG00000021973	0.10793652973406	6.92669566490587	2.04850791337773	0.0405575259448686	0.0984570980289672	-4.45909071998469
ENSMUSG00000024002	-0.0994725871194708	7.05661646289139	-2.03578348170778	0.0418198308533981	0.10081112604174	-4.45964681808243
ENSMUSG00000086288	-0.0813672488481565	7.26908057842953	-2.09130402949305	0.0365464907131638	0.0907007297118864	-4.45975884586238
ENSMUSG00000044519	0.118408291072682	6.95077175148368	2.04293265754637	0.0411065760319298	0.0994396329286817	-4.46018656829742
ENSMUSG00000032235	0.0911694032309498	6.97079027351531	2.03426563318036	0.0419726037202105	0.101086336995032	-4.46092033958895
ENSMUSG00000031516	-0.0826932226235391	7.22202055921137	-2.07309288880893	0.0382099954776204	0.0939957273192421	-4.4621593751132
ENSMUSG00000072770	-0.0811439896035049	7.05739311150104	-2.03177236739043	0.0422245785869984	0.101562407286604	-4.46243091088415
ENSMUSG00000031221	0.0989093496719278	7.18917677516319	2.03963028082398	0.0414347542182161	0.100085572366215	-4.46285436774793
ENSMUSG00000042229	0.105477894797893	7.04722680786011	2.0295779455935	0.0424474096622061	0.101967245375707	-4.46296140861788
ENSMUSG00000031730	0.0909051795669811	7.31251154816682	2.1119564666352	0.0347350611628758	0.0872843417935451	-4.46392743009615
ENSMUSG00000031403	-0.130141524637162	6.76016511044145	-2.0519282217648	0.0402237821431419	0.0978283031428597	-4.4658594248733
ENSMUSG00000028114	-0.132146315201676	7.03217419463339	-2.03001262952727	0.0424031911288607	0.101917124703331	-4.46649448882894
ENSMUSG00000029094	0.107455779169006	7.22748612009571	2.04444069734782	0.0409574466842223	0.0991888442452531	-4.4667178644946
ENSMUSG00000042046	0.089222228682666	6.90463035068788	2.03870438903426	0.0415271633575906	0.100234812440556	-4.46808776036032
ENSMUSG00000040105	-0.10388140896045	7.13907448802274	-2.06603782628746	0.0388715310259056	0.0950870859848947	-4.46895098917192
ENSMUSG00000021368	0.0447769562917086	7.60103072556797	2.38214011297817	0.0172460704865453	0.0500227457464557	-4.46960661094974
ENSMUSG00000029554	-0.100734116028563	7.28875140146392	-2.08641768097885	0.0369866623936126	0.0915367455684642	-4.46984525779244
ENSMUSG00000030008	0.0628434069242561	7.37682156917473	2.16745281194669	0.0302430245107554	0.0782802840835923	-4.46985126065496
ENSMUSG00000057716	0.0916004680211708	7.1603596933857	2.03527824191343	0.0418706313497461	0.100880817705344	-4.46989538706817
ENSMUSG00000026576	-0.0890657555586332	7.29210062145834	-2.13827067911427	0.0325386273215311	0.082943089737828	-4.47097249413165
ENSMUSG00000031446	0.0976178975582158	7.33676812942694	2.10714998472855	0.0351496445677943	0.0880460434314123	-4.47115423765779
ENSMUSG00000074968	0.0797582683997193	7.33351533804207	2.11155842202837	0.0347692351532314	0.0873366896826756	-4.47345213966394
ENSMUSG00000086555	0.0557187703674735	7.49214585368408	2.28797310067302	0.0221767820579586	0.0611207860091885	-4.47473927886428
ENSMUSG00000022295	-0.0577547050820169	7.23758073453522	-2.0942206288575	0.0362858915473609	0.0902974514613283	-4.47490171666807
ENSMUSG00000032012	-0.128514057258299	6.90854366056851	-2.02626822591664	0.0427853743064937	0.102628457387434	-4.47502150607199
ENSMUSG00000031342	0.110800925788379	6.93535326230193	2.03416133012848	0.0419831192451648	0.10109306550629	-4.47539492826532
ENSMUSG00000064329	0.10831491030647	7.20050756655732	2.0462038957983	0.040783666560775	0.0988960479002901	-4.47547624898554
ENSMUSG00000026778	0.121370107957643	6.96415211265096	2.03654179391548	0.0417436825553766	0.100646094293737	-4.47580285659223
ENSMUSG00000028986	-0.0911324202315393	7.21947874259333	-2.07812948896638	0.0377436050014916	0.0930933075884566	-4.47602344351716
ENSMUSG00000038014	-0.0835287431667044	6.70722540908174	-2.06204159937556	0.0392505468380038	0.0958709252244674	-4.47626849649225
ENSMUSG00000045087	0.1135206157381	7.02986275799824	2.0263498601865	0.042777011113854	0.102627199835546	-4.47639162805338
ENSMUSG00000024560	-0.0959848928830676	7.26897058982745	-2.08577782808054	0.0370446345989556	0.0916455699488901	-4.47672323718633
ENSMUSG00000034263	-0.0956728705374603	7.13789720814461	-2.0331385189499	0.0420863542513465	0.10130438497125	-4.47769732549443
ENSMUSG00000074238	-0.0826825005298515	7.15299432406981	-2.04567012111756	0.0408362090827592	0.0989743576879309	-4.47790991667219
ENSMUSG00000039018	0.0748907774956704	7.32562945659983	2.13818883433299	0.0325452699493669	0.0829438727228172	-4.47848299874003
ENSMUSG00000087819	-0.0749645606768308	7.28257901075729	-2.11947965183354	0.0340945366561485	0.0859883787135996	-4.47864367608359
ENSMUSG00000036291	-0.1051882506071	6.76507501476655	-2.04683171937778	0.0407219396224491	0.098764659788274	-4.48172264997579
ENSMUSG00000033595	0.0712486767076221	7.14513144088963	2.02224127495059	0.0431996435702564	0.103282421986007	-4.4823493111205
ENSMUSG00000086544	-0.0868692193115601	7.23406551280786	-2.08206633656264	0.0373824332057752	0.0923939617764789	-4.48285755465177
ENSMUSG00000050954	0.0917846144158663	7.06773233242229	2.01830758501478	0.0436075872801511	0.104079108368244	-4.48290421557376
ENSMUSG00000025049	0.0836750247894535	6.99041991190245	2.02421322565601	0.0429963590556185	0.102972112432816	-4.48294993072718
ENSMUSG00000018379	-0.0574080918736106	7.21613002694681	-2.04519450579096	0.0408830749772045	0.0990546128748893	-4.48336777080323
ENSMUSG00000036197	0.0830216089576439	7.21511515982433	2.03493060080388	0.0419056160577262	0.100943574135741	-4.48354648010598
ENSMUSG00000029191	-0.0768328263794436	7.00202376769988	-2.01928614000394	0.0435058032238127	0.103899667239357	-4.48472550554996
ENSMUSG00000085408	-0.0733382430683429	7.37503582771946	-2.20083184981975	0.0277892524655749	0.0732320638645948	-4.48480530884708
ENSMUSG00000051502	0.0819297433683124	7.39459053489676	2.17281483898327	0.0298367199213012	0.0774429693119894	-4.48494820605684
ENSMUSG00000041775	-0.0820563058517383	7.05758892993671	-2.02036994557385	0.043393305925228	0.103668825031585	-4.48520838251545
ENSMUSG00000039230	0.0589429213939825	7.45264620039439	2.19487187538066	0.0282143564513592	0.074069050463444	-4.48622221549777
ENSMUSG00000078652	-0.117630779957178	7.19959107704706	-2.07825756382026	0.0377318086768701	0.09308174848268	-4.48623102288131
ENSMUSG00000021226	0.0883653974322227	7.12096444591008	2.01819316700754	0.0436195015559047	0.104079108368244	-4.48639095786672
ENSMUSG00000020288	-0.0578746143888145	6.78558613587463	-2.03896929760791	0.0415007062018577	0.100189423860358	-4.48716566310666
ENSMUSG00000062127	0.0951372274221498	7.05616935466956	2.01665838227182	0.0437795837744911	0.104268202797096	-4.48762243766101
ENSMUSG00000065089	0.113569394437378	7.28333901446845	2.09729581514905	0.0360128400479218	0.0897373623729335	-4.48865175156818
ENSMUSG00000034171	-0.0536158969921408	7.52889601110419	-2.34333346299113	0.0191476520476716	0.0543455781447709	-4.48986028366148
ENSMUSG00000040183	-0.0723902253100208	7.09539134775733	-2.02232054626878	0.0431914560012811	0.103282421986007	-4.49013982215352
ENSMUSG00000007646	-0.0849774954251465	6.97307296388017	-2.01793259690513	0.0436466448215328	0.104084130055284	-4.49020899366756
ENSMUSG00000004846	-0.0948756770087078	7.03002828580794	-2.01651244758698	0.0437948309620395	0.104277564627063	-4.49032964337808
ENSMUSG00000097967	0.104628538291039	7.05846310105187	2.01588004770807	0.0438609556482526	0.104367072218634	-4.49070972840351
ENSMUSG00000029787	0.115358506574774	7.05442090450553	2.01510842342454	0.0439417520449861	0.104505822669515	-4.49104020700308
ENSMUSG00000070366	-0.0904047419047691	6.94037527399198	-2.01801092270065	0.0436384842206037	0.104083628241236	-4.49147498859217
ENSMUSG00000059273	0.037066219880713	7.47521337497471	2.22276289498203	0.0262722111679908	0.0700235726000275	-4.49300884703808
ENSMUSG00000025790	-0.0733372315324434	6.88009032075726	-2.0255185634483	0.0428622397116644	0.102749327072647	-4.49316011678028
ENSMUSG00000030400	-0.0812430646139113	7.38008452445135	-2.1720685953728	0.0298929834073642	0.0775582518369425	-4.49355576524794
ENSMUSG00000033316	-0.0814771933512137	7.05493925600888	-2.02418337671807	0.0429994300848003	0.102972112432816	-4.49442040417533
ENSMUSG00000040452	0.0895104403168494	7.38002250637813	2.13200039883987	0.0330509078314117	0.0838895861436297	-4.49563937854267
ENSMUSG00000031442	-0.0982364571288752	6.91172896279305	-2.01522728703655	0.0439292977111587	0.104505822669515	-4.49566159412889
ENSMUSG00000001098	-0.068259073319588	6.82148932814403	-2.02446284786241	0.0429706837569292	0.102940931700955	-4.49636393529903
ENSMUSG00000057322	0.0888056442414289	7.12454465062052	2.02147398561583	0.0432789611750739	0.103433398996727	-4.49739461529921
ENSMUSG00000070709	0.0856442616948687	7.43616119683406	2.1576697199559	0.0309965935398301	0.0798137584772139	-4.49786843257476
ENSMUSG00000039234	0.0812672038743463	7.2413114524296	2.04319442280999	0.0410806572329894	0.099399034438878	-4.49800382557548
ENSMUSG00000091507	0.075003673546191	7.32400780629404	2.09181235650478	0.0365009570748894	0.0906431202626048	-4.49836517596147
ENSMUSG00000025981	-0.0762910046349612	6.71983660919729	-2.04817464439202	0.0405901705581255	0.0984998170429989	-4.49873059620096
ENSMUSG00000032452	0.0895424044911168	7.32448954419721	2.12197861347428	0.0338840214417826	0.085589351479031	-4.49942736442012
ENSMUSG00000031239	0.100187658870371	7.21090797492877	2.0191612074567	0.0435187868505905	0.103911719395939	-4.49997439994907
ENSMUSG00000023232	-0.0993933118959429	7.170737048567	-2.04757767446181	0.0406487011039496	0.0986052982866237	-4.50173045323724
ENSMUSG00000036438	-0.0688971379688059	7.38230102421065	-2.18744462991544	0.0287519510497183	0.0752239294849945	-4.50180604457047
ENSMUSG00000013236	0.0897373473138314	7.37257952420644	2.16142182287244	0.0307056930333501	0.0792740944966712	-4.50194817661442
ENSMUSG00000024772	0.0732235115214488	7.0922484543315	2.01008432327477	0.044470902381284	0.105549864752678	-4.50213250540374
ENSMUSG00000019737	-0.125521141001278	7.03689584909491	-2.01991781336254	0.0434402066107789	0.10376193850544	-4.50313105129993
ENSMUSG00000021022	0.0678096451979693	7.0843410630705	2.01107699684073	0.0443659273758067	0.105358012190107	-4.50314332351197
ENSMUSG00000021366	0.0961534452168511	7.2438969144592	2.04820467795276	0.0405872277751158	0.0984998170429989	-4.50324274111956
ENSMUSG00000032477	0.117784236453743	7.02290755353529	2.00928450810088	0.0445556350820924	0.105712644888502	-4.50337537028543
ENSMUSG00000034453	0.0854686448263031	7.41038946890805	2.15578694506036	0.0311434545047553	0.08008841217369	-4.50375364788803
ENSMUSG00000031880	0.108381142571528	7.00385666210387	2.00743845552655	0.0447517268047515	0.106043367842137	-4.50525462967861
ENSMUSG00000025410	-0.0860182135735306	7.37585845354919	-2.17818157454426	0.0294347678232938	0.0765970940851843	-4.50704641115387
ENSMUSG00000074576	0.0956379778249437	7.16739741695708	2.02262569346691	0.0431599509958419	0.103262075737859	-4.50731302497261
ENSMUSG00000028070	0.048929015346828	7.29360413563381	2.06580497465481	0.0388935298273894	0.0951231258173328	-4.50817847702988
ENSMUSG00000061315	-0.109587065968506	7.0212376825773	-2.00731904941434	0.0447644354145182	0.106054286725818	-4.5091150155165
ENSMUSG00000042473	0.0983738258928817	6.95071021789642	2.01082755444804	0.0443922861568163	0.105401489003453	-4.50976980373985
ENSMUSG00000040102	0.126325320838154	7.18667331794634	2.01802398657262	0.0436371232485221	0.104083628241236	-4.51030400744792
ENSMUSG00000020321	-0.0832867228430771	7.21657102578144	-2.08906662642235	0.0367474830768673	0.0910825536619361	-4.51104441570645
ENSMUSG00000055421	0.0815526432732137	7.22030784248061	2.0216823502002	0.0432574095739942	0.103400767964713	-4.51141509765897
ENSMUSG00000042195	0.0755962264884422	7.39196653162569	2.13538027076029	0.0327739216423345	0.0833805250955	-4.51181493661713
ENSMUSG00000039661	-0.102021450832634	7.18584044050575	-2.02573440444174	0.0428400968501378	0.102722078381319	-4.51317082213479
ENSMUSG00000037935	-0.106034659081584	6.70475772758059	-2.05013750736224	0.0403982231408603	0.0981642005039946	-4.51356482855375
ENSMUSG00000024941	-0.136073353408991	7.03205789690199	-2.01365517305135	0.0440942624803738	0.104820402337166	-4.51498992707439
ENSMUSG00000028692	-0.0557219045685535	7.37993468821949	-2.18675452621768	0.028802346781174	0.0752955918648422	-4.51601699822003
ENSMUSG00000074457	0.113188616881259	7.1453097452436	2.00286733827258	0.0452404166728723	0.107007684748192	-4.51801788355091
ENSMUSG00000020334	0.0714311739163547	7.17460678043881	2.01705203942653	0.0437384770185146	0.104210640077378	-4.51892900091772
ENSMUSG00000038949	-0.0707499769358684	6.75619510762146	-2.03052934917012	0.0423506781609744	0.101847001925694	-4.51897945820832
ENSMUSG00000039004	0.099065065580894	7.32826695414351	2.0641932167489	0.0390460918812239	0.0954427623056355	-4.52006304420098
ENSMUSG00000078117	0.0746042115143197	7.27941203021846	2.06884462170451	0.0386071881264606	0.0945641360059162	-4.52034617923961
ENSMUSG00000027422	0.0996773078976885	7.02453154992028	2.00418983216299	0.0450985707851221	0.106730023268044	-4.52131929631142
ENSMUSG00000038550	0.102186529046612	7.40647190568241	2.15614136819351	0.031115763100343	0.0800329215146739	-4.52135711762283
ENSMUSG00000003573	0.0978903356223446	6.96435393389255	2.00767826711552	0.0447262124169407	0.106030464682671	-4.52578314418486
ENSMUSG00000059974	-0.0719529322183536	7.42153861233787	-2.18621824668874	0.0288415618120325	0.0753324881694446	-4.52640003065718
ENSMUSG00000060012	0.0994187574921108	6.97821017083646	2.0036604872572	0.0451553013123569	0.106825660423089	-4.52659592189918
ENSMUSG00000031523	-0.0779513074503555	7.13220763109413	-2.01708095957649	0.0437354583834575	0.104210640077378	-4.52665586070535
ENSMUSG00000045211	0.0504686233104108	7.48878151990184	2.25732836409917	0.0240265445494185	0.0651253667165605	-4.52667290122455
ENSMUSG00000034345	-0.0765416922426958	7.23362205048178	-2.05841716711112	0.0395970102867619	0.096609030688462	-4.52684207906685
ENSMUSG00000039632	-0.102483558254964	7.05160157518698	-2.00104051989075	0.0454369731638533	0.107401683806565	-4.52718669751345
ENSMUSG00000001829	-0.0787111265111609	6.97495695390168	-1.99541900766303	0.046046341471346	0.108502286274813	-4.53041386063327
ENSMUSG00000032185	0.0564259006278718	7.37111649358524	2.12728344791317	0.033440818763246	0.0847150153344459	-4.53083508479584
ENSMUSG00000028004	-0.0881203836139619	7.24405840998807	-2.07064980349982	0.0384379854834915	0.0943261679381201	-4.53088326018428
ENSMUSG00000044060	-0.116839747510501	6.98036216320464	-1.99671035294612	0.0459057547406465	0.10822945093905	-4.53143033696455
ENSMUSG00000030082	0.116839682618104	6.88092563610083	2.00854126803696	0.0446344962860053	0.105880562670118	-4.53240410361663
ENSMUSG00000034361	0.0649705440472843	7.14872827370376	1.99744059464961	0.045826414678257	0.108108323800362	-4.53279582254119
ENSMUSG00000021223	0.046270999756957	7.29440281491209	2.06037886397472	0.0394091685630989	0.0962224608034484	-4.53366378078537
ENSMUSG00000026890	-0.0882579092775142	7.11840343998202	-2.01634186530957	0.0438126590039169	0.104290060305324	-4.53385013513279
ENSMUSG00000030284	-0.122376404907762	7.02827688045863	-2.00038957634311	0.0455071851720698	0.107502718923266	-4.53449462865951
ENSMUSG00000024036	0.0661379329147849	7.46893246232804	2.21139093180402	0.0270496657031421	0.0716565941449949	-4.53620045312869
ENSMUSG00000098557	0.0872718736364968	7.23386264712537	2.01150982154991	0.0443202217854545	0.105268567419298	-4.53723537262721
ENSMUSG00000056629	-0.0947086019275423	7.06919023685249	-2.00045926302043	0.0454996642658296	0.107502718923266	-4.53754029810815
ENSMUSG00000040506	0.0724853788105158	7.44371624263236	2.19613984982184	0.0281234498386635	0.073904497247648	-4.53796528633149
ENSMUSG00000040424	0.124625448259141	7.11599172715166	1.99821079735895	0.0457428581282194	0.107981517961531	-4.53801864309484
ENSMUSG00000033253	0.0639953569007066	7.45810107872939	2.1962283077405	0.0281171173378534	0.0739026902604249	-4.53898566770878
ENSMUSG00000018501	0.100909067197463	7.258310114287	2.0283373933391	0.0425738203220218	0.102195903127229	-4.53934083064648
ENSMUSG00000021737	0.0864913742654636	7.04745990028289	1.98888915014577	0.0467628027571051	0.109953055620693	-4.54208436994564
ENSMUSG00000020349	-0.0615788383523395	7.29938272118916	-2.07703057166121	0.0378449497443504	0.093308113380986	-4.54235927100055
ENSMUSG00000026841	0.0914460308017038	6.96750670301514	1.99067769622231	0.0465656350599816	0.109587865217559	-4.54282052245617
ENSMUSG00000002190	-0.0629795568439553	7.36217550024465	-2.12557717119838	0.0335828286357654	0.0850418554157524	-4.54370089483273
ENSMUSG00000028093	-0.0995467968449493	7.17952356199512	-2.01447629127367	0.0440080359206196	0.10464097462273	-4.54381505131623
ENSMUSG00000006611	0.0873798238444046	7.04364202602644	1.987849806192	0.0468777015817358	0.110144089933253	-4.5439065084052
ENSMUSG00000023911	0.0612275564849982	7.35017031055531	2.09130123304058	0.0365467413405787	0.0907007297118864	-4.54420566871152
ENSMUSG00000060743	0.0890790864164401	6.92898483047108	1.99733515704641	0.0458378632306607	0.108108323800362	-4.54432412785158
ENSMUSG00000084616	0.0985727966563967	7.20603389537432	2.00764187275642	0.0447300837490369	0.106030464682671	-4.54459365942314
ENSMUSG00000027570	0.0918224727282917	7.08378160551142	1.98666526309083	0.0470089416960975	0.110353427413539	-4.54459838228077
ENSMUSG00000029142	0.0844910686195632	7.21900674800004	2.02785667224942	0.04262289071224	0.102276188637215	-4.5450974036498
ENSMUSG00000026610	0.104452514513698	7.30298255745976	2.03537916805885	0.0418604793247392	0.100880817705344	-4.54562750773666
ENSMUSG00000029001	-0.0774605046565418	7.31705202429552	-2.11833835225771	0.0341910523283764	0.0861985859971316	-4.54659703722331
ENSMUSG00000040620	0.071648584807841	7.30046364353137	2.05957995447673	0.0394855763825323	0.0963910434458537	-4.54700657826567
ENSMUSG00000022793	-0.107382068418445	7.0108491627338	-1.98688383249144	0.0469847023113512	0.110316306072491	-4.54949806523473
ENSMUSG00000024790	0.113503737017183	7.11886235996412	1.99986110898246	0.0455642539102971	0.107618115135055	-4.55007024308921
ENSMUSG00000036333	0.10626512450549	7.01317304956979	1.98388697319481	0.0473179726153389	0.110919766782456	-4.55092447097535
ENSMUSG00000030733	-0.0919489638871331	6.87416120343521	-1.98875050726541	0.0467781159261717	0.109969311134035	-4.55122926972854
ENSMUSG00000043456	0.0922257253053367	6.98074952735359	1.98990007053519	0.0466512736434221	0.109749950501291	-4.5523378147701
ENSMUSG00000020876	-0.115525368177084	7.18733318919608	-2.05338207475191	0.0400826266179144	0.0975031117951943	-4.55266221382407
ENSMUSG00000006154	0.121661246716614	6.97247077735719	1.98891593300522	0.0467598450644609	0.109953055620693	-4.55267946052757
ENSMUSG00000010054	-0.0800920786988915	7.20999352031046	-2.04022377389215	0.041375611975148	0.0999980638690487	-4.55272350374216
ENSMUSG00000022105	0.0926061098875781	6.86572930472998	2.00748303698231	0.0447469826998081	0.106043367842137	-4.55367946547627
ENSMUSG00000034684	0.0343309645011862	7.32581094834979	2.06381762157323	0.0390817170543243	0.095494184336546	-4.5550678422514
ENSMUSG00000024403	-0.0809901002614177	7.40234843272473	-2.19323677139879	0.0283319580018573	0.0743330649619871	-4.55624292228626
ENSMUSG00000031701	-0.0707826942271739	6.95401167401296	-1.98127413163758	0.0476101581343391	0.111464983958292	-4.55744471633635
ENSMUSG00000019802	0.112346845481507	7.1551228634516	1.98818637117112	0.0468404685489027	0.110076362276474	-4.55751818122223
ENSMUSG00000069601	0.0954050671880786	7.28243775958907	2.02523359597028	0.0428914889971499	0.102770017194489	-4.55765524041924
ENSMUSG00000037224	0.0948665013549457	7.50021878332908	2.26796544164497	0.0233698479158623	0.0636352015213123	-4.5585109993737
ENSMUSG00000047658	-0.0781323315362465	7.29314686835388	-2.09477958998099	0.0362361295005902	0.0902079116603398	-4.55974152407935
ENSMUSG00000003380	0.079432077107171	7.38169765986142	2.13614507451582	0.0327115212726643	0.0832865104048465	-4.56199651363702
ENSMUSG00000074030	0.0981291873910752	7.14809472845665	1.99291389212361	0.0463201038882365	0.109088469167978	-4.56228280602807
ENSMUSG00000021270	-0.0815164114230198	7.00420211013767	-1.97848104270006	0.0479241764106655	0.11203987813722	-4.56408822439341
ENSMUSG00000043419	0.0718413787721737	7.26553557495312	2.04330944119031	0.0410692730194788	0.099399034438878	-4.56544854904682
ENSMUSG00000001627	0.0561081391466836	6.7673595885171	2.00833593899725	0.0446563033981277	0.105913102189907	-4.56553488922588
ENSMUSG00000009090	-0.0675945836653327	7.50888098738166	-2.29836717137129	0.0215781570816876	0.0598266057842978	-4.56581920486148
ENSMUSG00000029547	0.0840538658613061	7.39671601382724	2.13556170200175	0.0327591094430017	0.083359040005399	-4.56585682271284
ENSMUSG00000070738	-0.0971063481321943	7.11889480384589	-2.01359314795621	0.0441007815970872	0.104820402337166	-4.56730119368595
ENSMUSG00000040016	0.0497179756478463	7.5353369179049	2.285138447034	0.0223425246869978	0.0615030137094565	-4.56807512926602
ENSMUSG00000045980	-0.0850080524242358	7.07390874967181	-1.98251726254596	0.0474709542161543	0.111198735480031	-4.56905813236252
ENSMUSG00000049516	-0.0901208850611903	6.9950914081303	-1.97593669809026	0.0482117426906165	0.11257145270297	-4.56907844034381
ENSMUSG00000074826	-0.083584845324812	6.80385288720615	-1.99647876211155	0.0459309410236875	0.108269333792243	-4.5698224092942
ENSMUSG00000027589	-0.0941634284205488	7.24720966174573	-2.02547064046738	0.0428671573839597	0.102749327072647	-4.57055755531826
ENSMUSG00000014763	-0.0889003640297998	6.91659083556249	-1.9760188679315	0.0482024331045357	0.11257145270297	-4.5716351938175
ENSMUSG00000048429	0.13353880713279	7.14991617710195	1.98937426997906	0.0467092542598261	0.109866610989875	-4.57288964545435
ENSMUSG00000020311	0.0735733466188737	7.4613296677582	2.15841602846745	0.0309385444593977	0.0797337448941801	-4.57361179205077
ENSMUSG00000022747	0.104470716952969	7.1894693691011	1.98111924482383	0.0476275261495291	0.111485065764235	-4.57416843111457
ENSMUSG00000021981	0.160519698006239	7.05932223655583	1.97365747477092	0.0484705743890621	0.113093457058443	-4.5743963331852
ENSMUSG00000005667	0.0891135346583356	6.89126217734061	1.98702140739737	0.0469694506244759	0.110316306072491	-4.57597234078679
ENSMUSG00000024446	-0.0920995712340078	7.17444469302247	-1.9924613442087	0.0463697048265277	0.109185643091529	-4.57597670345768
ENSMUSG00000073775	0.0808000275938241	7.31996593459533	2.07471414822854	0.0380593343772923	0.0937131475771133	-4.57739954156613
ENSMUSG00000037594	0.105067627157448	7.19401184241807	2.00457058647359	0.0450578020677676	0.106669177302151	-4.57932226884623
ENSMUSG00000037957	0.0673767611862708	6.95243992371911	1.9741402073924	0.0484156573941098	0.112987127736842	-4.58106376518535
ENSMUSG00000052133	0.0787875093908941	7.06555229521017	1.96661336591845	0.0492779027135607	0.114468825820784	-4.58293799351441
ENSMUSG00000005656	0.0890101544522892	6.90624047072048	1.98404979514093	0.0472998148058361	0.110897058638611	-4.58331509400081
ENSMUSG00000025139	-0.0617790503146249	7.33704713172122	-2.12137180535399	0.0339350371492103	0.0856851506957495	-4.58392158144331
ENSMUSG00000086965	-0.104860934053193	7.14173729740665	-1.98204215026597	0.0475241161042882	0.111283442682408	-4.58477280520259
ENSMUSG00000018651	-0.0738212014741881	7.28348828881108	-2.04327524009176	0.0410726578739609	0.099399034438878	-4.58491799964112
ENSMUSG00000100370	0.113843679732653	6.926085288451	1.98629869974301	0.0470496172578815	0.110409318720234	-4.58552604803309
ENSMUSG00000056258	0.0769917355286776	7.45339470417689	2.18647645532086	0.0288226747670695	0.0753186543014918	-4.58558606362592
ENSMUSG00000030616	0.0536784871080975	7.46771319791728	2.18549048409551	0.0288948524284323	0.075386888798931	-4.58581234331105
ENSMUSG00000026698	0.077664487706028	6.78446975523121	2.00450602434025	0.0450647127756033	0.106669177302151	-4.58629843301512
ENSMUSG00000096401	0.103913867194558	6.94763694267271	1.96852871731665	0.0490572741391252	0.114077767856026	-4.58632728693506
ENSMUSG00000060862	-0.0666368441858909	6.9017004567046	-1.97303969777878	0.0485409307306471	0.113158451767385	-4.58667734618151
ENSMUSG00000020142	-0.0836318970891616	7.00614220175655	-1.96704966281651	0.0492275727376087	0.114382340529601	-4.58886806819037
ENSMUSG00000005718	0.0668661537890562	7.27165252063971	2.0058283357327	0.044923351245935	0.106392278312551	-4.58902185990681
ENSMUSG00000052512	0.0800961751928657	7.32743729988173	2.02987991266316	0.0424166877115796	0.101930850866373	-4.58960619776936
ENSMUSG00000026527	-0.0807323122944874	7.52337277776887	-2.28502249679521	0.0223493271892516	0.0615088062984405	-4.59065196554393
ENSMUSG00000027276	0.103228069836781	7.21778658900619	1.97358787233304	0.0484784968692316	0.113093457058443	-4.59254712710247
ENSMUSG00000052516	0.123861226796634	7.34660667095391	2.05823433855109	0.0396145556427957	0.0966158275848512	-4.5929449502056
ENSMUSG00000044149	-0.0921495365715126	6.89447914533524	-1.96754174087744	0.0491708597846549	0.114301295507937	-4.59445827219947
ENSMUSG00000020653	0.0946508781574593	7.19954667476343	1.97319183369396	0.0485235965760477	0.113138188134215	-4.5960566514716
ENSMUSG00000047632	0.0623208058278433	7.52270018788724	2.19886417734498	0.0279289846677275	0.0735266655351887	-4.59620286833498
ENSMUSG00000021647	-0.0733539923141393	6.90525660813537	-1.96236949055868	0.0497697211187844	0.115426959944575	-4.59696289590101
ENSMUSG00000020282	0.0883880829008907	7.20238099585831	1.9846196403987	0.0472363121389253	0.110768009765863	-4.59706265371463
ENSMUSG00000070858	0.112442670147252	7.26746685057336	2.02965692551509	0.0424393724743554	0.101966647904984	-4.59767968775845
ENSMUSG00000030423	0.0862752538357752	7.19132593677003	1.97222171392626	0.0486342198651295	0.113315395350467	-4.59821592890799
ENSMUSG00000004393	0.0943531533240067	7.35892716827554	2.08752757696545	0.0368862864345909	0.0913440591371559	-4.59833418669304
ENSMUSG00000024913	0.125215069677004	7.04911501257213	1.96016406696424	0.0500269270502076	0.115818307505096	-4.59898600008605
ENSMUSG00000046707	0.0945587843994842	7.09725483847156	1.96924062550722	0.0489754813857338	0.11396853933559	-4.59956405879452
ENSMUSG00000021007	0.0791809173448899	7.48233442070952	2.20569571673581	0.0274464348455824	0.0725476933168514	-4.60037154733108
ENSMUSG00000006575	-0.094901807339383	7.22831340658849	-2.04263234291895	0.0411363288802746	0.0994932232958719	-4.6012060505647
ENSMUSG00000048988	0.084283605837852	7.0846397292308	1.96135408831131	0.0498880035548414	0.115639826936966	-4.60175639636591
ENSMUSG00000009575	0.1298056009838	6.86541667761695	1.9727189446583	0.0485774939394533	0.11322352691033	-4.60209099069141
ENSMUSG00000039536	-0.0939619076396783	6.93628020416309	-1.96049110424432	0.0499887163188312	0.115770789677364	-4.60211864126356
ENSMUSG00000069895	0.104830215328215	7.15774198560038	1.96401016037381	0.0495790995254703	0.11508680336657	-4.60269467776784
ENSMUSG00000021377	0.0964339290132532	7.30915326315362	2.0046515468883	0.0450491373569072	0.106669177302151	-4.60370118925413
ENSMUSG00000060216	-0.129055579722409	6.96870071429441	-1.95903683935271	0.0501588190288868	0.116041572490932	-4.60456514518299
ENSMUSG00000042790	-0.076615142533532	7.34492869986189	-2.08843125673296	0.036804731586508	0.091207182648223	-4.60485776628688
ENSMUSG00000048280	-0.0470511871499522	7.1862690920552	-1.97960767081616	0.047797304253437	0.111783191726688	-4.60510376900943
ENSMUSG00000090053	0.100765022581011	7.35719961770619	2.05644629382095	0.0397864956277052	0.0969088001410078	-4.60585082387623
ENSMUSG00000020167	0.0726997632355717	7.3560109430797	2.03979391487352	0.0414184407577909	0.100064629341391	-4.60642687771195
ENSMUSG00000021133	0.123419781518393	7.15896064335061	1.96884637457287	0.0490207636157437	0.114013117295668	-4.6076847673133
ENSMUSG00000041836	0.0845539526454413	7.31428028689838	2.02937471030001	0.0424680972977539	0.101998225980957	-4.60877714922862
ENSMUSG00000071793	-0.0931817680259197	7.11437159632394	-1.96701183547245	0.0492319346841051	0.114382340529601	-4.60964926210366
ENSMUSG00000001313	0.100244760435662	6.9760367253947	1.95677345768167	0.0504245279706069	0.116512163817717	-4.61170504494454
ENSMUSG00000033318	0.0492442229001053	7.55909458303731	2.25194588944811	0.0243648969372158	0.0658380249126995	-4.61199904629046
ENSMUSG00000051727	0.11865055783922	6.88484137844004	1.9837035911234	0.0473384302986793	0.11093793100033	-4.61222772717219
ENSMUSG00000020374	-0.0616060936335563	7.43580525965692	-2.19852655731274	0.0279530211994328	0.0735747795623189	-4.61315660886656
ENSMUSG00000104231	0.051866678493746	7.43131237410885	2.12375764782214	0.0337348319502677	0.085319376704219	-4.61320673103885
ENSMUSG00000037949	0.0645744315395413	7.3925093622368	2.07208838691598	0.0383035965222773	0.0941375418940594	-4.61501430964136
ENSMUSG00000029636	0.0738104272307067	6.82361538498249	1.97238403626869	0.0486156954167734	0.113292396652972	-4.6155545549415
ENSMUSG00000031683	0.111189363676653	7.0409584995036	1.9500127990402	0.0512252276759124	0.118028982881564	-4.61572407409277
ENSMUSG00000048755	0.0559962229036346	7.4830899524468	2.20687952932458	0.0273635510769615	0.0723578288627711	-4.61649083115801
ENSMUSG00000022514	0.0589203345978202	7.18688177763759	1.96025558376134	0.0500162318456066	0.115814026763828	-4.61743537473657
ENSMUSG00000022571	-0.116076555597189	6.93382279448591	-1.95260737242417	0.050916688769517	0.117504193437426	-4.61744781247432
ENSMUSG00000016494	0.0733592271992354	7.4983143554964	2.20740096651476	0.0273271116190085	0.072290673937373	-4.61837265978273
ENSMUSG00000020829	-0.105222424047012	7.0890413900661	-1.95928385443658	0.0501298919558485	0.11599514766454	-4.61862474490818
ENSMUSG00000100147	0.119872284157066	7.11959204270418	1.9475606323149	0.0515182696820339	0.118558127382174	-4.62102818835032
ENSMUSG00000021458	-0.0980271479220187	7.23627880252387	-2.01509447529348	0.043943213702695	0.104505822669515	-4.62202489323796
ENSMUSG00000070866	-0.104929439740003	6.85892680981333	-1.9609611272491	0.0499338421371631	0.115705108187564	-4.62230347563754
ENSMUSG00000024319	-0.0845977116002876	7.27467300095148	-2.03842936243709	0.041554646141738	0.100282659407859	-4.62368759729648
ENSMUSG00000031671	0.0732257410412975	7.44633739158967	2.11185284964523	0.0347439544021651	0.0872899349516686	-4.62575442911503
ENSMUSG00000066735	0.110841646112701	7.30400231868608	2.02279317220678	0.0431426678660186	0.103258465759034	-4.62771914875763
ENSMUSG00000067370	0.049173962523529	7.51897029452816	2.24288405776357	0.0249438753195226	0.0671392301980244	-4.62857318553598
ENSMUSG00000034807	-0.0957430403968367	7.19990416432989	-1.98047343986753	0.0477000000087919	0.111595496803986	-4.62895145945855
ENSMUSG00000038268	0.0769971041474182	6.73479235556084	1.98863716863434	0.0467906373647697	0.109978998990945	-4.62932194370628
ENSMUSG00000038160	-0.0853419537859876	6.86165727931938	-1.94775947360744	0.0514944553201853	0.118544998954082	-4.62994096457881
ENSMUSG00000061136	0.0893196552240525	7.4594465054744	2.1138212184351	0.0345753453442607	0.0869831708776059	-4.63165972000581
ENSMUSG00000037149	-0.0815227191188521	7.25908934632564	-2.01026441435964	0.0444518422386522	0.105523756770342	-4.63180207826385
ENSMUSG00000032763	0.0713218729678271	7.38202233651164	2.06809994079499	0.0386771725247184	0.0946824126203464	-4.63195553879443
ENSMUSG00000042190	0.106926083967449	7.17633397155685	1.95730966280171	0.0503614739389456	0.116448678348406	-4.63207195852932
ENSMUSG00000084422	0.0654999573028103	7.48975533306044	2.19729977651939	0.0280405108972404	0.0737590684771374	-4.63207933129932
ENSMUSG00000009216	-0.0510209090877547	7.46353077419297	-2.19262434522545	0.0283761141355133	0.0744339984496373	-4.63337618509208
ENSMUSG00000048078	0.106975774420937	7.38467741136656	2.10191743979072	0.0356057741130686	0.0889770556763303	-4.6340740870359
ENSMUSG00000092274	0.0943499932551646	7.16321712301563	1.9431848606171	0.052044675415039	0.119433635501085	-4.6341338427674
ENSMUSG00000030610	0.0857639337448797	7.271465146695	1.98499402690391	0.0471946301428545	0.110696912985174	-4.63468165646181
ENSMUSG00000031174	0.0576936950043647	7.46437927232834	2.15205422197781	0.0314363824986858	0.0806516009548881	-4.6347422250483
ENSMUSG00000097164	0.0500104653808968	7.53880395260727	2.26082056103967	0.0238092049995554	0.0646120899659049	-4.63569371859768
ENSMUSG00000002015	0.0820065908154577	7.0855547090338	1.94259391676918	0.052116109737506	0.119555652476508	-4.63637370859998
ENSMUSG00000022601	-0.092041539146277	7.04082401167356	-1.94413428092229	0.0519300793811745	0.119234921166667	-4.63689561867656
ENSMUSG00000031508	-0.0929065098151236	6.89864345607841	-1.94305607898926	0.0520602357775796	0.119448406379263	-4.63801791815428
ENSMUSG00000025060	0.115355252496328	6.87783499124653	1.9597469450236	0.0500756987291534	0.115890232943623	-4.63828243152363
ENSMUSG00000033983	0.0779341691730169	7.35504401830435	2.07115611495613	0.0383906414532524	0.0942629928555852	-4.63848679216351
ENSMUSG00000022051	0.122115285513618	7.03477309355615	1.93960497812565	0.0524786756889793	0.120155792605827	-4.63942057363499
ENSMUSG00000042202	0.115857670067319	6.84687834033009	1.95701003799166	0.050396699601904	0.116488981495079	-4.64068907834102
ENSMUSG00000038722	-0.121503733139442	6.98307689309027	-1.93962133661932	0.052476685635588	0.120155792605827	-4.64116934812266
ENSMUSG00000018001	0.089896898340073	7.30221388247696	2.02115479377804	0.0433119934784259	0.103493451107785	-4.6413654270769
ENSMUSG00000018585	0.0861439150548575	7.27197651465185	2.00825018827446	0.0446654132736189	0.105915520843727	-4.64139078124267
ENSMUSG00000001366	0.0763156604896302	7.41125036610903	2.11503943345003	0.034471344562484	0.0867715522038148	-4.64250573912816
ENSMUSG00000017858	0.0624087876890025	7.4431184824731	2.09954657108664	0.0358141036320948	0.0893612054033514	-4.64451483806783
ENSMUSG00000028187	0.0734157742578105	7.16166583165613	1.94004169908952	0.0524255690890277	0.120085021788389	-4.64499384257233
ENSMUSG00000026255	0.119566955082153	6.82949200725561	1.97531746816659	0.0482819481117773	0.112695180010588	-4.64555465985254
ENSMUSG00000011832	-0.0800849200018163	6.972639893227	-1.93545001718597	0.052986185314495	0.121127141284681	-4.64570231687311
ENSMUSG00000025873	0.0495188260854462	6.93841353310055	1.94032363853431	0.0523913082734967	0.120081759089044	-4.6459774518915
ENSMUSG00000097165	0.0455806077991223	7.48140739396282	2.17296741281266	0.0298252277456129	0.0774284913038994	-4.64742198670248
ENSMUSG00000034275	0.0942631737072794	7.30703251284532	2.01352908486109	0.0441075157711159	0.104820402337166	-4.64985696415119
ENSMUSG00000048142	0.0866426235294977	7.37651218994968	2.09573476013732	0.0361512292323013	0.0900650605345935	-4.65076643963132
ENSMUSG00000030421	0.093088196104171	7.38152466685674	2.04872150743125	0.0405366155291711	0.0984245865185291	-4.65081873175148
ENSMUSG00000034334	-0.0536720876254355	7.3139084099394	-2.02531006532969	0.0428836384657512	0.102770015521438	-4.65289010180089
ENSMUSG00000035268	-0.0914288012860149	7.12275990049822	-1.95372813387635	0.050783893479884	0.117259741347203	-4.65361840513223
ENSMUSG00000022994	-0.0802392395791705	7.20133208626583	-1.98271760740406	0.047448551962311	0.111166149300389	-4.65376027006545
ENSMUSG00000018446	0.10504717537815	7.28681924049603	1.98693676126472	0.0469788340832709	0.110316306072491	-4.65420043178383
ENSMUSG00000056598	-0.102683888079441	7.00299712392753	-1.93176333259457	0.0534399256226563	0.121824047754103	-4.65424867036065
ENSMUSG00000036931	-0.0976059278198322	6.98815038663674	-1.93147094012209	0.0534760504627494	0.121885176298453	-4.65453705827858
ENSMUSG00000078812	-0.0826338038441037	7.21064078514925	-1.99423888714164	0.0461751363576596	0.108786194924326	-4.65502993778527
ENSMUSG00000026077	-0.060314714223237	7.30948003984843	-2.04573663260691	0.0408296588450498	0.0989743576879309	-4.65561182302946
ENSMUSG00000090112	0.130496611866776	7.21376512545987	1.95034701091743	0.0511853965557178	0.117999509016985	-4.65660492730269
ENSMUSG00000073236	0.0845530809730723	7.3493766256583	2.01771968172554	0.0436688345249972	0.104118080786972	-4.65678605380385
ENSMUSG00000050103	0.0977357308800002	7.20362403217634	1.94004481403927	0.0524251904631403	0.120085021788389	-4.65692401062497
ENSMUSG00000030246	-0.0792217674899964	7.11578654124984	-1.94762375522145	0.0515107087257645	0.118558127382174	-4.65787387358559
ENSMUSG00000035284	0.0899273491100701	7.26977270065945	1.98496789904889	0.0471975380601316	0.110696912985174	-4.65979162212701
ENSMUSG00000026895	-0.0528876395120426	7.42031643229311	-2.15440079303068	0.0312519590853992	0.080320111571662	-4.66122089903891
ENSMUSG00000033460	-0.112291647028202	7.277033597479	-2.0335241725546	0.042047404018867	0.101229241157596	-4.66163056288734
ENSMUSG00000046240	0.0940117013107242	6.92103859925549	1.9439640117149	0.0519506155027109	0.119259592874187	-4.66255881640066
ENSMUSG00000005204	-0.145465881394237	6.94197908147076	-1.92885115275934	0.0538006340519921	0.122475726136095	-4.66355828996847
ENSMUSG00000001943	0.0774371686426676	7.30323273414742	2.00382691120641	0.0451374589760115	0.106802749487429	-4.66357512751065
ENSMUSG00000040563	-0.0632940637495434	7.50928111820404	-2.25774126083738	0.0240007582206712	0.0650689431818238	-4.66409152985879
ENSMUSG00000026426	-0.073877256893768	7.35119914078512	-2.06616278782045	0.0388597295684427	0.0950759819678662	-4.66556735780953
ENSMUSG00000067377	0.100254197031969	7.26983114629899	1.95140954994567	0.0510589362324563	0.117790941525166	-4.66568055237242
ENSMUSG00000013878	0.0650841401307183	7.43535304631628	2.09945267478043	0.0358223757133427	0.0893648138031787	-4.66698447590677
ENSMUSG00000046138	0.123220300226094	7.15977737010521	1.93464973405062	0.0530844059222892	0.12122628745706	-4.66789449806893
ENSMUSG00000079435	0.0814981547203528	7.19584518424513	1.9409887130514	0.0523105636987394	0.11995969520825	-4.66825216868274
ENSMUSG00000029715	-0.0452606436919503	7.3605512175839	-2.07710313749616	0.0378382504196005	0.093308113380986	-4.66846885157722
ENSMUSG00000038010	0.0948879013759534	7.17940086672867	1.93837590188486	0.0526283766279097	0.120435362141688	-4.66935674661885
ENSMUSG00000037138	-0.105330949703795	6.80553072080883	-1.9309357887985	0.0535422207865516	0.121993518019063	-4.66940491756008
ENSMUSG00000052406	-0.129555573221601	6.9737059749883	-1.92427454909669	0.0543716081781618	0.123367953946013	-4.67031589793539
ENSMUSG00000023277	-0.114423862822	7.04208773244812	-1.93213272492649	0.0533943166641415	0.121741273731616	-4.67040724948168
ENSMUSG00000046562	-0.08327970378744	6.83832776341874	-1.93304205114444	0.0532821804836782	0.121549103832081	-4.67052886567664
ENSMUSG00000025245	-0.0426516814246574	7.17888771803265	-1.94612177671267	0.0516908700902949	0.118830003726451	-4.6722452014496
ENSMUSG00000104346	0.112734314514441	7.34570222598078	2.0451558374538	0.0408868872575544	0.0990546128748893	-4.6725662943908
ENSMUSG00000004267	-0.0976601894251043	7.33909486123081	-2.11451805660758	0.0345158224901538	0.0868668104654159	-4.67328349507905
ENSMUSG00000089774	-0.0791821913070523	6.65841091394303	-1.96297302415757	0.0496995280734285	0.115325455784709	-4.67383738077658
ENSMUSG00000019433	-0.0744713426841273	7.32293465549604	-2.07392094993023	0.0381329817997841	0.093859183629023	-4.67394239858296
ENSMUSG00000038517	0.0740304019744427	7.40012360827312	2.07129894690253	0.0383772945335187	0.0942478972111848	-4.67403864831278
ENSMUSG00000082922	-0.0627188510123142	7.07972811515965	-1.92165337863533	0.0547008951764148	0.12396470826547	-4.67417265668389
ENSMUSG00000015757	-0.101153550297354	7.13143533177375	-1.93444429250004	0.0531096447708616	0.12122628745706	-4.67558328924035
ENSMUSG00000004263	-0.0729437356097575	7.13697550263876	-1.93866817882248	0.0525927451062818	0.120374863449553	-4.67573821869102
ENSMUSG00000037072	0.0630357912509822	7.38312665202285	2.02873258605168	0.0425335161793982	0.102117878932823	-4.67649447368498
ENSMUSG00000102593	0.110464109844168	7.10422241238425	1.91978382445953	0.0549367747710245	0.124370094294009	-4.67671223603956
ENSMUSG00000041205	0.118718205100987	6.88943964957249	1.9400100075198	0.0524294213674327	0.120085021788389	-4.67743770118656
ENSMUSG00000056608	0.104561951367985	7.14434165013087	1.92288153502424	0.0545464003238725	0.123678814173907	-4.67824898844914
ENSMUSG00000021243	-0.0860081929165402	7.11824889983685	-1.92390772420241	0.0544175911077366	0.12340812450762	-4.67887396561252
ENSMUSG00000017548	0.0795419698658577	7.20682748248521	1.9343552394429	0.0531205882075742	0.12122628745706	-4.67973113352254
ENSMUSG00000039220	0.105224516696245	7.10071829928793	1.91940116239445	0.0549851592629245	0.124458109451972	-4.68010277973898
ENSMUSG00000078451	0.0531444751306021	7.42514339304066	2.07339224691508	0.0381821384771861	0.0939448518968841	-4.68098469868775
ENSMUSG00000016503	-0.0724907337837362	7.10974098770329	-1.92619087736039	0.0541319158288661	0.123037333686027	-4.6819587215006
ENSMUSG00000031156	0.0684117068531753	7.15258739346554	1.93259648080182	0.0533371026625708	0.12165319652585	-4.68227269554301
ENSMUSG00000031153	-0.130066337945536	7.16030085493701	-1.9470134427493	0.0515838518122496	0.118625643408743	-4.68452278801616
ENSMUSG00000056755	-0.0939816422027899	7.19844632427374	-1.96285615280047	0.0497131141289785	0.115336539106253	-4.68460548034689
ENSMUSG00000037784	-0.105576411627455	7.09461659114684	-1.92898003917037	0.0537846270328024	0.122460580367556	-4.68651181578894
ENSMUSG00000063888	-0.09004865378511	6.70102937409871	-1.94801686924012	0.0514636418453473	0.11849489958482	-4.68802153040231
ENSMUSG00000021040	0.0795107618231228	6.9755747691554	1.91093554695768	0.0560646899375035	0.126377224631852	-4.6883699690234
ENSMUSG00000021606	-0.0723261266628983	7.20407731314969	-1.97347683310056	0.0484911381342342	0.11310279359583	-4.68895734621982
ENSMUSG00000013076	0.0960897233525326	6.95075843835979	1.91848223467903	0.0551014953223784	0.124653803130233	-4.68898874978636
ENSMUSG00000026632	-0.105900742099423	7.20388182274923	-1.95246547103191	0.0509335229215867	0.117522326769371	-4.68916716054303
ENSMUSG00000044042	0.0788124537435291	7.44074853484928	2.10154906708873	0.0356380752107829	0.0890407787518264	-4.68940633577665
ENSMUSG00000076617	0.0905555930067239	6.95975046168309	1.91421036348968	0.0556450114629763	0.125625882061267	-4.69126257928814
ENSMUSG00000018846	0.0989780150524071	7.37549747170974	2.01251337474045	0.0442144010880804	0.10505534283941	-4.69313220642598
ENSMUSG00000006731	-0.0805826678746833	7.32261615217496	-2.07869326358601	0.0376917020717412	0.0930003323639721	-4.69456000028494
ENSMUSG00000030602	-0.0938792172852327	6.9356686374311	-1.9121220296061	0.0559123347256482	0.126142389493053	-4.6948886016003
ENSMUSG00000002103	-0.0614182299460957	7.41087054375066	-2.09197464028875	0.0364864306125305	0.0906242363079585	-4.69690570333283
ENSMUSG00000028518	0.0743767067335472	7.37617284159698	2.06911192313203	0.0385820936620267	0.0945203537094411	-4.69735315762464
ENSMUSG00000102796	0.0890354948753513	7.11097621009237	1.91783727187344	0.0551832700037701	0.124798647588419	-4.69745902890008
ENSMUSG00000057522	0.113812629269349	7.36776895869717	2.01204287916288	0.0442639863880153	0.105154075447631	-4.69761719080689
ENSMUSG00000022342	-0.0819655382051803	7.02996588275118	-1.91045769334803	0.0561261483154603	0.126472208906369	-4.69768946809757
ENSMUSG00000021775	0.112286380484801	7.04634234849811	1.90594511625307	0.0567092979620386	0.127566688817699	-4.69949373282234
ENSMUSG00000039145	0.126089465106482	7.1957913307069	1.94509812073298	0.0518139589524566	0.119071151589532	-4.70016087745012
ENSMUSG00000020331	0.112641083672202	7.04719272534434	1.9055468855927	0.0567610016682514	0.127617213436501	-4.7003214325646
ENSMUSG00000024429	-0.0764404848257358	7.25865631451343	-1.99674758666666	0.0459017065341936	0.10822945093905	-4.70093993844609
ENSMUSG00000020346	0.118058731554323	7.2062149935431	1.93712244019404	0.05278141529544	0.120680106365334	-4.7033804201072
ENSMUSG00000035835	-0.11508160387007	7.08493024605176	-1.921835140173	0.0546780076548343	0.123934292973873	-4.70395761577993
ENSMUSG00000028572	-0.0413561243704361	7.40406971606906	-2.07893166253096	0.0376697725676443	0.0929812712020361	-4.70398314302911
ENSMUSG00000051817	0.049730653394322	7.43033135776097	2.05696232223077	0.0397368089689015	0.0968128416085091	-4.70449794931016
ENSMUSG00000029108	0.0839672197992982	7.27693736263077	1.94865218937398	0.0513876521528643	0.118361566148012	-4.70509603807398
ENSMUSG00000075232	-0.1284495369987	6.66542079640333	-1.954801413895	0.0506569962357662	0.117009760404317	-4.70578276753175
ENSMUSG00000020400	0.10014369746131	6.78200508193104	1.93489226502342	0.0530546234764281	0.12122628745706	-4.70582211270965
ENSMUSG00000094281	0.0750510675613265	7.46315381979733	2.13809064659913	0.0325532405252483	0.0829480391118238	-4.70641053802096
ENSMUSG00000062908	0.0761514343065217	6.79657781169659	1.93807024170448	0.0526656612924065	0.120499622097201	-4.70669627448328
ENSMUSG00000064325	0.108371170876956	6.86910454552292	1.93048371278367	0.0535981723026922	0.122057274619385	-4.70681464892822
ENSMUSG00000041112	-0.0891678720508731	6.88754584036093	-1.91286596003207	0.0558169833186139	0.125970685331373	-4.70709875694777
ENSMUSG00000032121	-0.0716252525247247	7.37533346560326	-2.07270222449888	0.03824637504289	0.0940675450049814	-4.70899630386008
ENSMUSG00000037730	0.102852264378533	7.09368404932293	1.89870289265323	0.0576557306455659	0.129294108186733	-4.71198594670551
ENSMUSG00000001020	-0.0829301330864736	7.32859121038382	-1.99769986431364	0.0457982730867699	0.1080733581925	-4.71214485028317
ENSMUSG00000028661	0.0560920565812451	7.47567773983407	2.13888718928846	0.0324886278826221	0.0828478995401809	-4.71260006913369
ENSMUSG00000030067	0.0599976662161303	7.0370932196165	1.89677691545182	0.0579096217706274	0.129744732324661	-4.71403255116831
ENSMUSG00000063632	0.0862674062033948	6.92659812723596	1.91533053891282	0.0555020595884592	0.125384937479653	-4.71471870132526
ENSMUSG00000001999	-0.0807166509744519	7.2983911142509	-2.0302916940607	0.0423748236369774	0.101886352810892	-4.7159776487732
ENSMUSG00000029598	0.0776995530631801	7.36301514550102	2.03230727018946	0.0421704125540664	0.101450760962484	-4.71688917528223
ENSMUSG00000021947	-0.0508715939525777	7.49230971885438	-2.21293809199717	0.0269427387363636	0.0714326317408815	-4.71772094140662
ENSMUSG00000054676	-0.085117438944267	7.21042462219913	-1.96819995465238	0.0490950851200672	0.114145419000519	-4.7189280878257
ENSMUSG00000013846	-0.060712388391952	7.18150414563639	-1.92556551426164	0.0542100384547318	0.123129393381219	-4.71947602166232
ENSMUSG00000075273	-0.081676903278157	7.2617242970104	-1.95315061549935	0.0508522854233715	0.117376255423621	-4.71993223833251
ENSMUSG00000078786	0.082383570927905	7.27177875229392	1.96055906368868	0.049980779072871	0.115770789677364	-4.72087285578593
ENSMUSG00000020635	-0.0460877951885363	7.51343044319688	-2.21642972909163	0.0267027661541913	0.0709091999843009	-4.720994821359
ENSMUSG00000022621	-0.103845242565101	7.21652608231934	-1.95061158218502	0.0511538835480079	0.11796840644892	-4.72120788726639
ENSMUSG00000065520	0.101316690558123	7.39126126016626	2.0223095204592	0.0431925947277786	0.103282421986007	-4.72230008786577
ENSMUSG00000038984	-0.102006326670245	6.88036647408777	-1.89869614581868	0.0576566184259475	0.129294108186733	-4.72251592404323
ENSMUSG00000041168	-0.103940075745006	7.25825051438257	-1.96720256287473	0.0492099448322392	0.114371844087285	-4.72261184742463
ENSMUSG00000030725	0.0911953224170334	7.35624536932924	2.0183622688929	0.0436018940531079	0.104079108368244	-4.72271672876803
ENSMUSG00000037058	-0.0947312148028088	6.83366383765831	-1.91049319874719	0.0561215799162882	0.126472208906369	-4.72313025063793
ENSMUSG00000020340	0.0931315480405619	7.38193415407703	2.06400292951902	0.0390641371605554	0.0954690467996996	-4.72317104491956
ENSMUSG00000028837	-0.0609367746181189	7.35499886929839	-2.0257637574148	0.042837086312141	0.102722078381319	-4.72330323596974
ENSMUSG00000063275	-0.0756860656415217	7.16969245399596	-1.90716494296599	0.0565511674179009	0.127254706743754	-4.72423661640878
ENSMUSG00000034488	0.0800915395833783	7.21700087389133	1.9118482889196	0.055947454885626	0.126199875837804	-4.72451008915167
ENSMUSG00000031787	0.0679919700908052	7.34526928077049	2.03302246560863	0.0420980813797505	0.101313985555826	-4.72611655237212
ENSMUSG00000036810	0.0710034410411575	7.43575192913385	2.04879425115123	0.0405294961568678	0.0984245865185291	-4.72627826037503
ENSMUSG00000024168	0.0865024364469544	7.01499059237966	1.89048453229974	0.058745599394234	0.131088697335829	-4.7267904827929
ENSMUSG00000009073	0.0619184762649674	7.35004577347817	1.97639429772847	0.048159917298629	0.112510641911786	-4.72810979059869
ENSMUSG00000059208	-0.0975346979679177	6.72808388899077	-1.9285687526232	0.0538357205817826	0.122483746595485	-4.72811449801798
ENSMUSG00000031969	0.0704563892590846	7.2259571508154	1.91882023478388	0.0550586807381551	0.124581446288269	-4.72812783455467
ENSMUSG00000038349	0.0963210873431066	6.78903948441997	1.93426718034659	0.0531314113526286	0.12122628745706	-4.72821448675808
ENSMUSG00000079499	0.0994332701750515	6.99804766990262	1.88924107483477	0.0589119800493617	0.131303309977229	-4.72942098337731
ENSMUSG00000060002	0.112532615105338	7.1863024624584	1.89650380403216	0.0579456996994647	0.129790436349939	-4.72970760268492
ENSMUSG00000085767	-0.110946564573119	7.140983180253	-1.92129346266445	0.0547462395929845	0.124012724853758	-4.7297498633183
ENSMUSG00000029777	-0.0759165153467265	7.07253199277058	-1.89945340516917	0.0575570455991952	0.129162982685064	-4.72998598006524
ENSMUSG00000030125	0.0873805832617762	6.80038892385593	1.92530709534386	0.054242348550253	0.123160046344071	-4.73048041038088
ENSMUSG00000036155	0.106550460033519	7.16676982194348	1.90389169301026	0.0569763218631666	0.12807932792455	-4.73095213807153
ENSMUSG00000064797	-0.0822657419038162	7.27059683364634	-1.96052315435253	0.0499849729312215	0.115770789677364	-4.73108769631368
ENSMUSG00000050390	0.0671128663562648	7.49503268090932	2.17510129293588	0.0296648979851329	0.0770886948037634	-4.73172953314991
ENSMUSG00000074064	-0.0527712276886296	7.45730818582293	-2.13876574792787	0.0324984716584659	0.0828568628924316	-4.73232711099271
ENSMUSG00000032449	0.0771082431088317	7.47379719086639	2.09776450427984	0.0359713785500844	0.0896561581858456	-4.7326840822607
ENSMUSG00000025665	0.14905756093101	6.9970428847663	1.89193415397183	0.0585521258730528	0.130835369846391	-4.73327184128641
ENSMUSG00000031090	-0.0536559777083401	7.42155098308728	-2.09293197143992	0.0364008375349143	0.090463129272418	-4.73336308256364
ENSMUSG00000053950	-0.109818981136462	7.21994210373732	-1.95352195381402	0.0508083012635771	0.117295411769133	-4.73400920997429
ENSMUSG00000043059	-0.0749029561376	7.35253788765632	-2.02806595086008	0.0426015223794023	0.102243653710566	-4.73458042915185
ENSMUSG00000027176	0.0400921938464824	7.15911988564119	1.89477516648892	0.0581744857971603	0.130213774671982	-4.73501230444234
ENSMUSG00000103310	0.0823470487514459	7.24314684594961	1.94828072395995	0.0514320711614849	0.11844303881199	-4.7351433612569
ENSMUSG00000097772	0.104773301095204	7.10924739239987	1.89050973352543	0.0587422313870185	0.131088697335829	-4.73562480829059
ENSMUSG00000041720	0.097066021864026	7.28448193361814	1.96163069586094	0.0498557586823271	0.115585548551271	-4.73650677243691
ENSMUSG00000033684	0.0535168266784307	7.53400596353822	2.18805844688409	0.028707190093768	0.0751368518008018	-4.7366697509705
ENSMUSG00000034462	0.0547042815999328	7.1664485581299	1.89025033587081	0.05877690614921	0.131128380079988	-4.7381638743796
ENSMUSG00000042453	0.11783477136092	7.31493371089832	1.97781827107633	0.0479989447965242	0.112194641184805	-4.74007942371526
ENSMUSG00000004317	0.102384877765939	7.20313612842503	1.90162727478894	0.0572719954639984	0.128633550285584	-4.74075065790819
ENSMUSG00000026275	0.0995722111731459	7.33734060676118	1.98773516046259	0.0468903901328868	0.110154133791451	-4.74138328853627
ENSMUSG00000016252	0.104279039264319	7.09761004154136	1.89093149708901	0.0586858887714309	0.131044798873541	-4.74231505942483
ENSMUSG00000037443	0.0655141660916012	7.29523101994017	1.94938894538857	0.0512996475341229	0.11817965608248	-4.74244770028681
ENSMUSG00000021177	-0.0936026426047762	7.22956756786603	-1.93224858648063	0.0533800179119756	0.121729871887055	-4.74329542766063
ENSMUSG00000004070	-0.0504992108362581	7.17207850857749	-1.91527174278939	0.0555095552728437	0.125384937479653	-4.74340128683633
ENSMUSG00000015342	0.0617669959977381	7.37899253659485	2.02223771872574	0.0432000109070711	0.103282421986007	-4.74620369515501
ENSMUSG00000038954	-0.109840341328559	7.21450964218044	-1.93452510714968	0.0530997153556194	0.12122628745706	-4.74766452340169
ENSMUSG00000078784	-0.0472605494785441	7.48316887189365	-2.13526421091666	0.0327833998738304	0.0833884342623251	-4.74825565966005
ENSMUSG00000050908	0.0757888372163533	7.45118564425749	2.12491496275816	0.0336380816875178	0.0851323729853052	-4.75014396833838
ENSMUSG00000020621	0.0806958977622543	7.02353306382436	1.87684802428509	0.0605917142297856	0.13447477923315	-4.75143813175923
ENSMUSG00000001039	-0.0784506165659291	7.2714363852185	-1.95051426203996	0.0511654734327994	0.117974353325504	-4.75151265074063
ENSMUSG00000034593	0.0997764091001248	7.27380620525985	1.94412863017242	0.0519307608075419	0.119234921166667	-4.75192936835212
ENSMUSG00000017639	0.0922250210209095	7.15678845955555	1.89863354541252	0.0576648562253541	0.129294108186733	-4.75242299800306
ENSMUSG00000047797	0.112387637249339	6.95450363439821	1.89050689062588	0.0587426113171087	0.131088697335829	-4.75284562226329
ENSMUSG00000084941	0.0837796449493613	6.89798456202588	1.88779301595992	0.0591062303832582	0.131669009388739	-4.75320084045636
ENSMUSG00000035798	0.109630803987313	7.17330204835972	1.89287992204931	0.0584261846549485	0.130620834956043	-4.75343922955083
ENSMUSG00000021716	-0.0910036675807566	7.30490104689679	-1.97594629363165	0.0482106554678697	0.11257145270297	-4.75430347413512
ENSMUSG00000029238	0.097316410133681	7.01852081094363	1.87543021683029	0.0607863877589265	0.134805361546393	-4.75498113486666
ENSMUSG00000021260	0.079258179880263	7.41048589417213	2.06993552109894	0.0385048608103441	0.0943841298874789	-4.75534180930757
ENSMUSG00000021066	-0.0900229589008381	7.33444645585485	-2.03693736693883	0.0417040064689089	0.100568954262471	-4.75572182420302
ENSMUSG00000066721	0.0664989757969812	7.52058735647994	2.18565305779172	0.0288829405753854	0.0753708307779441	-4.75722616070958
ENSMUSG00000049791	0.109278642235578	7.193013598052	1.89020166183069	0.0587834145042355	0.131128380079988	-4.75814484169033
ENSMUSG00000057605	0.103593489470225	7.19830274617569	1.90852248138593	0.0563756165888755	0.126946950874021	-4.75876417594171
ENSMUSG00000024182	0.0935351056821334	7.13901096346315	1.88026422541121	0.060124771319091	0.133657002168423	-4.75886069364751
ENSMUSG00000027787	0.113281380191784	7.11937142330641	1.88059264018329	0.060080039667472	0.133610986805936	-4.75990585044988
ENSMUSG00000081137	0.033291191858055	7.53953559189541	2.16536507318634	0.0304025031408134	0.0785533000038541	-4.76006183992655
ENSMUSG00000037426	0.108705936445733	7.11151821665623	1.8782480472247	0.0603999900401942	0.134117481276496	-4.76015851838969
ENSMUSG00000087143	0.0451624381300393	7.55887467038986	2.22256505479448	0.026285569812638	0.0700394722115817	-4.76293384052096
ENSMUSG00000068874	0.0545643933165891	7.28812050354203	1.91841747566158	0.0551097015366476	0.124653803130233	-4.76337908468893
ENSMUSG00000023259	-0.0817613490679081	7.1244724954263	-1.88658041538779	0.0592693039245533	0.131987366385483	-4.76483114977216
ENSMUSG00000002083	0.0482506656807944	7.52796917777354	2.16545561669688	0.0303955717230431	0.078550893209254	-4.7653779342305
ENSMUSG00000058407	-0.099406215627436	6.94856006457855	-1.87249830280107	0.0611906018151397	0.135528228550805	-4.76602667838571
ENSMUSG00000031562	0.0945323474175419	7.23342354075574	1.90109058167347	0.0573422603085159	0.128747191212329	-4.76664748004946
ENSMUSG00000021796	0.100571948841012	7.05037068219101	1.8690347764275	0.0616709740539027	0.136407567547507	-4.76718135883369
ENSMUSG00000084781	-0.0813195993477356	7.38093692893685	-2.01740611972926	0.0437015308421661	0.104177065146693	-4.76842298080577
ENSMUSG00000063804	0.112102641427218	7.29868987920193	1.94473786708017	0.0518573357371288	0.11914991917699	-4.76901060790296
ENSMUSG00000048222	0.0847751689020191	7.27179078817	1.92562317007171	0.0542028319459278	0.123129393381219	-4.76930726697051
ENSMUSG00000039168	0.0793312355061975	7.21290754500672	1.88407886061059	0.0596068993618924	0.13264890811591	-4.77149620713996
ENSMUSG00000004031	-0.0581285142112424	7.34387538502307	-2.03526604975635	0.0418718578835044	0.100880817705344	-4.77200959775842
ENSMUSG00000034484	-0.0837041635059599	7.36769945815715	-2.01666075251444	0.0437793361696609	0.104268202797096	-4.77215254972096
ENSMUSG00000046058	0.0796871281335125	7.26836583758475	1.92852160931254	0.0538415797171566	0.122483746595485	-4.77254949879701
ENSMUSG00000035505	-0.0832751964348271	7.36631119582855	-2.01704228795779	0.0437394948995718	0.104210640077378	-4.77355584847096
ENSMUSG00000034059	-0.111987556781678	7.19435513460164	-1.93785766589922	0.0526916044716593	0.120519823703851	-4.77392900112556
ENSMUSG00000050410	0.0595132549824307	7.3818473141278	2.01646829834843	0.0437994445374444	0.104277564627063	-4.77396814340576
ENSMUSG00000024208	0.066380540423876	7.29282982374283	1.93476726527653	0.0530699715166663	0.12122628745706	-4.77403438662272
ENSMUSG00000032612	-0.0952965201881897	7.0565975908149	-1.87368135902831	0.0610272302743022	0.135212133821487	-4.7740714296008
ENSMUSG00000028811	-0.0891772921192056	7.0459910344872	-1.87503532648092	0.0608407007920824	0.13489017015579	-4.77451509292363
ENSMUSG00000055926	-0.0845811065419104	7.17137788392801	-1.89608539480325	0.0580010076595449	0.129885331707125	-4.77551874375461
ENSMUSG00000020070	-0.0752239773901708	7.17593879508074	-1.89171857291313	0.0585808648124761	0.130857089155347	-4.77632229494012
ENSMUSG00000047446	0.097960894677998	7.34458816316116	1.96298263952758	0.0496984104450715	0.115325455784709	-4.77710628350751
ENSMUSG00000038812	-0.0648476904067001	7.20128771976557	-1.92854657335201	0.0538384770327815	0.122483746595485	-4.77775261398846
ENSMUSG00000039405	0.103768802812523	7.22869626418561	1.89713386195474	0.0578624974086842	0.129715036999057	-4.77901216919636
ENSMUSG00000079110	0.0780061590010792	7.20298597207298	1.87870064910357	0.0603381167988498	0.134025555671962	-4.77911204982677
ENSMUSG00000077569	-0.0458092095614901	7.32811466756082	-1.969729389989	0.0489193924344835	0.113858255244846	-4.77966803439786
ENSMUSG00000086350	-0.0613517728317694	7.18523466436622	-1.893405121842	0.0583563447797162	0.130503561326266	-4.77999084369366
ENSMUSG00000025508	0.0733534811157819	7.16010208716505	1.86943172529692	0.0616157614660599	0.136331510750998	-4.7802333415928
ENSMUSG00000021548	-0.0543024805137042	7.45656357752043	-2.11103593113263	0.0348141370301754	0.0873991720036541	-4.78036296324848
ENSMUSG00000032458	-0.115772483943757	7.24124684654065	-1.95019304712619	0.0512037426211979	0.118021020844493	-4.78074841823215
ENSMUSG00000031353	-0.085037624965195	7.10124878827709	-1.88257445352565	0.0598106927663365	0.133079807902257	-4.78086770313258
ENSMUSG00000022972	0.101046894686833	7.0546990156744	1.86570508358527	0.0621357240564543	0.137250025197756	-4.78087770548806
ENSMUSG00000038546	-0.103773922200968	6.77870118078823	-1.88148103101219	0.059959174922932	0.133364851867317	-4.78117276697341
ENSMUSG00000045948	-0.101719254576624	6.9389347991161	-1.86253276026819	0.0625812014534566	0.138070962155149	-4.78193079752251
ENSMUSG00000000861	-0.0619521115523245	7.25372240666325	-1.9281557302731	0.053887070547243	0.122565935998003	-4.78263176166091
ENSMUSG00000035131	0.0451012840637448	6.98628927702627	1.85922754088057	0.0630481479706152	0.138844393552783	-4.78447643382062
ENSMUSG00000026739	0.0795515060833276	7.41887435491552	1.99926828025976	0.0456283447574753	0.107730620300247	-4.784738025438
ENSMUSG00000079494	-0.0790605803481164	6.96055274764609	-1.86095609499939	0.0628035875548484	0.138491589736917	-4.78496581640941
ENSMUSG00000035547	0.0610991636773734	7.46732481436	2.10600180656878	0.0352493035919842	0.0882547107718984	-4.78661778300799
ENSMUSG00000039648	-0.0551545867149965	7.34168370067213	-1.97757168375318	0.0480267877427668	0.112239683171778	-4.78763738422708
ENSMUSG00000022698	0.0716246178816169	7.19909241895808	1.87468832452624	0.0608884604698993	0.134973200892638	-4.78770269924491
ENSMUSG00000026311	0.103987125920778	7.2738129608211	1.93075928986392	0.0535640594970318	0.122022040531606	-4.78862519436598
ENSMUSG00000094962	0.0975374387241335	7.32678798231656	2.00106752868149	0.0454340619186578	0.107401683806565	-4.78977863299696
ENSMUSG00000021892	0.0934611382552797	7.27428860039111	1.92156077192447	0.0547125593418659	0.123969682745536	-4.79152680182475
ENSMUSG00000002603	0.139652834480161	7.06038094358706	1.85629540340655	0.0634647949716392	0.139550066471062	-4.79236057406034
ENSMUSG00000035513	0.0638664690510335	7.43199991246284	2.04991644786638	0.0404198019007905	0.0981955922221467	-4.79376999995074
ENSMUSG00000035992	0.101523244391922	7.32118237531958	1.93067504910493	0.0535744854662231	0.122024558755009	-4.7941601951906
ENSMUSG00000055818	0.0651556709943302	7.31791735193764	1.93427258980491	0.0531307464351779	0.12122628745706	-4.79491608104313
ENSMUSG00000035754	-0.0747323831632647	7.20924131539095	-1.93119173845884	0.0535105646270732	0.121942613071826	-4.7955028305424
ENSMUSG00000000567	0.102811777112781	7.01858759929452	1.85690682678612	0.063377726465247	0.139405442688678	-4.7958134433523
ENSMUSG00000056899	0.10873200577463	7.15793214848462	1.87068165974749	0.0614421723375509	0.135993393109589	-4.7964315415021
ENSMUSG00000045180	0.11503176554295	6.97516179255789	1.86034000182095	0.0628906639139931	0.138613564303367	-4.79677998258132
ENSMUSG00000024019	0.0835977214682302	7.29924733063956	1.94665696371784	0.0516266143597144	0.118703132279133	-4.79702895339895
ENSMUSG00000024878	-0.104311280572184	7.15808228563077	-1.88666328942393	0.0592581469400197	0.131984971034151	-4.79886645224741
ENSMUSG00000003872	-0.0974836621560513	7.13742501022288	-1.88940073375789	0.0588905950364109	0.131303309977229	-4.79994067069526
ENSMUSG00000022814	-0.0968540266370272	6.57398599015033	-1.9075248299413	0.0565045841597338	0.127171740728766	-4.80083916584606
ENSMUSG00000049420	-0.0821138862373481	7.22834835911163	-1.92569521943899	0.0541938274831827	0.123129393381219	-4.80159265189745
ENSMUSG00000001247	0.112977361736532	7.05745470606184	1.85037163283386	0.0643134868177803	0.140989981483319	-4.80300581391896
ENSMUSG00000051483	-0.0817592498605952	7.16498814328621	-1.88924393656966	0.0589115966865204	0.131303309977229	-4.80383052782381
ENSMUSG00000031609	-0.119283154904301	6.97608395463192	-1.85042330844017	0.0643060429932701	0.140989981483319	-4.80588101445258
ENSMUSG00000028945	-0.0706486486752658	6.70180152018747	-1.87702374416621	0.0605676228643384	0.134444102838236	-4.80591365828152
ENSMUSG00000020982	-0.0893941324113054	7.01238210265201	-1.8487892986338	0.0645417653101189	0.141359236660536	-4.80639912884047
ENSMUSG00000003378	0.0782632769763767	7.29897141491303	1.92530868005353	0.0542421503651665	0.123160046344071	-4.80696401525912
ENSMUSG00000024350	0.120063202860887	7.37341688448873	1.95385830939194	0.0507684882437015	0.117244848842219	-4.80696916616521
ENSMUSG00000017412	0.0748355007584918	7.35367944836687	1.95708746420865	0.0503875949400416	0.116488503082293	-4.80740086835278
ENSMUSG00000041890	0.0809901248516978	7.2194861150351	1.86013581637356	0.0629195447572307	0.138653876445323	-4.8075892027341
ENSMUSG00000043496	0.098799449838145	7.24650758746174	1.87538829293309	0.0607921520447527	0.134805361546393	-4.80764737003662
ENSMUSG00000045613	0.0941939436360668	7.05584915212033	1.84713697113325	0.0647808550422505	0.141761228505198	-4.80782595840964
ENSMUSG00000030269	0.0630882997539794	7.30815487860998	1.91660600602426	0.0553396628919265	0.125109111825436	-4.80869692462725
ENSMUSG00000021496	0.0735809466908757	7.37539399704142	1.96901065833089	0.0490018903102045	0.113989471915636	-4.80901155775535
ENSMUSG00000030519	-0.0543477189895452	7.41870829399754	-2.07505056076	0.03802813547351	0.0937013558981554	-4.81088703395987
ENSMUSG00000050891	0.0781086070218349	7.12674993563302	1.85205330716119	0.064071608043264	0.140648137575857	-4.81125893197098
ENSMUSG00000037326	0.102502972664375	7.12879253400306	1.8543485878557	0.0637426860264965	0.14004350485969	-4.81163719157723
ENSMUSG00000031774	-0.0972070191407557	6.96826677042563	-1.84688837874989	0.0648168892325171	0.141761228505198	-4.81239775515792
ENSMUSG00000032911	0.0943221079053833	7.16989263972205	1.85393666218567	0.0638016135270008	0.140125939321506	-4.81256443953535
ENSMUSG00000016487	0.0539491523919242	7.15345969731441	1.84943512117863	0.0644485138134949	0.141238691470752	-4.81269854917294
ENSMUSG00000021690	0.136612263428152	7.23743952472418	1.86842110261853	0.0617564120594812	0.136527346619846	-4.81290037396022
ENSMUSG00000024018	0.0743306151138077	7.08313048094079	1.84271704513102	0.0654240077938328	0.142755185006143	-4.81342072908718
ENSMUSG00000027692	0.0912101497262112	7.39980349485522	1.99961607981509	0.0455907348629375	0.107661237522651	-4.81375957416784
ENSMUSG00000058331	0.131209959585496	7.21267427869456	1.85915078612475	0.0630590256694812	0.138844393552783	-4.81406330720914
ENSMUSG00000028222	-0.0768464422944666	7.32000024340421	-1.98104577258163	0.0476357667189986	0.111485065764235	-4.8145965216433
ENSMUSG00000032504	0.0989652471464826	7.04521067136506	1.8448137792567	0.0651182539965121	0.142231104029415	-4.81481448416726
ENSMUSG00000005980	0.0932808533403344	7.29515656643711	1.9263865340608	0.0541074929940698	0.123003177336059	-4.81548014670464
ENSMUSG00000067365	0.0812373510889612	7.1032193376797	1.84773120230184	0.0646947864965908	0.141612463603639	-4.81650558554142
ENSMUSG00000024039	0.0665830813315429	7.07292294285061	1.84009409992449	0.065808161831856	0.143449959157952	-4.81749691688922
ENSMUSG00000031837	0.0691576783852357	6.73258353931736	1.88844871667719	0.0590182054132766	0.131517675790743	-4.81835786919502
ENSMUSG00000037361	0.069771127563838	7.15033011071782	1.8508561143984	0.0642437256129905	0.140907833091853	-4.81858050566576
ENSMUSG00000052229	-0.0861012679398412	7.05918659851608	-1.84252463755797	0.0654521246193533	0.142768946270672	-4.81862824853592
ENSMUSG00000078601	-0.0870014387627771	7.23080775902735	-1.91737368417938	0.0552421106624966	0.124910140378826	-4.81964723041142
ENSMUSG00000042763	0.0685877631177911	7.52752496210988	2.18632633365589	0.0288336543374237	0.0753323094363503	-4.81978879113581
ENSMUSG00000034403	-0.0950769424389515	6.9700698287771	-1.8448111256852	0.065118640204118	0.142231104029415	-4.82033639900977
ENSMUSG00000021461	0.0753354475457222	7.45414444739279	2.07012673069146	0.0384869489533766	0.0943841298874789	-4.82046654018079
ENSMUSG00000055850	-0.0786529371302001	7.14374022872776	-1.85409663207299	0.0637787238960466	0.140099170007893	-4.82153176846359
ENSMUSG00000032946	0.0831515462400061	6.58996708168778	1.92066372428287	0.0548256533143926	0.124161469156206	-4.8227627475067
ENSMUSG00000102869	0.0656854267108953	7.37934426302306	1.99043624401075	0.0465922115986386	0.109630703495575	-4.82566622838977
ENSMUSG00000030720	0.0862412507354762	7.20755702164269	1.85109354738939	0.0642095601141725	0.140856494808101	-4.82600470990244
ENSMUSG00000030869	-0.0758925726463708	7.01313584151963	-1.83869890747632	0.0660132568886517	0.143801257768091	-4.82631927828508
ENSMUSG00000026200	0.0555277652748112	7.48530894328537	2.07092378332117	0.038412360095455	0.09428095582484	-4.82676740405645
ENSMUSG00000032059	0.0417839754612119	7.32229058948341	1.94034936110167	0.052388183441983	0.120081759089044	-4.82677388337549
ENSMUSG00000024908	0.0926513161639697	7.02764322134522	1.83780245144837	0.0661453148743179	0.143987380668689	-4.82678342619621
ENSMUSG00000006299	-0.0798833887244346	7.060623030001	-1.843069383396	0.0653725458656598	0.142686578889996	-4.82791239551996
ENSMUSG00000024958	-0.0748004145801575	7.31926822236926	-1.97989343383811	0.0477651687615008	0.111727995252022	-4.82797309061071
ENSMUSG00000028494	0.0910900002754529	7.05632666403354	1.83587522081565	0.0664299547278042	0.144276869159989	-4.82836111234536
ENSMUSG00000020898	0.0850326794067868	7.4094460163888	2.01591150436175	0.0438576645012646	0.104367072218634	-4.82848673450962
ENSMUSG00000004937	-0.0562430767268207	7.34501678065691	-1.97335546352836	0.0485049586244756	0.11311487679224	-4.82914191818263
ENSMUSG00000054074	0.0822950144477996	7.35744852364908	1.92870324640984	0.0538190081500336	0.122483746595485	-4.82968266896729
ENSMUSG00000065432	0.0646637805322259	7.36744692653377	1.94381646499292	0.0519684165669628	0.11927954237284	-4.82972889910659
ENSMUSG00000023832	0.0772377975919749	7.47233783694443	2.07093808114564	0.0384110232159255	0.09428095582484	-4.82973275344883
ENSMUSG00000002985	0.0582624531807099	7.25392637325393	1.86136872992805	0.062745323014291	0.138386416594188	-4.83050356596844
ENSMUSG00000025949	0.131871372423491	7.09584721456119	1.83647705448052	0.0663409595076944	0.144179256619312	-4.83070503603818
ENSMUSG00000034000	-0.0827309178106592	7.03894431989431	-1.834791338884	0.0665904801800523	0.144529603202461	-4.83088211774745
ENSMUSG00000011752	-0.0673534217837854	7.29454953477878	-1.97737707455513	0.0480487712593983	0.112271017906129	-4.83224898217915
ENSMUSG00000073805	-0.0947027745238644	7.11446876340414	-1.86692301441287	0.0619653932906769	0.136919988010387	-4.83227624002705
ENSMUSG00000055835	0.0862776937298682	7.37098211782099	1.93518613446264	0.0530185554552235	0.121179980450382	-4.83328662571115
ENSMUSG00000022270	0.0848076071260708	6.97753134711413	1.83542172895979	0.0664970790986818	0.144375469400392	-4.83477250466637
ENSMUSG00000028813	-0.0834185534467693	7.23533123136658	-1.93897698040086	0.0525551209803922	0.120309782107938	-4.83643077712489
ENSMUSG00000026469	0.114966006182869	7.05249041140556	1.83070993898834	0.0671978146960506	0.145437888907372	-4.83670293153458
ENSMUSG00000027624	0.0947558151854464	7.11079075292231	1.83774565555484	0.0661536888727595	0.143987380668689	-4.8389680065338
ENSMUSG00000053091	-0.0648859061327443	7.15053203928553	-1.84933350204684	0.0644631794068022	0.141247187413197	-4.83953502826626
ENSMUSG00000030486	0.0832739256915236	7.30393578913926	1.90804220581073	0.0564376717455259	0.127064832070924	-4.83993102798322
ENSMUSG00000050711	-0.0579802415592239	6.93555908522925	-1.82934592419319	0.0674018014082875	0.145638617599818	-4.84063001728707
ENSMUSG00000020397	0.0750642715938126	6.8592209407372	1.84572655991925	0.0649855176406386	0.142082564621116	-4.8411329551025
ENSMUSG00000028710	0.0626363672398211	7.29689085707244	1.89915907045999	0.0575957309755293	0.129205502044488	-4.84275946677459
ENSMUSG00000019837	0.0985377015346298	7.19233093684387	1.83686924986968	0.0662830171108933	0.144125105466835	-4.84329053950116
ENSMUSG00000033009	-0.0877875976903839	7.13787696171861	-1.88233860996308	0.0598426934957746	0.133128384578875	-4.84374500200179
ENSMUSG00000025732	-0.0830832020830314	7.14131474361913	-1.84875508078646	0.0645467091931472	0.141359236660536	-4.84432415850584
ENSMUSG00000020577	-0.10432266313317	6.88054519749396	-1.8284752845415	0.0675322707776427	0.145800552906725	-4.84455421655301
ENSMUSG00000090266	0.0826992086959102	7.10894564826703	1.83302716107168	0.0668524422995675	0.144941289887437	-4.84520313967044
ENSMUSG00000063320	-0.076980825409299	7.31047365588454	-1.95999418183588	0.0500467859349056	0.115843797995011	-4.84521649640297
ENSMUSG00000021013	-0.0808399584925787	7.23846926042595	-1.86846190723227	0.0617507280458736	0.136527346619846	-4.84551074766461
ENSMUSG00000057234	-0.0777693128195596	6.96623841644479	-1.82805653793073	0.067595095874057	0.145839649832425	-4.84568121262748
ENSMUSG00000068696	0.0735628284101368	6.60864788086304	1.90227230725779	0.0571876414218307	0.12848817599015	-4.84584082297616
ENSMUSG00000021794	0.131014629045314	7.06701997205788	1.82724085299637	0.0677176122389478	0.146031787091468	-4.84587842293661
ENSMUSG00000039601	0.0830552503740751	6.87013732263525	1.85059242405523	0.0642816870150945	0.140967478459232	-4.84669193171773
ENSMUSG00000049532	0.099839959288051	7.15916185899223	1.8360026170135	0.0664111080098855	0.144259868270354	-4.84915008591584
ENSMUSG00000021758	-0.0626097186714727	7.32437970032309	-1.9699394488889	0.0488953033650879	0.113827814285195	-4.84917998116729
ENSMUSG00000020255	-0.128215662702389	6.89271831351829	-1.82937632595871	0.0673972493149369	0.145638617599818	-4.84918831280624
ENSMUSG00000101872	-0.0598922365816312	7.27599989808142	-1.89362544651383	0.0583270671667423	0.130466079505722	-4.84947963572931
ENSMUSG00000025666	0.0716497297826493	7.2593594434988	1.85849358818351	0.0631522274263911	0.139002851625137	-4.84948048640652
ENSMUSG00000057406	0.0879424377872917	7.24627154708358	1.86783640805259	0.0618379066077444	0.136661356061545	-4.85017837237453
ENSMUSG00000031533	-0.0838662998433639	7.13903610525754	-1.83750782519324	0.0661887641213955	0.144016302211249	-4.85204792101743
ENSMUSG00000050199	0.131215880981701	7.04278961278092	1.82257959842999	0.0684212456443123	0.147251939251151	-4.85275187360518
ENSMUSG00000038079	-0.080723051270092	7.31355559175984	-1.92488498534528	0.0542951594966172	0.123237210147315	-4.85353847136614
ENSMUSG00000027963	-0.0778238272330478	7.42861098707086	-2.08942848287376	0.0367149127655557	0.0910362950618665	-4.85401302445456
ENSMUSG00000035105	0.0882101542884319	6.68809800334631	1.87154104796508	0.061323056847856	0.135798623182025	-4.85463168843596
ENSMUSG00000037990	-0.0912853299200549	6.78121771812396	-1.83985853477116	0.065842753299644	0.143501469318951	-4.8548466241112
ENSMUSG00000032267	-0.0776134771628927	7.31408279084319	-1.93776694598035	0.0527026793657054	0.120521131573068	-4.85693323331996
ENSMUSG00000034353	-0.0822413008581293	7.04739573722488	-1.82997719431118	0.0673073324783653	0.145554607995831	-4.85700090259108
ENSMUSG00000063297	0.0762369480265432	7.10430417399332	1.82105860811813	0.0686521414343704	0.147536742557252	-4.85727147210093
ENSMUSG00000038302	-0.10950420845669	6.96875131944989	-1.82202292558742	0.0685056778510969	0.147367126918594	-4.85737665765078
ENSMUSG00000032377	0.120921614653623	7.24104816053404	1.83871995700517	0.0660101586712264	0.143801257768091	-4.85757210698752
ENSMUSG00000023944	-0.0827873440057552	6.92224972042628	-1.8205695144604	0.0687265248561256	0.147615024071148	-4.8578353284269
ENSMUSG00000002845	0.0676817804528564	6.92626890858773	1.83252528038808	0.0669271212562879	0.145043845636041	-4.85841012086848
ENSMUSG00000049649	-0.078664780491291	7.16589475992302	-1.85882183163851	0.0631056627403285	0.138923715587083	-4.85907231756762
ENSMUSG00000019232	0.115985287756375	7.11106670271806	1.82358108228419	0.0682695630876291	0.147052504103857	-4.85942978990114
ENSMUSG00000012117	-0.0470077907314339	7.47944835844056	-2.13287655609284	0.0329789135179064	0.0837718152457179	-4.86076937870775
ENSMUSG00000008318	0.0707601778249183	7.50198231797598	2.12260652401222	0.0338313006739433	0.0855221835148224	-4.86140291594331
ENSMUSG00000028999	-0.0875945191794294	6.94156053710815	-1.82082443156333	0.0686877477284673	0.1475648167478	-4.86424321814278
ENSMUSG00000058672	-0.0883610424668753	7.27695378024133	-1.93451126625711	0.0531014158278979	0.12122628745706	-4.86503407285776
ENSMUSG00000022201	-0.107996915329829	7.27459304716324	-1.9056574488705	0.0567466429106782	0.127606844552834	-4.8655484373858
ENSMUSG00000039747	0.122260087446274	7.28775064974235	1.90621634679618	0.0566741055821312	0.127509432940584	-4.86629920370538
ENSMUSG00000048965	0.0424943378967688	7.3680876178529	1.96619919681306	0.0493257200406047	0.114539256256048	-4.86632644495634
ENSMUSG00000027329	0.101090379159956	6.79818428745213	1.8535914302889	0.0638510348944742	0.140210960892059	-4.86677215830624
ENSMUSG00000028107	-0.118830526526896	7.26745738614605	-1.91146541395885	0.0559966074932449	0.1262672382538	-4.86679117445392
ENSMUSG00000024477	0.106152859657319	7.1122119554179	1.81478335545389	0.0696115463820242	0.14910902572537	-4.8670233512762
ENSMUSG00000040007	0.10496509494173	7.09120604965049	1.82361509019857	0.0682644171818269	0.147052504103857	-4.86751609633667
ENSMUSG00000079484	-0.091314021403198	7.19076673973093	-1.86882431164419	0.0617002647290547	0.136449301660943	-4.86758357523614
ENSMUSG00000020080	0.0518133575041109	7.48603075799122	2.09890783551569	0.0358704071633149	0.0894505467775464	-4.86768554136953
ENSMUSG00000003062	0.075116884194335	6.97512606398208	1.81356682426748	0.0697988066135747	0.149436790872432	-4.86797796783168
ENSMUSG00000047959	0.0956926872806232	7.17166307151679	1.83701199366684	0.0662619386964537	0.144103206214945	-4.86803318125968
ENSMUSG00000097466	-0.0656973685665996	7.44036681740917	-2.06996870405494	0.0385017518370234	0.0943841298874789	-4.86833833161705
ENSMUSG00000015337	0.0864050412667563	7.20690768419149	1.85277247441143	0.0639683983055367	0.140445123363422	-4.86834703313141
ENSMUSG00000071632	0.0584909141682468	7.50656498816333	2.09494573864364	0.0362213491802198	0.0901882661596497	-4.86974818921515
ENSMUSG00000073838	-0.101997994588652	7.05363615034083	-1.82312968463267	0.0683378965236359	0.147127074706042	-4.87126721132842
ENSMUSG00000026353	-0.104142770380247	6.80564617537944	-1.83541950012241	0.0664974091417939	0.144375469400392	-4.87145877168736
ENSMUSG00000051062	-0.0483157365708395	7.43396471603667	-2.05418435685605	0.040004912647911	0.0973502446814965	-4.87421914145768
ENSMUSG00000020166	-0.11026185174276	7.12839566696354	-1.83017091853533	0.0672783637116441	0.145515998300486	-4.8743895364682
ENSMUSG00000006333	0.0564787707176055	7.24806815111123	1.83741192890101	0.0662029112525958	0.144022684300263	-4.87455011036514
ENSMUSG00000047731	0.0897313996356504	6.87996411730603	1.8320024852285	0.067004985288778	0.145164532086825	-4.87493604493682
ENSMUSG00000023089	-0.0755468386543185	7.16458448507524	-1.84404864565658	0.0652296918169518	0.142426138303458	-4.87507492851103
ENSMUSG00000039599	0.056760063292824	7.29498936067877	1.86496655381947	0.0622391979420683	0.137455394645337	-4.87513977297677
ENSMUSG00000097195	0.0763619957948114	7.19522673642444	1.81927777148406	0.0689232971453798	0.147981310409886	-4.87516580734002
ENSMUSG00000028949	0.105288050519555	7.28414618904016	1.88021588170582	0.0601313582930044	0.133657002168423	-4.87526940857657
ENSMUSG00000028565	0.122424385450374	7.0626544873034	1.81074510510872	0.0702347455495889	0.150247269401179	-4.87538806832153
ENSMUSG00000094906	-0.0668943323969255	7.40371360033899	-2.03739468625335	0.0416581770159328	0.100476944269085	-4.87554418310389
ENSMUSG00000028821	0.0649108292594827	7.27267974788827	1.84055698535049	0.065740233259189	0.143325750845845	-4.87559064742103
ENSMUSG00000014313	-0.0786339490717864	7.15014525794774	-1.83877383003112	0.0660022298070023	0.143801257768091	-4.87582808007262
ENSMUSG00000035245	0.103089223604206	7.1836086651521	1.82096961820531	0.0686656704673658	0.14754159818788	-4.8773172100118
ENSMUSG00000032336	-0.0627057960234296	7.33225741799052	-1.95479499387216	0.050657754504405	0.117009760404317	-4.87959899395594
ENSMUSG00000004610	0.0950760040373515	7.07323998966352	1.80616305691526	0.070947403768975	0.151474789651569	-4.8803508890841
ENSMUSG00000071550	0.0507786035241322	7.10509493233618	1.80554254340679	0.0710443682732965	0.151632355629931	-4.88049961306419
ENSMUSG00000046432	-0.0874316982220593	7.23593318732827	-1.88992797744681	0.0588200208272662	0.131187685293112	-4.88146432426972
ENSMUSG00000019826	-0.0940320453001213	6.96724479884636	-1.80843115717837	0.070593902263077	0.15086767359259	-4.88189190413508
ENSMUSG00000040010	0.0974391376672692	7.25799546605301	1.84976224996366	0.0644013215500587	0.141158898666226	-4.88235927601244
ENSMUSG00000080823	0.0805540966976332	7.28473903372784	1.88433019573968	0.0595729086715703	0.132595804204046	-4.88246145983869
ENSMUSG00000061751	0.0852052003694928	7.46476089350421	2.07495239781365	0.0380372368580802	0.0937013558981554	-4.88288946017974
ENSMUSG00000031107	0.0656427132235811	7.34690334523406	1.91440051328421	0.0556207237805732	0.125592707094733	-4.88295125293415
ENSMUSG00000035227	-0.0944340581576677	6.85583115228467	-1.81804434095956	0.0691116185470634	0.148294275124165	-4.88322220642561
ENSMUSG00000031392	0.0648685334805137	7.29118658214858	1.86579075692773	0.062123729761944	0.137246687486225	-4.88472687595987
ENSMUSG00000010025	-0.0532754403643336	7.19440037275165	-1.82842773046636	0.0675394029574206	0.145800552906725	-4.88506023623415
ENSMUSG00000023050	-0.104091284270543	7.18950142446788	-1.87424057931135	0.0609501318689226	0.135064171704119	-4.88568919377935
ENSMUSG00000040557	-0.0488756510817296	7.55230709353897	-2.18853755019022	0.028672294490952	0.0751055781263592	-4.88586386252653
ENSMUSG00000032330	0.0962963502021799	7.18107457037099	1.84303024351665	0.0653782609209175	0.142686578889996	-4.88597195146017
ENSMUSG00000093674	-0.063822634464012	7.23968755096596	-1.85932033110859	0.0630349997930655	0.138844393552783	-4.88612138513514
ENSMUSG00000021699	0.0999410894886728	7.24366991631763	1.86402823435984	0.0623708695825426	0.137653308256009	-4.88626661551584
ENSMUSG00000087174	-0.050149096972663	7.36029407943371	-1.94723443853247	0.0515573564695561	0.118618147636566	-4.88629920626393
ENSMUSG00000027630	0.0613249960385271	7.45161172153663	2.02263177827123	0.0431593229661606	0.103262075737859	-4.88659452807727
ENSMUSG00000049107	-0.0751901682247134	7.29540009113765	-1.88793022949312	0.0590878010500761	0.131650355913478	-4.88728137801105
ENSMUSG00000025224	-0.0871497746237901	6.92756647895127	-1.80498381394411	0.0711317710580227	0.1517446874192	-4.88894195344607
ENSMUSG00000060477	-0.0582265731616802	6.75633492026669	-1.82934639026144	0.0674017316214103	0.145638617599818	-4.88945841098025
ENSMUSG00000024539	-0.0639013078868853	6.70660291777975	-1.84701018491656	0.064799231007343	0.141761228505198	-4.88959500049399
ENSMUSG00000029661	0.0686763898727953	7.19440463233815	1.82372654563105	0.0682475545446122	0.147052504103857	-4.88988923784802
ENSMUSG00000020716	0.116220077356254	7.03694386274968	1.80084385046919	0.0717821416044879	0.152922623224233	-4.89070288385816
ENSMUSG00000038369	0.0939572367152159	7.34374619521375	1.89334933094988	0.0583637604312015	0.130503561326266	-4.89229257374819
ENSMUSG00000000976	0.0626023668404718	7.36969412075848	1.92639207821914	0.0541068010789049	0.123003177336059	-4.89247312564626
ENSMUSG00000042622	-0.0729508830331183	6.74699418681853	-1.82825150814599	0.0675658382588682	0.145800552906725	-4.89311892870551
ENSMUSG00000002346	-0.0994625824944206	7.04730952286866	-1.80775849223397	0.070698591398601	0.151066746954543	-4.89321518094805
ENSMUSG00000027796	0.0625159135844617	7.37441567706776	1.94008506055195	0.0524202986567879	0.120085021788389	-4.89345986847734
ENSMUSG00000026812	0.0984268943589468	7.32197382102293	1.89603321473101	0.0580079082257531	0.129885331707125	-4.89416095837459
ENSMUSG00000038831	0.104175259836009	7.36996457401172	1.93784703769626	0.0526929018393558	0.120519823703851	-4.8963632653458
ENSMUSG00000047036	0.0886618262214371	7.29309633345325	1.86487101386095	0.0622525942595298	0.137461791878186	-4.89640608083181
ENSMUSG00000026750	-0.0861415842457118	7.14360304817899	-1.83147732812682	0.0670832761893428	0.145262842208083	-4.89665013606565
ENSMUSG00000031796	-0.0931116737485951	7.2519510628224	-1.87135283031154	0.0613491283807554	0.135833382168248	-4.89728645273251
ENSMUSG00000029202	-0.102636548884324	6.72315355670192	-1.8379235837233	0.0661274580248719	0.143978160728692	-4.89775259564177
ENSMUSG00000040396	0.0897144331674768	7.24958625323375	1.83140043769344	0.0670947454042375	0.145262842208083	-4.90037296497192
ENSMUSG00000032870	-0.0828383732436881	7.1279658438296	-1.83654096575489	0.0663315145001297	0.144179256619312	-4.90039687083526
ENSMUSG00000081534	0.0683600933089004	6.9879445764654	1.79784935087881	0.0722555952952032	0.153641424980478	-4.90138880451654
ENSMUSG00000029198	0.0805484593459349	7.40855756325997	2.00607108031514	0.044897441345775	0.106350154170234	-4.90217131110025
ENSMUSG00000042208	0.05622400194612	7.5060166393611	2.06966880293596	0.0385298578877614	0.0944106048975052	-4.90250078410427
ENSMUSG00000028854	0.0494429101996641	7.36867036216963	1.92442318677949	0.0543529850993335	0.123347075909252	-4.90301738315415
ENSMUSG00000039205	-0.0942534141040916	7.28822611988002	-1.89673328080144	0.0579153846398808	0.129744732324661	-4.90463756863047
ENSMUSG00000059013	0.0359910680949707	7.5664965421502	2.15625709270525	0.0311067260167414	0.0800253992947885	-4.90542671202935
ENSMUSG00000033107	0.0873197312249081	6.94721395961509	1.80031001803803	0.0718663579658859	0.153037468849931	-4.9057121765568
ENSMUSG00000045103	0.124944857940503	7.20751075382283	1.81670038656022	0.0693172959589436	0.148624637847116	-4.90620842191097
ENSMUSG00000001964	-0.0747280945828139	6.76328155524085	-1.81284143098882	0.0699106628705307	0.149627333382538	-4.90671152509763
ENSMUSG00000037376	0.0653587849725072	7.44946604711795	2.00101424953204	0.0454398049652126	0.107401683806565	-4.90673134585358
ENSMUSG00000037536	0.0661804548184159	7.47223521343295	2.09052203869183	0.0366166324335441	0.0908270086813109	-4.9080706251153
ENSMUSG00000025035	-0.0860665223151207	7.12601372393606	-1.80977893588731	0.0703845255880041	0.150469335238104	-4.90847074266004
ENSMUSG00000054034	-0.127564785788018	7.04644975567729	-1.79980103271088	0.071946729875654	0.153183702639789	-4.90912650807539
ENSMUSG00000021287	0.0751240778677094	7.29342195243508	1.83033489302782	0.0672538516253468	0.145511060234513	-4.90925577430429
ENSMUSG00000051550	0.0881123107859612	7.05422391508949	1.78835094743581	0.0737743160879731	0.156201903627442	-4.90992983440668
ENSMUSG00000068220	0.0874983933932416	7.16870579136664	1.80847074896661	0.0705877444236896	0.15086767359259	-4.91072339600304
ENSMUSG00000025323	0.0877742288762171	7.36877820263188	1.891711287718	0.0585818362006944	0.130857089155347	-4.91099592289658
ENSMUSG00000021982	-0.0769667526465856	6.76820211179321	-1.81800318758694	0.0691179091664876	0.148294275124165	-4.91214127872575
ENSMUSG00000059742	0.0597994340910555	7.41292859346734	1.97892604863852	0.0478740294943565	0.111942631566372	-4.91231147497537
ENSMUSG00000050447	0.0612964266440432	7.42732258231287	1.99739316926697	0.0458315638899462	0.108108323800362	-4.91256155465954
ENSMUSG00000009013	-0.0643885310789765	7.09096226944343	-1.80480796561583	0.0711592974786825	0.151778677515626	-4.91396941594655
ENSMUSG00000003585	-0.0664664031290512	7.19577149630136	-1.82829293089608	0.0675596236217678	0.145800552906725	-4.91397424787739
ENSMUSG00000070462	0.105424438759554	7.09254170252152	1.79235140410707	0.0731315216050917	0.155201472013918	-4.91664365350246
ENSMUSG00000053470	0.0719522320556329	6.86409348060643	1.80077855757045	0.0717924377418042	0.152922623224233	-4.91792391791797
ENSMUSG00000045658	-0.07905766680003	7.04862615572827	-1.79158971010555	0.0732535562921247	0.155334557657353	-4.91827299771206
ENSMUSG00000040888	0.0791121215412218	7.29450776314063	1.86442711996229	0.0623148669891597	0.137576094202711	-4.91875115055342
ENSMUSG00000026885	0.0934618687220397	7.34457886212795	1.95869147969183	0.0501992863535174	0.116114674371069	-4.91880032114778
ENSMUSG00000031906	0.0516307665895352	7.12138483277434	1.79210086773717	0.0731716428757857	0.155213274580806	-4.91899806191555
ENSMUSG00000024829	-0.0883256210341523	7.26802911793493	-1.8946879999825	0.0581860421848931	0.130217378510192	-4.91913154742978
ENSMUSG00000031673	-0.0661044352600344	7.24805123282547	-1.86038822534804	0.062883844577265	0.138613564303367	-4.92048840630507
ENSMUSG00000041225	0.113349460087698	6.77137990750454	1.83368885108675	0.0667540888957547	0.14478891806994	-4.92084475277386
ENSMUSG00000040022	0.0830836178916039	7.27960799832562	1.84695182298462	0.0648076912340326	0.141761228505198	-4.92105850742938
ENSMUSG00000047155	0.0464897098503041	7.55490237784064	2.16771722503464	0.030222877856984	0.0782436062692575	-4.92115485263341
ENSMUSG00000048458	-0.0725892690429539	7.15460449694609	-1.82506208992043	0.0680457598549133	0.146691106211185	-4.92219833102876
ENSMUSG00000039990	-0.0950126470061647	6.86124552111326	-1.78947435592281	0.073593341625445	0.155903564491962	-4.92231861367216
ENSMUSG00000009739	0.0770989918322087	7.33791945216687	1.89507370813748	0.0581349201050224	0.130147464776839	-4.92357531370736
ENSMUSG00000023075	0.0829616753989004	6.87922842577867	1.79722095471508	0.0723552736106584	0.153828392677938	-4.92465607768162
ENSMUSG00000071265	-0.0771431360572219	7.23639682327194	-1.85520789239314	0.0636199040537099	0.139844154444454	-4.92499553625868
ENSMUSG00000053647	0.108297893870187	7.18667553519103	1.78783770449198	0.0738571175324489	0.15633587433061	-4.92571619172787
ENSMUSG00000058440	0.104838487356371	7.01837972188393	1.77999630697801	0.0751316463954896	0.158367978523547	-4.92600578688477
ENSMUSG00000025521	0.0586686251419088	7.44031372784083	2.00957902091361	0.0445244184568489	0.105657728192327	-4.92640498280928
ENSMUSG00000024640	0.090407395563374	6.74042815356434	1.83836472964773	0.0660624595862512	0.143884498569822	-4.92682658890687
ENSMUSG00000023951	0.0498693350239279	7.21358381082698	1.80197925057509	0.0716032920135966	0.152576546068035	-4.92685346473945
ENSMUSG00000010290	0.0637603014338355	7.23130777255605	1.8119385744174	0.0700500896562455	0.14990123795024	-4.92708209944763
ENSMUSG00000029578	0.087722499056186	7.24953728461943	1.85152034747849	0.0641481833024322	0.140745435863154	-4.9286795679802
ENSMUSG00000026927	-0.094518513881181	7.05781627694856	-1.78417152979044	0.0744507939444167	0.157363544449516	-4.92916691238568
ENSMUSG00000067424	-0.0895992777091204	7.05361943791931	-1.78167823519412	0.0748567656284664	0.157992064421712	-4.92962343120496
ENSMUSG00000022280	-0.0967439636479464	7.22172316951259	-1.83672368284058	0.0663045181110216	0.144147916159	-4.93005631166188
ENSMUSG00000042508	-0.0578591874703704	6.69284506285359	-1.82855082425989	0.0675209425739358	0.145800552906725	-4.93290219871446
ENSMUSG00000059474	0.105875684121989	7.25416768382064	1.80514428767236	0.0711066589208732	0.151740567007673	-4.93370602349328
ENSMUSG00000039456	0.083910715537395	7.32744841762874	1.84099982171792	0.0656753010129383	0.14320803478704	-4.93539093162165
ENSMUSG00000042446	0.117213985770025	7.20721526288018	1.79507063802581	0.0726972164533286	0.15442997855054	-4.93607927998766
ENSMUSG00000020486	0.0938316470676739	7.02034905419599	1.77691458839377	0.0756374364679994	0.15922902689163	-4.93681869353198
ENSMUSG00000027303	0.0752168027536859	6.87198243596087	1.79118209469216	0.07331893074758	0.155448006695922	-4.93716553801399
ENSMUSG00000092203	0.0978608956024942	7.26451522324184	1.81367041006681	0.0697828455929813	0.14942705503816	-4.93827598217763
ENSMUSG00000029466	0.0864954258591784	7.37963715052854	1.92598895830543	0.0541571300096626	0.123073276529509	-4.93865639132272
ENSMUSG00000035158	0.115315730566441	7.00145195288999	1.78012653851038	0.0751103330012488	0.158367978523547	-4.93873236888173
ENSMUSG00000024474	-0.105062558230502	7.09865880065312	-1.78041500154087	0.0750631413856344	0.158362254418755	-4.93921949286861
ENSMUSG00000041119	0.0839745752359313	7.32785349383381	1.85189894847055	0.0640937784169351	0.140665507268161	-4.94063492062644
ENSMUSG00000028618	0.0834831807554544	7.06991647313139	1.77302069256746	0.0762804973113974	0.160176544669529	-4.94065868725236
ENSMUSG00000020737	0.080584911027044	7.09183145356326	1.77677944134495	0.0756596810772719	0.159250248338206	-4.94117326529209
ENSMUSG00000014470	0.0818762676645246	7.07803647120042	1.77361807202227	0.0761815538879377	0.16003880491524	-4.94147943346761
ENSMUSG00000039385	0.0863652636729269	7.25895540775259	1.84300691687959	0.0653816671830955	0.142686578889996	-4.94162130222725
ENSMUSG00000053226	-0.0548951636096424	7.15430776721534	-1.79209458169144	0.0731726497641869	0.155213274580806	-4.9428386666874
ENSMUSG00000049577	0.106305915526495	7.02915499788214	1.76982259151088	0.0768119803350761	0.161080001048665	-4.94311067695133
ENSMUSG00000051515	-0.105043585083471	7.16643779413337	-1.78433138851375	0.0744248263881998	0.157359468196756	-4.94325273334607
ENSMUSG00000087679	-0.0794893053215233	7.26737847351133	-1.85920780346466	0.0630509450128299	0.138844393552783	-4.94387876373538
ENSMUSG00000026179	-0.0596745152194247	7.28011808639437	-1.87353261198037	0.0610477512853625	0.135234714014884	-4.94407567442849
ENSMUSG00000005949	-0.089277820350393	7.29855140406137	-1.87647915939954	0.0606423118013484	0.134564262051399	-4.94410145569769
ENSMUSG00000034931	-0.0740089116648965	6.86332961779247	-1.77447408646634	0.0760399555352389	0.159922104075076	-4.94524405891804
ENSMUSG00000082519	0.110223586886027	7.01771201672152	1.76761826253136	0.0771800661857643	0.161670628240644	-4.94729942900426
ENSMUSG00000024065	0.0760542408827556	7.38784165191389	1.96112884105093	0.0499142741422255	0.115680240231902	-4.94747654743282
ENSMUSG00000046160	0.0953962089462772	7.06868897905069	1.76697800948788	0.0772872467057388	0.161869242340671	-4.94770583448615
ENSMUSG00000026578	-0.0819017500767991	6.97235482871983	-1.76789448044041	0.0771338637991368	0.161625567358883	-4.94855096316216
ENSMUSG00000069184	-0.103239963275021	7.2097769123429	-1.80666072567585	0.0708697140503604	0.151358286516691	-4.94926420064528
ENSMUSG00000022623	0.0858987937093403	7.15708337634335	1.78311126916724	0.0746232108624452	0.15757533493728	-4.94942580508604
ENSMUSG00000091722	0.086211677819751	7.15447445880969	1.77706920709154	0.0756119934594762	0.15922667176636	-4.95073332842381
ENSMUSG00000000869	-0.0445746349964127	7.50447132173202	-2.06564601513275	0.0389085537015592	0.0951420965746756	-4.95163213693538
ENSMUSG00000021257	0.0390865798682132	7.46290979200626	2.00276660181858	0.0452512367008396	0.107013943440642	-4.95375913224295
ENSMUSG00000040699	-0.0787423964007994	7.252500155978	-1.85710788874962	0.0633491162246996	0.1393659266701	-4.9543697658901
ENSMUSG00000099185	0.0999129034774509	7.20239619432416	1.80682440983128	0.0708441770158589	0.151328432940386	-4.95466081251705
ENSMUSG00000042485	0.0514158422169384	7.28232689948072	1.82348486781705	0.0682841235027451	0.147059671804234	-4.95615492403643
ENSMUSG00000025466	-0.0858957890765799	7.24029486290439	-1.82943105991556	0.0673890545708647	0.145638617599818	-4.95723783437527
ENSMUSG00000058230	0.0841971119081624	7.21411296776863	1.78830394885907	0.0737818952056296	0.156201903627442	-4.95745854943836
ENSMUSG00000022442	-0.0661160578102891	7.40183487182611	-1.98366560526935	0.0473426688434803	0.11093793100033	-4.95806753905256
ENSMUSG00000031029	0.0842922545110518	7.21341777575812	1.78670087920635	0.0740407920791133	0.156674001923348	-4.95870095958628
ENSMUSG00000027361	-0.0980415779195507	7.03537425808835	-1.76322720918654	0.0779175826989141	0.163006870037421	-4.95881407821716
ENSMUSG00000045795	0.0674789569329075	7.4527800647674	1.98656347073149	0.0470202340775845	0.110360147820677	-4.95928282989087
ENSMUSG00000070695	0.060414910505374	7.14846921989949	1.77691574476402	0.0756372461575851	0.15922902689163	-4.96007249172213
ENSMUSG00000034308	0.061152779884412	7.37762003551328	1.91543590114724	0.0554886294859044	0.125384937479653	-4.96047068815377
ENSMUSG00000018809	0.0595555635762057	7.44427977179296	1.99587056468362	0.0459971399837652	0.10840586078622	-4.96057505913872
ENSMUSG00000087675	0.0876492391001715	7.44050985388153	1.98235740825251	0.0474888352572509	0.111220721142742	-4.96129362714106
ENSMUSG00000026424	0.114862120602219	7.08886532908433	1.75991566921801	0.0784775739046407	0.163838047769025	-4.96142352906695
ENSMUSG00000049489	0.0607815642951568	7.49472962449864	2.05867122966183	0.0395726398319661	0.0965675676943337	-4.96199207366342
ENSMUSG00000058355	-0.0965732895447209	6.97361881495528	-1.76098740933531	0.0782959819974123	0.163537172353242	-4.96283931020492
ENSMUSG00000034765	-0.0841238441657861	7.09689585372621	-1.77372404611073	0.0761640124349368	0.16003880491524	-4.96326559152539
ENSMUSG00000031788	0.0650918863664867	7.28564708722762	1.83162102165652	0.0670618467452424	0.145262842208083	-4.96560073921293
ENSMUSG00000032262	-0.100418349714086	7.01064733902173	-1.7599392487911	0.078473574978595	0.163838047769025	-4.96582402959284
ENSMUSG00000022489	0.0533105145075714	6.74555356008079	1.79706893618467	0.0723794042118714	0.153854710170778	-4.96656218044536
ENSMUSG00000056851	0.0660531742305928	6.81262312485597	1.79057510826759	0.0734163693246764	0.155629389118955	-4.96856445205611
ENSMUSG00000026174	-0.0528288760621791	7.10766911232401	-1.76058253233066	0.0783645426942141	0.163654265904076	-4.9700447208626
ENSMUSG00000029263	-0.0967270639659228	6.9871239526003	-1.75582895687411	0.0791731608546897	0.164974537945185	-4.97033682438325
ENSMUSG00000020389	0.0782266074529518	7.17001178801687	1.76158222646991	0.0781953459785164	0.163431269085367	-4.97067337206383
ENSMUSG00000074797	-0.0558836408393235	7.21975900417815	-1.8232265206803	0.0683232325615601	0.147119697482886	-4.97098530077558
ENSMUSG00000026032	-0.0788751103877905	7.13329755302602	-1.79860424185059	0.0721360006926565	0.15348683911397	-4.97165439466372
ENSMUSG00000030048	-0.0857148904265861	7.28695600587207	-1.82264305760203	0.0684116260404982	0.147251939251151	-4.97166899480414
ENSMUSG00000040550	-0.0894673852530143	7.0159938656621	-1.75481065416303	0.0793472614210946	0.165153314232905	-4.97197111683816
ENSMUSG00000065669	0.0517924465364583	7.41064928729846	1.92000540991438	0.0549087733384807	0.124328201409095	-4.97265991187363
ENSMUSG00000015668	-0.0814444689902079	7.24473298883696	-1.84536582396414	0.0650379490749531	0.142133400303596	-4.97288414161995
ENSMUSG00000048706	-0.0872102284532668	6.86683057034047	-1.75917407600125	0.0786034274581016	0.164022087971933	-4.97319022448982
ENSMUSG00000031605	-0.0902779870706354	7.01311815224882	-1.75404857986756	0.0794777578916273	0.165357195029757	-4.97330221331216
ENSMUSG00000015597	0.0387193573261362	7.51254680634586	2.04003481693314	0.0413944339813656	0.10002508853526	-4.97446733426277
ENSMUSG00000048154	0.0604927477440862	7.03423847398183	1.75045060196825	0.0800962295425271	0.166290689948159	-4.97456006223932
ENSMUSG00000023021	-0.0641632576262268	7.15617718976566	-1.77292809021872	0.0762958443364658	0.16017722803929	-4.97557431426811
ENSMUSG00000024177	0.0704121529135513	7.47404056518188	2.02306295401481	0.0431148397751866	0.103229605401745	-4.97651238492315
ENSMUSG00000054196	-0.0380470494557672	7.2430198334609	-1.7982019938703	0.0721997071643874	0.153572472168344	-4.97657518184838
ENSMUSG00000069089	0.100498416308352	7.2454323288124	1.81026886142035	0.0703085423314119	0.15033144474977	-4.97694911805658
ENSMUSG00000103715	0.0658159718120404	7.28126980369687	1.83355216236162	0.0667743964936493	0.144808745882865	-4.97697322245588
ENSMUSG00000036699	0.0674250428079608	7.04358272155598	1.74875774716672	0.0803885717393788	0.166711101094875	-4.9774240061935
ENSMUSG00000027550	0.0439798855013054	7.56532740150851	2.08589574027536	0.0370339456585569	0.0916364423666276	-4.97769778293849
ENSMUSG00000041977	0.0737167289465743	7.22137529497924	1.78577256473637	0.0741910548131636	0.156966594960236	-4.97785418816667
ENSMUSG00000050855	0.074364437464526	7.19002289313939	1.76822224840518	0.07707906799511	0.161543429884899	-4.97860089475485
ENSMUSG00000034800	0.0441486101377171	7.4848472806681	2.02286875171899	0.04313487028151	0.103258465759034	-4.97971736665022
ENSMUSG00000007656	-0.0489017906400466	7.03107753799252	-1.74765826109188	0.080578907994268	0.167026450832957	-4.98285584353868
ENSMUSG00000022858	-0.0645572474563991	7.17693287121945	-1.76270295580201	0.0780060180355736	0.163147977791187	-4.98458401865475
ENSMUSG00000074165	0.0714251375082666	7.41451190608856	1.92125965675187	0.0547505002791569	0.124012724853758	-4.98462558069089
ENSMUSG00000038173	0.0979285968519026	7.0801612653011	1.74527719078865	0.0809923592398471	0.167665890178071	-4.98468616493018
ENSMUSG00000025933	-0.0611862381223149	7.30786251552646	-1.88458257421766	0.0595387930651986	0.132542404150583	-4.98523750928863
ENSMUSG00000062380	-0.0678976345281619	7.3069755373213	-1.87964696178073	0.0602089203026488	0.133804318152624	-4.98572086021125
ENSMUSG00000092341	-0.0962740978778998	7.13610440645239	-1.76587742107398	0.0774717723906519	0.162229757539734	-4.98590509949202
ENSMUSG00000024104	0.0678667563253725	7.14795453304202	1.74908621442351	0.0803317804350842	0.166619719495583	-4.98656752476026
ENSMUSG00000000538	0.120859703554205	7.24267823490091	1.80250681040837	0.0715203145196494	0.152499015910627	-4.98761376017759
ENSMUSG00000038879	0.0502955513514127	7.56686633099569	2.1042110510294	0.0354052182120737	0.0885434798151804	-4.98798196681526
ENSMUSG00000038845	-0.0908045665165229	6.81948471576135	-1.75481558511931	0.0793464176192789	0.165153314232905	-4.98957962717308
ENSMUSG00000051652	0.060604721640817	7.51515162237328	2.0501256306239	0.0403993822422489	0.0981642005039946	-4.9897909816019
ENSMUSG00000034543	0.118259502394426	7.40742007455849	1.90785957191522	0.05646128431716	0.12709613725589	-4.9902919526452
ENSMUSG00000035376	0.114262963601436	7.21624336705705	1.7736866796261	0.07617019717857	0.16003880491524	-4.99060493393354
ENSMUSG00000026932	0.11136036371214	6.84555317438257	1.78030859471148	0.0750805463777278	0.158362254418755	-4.9909925524089
ENSMUSG00000008384	0.0738562950516739	6.92469748059034	1.74426332806353	0.0811689294620167	0.167930408425525	-4.99102569609236
ENSMUSG00000098090	0.0518688198608688	7.40072575254266	1.88477898561022	0.0595122541064884	0.132505855571794	-4.99142962675847
ENSMUSG00000034297	0.11028691387806	7.14970241103881	1.74842580966514	0.0804459961792157	0.166803766547084	-4.99147591335691
ENSMUSG00000033618	0.0903478260329154	7.21005292155106	1.7784073813955	0.0753920843146989	0.158814669002098	-4.99180398843207
ENSMUSG00000050541	0.072542037996306	7.4154676174114	1.9660352230016	0.0493446621700597	0.114562921995109	-4.99195339983234
ENSMUSG00000002222	0.113831530984672	6.8053143192221	1.78031441375704	0.0750795944697731	0.158362254418755	-4.99216701872276
ENSMUSG00000018239	0.095796521056017	7.11479723436645	1.74621682803025	0.0808289944479017	0.167438796726571	-4.9922950314048
ENSMUSG00000096910	0.0997062566557965	7.22440633037356	1.77354749563398	0.0761932379343637	0.16003880491524	-4.99238820327365
ENSMUSG00000026499	-0.101046885662223	7.12590154370919	-1.76120998957244	0.0782583117155364	0.163510663418417	-4.99334036278906
ENSMUSG00000090935	-0.0910916110523958	6.7425715415314	-1.77500191955341	0.0759527506718411	0.159764365648416	-4.99353008236956
ENSMUSG00000032782	-0.0760164605354197	7.40788309018225	-1.94719176617823	0.0515624716009543	0.118618147636566	-4.99359834691581
ENSMUSG00000059586	-0.105121020690657	7.12002049701024	-1.76202622897851	0.0781202946847316	0.16332655669315	-4.99399133445105
ENSMUSG00000071660	-0.0644551899870143	7.11865949853372	-1.75264821461939	0.0797180093809593	0.165687915354107	-4.9945416473543
ENSMUSG00000068917	-0.101090553874287	7.21560729635991	-1.78330697920191	0.0745913604562896	0.157558904661785	-4.9954889157882
ENSMUSG00000019917	0.0748702086985293	7.16271035368408	1.74266256592781	0.0814483478849036	0.168216086213781	-4.99559479105985
ENSMUSG00000020656	-0.0643634998620097	7.52246080470432	-2.12149543193098	0.0339246382634516	0.0856754174662633	-4.99609499515984
ENSMUSG00000011382	0.0905333554622549	7.31076065896556	1.80556658634666	0.0710406091819602	0.151632355629931	-4.99610942648154
ENSMUSG00000014773	-0.0593635991642971	7.1421151808167	-1.74664867726306	0.0807540032049996	0.167336405501718	-4.99686738305726
ENSMUSG00000024422	-0.0777021249910739	7.17439730443178	-1.76105908734991	0.0782838493404292	0.163537172353242	-4.99837846716135
ENSMUSG00000024292	0.0756022145542445	7.31007206440966	1.81925462097354	0.0689268279009691	0.147981310409886	-4.99867888439386
ENSMUSG00000025759	0.0776616980313962	6.99463226086717	1.73946173811156	0.0820094045572113	0.169054814117936	-4.99986236272252
ENSMUSG00000016382	-0.0608793717269336	7.34251892155575	-1.9025641408966	0.0571495108898593	0.128424544553731	-4.99990408735399
ENSMUSG00000032570	-0.08476956526673	6.75388318090885	-1.77437613231271	0.0760561478147518	0.15993046694358	-5.00065504776293
ENSMUSG00000042557	0.0855891900166466	6.87313926394807	1.75537068652099	0.0792514734497039	0.165058907159326	-5.00171365566974
ENSMUSG00000059288	0.0906737506707334	7.18452219789313	1.75902721478415	0.0786283703110182	0.164022087971933	-5.00271842355602
ENSMUSG00000036106	0.0939588087293535	7.05156475771399	1.73459059185339	0.0828692554918119	0.17050515368518	-5.00277328074745
ENSMUSG00000060261	0.062786756803324	6.88333223199115	1.75111681960664	0.0799814164001899	0.166168118248013	-5.00415370111192
ENSMUSG00000044352	0.0644233024993355	6.90924777972763	1.74353499580965	0.0812959656611285	0.168086983960122	-5.00438027940418
ENSMUSG00000054874	0.0811401859153307	7.32529950439889	1.84152615541323	0.06559819450318	0.143063728541668	-5.00475539738542
ENSMUSG00000052949	0.0913093253585231	7.36591972379444	1.91003666232433	0.0561803450406091	0.126572548145182	-5.00499734897562
ENSMUSG00000032507	-0.0620280816372709	7.31079140310287	-1.89401455990818	0.0582753900550018	0.130372762576911	-5.00511932830989
ENSMUSG00000008348	0.081417789488289	7.06311408892106	1.73316249136306	0.0831227233937084	0.17091922328733	-5.00658292464236
ENSMUSG00000033960	0.0911712743224298	7.05913911358793	1.73200986750965	0.0833277559015248	0.171163135882088	-5.00700547247853
ENSMUSG00000041958	0.0614346379306943	7.24245113989023	1.78950606637591	0.0735882385336019	0.155903564491962	-5.00830775466345
ENSMUSG00000082226	0.0686409324286776	7.32565529223506	1.81587682493879	0.0694435812848886	0.148846654581166	-5.00909336466206
ENSMUSG00000021373	-0.0857070942245732	7.02236516876342	-1.74287959803018	0.0814104185100387	0.168194649121869	-5.00993900856098
ENSMUSG00000021967	-0.0477918782446949	7.36934265838287	-1.92391052313286	0.054417240128078	0.12340812450762	-5.01057573237449
ENSMUSG00000063015	0.111695071981757	7.18394638865779	1.74519771745687	0.081006188716948	0.167665890178071	-5.01111388970924
ENSMUSG00000032412	0.0855286626377625	6.90451997302473	1.7500738640396	0.0801612142416121	0.166345001878457	-5.01127026102438
ENSMUSG00000047867	0.0694435911768485	6.86728393077901	1.75079306060403	0.0800371949430569	0.166245749039267	-5.01222728700327
ENSMUSG00000030806	-0.0769076879019188	7.2488274850778	-1.84447309108414	0.0651678540837069	0.14231485332175	-5.01258233906071
ENSMUSG00000001569	0.0716105108833709	7.37516502446471	1.85184861242559	0.0641010094990716	0.140665507268161	-5.01417688376792
ENSMUSG00000022913	-0.0723562544291543	7.0888113241632	-1.74272316427392	0.0814377560389825	0.168216086213781	-5.01495736800888
ENSMUSG00000042750	-0.0862154217823106	7.1835180721878	-1.78120530969667	0.0749339735930579	0.158129526479741	-5.01503511584477
ENSMUSG00000034083	-0.0946973076162596	7.1096978012493	-1.7369600729292	0.0824500880898356	0.169776117218013	-5.01527839341144
ENSMUSG00000024256	-0.045918890166825	7.28746647186217	-1.85488976974596	0.0636653362964184	0.139920527579773	-5.01545464896796
ENSMUSG00000071172	0.0696719029110593	7.00160534480595	1.72882970033608	0.0838955800893422	0.172075972823072	-5.0155054466027
ENSMUSG00000018322	-0.0665648855129488	7.27366045275652	-1.86425330226416	0.062339265464851	0.137606754925953	-5.0156599107883
ENSMUSG00000033126	0.0741161014415699	7.14846474967324	1.73543863731719	0.0827190359833952	0.170276355203555	-5.01710992626544
ENSMUSG00000030120	-0.0819545848087895	7.17173882135489	-1.77396805423229	0.0761236353083892	0.159995285512511	-5.01757012151181
ENSMUSG00000036611	-0.117973033759245	7.08068527917484	-1.74630925088111	0.0808129403310106	0.167432032728848	-5.01762105119054
ENSMUSG00000001138	0.0612132845627524	7.31344326104604	1.81137573667172	0.0701371232913572	0.150062954425633	-5.01796036902726
ENSMUSG00000040412	-0.0704970181873241	6.99794688463904	-1.72891489540325	0.0838803276243386	0.172075972823072	-5.01855319697197
ENSMUSG00000044068	-0.0866182012225059	7.00336016094078	-1.72721024357902	0.0841859386328234	0.172455376088394	-5.01881428833684
ENSMUSG00000032523	0.0902899905020194	6.88716063253757	1.73933785084796	0.0820311829890902	0.169073086853459	-5.01956236711789
ENSMUSG00000028700	0.0723226864890796	7.45670203123068	1.99136276384926	0.0464902994371285	0.109449919120821	-5.01977933984301
ENSMUSG00000085169	0.0521196081229531	7.34404579014875	1.82882464045835	0.0674798932351091	0.145783294098028	-5.02014387860054
ENSMUSG00000035397	0.0689801710940747	7.42448721855626	1.95001586911367	0.0512248616687726	0.118028982881564	-5.02038608708516
ENSMUSG00000049323	0.0896867677061941	7.17054053367484	1.74286897887546	0.0814122740211794	0.168194649121869	-5.02062289069045
ENSMUSG00000034278	-0.0592486018777549	7.21106834726928	-1.7695904134253	0.0768506826004227	0.16113535179448	-5.0209083914526
ENSMUSG00000000827	0.0742284000165387	6.9547178988923	1.73251706944607	0.0832374827303658	0.171047735662525	-5.02131682580558
ENSMUSG00000026596	0.116011506788025	7.07343293781601	1.7276637586187	0.0841045443068803	0.172369551356556	-5.02387621125253
ENSMUSG00000031246	0.0558359809423283	7.5369075597264	2.02905358836966	0.0425008021832635	0.102058052491432	-5.02446202921462
ENSMUSG00000029149	0.0765150412882418	6.81737552667284	1.74311787466835	0.0813687928705809	0.168194649121869	-5.02509506387632
ENSMUSG00000070287	0.0969313016173903	6.94264633616505	1.72220287212946	0.0850888792796396	0.173891149127924	-5.02509850013427
ENSMUSG00000043991	0.0657044321839315	7.39092655799625	1.87957984927345	0.0602180753555805	0.133804318152624	-5.02530847974931
ENSMUSG00000023169	0.1151537338519	7.05999148127558	1.72193041424047	0.0851382333580531	0.17392147736635	-5.02535379358611
ENSMUSG00000027959	0.0623815831813532	7.04901163444863	1.72158734126117	0.0852004118586781	0.173961913919809	-5.02542272649095
ENSMUSG00000038126	0.0533577604087476	7.43652409565302	1.91175006169278	0.0559600616421704	0.12620656796198	-5.02634499203599
ENSMUSG00000002455	-0.0849726760368101	7.18691193932177	-1.75387944174134	0.0795067445084502	0.165380092008998	-5.02675701930549
ENSMUSG00000004895	-0.0753070776542479	7.04901772436718	-1.72556574324976	0.0844816193155222	0.172925791131773	-5.0270065005301
ENSMUSG00000037344	0.0609041599905851	7.36504713202823	1.85841648171838	0.0631631698849826	0.139003567008605	-5.02719210389023
ENSMUSG00000053317	-0.0585677886871139	7.06860993205102	-1.72428932854049	0.0847116972062062	0.173234229900602	-5.02751764562302
ENSMUSG00000032224	-0.0565178754157483	7.3805097632078	-1.92673625593565	0.0540638618984018	0.122946687506319	-5.02773192557754
ENSMUSG00000022008	0.101758935162442	7.18682947863461	1.74514443637981	0.0810154614471797	0.167665890178071	-5.02781483301989
ENSMUSG00000032076	-0.0850409131366323	7.41535324214603	-1.94532200003959	0.0517870177906857	0.119030132885474	-5.02918799537136
ENSMUSG00000030669	-0.0575324548131038	6.99289336756091	-1.71989124879671	0.085508351252173	0.174481816489004	-5.02926174657947
ENSMUSG00000073888	-0.0864762117507158	7.14199349294387	-1.75632751554743	0.0790880350064298	0.164865527142456	-5.03128222412117
ENSMUSG00000039623	-0.0862749881878511	7.29785694404521	-1.83264696645899	0.0669090082783618	0.145028598738462	-5.03252462145039
ENSMUSG00000043535	0.0836828561719756	7.28887871145699	1.78396215448212	0.0744848162075272	0.157384637474007	-5.03332507660832
ENSMUSG00000061132	-0.112830265035861	7.04300812785969	-1.72957908156263	0.0837614954173831	0.171908684433983	-5.03358684223718
ENSMUSG00000021773	-0.0790352665225198	7.25147796507647	-1.79226640791144	0.0731451310052515	0.155205195319409	-5.03384691345909
ENSMUSG00000059409	-0.0572668033993562	6.82769882641709	-1.73299171574267	0.0831530756953835	0.170954784391325	-5.03601522174177
ENSMUSG00000025178	0.0820553072212888	7.29565861235508	1.83798030016325	0.0661190984733767	0.143978160728692	-5.03676041425466
ENSMUSG00000033047	0.0586494270742195	7.24580761835934	1.75503266010891	0.0793092782497393	0.165153025424779	-5.03780864582858
ENSMUSG00000054823	0.0774915667882574	6.93735235133105	1.72017813654167	0.0854562013037924	0.174402585731762	-5.03811848447033
ENSMUSG00000015837	-0.0757854698776237	7.08917826227388	-1.73198119259238	0.0833328619089849	0.171163135882088	-5.03887437646548
ENSMUSG00000030235	0.0847262148241468	6.95187813073713	1.7223997069163	0.0850532382637213	0.173851209265986	-5.03888206077302
ENSMUSG00000034254	-0.065910795792222	7.27113186661464	-1.83046910039202	0.0672337948150816	0.145491709375049	-5.04215096926254
ENSMUSG00000028648	-0.0784020313470668	7.10016881265312	-1.73260659422799	0.083221557099018	0.171041856442754	-5.04253575844909
ENSMUSG00000051736	0.0464583794182092	7.47991357645525	1.97050160160197	0.0488308859798486	0.113733136318836	-5.04272514846604
ENSMUSG00000032062	-0.0539149230603577	7.44286232095013	-1.96627376416616	0.0493171080957004	0.114539256256048	-5.04282129908593
ENSMUSG00000033578	-0.0749181748309455	6.93182403101264	-1.71171390095837	0.0870056659868779	0.176902963053301	-5.04323397846848
ENSMUSG00000027447	0.075964593912035	6.88885596620497	1.72531049292533	0.0845275885131692	0.172965800064772	-5.04354360434779
ENSMUSG00000020064	-0.0888982991310474	6.88746036543718	-1.71917821729442	0.0856380763188834	0.174664853585733	-5.04389331177855
ENSMUSG00000022010	-0.0734428257658521	6.88523209372353	-1.71244588142137	0.0868707796971042	0.176711039122823	-5.04393258882451
ENSMUSG00000101970	0.0778953376420519	7.4317217985782	1.87921378149673	0.0602680322710416	0.133892597741808	-5.04393387024093
ENSMUSG00000046404	0.0702580754442383	7.36691035654952	1.82767593989804	0.0676522392072403	0.145938888729806	-5.04464233947221
ENSMUSG00000031433	-0.0931427195268615	6.82492417895004	-1.73976102481644	0.0819568116005487	0.168973004326675	-5.04473635355731
ENSMUSG00000088769	0.0401912291470197	7.42936342987957	1.91111930304717	0.0560410713697366	0.12634573899993	-5.04539907101538
ENSMUSG00000028776	0.0886032048982717	6.80810330799673	1.74355566641224	0.0812923580566348	0.168086983960122	-5.04567352746464
ENSMUSG00000030946	-0.0937285475035425	7.28124332637356	-1.84692072111255	0.0648122001769328	0.141761228505198	-5.04590983916587
ENSMUSG00000020802	0.0696825322673336	7.42991931760362	1.95682840834445	0.0504180631091302	0.116512163817717	-5.04622513371967
ENSMUSG00000028456	-0.0519043538424473	7.39028531555026	-1.90585834812381	0.0567205600359346	0.127570103417017	-5.04684806893565
ENSMUSG00000029389	-0.0607510516691852	7.47324230376452	-1.99361601117593	0.0462432374669018	0.108927035789255	-5.04751009481406
ENSMUSG00000021219	0.0750654575026788	7.32700779460571	1.82126420975275	0.0686208924365536	0.147520993670717	-5.04784553643856
ENSMUSG00000021541	-0.0725588619416069	7.08535689857693	-1.72184319027221	0.0851540383377867	0.17392147736635	-5.04804687153941
ENSMUSG00000003746	0.0432994102550932	7.25469563071898	1.75628284238215	0.0790956596380816	0.164865527142456	-5.04892382787976
ENSMUSG00000056917	0.0908818992143177	7.01186822627128	1.70665220142831	0.0879430486448086	0.178365668916783	-5.04946312415891
ENSMUSG00000057133	0.0924875559670415	7.28320513026454	1.75787814953843	0.0788237495821306	0.164377274534765	-5.04952975718675
ENSMUSG00000034686	0.0989816549628557	7.26018699826116	1.78513081158617	0.0742950786275364	0.157110510320095	-5.04985004556911
ENSMUSG00000030986	0.0632302789051051	7.2749577263582	1.77080113267743	0.0766490398019719	0.160815581584522	-5.05101462601996
ENSMUSG00000070304	-0.0899103576645279	7.1213759179638	-1.76267962376912	0.0780099557724434	0.163147977791187	-5.05107841102836
ENSMUSG00000078794	0.0930157985038003	7.1113033936912	1.71432740521844	0.0865248351585807	0.176198964363997	-5.0512963837241
ENSMUSG00000026153	0.0527004622352294	7.52011198334692	2.00055644876183	0.0454891772838913	0.10749897274381	-5.05131153069395
ENSMUSG00000034998	0.108412413902993	7.1506010437891	1.70910499904167	0.0874877994782606	0.17760255596678	-5.05146178314284
ENSMUSG00000024530	0.0829543710275287	7.43780385879506	1.94456212355311	0.0518785073788742	0.119169293991207	-5.05161720123282
ENSMUSG00000048799	-0.0951373468734182	6.84581054113671	-1.72849478795153	0.0839555611924973	0.172172024926719	-5.05322227101013
ENSMUSG00000040021	0.108415594869355	7.03249657953401	1.70778811184443	0.0877319820609977	0.178020320697858	-5.05362274045031
ENSMUSG00000021313	0.0820582363337747	7.24947038389481	1.77535789175461	0.0758939855468812	0.159692069877816	-5.05437306465949
ENSMUSG00000005357	-0.0726708185504261	7.4798989533906	-2.03801895881702	0.0415956854885084	0.100363198381045	-5.05497926179539
ENSMUSG00000027577	0.0691038242816067	7.49623060268458	2.0181817596072	0.0436206895521351	0.104079108368244	-5.05548772971241
ENSMUSG00000032840	-0.0893892565301231	7.04328683278923	-1.71360485076429	0.0866575550799656	0.176386926478064	-5.05633158066387
ENSMUSG00000000296	0.0608543628429095	7.43930283849952	1.9624771145342	0.049757197989241	0.115418362167814	-5.05655965714943
ENSMUSG00000022951	-0.0780872458607984	6.91446797790989	-1.70428454749068	0.0883843055263938	0.179066438865916	-5.05692992038952
ENSMUSG00000009079	-0.0857857392009311	7.32256768435763	-1.81820596719972	0.0690869172460301	0.148276380423775	-5.05750710325574
ENSMUSG00000041313	0.101476636314511	7.26458226816336	1.78550030793276	0.0742351712356319	0.157009186077042	-5.05771777577288
ENSMUSG00000061665	0.10146539429704	7.40795501873316	1.82205642182454	0.0685005949572696	0.147367126918594	-5.05966300931967
ENSMUSG00000029647	0.11487358376475	7.25117234455159	1.73147865902205	0.0834223868529846	0.17132013940067	-5.05976160451763
ENSMUSG00000021327	-0.0558514606344884	6.96657097960829	-1.70350097809157	0.0885307309994339	0.179307600594769	-5.06002471229939
ENSMUSG00000039852	-0.0841820700856166	6.80298122274633	-1.72166703034868	0.0851859657454334	0.173959548204526	-5.06003766324771
ENSMUSG00000024953	-0.0680076659656494	7.28683939886371	-1.83750638024776	0.0661889772689494	0.144016302211249	-5.06051065621205
ENSMUSG00000024548	0.087038981657396	7.08449146255003	1.69948768445619	0.0892837632811267	0.180553449007802	-5.06138615291985
ENSMUSG00000028194	0.0945365540138114	6.9348026218845	1.71348329637035	0.0866798985278719	0.176404979251811	-5.06145653961298
ENSMUSG00000038022	0.0719437931311591	7.04534367079261	1.69816651097861	0.0895327870164689	0.180889390064755	-5.06310890909147
ENSMUSG00000039879	0.101730187289837	6.7553741369017	1.74006477228755	0.0819034627459518	0.168889610059852	-5.0635972336089
ENSMUSG00000015879	0.048057621488752	7.06879439567606	1.69728181713894	0.0896998526259853	0.181081954757027	-5.06410585626793
ENSMUSG00000005299	0.0567247850652004	7.04241124465576	1.69834078626646	0.0894999064329302	0.180878785893782	-5.06445751191853
ENSMUSG00000090459	0.0418127548396239	7.32483408278183	1.79787000479651	0.0722523210113446	0.153641424980478	-5.0644840423769
ENSMUSG00000038324	0.0517362506231747	7.0442701502947	1.69728727356551	0.0896988214653425	0.181081954757027	-5.06505951257468
ENSMUSG00000021645	0.087511319293859	7.19700861432339	1.72446078810753	0.0846807616154709	0.173198020788899	-5.0651319960226
ENSMUSG00000031608	0.109212385680975	6.81136690563194	1.73495198524236	0.0828052126416477	0.170400164084321	-5.06635521431952
ENSMUSG00000031232	0.087334424841937	6.76791816848671	1.7518134509464	0.079861505005276	0.165959813258583	-5.06699498212656
ENSMUSG00000084799	0.0464882665053885	7.20164424695774	1.71733167998446	0.0859747649123327	0.175296935404495	-5.0673159387828
ENSMUSG00000001525	-0.0863557221680651	7.25326222142084	-1.79294476715713	0.0730365713631582	0.15505023387165	-5.06734548969959
ENSMUSG00000089780	-0.0766641514453053	7.51711591206921	-2.05135546417659	0.0402795072238644	0.0979274482033115	-5.06764712594908
ENSMUSG00000037364	-0.106932901268205	7.06307668991279	-1.70505049620415	0.0882413616314524	0.178887566813096	-5.06787663078093
ENSMUSG00000018474	0.0479759995809932	7.4529767828303	1.95838752748716	0.0502349244261158	0.116176581979634	-5.0678853899855
ENSMUSG00000063687	0.0686909983472139	7.07240135053076	1.69693784384066	0.089764876296855	0.181162596034905	-5.06888673121947
ENSMUSG00000031328	0.077570632058932	7.27699166219025	1.73715258690426	0.0824161075207958	0.169759546831696	-5.06930364068735
ENSMUSG00000005609	-0.081813659517997	6.86138101543917	-1.71324021535073	0.0867245942751903	0.176441085975259	-5.06953684005536
ENSMUSG00000036752	-0.0988217488982297	7.10313777105939	-1.71325833112801	0.0867212626526545	0.176441085975259	-5.06966752791387
ENSMUSG00000053070	-0.0821596413147097	6.83980204468763	-1.71055011220531	0.0872204722097818	0.177284648683506	-5.0699506234274
ENSMUSG00000079418	0.0451865626159931	7.45543446202359	1.90978249871793	0.0562130830463529	0.126610284199195	-5.07090446103104
ENSMUSG00000038533	0.0867382845531379	7.17583737542159	1.7274649914925	0.0841402100652209	0.172388674518603	-5.07153985143483
ENSMUSG00000022454	-0.0479936045281306	7.5579504773221	-2.1012997361503	0.0356599522086631	0.0890784381445941	-5.07201254573801
ENSMUSG00000002948	-0.0723395005506138	7.39189544573278	-1.86042551949315	0.0628785711945849	0.138613564303367	-5.07202887219649
ENSMUSG00000024735	-0.0949403142526402	7.28173133390469	-1.82252425246355	0.0684296362972808	0.147251939251151	-5.07264895689208
ENSMUSG00000064115	0.0556467311375908	7.49911906646789	1.97083541565678	0.04879266778009	0.113664342807284	-5.07348262304819
ENSMUSG00000033379	-0.10251440448337	7.14786991087934	-1.75041768160408	0.0801019063708654	0.166290689948159	-5.07403755067646
ENSMUSG00000033793	-0.0555594371385171	7.12926036240012	-1.72406813589154	0.0847516193951944	0.173288802299217	-5.07477612135342
ENSMUSG00000027184	-0.0972658632978955	6.79643283279011	-1.72190664682596	0.0851425397774609	0.17392147736635	-5.07557268201404
ENSMUSG00000023020	0.095407454716617	7.14492356690652	1.7147102912671	0.0864545726398149	0.176138074229763	-5.07628931375966
ENSMUSG00000054519	0.0724150420089069	7.21972870110248	1.72099658229805	0.0853075670025994	0.17415354236676	-5.07644672822279
ENSMUSG00000022241	-0.119593529605721	6.89803203130104	-1.69525557734334	0.0900834338296478	0.181721466209206	-5.07656662580344
ENSMUSG00000049999	0.0728858548010312	7.01342071534672	1.68879040292107	0.0913161717245334	0.183729155210117	-5.07830850025395
ENSMUSG00000075289	0.0728747206987999	7.2020075430225	1.70025520938462	0.0891393514209222	0.180317118171	-5.07844037455936
ENSMUSG00000036295	-0.0891809486237527	7.34559211851916	-1.85539947595353	0.0635925562418947	0.13980751407538	-5.07979908944655
ENSMUSG00000059713	0.0738692291353509	6.83479985222601	1.72823777854892	0.0840016138127343	0.172239487554631	-5.08010813632187
ENSMUSG00000032280	-0.0792534859013703	6.72562204579344	-1.73326009759146	0.0831053796710132	0.170910403809756	-5.08029278410621
ENSMUSG00000004996	0.0467617974509364	7.49547126886769	1.98077101901851	0.0476665934153286	0.111537272742356	-5.08054859099339
ENSMUSG00000037185	0.0790285390010865	7.2144611216191	1.73075856706558	0.0835508050172633	0.171556954091281	-5.08055031326176
ENSMUSG00000062270	-0.0909457148599859	7.06020574870391	-1.69911562780203	0.0893538345309447	0.180639345534146	-5.08062840428001
ENSMUSG00000065591	0.0936843197273021	7.33108597653477	1.78424041120031	0.0744396038950757	0.157363544449516	-5.08129075752356
ENSMUSG00000030870	0.0718887423520105	6.69342228788012	1.73199154222599	0.0833310189692391	0.171163135882088	-5.08346115933151
ENSMUSG00000030172	0.0690271396854092	7.08182970850334	1.6882155981838	0.091426425252924	0.183920522343467	-5.08353451821251
ENSMUSG00000045136	0.0691193996220285	7.07672999345753	1.68525708199843	0.0919955936559368	0.184724894500541	-5.08446230234679
ENSMUSG00000053310	-0.0748041547900726	7.40293768423391	-1.94451676298366	0.0518839730942467	0.119169293991207	-5.0847071252417
ENSMUSG00000028191	0.0996393780826201	7.06470115884496	1.6874050163373	0.0915820851449708	0.184151759759202	-5.08511590187632
ENSMUSG00000057396	-0.100961291146086	7.26880231301987	-1.77020246161335	0.0767486932422562	0.160973068235761	-5.08514902634718
ENSMUSG00000047881	0.112846117760586	7.06762588369295	1.68626542347799	0.0918012868319371	0.184363007701138	-5.08518102296083
ENSMUSG00000031256	-0.107297552232853	7.20852910174692	-1.74749466945725	0.080607259234167	0.167058768069291	-5.0861840671326
ENSMUSG00000034343	-0.0541975003268176	7.40756245345717	-1.91408034735695	0.0556616234076694	0.125641719595381	-5.0861858355902
ENSMUSG00000024982	-0.103718842521233	7.04814994400473	-1.69036332992345	0.0910150144636465	0.183289697414996	-5.08636480519684
ENSMUSG00000039354	0.0750613625054974	7.24434487757318	1.74188351455464	0.0815846161065543	0.168444376922727	-5.08693240207479
ENSMUSG00000035632	-0.0772232256937491	7.20929111028574	-1.73446249340335	0.0828919655700495	0.170525080647877	-5.08709529855845
ENSMUSG00000024853	-0.0713470068029558	7.17544430028429	-1.71375873311116	0.0866292759609887	0.176356784462955	-5.08725018475678
ENSMUSG00000034848	-0.0951206982789978	7.26453183144248	-1.75544994551579	0.0792379245873372	0.165056946491236	-5.08742037841099
ENSMUSG00000035121	0.0621951099004265	7.35799652910434	1.83712116653306	0.0662458212973704	0.1440920904511	-5.08805264307251
ENSMUSG00000095139	0.0696092151976515	7.06684798123505	1.68247852117438	0.0925327312355386	0.185490509468025	-5.08901147388683
ENSMUSG00000003200	-0.101581730691386	6.90704092109275	-1.68710355469967	0.0916400305830786	0.184208702655253	-5.08955218286882
ENSMUSG00000042675	-0.0812013320268798	7.25637310353	-1.78856680710895	0.0737395141506512	0.156162685095491	-5.08978020294254
ENSMUSG00000059119	-0.0595768446680411	7.10822621979667	-1.70260342698243	0.088698696466703	0.179592226127757	-5.08979268073686
ENSMUSG00000058979	-0.0845388186124021	7.10460310223864	-1.69679666948383	0.0897915744537899	0.18118854697118	-5.09048346735383
ENSMUSG00000097048	0.115691022929965	6.89804492232081	1.69596027652599	0.0899498799101545	0.181480016610224	-5.09049180356591
ENSMUSG00000028688	0.0811484367106043	7.34529922227817	1.81030016385502	0.0703036898805878	0.15033144474977	-5.09055410073022
ENSMUSG00000045107	-0.082963923967422	7.05459211292195	-1.68904390783308	0.0912675808304842	0.183685652303259	-5.09066334961357
ENSMUSG00000064658	-0.0843337109900011	7.24917068163413	-1.72940701026868	0.0837922682883049	0.171944886587851	-5.09101817765729
ENSMUSG00000040263	-0.0714158691814211	7.22370270903469	-1.74585292082629	0.080892231363788	0.167516781558797	-5.09103740002167
ENSMUSG00000013593	-0.0935226325790461	7.16974052152745	-1.73917396536879	0.0820600000092376	0.169105858668493	-5.09156042691379
ENSMUSG00000052593	-0.0731633434227392	6.88148648043044	-1.70139183231164	0.08892583858486	0.179913008615822	-5.09157551532945
ENSMUSG00000022024	-0.0800737666141282	7.12249472969839	-1.70935106250994	0.0874422342626732	0.177569990843325	-5.092123883631
ENSMUSG00000071637	-0.0607751468935884	6.9738212894606	-1.68303280290094	0.0924253795896646	0.185359220369252	-5.09231110898104
ENSMUSG00000015599	0.0840634981085504	7.19923072578466	1.71538706750203	0.0863304917653445	0.17591265341508	-5.09241617553159
ENSMUSG00000022054	-0.0852473537304981	6.67550301363386	-1.72771471490358	0.0840954029427282	0.172369551356556	-5.09245082481545
ENSMUSG00000026088	-0.084182549389979	7.15423344529713	-1.69722237023439	0.089711087576694	0.181081954757027	-5.09328223027589
ENSMUSG00000029780	0.0686667908961205	7.32193658946331	1.81481404906184	0.0696068270669412	0.14910902572537	-5.09345823068856
ENSMUSG00000015733	0.0521441282981083	7.4783336869309	1.9412425658326	0.0522797717017317	0.119910086040482	-5.09386766991364
ENSMUSG00000034868	-0.068551018725671	7.2277795574888	-1.75301327612007	0.0796553213397471	0.165610205967916	-5.09440550036058
ENSMUSG00000084421	-0.0812685760823868	7.33377873987027	-1.81532146205094	0.0695288475322356	0.148987801227087	-5.09592252744752
ENSMUSG00000089922	-0.0571050823221428	7.33965836791837	-1.82871048498356	0.0674970044323334	0.14579620228149	-5.09607401453324
ENSMUSG00000037007	0.0827305361524822	6.82154721464512	1.72265524854462	0.0850069851746583	0.173783799173427	-5.09647877664517
ENSMUSG00000051177	0.0820781620541968	7.25502721921083	1.73699545163011	0.082443842556737	0.169776117218013	-5.0976183867987
ENSMUSG00000053730	0.0547478296201982	7.36372862131681	1.83093735942875	0.0671638537378388	0.145388421484092	-5.09779389848612
ENSMUSG00000016526	-0.0732943346326183	7.2061752992347	-1.76820275744481	0.0770823255798171	0.161543429884899	-5.09781335875176
ENSMUSG00000031534	0.0435495547658435	7.60941502263995	2.12121874445405	0.0339479156882968	0.0857011400291518	-5.09912813370722
ENSMUSG00000038055	-0.0827455306017351	6.98919909290899	-1.6792427164842	0.0931614326862343	0.186465292268488	-5.10005006675722
ENSMUSG00000026887	-0.0933256971447607	6.97878812067365	-1.67990620938349	0.0930322404784679	0.186320650503916	-5.10108025424285
ENSMUSG00000042410	0.0779384932855409	7.23407742044393	1.70463077735418	0.0883196678508129	0.179018592894077	-5.10127683861345
ENSMUSG00000032382	0.0634780553590035	6.82182087645458	1.70707530730485	0.0878643823766654	0.178261350391338	-5.10127991828752
ENSMUSG00000016495	0.0917689361426994	7.229893237567	1.69773940950806	0.0896134095524241	0.180996414356732	-5.10227148382622
ENSMUSG00000028232	-0.0639130964334882	7.37188424240958	-1.84534251375429	0.065041338314913	0.142133400303596	-5.10338827710127
ENSMUSG00000068099	-0.0895828203021845	7.00113212003361	-1.67738071122408	0.0935247628716963	0.187049525743393	-5.10356990026162
ENSMUSG00000024617	0.0766861795112233	7.32657944027792	1.81731902808528	0.0692225573155582	0.148470137676161	-5.10640666757616
ENSMUSG00000097433	0.0392499642215549	7.62064570897842	2.12371932809238	0.0337380395048687	0.085319376704219	-5.10647009716076
ENSMUSG00000061111	-0.056404149699989	7.40234520697391	-1.90975647365875	0.0562164361480231	0.126610284199195	-5.10695831029379
ENSMUSG00000042198	0.066062802658732	7.4383495626343	1.89112541955282	0.0586599980961109	0.131009330445971	-5.10737075056784
ENSMUSG00000024740	0.0810980794733451	7.16687015040511	1.69150023051886	0.0907978378981672	0.18296525992963	-5.10759214622175
ENSMUSG00000017376	-0.0599547187627003	7.09052575803945	-1.68651396430492	0.0917534438651162	0.184300261736519	-5.10797794338092
ENSMUSG00000074093	0.067109031771647	7.13728288410186	1.67432741895444	0.0941230071876877	0.187987553028407	-5.10805291752253
ENSMUSG00000051730	-0.0408979811471823	7.41579705001379	-1.85990630109094	0.0629520214499203	0.138702097748629	-5.10874629918416
ENSMUSG00000029106	0.0749442363144146	7.06955595318356	1.67158295093752	0.0946633578009725	0.188893869887263	-5.10886720050834
ENSMUSG00000001288	0.0468437352244298	7.3661812064242	1.78405774669825	0.0744692814554857	0.157377212722392	-5.10907793496072
ENSMUSG00000003955	0.0788149977703361	6.82752989530046	1.68739728573503	0.091583570714342	0.184151759759202	-5.11157392973228
ENSMUSG00000074829	-0.0463571171284292	7.43295879738054	-1.89265873361028	0.0584556185665518	0.130664326152176	-5.11169549442434
ENSMUSG00000019777	-0.0893467767899274	6.91420892307485	-1.68071941079765	0.0928740939510163	0.186060847437904	-5.11182958881653
ENSMUSG00000039585	0.0859201077719769	7.08959363794621	1.67032910437824	0.0949110502862174	0.189089290072618	-5.11267836972016
ENSMUSG00000078765	-0.0928697958048632	7.18338476064135	-1.70993507201546	0.0873341659927242	0.17743310074127	-5.11284701097688
ENSMUSG00000059316	-0.0776420991074689	7.28177070059811	-1.80208139631378	0.0715872198167229	0.152573809063338	-5.11285416001479
ENSMUSG00000030270	-0.0552257648689922	7.38332193800022	-1.89703618002986	0.0578753902846855	0.129721727376665	-5.11293175252879
ENSMUSG00000036249	0.107039588557874	7.27162374261532	1.74096290559706	0.0817458834137007	0.168617788821832	-5.11383076255645
ENSMUSG00000044791	0.0906525475826978	7.17927930352339	1.67860215563786	0.0932862962676638	0.186674482309075	-5.11588499803155
ENSMUSG00000059923	-0.0834759826210023	7.22288480224125	-1.76779959791605	0.0771497320559935	0.161632948004011	-5.11605320847608
ENSMUSG00000077787	0.0465669441018512	7.43370130460322	1.86953170487678	0.0616018615169653	0.136323794959451	-5.11712762432727
ENSMUSG00000006699	-0.0298699303725165	7.31078030911603	-1.77884310333036	0.0753205926708466	0.158740695306942	-5.11716223394362
ENSMUSG00000026849	0.0732304003208508	7.25854379540136	1.73551901934041	0.0827048088828531	0.17027384146789	-5.11795627026533
ENSMUSG00000029056	-0.102451282029448	7.16224139082424	-1.71454526738895	0.0864848501300156	0.176154156743153	-5.11804192316763
ENSMUSG00000097189	-0.0816729371013816	7.00452966139289	-1.66766021866295	0.0954400076111317	0.189817086286516	-5.11829707009921
ENSMUSG00000045954	0.100418280102867	7.17866427675472	1.67028300927286	0.0949201660828936	0.189089290072618	-5.11831929103367
ENSMUSG00000020390	-0.0786607422671421	7.05901519630057	-1.66884198525239	0.0952054978930506	0.189565337704388	-5.11973735358395
ENSMUSG00000047415	-0.0811048076335386	7.33915712906061	-1.87424246650285	0.0609498718229111	0.135064171704119	-5.12016756678174
ENSMUSG00000000751	0.0819427569873685	7.06251395409067	1.66337319761743	0.096294610068098	0.191303343704331	-5.12020730321774
ENSMUSG00000023170	-0.0748134164143606	7.23994225788449	-1.7245207525946	0.084669944681318	0.173198020788899	-5.12162622887842
ENSMUSG00000022472	0.0931482904788909	6.91676960067544	1.68458208321738	0.0921258501040699	0.18490136893492	-5.12178600725653
ENSMUSG00000026277	-0.09109005018703	7.18414466697876	-1.73401976829843	0.0829704934395381	0.170659811486321	-5.12245645374147
ENSMUSG00000023030	-0.0630299372472276	7.39597475014285	-1.87851061730787	0.0603640888184257	0.134060500561633	-5.12355433719872
ENSMUSG00000034042	0.0668594645892862	6.99313128683656	1.66467823979682	0.0960338085139053	0.190872114933057	-5.12395629240896
ENSMUSG00000020648	0.0725395921574732	7.2376453388768	1.69039562309389	0.0910088398968065	0.183289697414996	-5.12398343987631
ENSMUSG00000030541	0.0493794362082856	7.30512158278432	1.72595912708058	0.0844108126460242	0.172807874771188	-5.1244664759764
ENSMUSG00000047789	0.0654435739255703	7.20224652689162	1.68504047248716	0.0920373772778388	0.18478045442746	-5.1244993329762
ENSMUSG00000053119	-0.0946728059091884	7.06560936418444	-1.67128593332076	0.0947219855855147	0.188953258461917	-5.12457480435844
ENSMUSG00000021124	-0.0679320702977328	7.18646121853504	-1.71222253382882	0.0869119193415565	0.176767259285328	-5.12549909544207
ENSMUSG00000072568	-0.0935584362928648	7.15831025971351	-1.69093041739293	0.090906634345091	0.183128120764107	-5.1256472913082
ENSMUSG00000026821	0.0762788256270817	6.86771498722679	1.68950010930077	0.091180190179614	0.183537984291437	-5.12603745853913
ENSMUSG00000013367	-0.0607683478147303	7.08831649762546	-1.66802666106914	0.0953672413522607	0.189748924587203	-5.12675726448004
ENSMUSG00000031750	-0.0672712562186311	7.27549127932727	-1.81529968610663	0.0695321925983428	0.148987801227087	-5.12854673005312
ENSMUSG00000020677	0.0888023308958097	7.14349260399453	1.66085823577292	0.0967988024221504	0.192042721823124	-5.12896442097897
ENSMUSG00000033055	0.0787295638497749	7.20841657335343	1.68296285848612	0.0924389206989645	0.185359220369252	-5.13084004477293
ENSMUSG00000040387	0.0744355890014221	7.24541243743804	1.70162334686315	0.08888239950604	0.179908530354526	-5.13092869225265
ENSMUSG00000061477	0.0716200093408554	7.24456736342704	1.70893053042641	0.0875201186051514	0.1776179495859	-5.13204329694567
ENSMUSG00000031938	0.0514358774693715	7.39187093668194	1.79278585738809	0.0730619902834485	0.155079049414868	-5.13257008409458
ENSMUSG00000051920	-0.0498667272308362	7.53292180225541	-2.05790481955102	0.0396461949862062	0.0966684675362902	-5.13418330596062
ENSMUSG00000097052	0.0580161772970191	7.36799520234822	1.79566577172246	0.072602446285396	0.154253688212983	-5.13447692369061
ENSMUSG00000036564	-0.0726552629700006	7.23055573099848	-1.77120180147436	0.076582404337117	0.160727290410634	-5.13503420442852
ENSMUSG00000001156	0.0789826554894368	6.96885021925767	1.66287542724922	0.0963942344547417	0.19144719596485	-5.13641185662044
ENSMUSG00000042500	-0.0453498543707065	7.15046029562823	-1.67673993547749	0.0936500591055368	0.187224740999171	-5.13663266184788
ENSMUSG00000042073	0.0500222004157731	7.44755133470441	1.87577959482165	0.0607383679840298	0.134732650252066	-5.13721736089359
ENSMUSG00000038416	0.0756825270679995	7.21327728556507	1.67606530244107	0.0937821212477195	0.187421085540397	-5.13761022609156
ENSMUSG00000035735	0.0959549934120538	7.32593491494177	1.79347513452298	0.0729517871406039	0.154920486171093	-5.13767072222131
ENSMUSG00000044024	0.0891852045295982	7.14560378068338	1.67335825801195	0.0943135393402654	0.188310638560737	-5.13985786205945
ENSMUSG00000022707	0.0889896558662304	7.24107690390583	1.67084414401342	0.0948092434357683	0.189009070780332	-5.14022057077903
ENSMUSG00000002504	0.0666374425833123	7.07572629906369	1.65212215800335	0.0985666147578301	0.194594015520961	-5.14079196081605
ENSMUSG00000043857	-0.0856542361752402	7.20513030925321	-1.74115992069338	0.0817113496345112	0.168590728162444	-5.14147431942131
ENSMUSG00000068856	-0.0656409310057446	6.86102639002688	-1.65792587031937	0.0973893390685766	0.192863595081804	-5.14158889711718
ENSMUSG00000033174	0.0984427708059608	7.19530373388877	1.67817944400424	0.0933687683656605	0.186794608105628	-5.14167156439637
ENSMUSG00000042737	0.0605106705203635	7.35971483677809	1.79041468711825	0.0734421391720574	0.155658812698814	-5.14180379011074
ENSMUSG00000064566	0.07288669246969	7.4049097969007	1.86347739741234	0.0624482742385364	0.137800911230561	-5.14195525995907
ENSMUSG00000039983	-0.06246225791224	7.20215249219724	-1.72214509933117	0.0850993425345715	0.173891149127924	-5.14252843501891
ENSMUSG00000038065	0.0939231983586826	7.22538871343719	1.70678277699468	0.0879187652285271	0.178344046230536	-5.14288592369502
ENSMUSG00000004462	0.0861800663177448	6.93300715768163	1.65382689059275	0.0982196388458506	0.194096831965264	-5.14589319950603
ENSMUSG00000039100	0.0844586560691187	7.19714371985669	1.6842485311365	0.092190271289464	0.184975296040137	-5.14592546256086
ENSMUSG00000053094	0.0688468658748231	7.16123393865745	1.67393596440376	0.094199927982358	0.188112485836643	-5.14630040696342
ENSMUSG00000026094	0.0762436403509579	7.38922781067111	1.77842301242479	0.0753895186753655	0.158814669002098	-5.14635656937275
ENSMUSG00000060730	-0.0684445810934298	7.30446679620717	-1.80695890933197	0.0708231988482891	0.151308309288806	-5.14682968061569
ENSMUSG00000031360	-0.0692434237347692	7.26940484271182	-1.74189282407279	0.0815829866351326	0.168444376922727	-5.14688918979805
ENSMUSG00000038489	-0.0761080323592722	7.10224947244358	-1.66201885025812	0.0965658639389848	0.191667721450756	-5.14722754084965
ENSMUSG00000025862	0.102143517942714	7.02637918832825	1.65078389498179	0.0988396859643606	0.195027757143242	-5.14734480414189
ENSMUSG00000032058	0.079006284845863	7.07478273417001	1.64928011414386	0.099147251321063	0.195448742590071	-5.14758377450769
ENSMUSG00000046947	0.0418092457143402	7.37203515585201	1.80206147841909	0.0715903535805135	0.152573809063338	-5.14790788723607
ENSMUSG00000027942	0.0599684853487199	6.9371177626741	1.65852438764576	0.0972685728068201	0.192711887891478	-5.14831192974141
ENSMUSG00000007617	-0.063429968421687	6.72021904096891	-1.68268985021055	0.0924917898459763	0.185436831954597	-5.14916266180251
ENSMUSG00000073725	0.101283080975819	7.2575362419629	1.70146394334653	0.0889123065560166	0.179913008615822	-5.15036935454401
ENSMUSG00000018507	-0.0712816006233901	7.27560674756251	-1.76528458592406	0.0775713163593563	0.162412229933902	-5.15105765068939
ENSMUSG00000024525	0.100632352084491	7.14106794669888	1.64999006995848	0.0990019503757514	0.195230235625747	-5.15116925749811
ENSMUSG00000026289	-0.107029428099836	7.25213740270909	-1.74928473504629	0.0802974724423436	0.166601348528552	-5.15183390972522
ENSMUSG00000039936	-0.102649001079599	7.11153328610072	-1.67097122438882	0.0947841371801011	0.189007411086711	-5.15221814333698
ENSMUSG00000039660	-0.0861595707795537	7.01083180230011	-1.64903304664689	0.0991978565487425	0.195498771328637	-5.15255008491681
ENSMUSG00000022614	0.0781330328234064	7.17223054826612	1.65168617196938	0.098655511010074	0.194723043893244	-5.15371058825451
ENSMUSG00000073940	0.0522324743218627	7.42632446565668	1.82826437640627	0.0675639075890275	0.145800552906725	-5.15373614509778
ENSMUSG00000048040	0.0299816559978598	7.57610761982492	2.04030656528768	0.0413673674072082	0.09999659787577	-5.15384342502984
ENSMUSG00000032537	0.0878711066658395	6.93298964534346	1.66033298248331	0.0969043698347152	0.192223031799408	-5.15510271650442
ENSMUSG00000004069	-0.0698763617425735	6.91026815162268	-1.64380722654688	0.100273065139087	0.196935938914031	-5.15575360479583
ENSMUSG00000019362	-0.0890637802797754	7.06314082203526	-1.65509516930172	0.0979621310091622	0.193734172080355	-5.15670144856994
ENSMUSG00000041229	-0.0986018753083329	6.96212450718419	-1.6439854135141	0.100236250883024	0.196893172777276	-5.15863352703381
ENSMUSG00000022151	-0.0715341646357501	7.0456342189355	-1.64546174546157	0.0999316482864525	0.196412721718396	-5.15891120367295
ENSMUSG00000038615	-0.0810109381353374	7.19625789627194	-1.70964124601871	0.0873885236581659	0.177488450470479	-5.15915525321893
ENSMUSG00000020928	0.10714311063054	7.23053636704852	1.6709291808107	0.0947924428044106	0.189007411086711	-5.1602977426276
ENSMUSG00000025287	0.0911587211370444	7.27182158765558	1.73881005562988	0.0821240179239556	0.169211149301295	-5.16082607352206
ENSMUSG00000016253	-0.0623378092184463	7.37288442334477	-1.83299209848429	0.0668576573197549	0.144941289887437	-5.16244300621664
ENSMUSG00000026027	-0.065849040864336	7.26902128863945	-1.77413085831592	0.0760967050962854	0.159964364662904	-5.16272782595693
ENSMUSG00000001056	0.0813556160686266	7.32877677070118	1.78003803213069	0.0751248172148814	0.158367978523547	-5.16350140734599
ENSMUSG00000061613	-0.0776075414259347	7.07749500205393	-1.64031320662437	0.100997126823274	0.197971909622744	-5.16371926572405
ENSMUSG00000037010	-0.0827968676527835	6.8758643240797	-1.6531428997806	0.0983587387813513	0.19431305388946	-5.16411963378913
ENSMUSG00000048216	-0.0895082701268466	7.37021790731535	-1.83620029181364	0.0663818731492806	0.144220292610418	-5.16434581465829
ENSMUSG00000010936	0.0413889372168672	7.48448528426394	1.92255743422339	0.0545871348953431	0.123749743731573	-5.16474093354062
ENSMUSG00000017291	0.0821162589018725	7.32505475907314	1.73273471015594	0.0831987707544944	0.171021872620167	-5.16505171266896
ENSMUSG00000047842	0.071940093809026	7.31633383081136	1.75560169631789	0.0792119889311515	0.165029178721616	-5.16526755548294
ENSMUSG00000027411	-0.0883268932930337	7.25778977593894	-1.71820092796325	0.0858161374517874	0.175000758803551	-5.16535499652384
ENSMUSG00000070576	0.0985487159617504	7.17912573960639	1.66804365526142	0.0953638678111027	0.189748924587203	-5.16703796935891
ENSMUSG00000026377	0.0645585929527259	7.39317232496634	1.79829521704774	0.0721849387387015	0.153566008769431	-5.16807430618508
ENSMUSG00000047044	0.0472091425549683	6.92538696729973	1.64372768616932	0.10028950203134	0.196938677155288	-5.16861391069903
ENSMUSG00000020024	0.0791686347665319	6.9409561408233	1.64292335553285	0.100455836417453	0.197117180133703	-5.16907845833487
ENSMUSG00000028969	-0.0809239667174637	7.2447300693371	-1.72747295125768	0.0841387815702702	0.172388674518603	-5.16995021464211
ENSMUSG00000029055	-0.0663868159203975	7.28464010372935	-1.75686236391241	0.0789967957210633	0.164711904695041	-5.17097211948034
ENSMUSG00000028631	0.0639112235959702	7.50017282426505	1.96914105753804	0.0489869140849952	0.113974885232052	-5.17101541433177
ENSMUSG00000063065	-0.0912062922387866	7.08680301812305	-1.65261645387863	0.098465906699649	0.194466080934048	-5.17178984339312
ENSMUSG00000050608	0.0723386688272809	6.98799575501296	1.63105207391481	0.102936468773933	0.20105090991919	-5.17186839840045
ENSMUSG00000070461	0.0817013523785279	6.9848036350299	1.63135527649215	0.102872510465098	0.200981467110334	-5.1725457299917
ENSMUSG00000033955	-0.0779497169811769	7.31692981332072	-1.79920123395832	0.0720415362946951	0.153335684144066	-5.17291243040757
ENSMUSG00000036620	0.072499114976269	7.32970438311486	1.7502708931519	0.0801272227332193	0.166300824353727	-5.17435125330271
ENSMUSG00000017724	-0.0979790181717011	7.08041660366719	-1.63641788076791	0.10180925599388	0.199205915329827	-5.17456748179053
ENSMUSG00000042851	0.0562027914303629	7.50463548461105	1.92402953083588	0.0544023185741832	0.12340812450762	-5.1752467972649
ENSMUSG00000020863	-0.0594508183267024	7.2971271918201	-1.71657194257589	0.0861136019865731	0.17552534286287	-5.17697722583704
ENSMUSG00000027424	-0.0799465922078717	6.81492798241957	-1.65678786473951	0.0976192916242102	0.193143685347463	-5.17842505463372
ENSMUSG00000003752	0.0718980652044436	7.21662773339423	1.68475186304368	0.0920930732637371	0.184863924435579	-5.17902306920479
ENSMUSG00000020362	0.0975461388985455	7.25718551659244	1.65911958127519	0.0971485959724192	0.192532458139708	-5.17962696635015
ENSMUSG00000036873	-0.0638814550991089	6.97488253587137	-1.62661526550426	0.103876002958906	0.202493244600655	-5.18119700194614
ENSMUSG00000037706	0.0907959120545883	6.93526622884207	1.63614563034018	0.101866210844448	0.199257796559916	-5.1813341028633
ENSMUSG00000049657	0.095906534085203	6.90032556036118	1.64277858811195	0.100485797449766	0.197117180133703	-5.18260407261994
ENSMUSG00000044469	-0.0635648811510245	7.1894069795181	-1.68343105608596	0.0923483088718886	0.185262650896532	-5.18269991552456
ENSMUSG00000024163	0.0806796880403411	7.16754818771281	1.65820911647072	0.0973321719390738	0.192779545389766	-5.18376886564948
ENSMUSG00000005886	0.098010946362721	7.257448066752	1.67567238400129	0.0938591054407064	0.187546307757895	-5.18389201579702
ENSMUSG00000030605	0.0968280363355385	7.19403373119658	1.6506413323744	0.0988688112878154	0.195055828417733	-5.18411768505812
ENSMUSG00000030304	-0.0445478314944827	7.04767887948021	-1.62500727327749	0.104218187785885	0.20291857740821	-5.18558426282917
ENSMUSG00000032649	0.101091840418619	7.12151060447086	1.6366114258865	0.101768781735278	0.199156485871189	-5.18578416584774
ENSMUSG00000043257	0.0698784674270199	7.28718489646229	1.68075750603272	0.0928666907146205	0.186060847437904	-5.1858777606342
ENSMUSG00000061702	-0.0806162627129048	7.11736274085213	-1.64708052177773	0.099598505163908	0.196052267268965	-5.18652399376882
ENSMUSG00000102995	0.0897164403449526	7.29418285536999	1.69803373377037	0.0895578446716447	0.180912097275293	-5.18691253171541
ENSMUSG00000039967	0.107745880852059	7.24612501235241	1.65729298086559	0.097517171172532	0.193029151041849	-5.18723551788669
ENSMUSG00000074575	-0.0693119976306047	7.01822580793515	-1.62513183613262	0.10419164853156	0.202897079068151	-5.18726566958397
ENSMUSG00000029290	-0.060040985946312	7.26641284943222	-1.68694923799928	0.0916697039649213	0.184215461475252	-5.18769098047949
ENSMUSG00000025422	0.0572049853078953	7.42863869488073	1.85768770650084	0.0632666704635433	0.139207941127514	-5.18784143683105
ENSMUSG00000072647	-0.0497812271314402	7.14454316846109	-1.63629239024845	0.101835505487517	0.199227501171933	-5.18800786626475
ENSMUSG00000055128	-0.058770040033953	6.84880979203271	-1.63809063454198	0.101459871871297	0.198700470088111	-5.19053318414541
ENSMUSG00000040363	0.0740491623705317	6.90697538623599	1.62998869461869	0.103161030700967	0.201429412966004	-5.19074604809113
ENSMUSG00000015468	-0.0653480357752025	7.03433482950894	-1.62141329243653	0.104986234010062	0.204171089670192	-5.19076314158604
ENSMUSG00000041733	-0.0959151769791298	6.91481714429805	-1.62250587434728	0.104752271462627	0.203776632687773	-5.19110673201856
ENSMUSG00000022020	0.0529629703092391	6.80989992727868	1.65649296795331	0.097678951076746	0.193232521531695	-5.19270102968158
ENSMUSG00000079509	0.133892022193416	7.24454053523595	1.64554318371095	0.0999148671397995	0.196409225314453	-5.19311794287364
ENSMUSG00000029910	-0.0827576617389409	7.18178112198112	-1.65577586020223	0.0978241480412168	0.193490519135158	-5.19348089020783
ENSMUSG00000022602	-0.0816249173126486	7.08696578410039	-1.62628121612326	0.10394701593171	0.202571350487936	-5.19417532166561
ENSMUSG00000021694	0.0610736336506568	7.40415593933836	1.8336881427167	0.0667541941239045	0.14478891806994	-5.19572645462565
ENSMUSG00000030653	0.0933844330410203	7.06481129371767	1.62628925548422	0.103945306453193	0.202571350487936	-5.19619971228894
ENSMUSG00000038658	-0.0794092431895521	6.93886000624528	-1.62377582547028	0.10448084811399	0.20330904630029	-5.19646841379581
ENSMUSG00000037014	-0.0722417133759228	6.91430463254387	-1.61899417701595	0.105505733184627	0.204785924218405	-5.19672592252502
ENSMUSG00000024993	0.0583246872009502	7.5113375878782	1.91493810528315	0.0555521053740288	0.125459403753111	-5.19757529328916
ENSMUSG00000103509	0.0763868375230263	7.18509108168212	1.63906768382433	0.101256240167392	0.198390705817345	-5.19778487720331
ENSMUSG00000067873	0.092732692091829	6.9898057567215	1.61963070412781	0.105368843155373	0.204680886363536	-5.19785997625451
ENSMUSG00000098882	0.0704331388689434	7.37588451437302	1.75070100172666	0.0800530610001875	0.166252327825897	-5.19792298220064
ENSMUSG00000020372	0.0740212380100553	7.18786333596508	1.64313874361493	0.100411272931487	0.197089113226242	-5.19832171856817
ENSMUSG00000037035	0.098880681243255	7.33072679344464	1.71040246885215	0.0872477540448072	0.177312573106895	-5.19879434864106
ENSMUSG00000048503	-0.0853479793617762	7.05491306111069	-1.6208259047729	0.105112187004141	0.204294648494391	-5.19945334238183
ENSMUSG00000037795	0.0688306179531848	7.00406253112726	1.61734081000707	0.105861961894489	0.205264337251578	-5.20097335888403
ENSMUSG00000042605	-0.0752697405977631	6.73342065456904	-1.65750838790828	0.0974736478362294	0.192975918735152	-5.20113487299274
ENSMUSG00000029098	0.0427116606307623	7.56048707717282	1.99773732952812	0.0457942077500726	0.1080733581925	-5.20116910442075
ENSMUSG00000027822	0.0754561144849291	7.02001540409114	1.61264827070194	0.106878199169714	0.20668380849777	-5.20148735108791
ENSMUSG00000050222	0.104776521333591	7.04375233512685	1.61590422149218	0.106172258435842	0.205652594317058	-5.20167685267903
ENSMUSG00000023015	0.0903855399522628	7.21046192474959	1.64576066424788	0.0998700641680973	0.19638012617734	-5.20190351449451
ENSMUSG00000014426	0.0728600853271137	6.9430650028282	1.61948663279035	0.105399814450195	0.204701731313152	-5.20196645747331
ENSMUSG00000036422	-0.0561807624450568	7.15393650802474	-1.6459021442756	0.099840926598867	0.19638012617734	-5.20206744409952
ENSMUSG00000049526	0.0685782772999044	7.47344700647642	1.89687173549702	0.0578971004417056	0.129744732324661	-5.20212847935544
ENSMUSG00000038871	0.0659233070377008	7.07913361695398	1.61169123392143	0.107086405613656	0.206994717598403	-5.20267943046876
ENSMUSG00000020109	0.0393702723042262	7.23312608006782	1.64788768585473	0.0994327227375337	0.195755369335307	-5.20273737310608
ENSMUSG00000030726	-0.0741062771524641	6.88229641028686	-1.62026952494332	0.105231601621605	0.204496382429873	-5.20290513983788
ENSMUSG00000040945	0.0613935915365103	6.98261582083458	1.61152411491042	0.107122795837658	0.207007250282644	-5.20325859311171
ENSMUSG00000019923	-0.0688204538239026	7.42834283726455	-1.93429365284395	0.0531281574839368	0.12122628745706	-5.2032649798483
ENSMUSG00000026473	0.0854329330850625	6.630216072165	1.70145583254436	0.0889138285094232	0.179913008615822	-5.20378728554781
ENSMUSG00000022338	0.0617301724183879	7.49920276953386	1.90377972568696	0.0569909119469945	0.128090132053228	-5.204359323249
ENSMUSG00000022973	0.0686465759206607	7.41555407627419	1.8477908291972	0.0646861553398123	0.141612463603639	-5.20495543337069
ENSMUSG00000052214	-0.0621759464636442	6.86932582977457	-1.61851700233597	0.105608445784717	0.204954902492368	-5.20505794144037
ENSMUSG00000064417	-0.0642663262409942	7.28078419451989	-1.7203549442089	0.0854240743286161	0.174364200360187	-5.20701533557733
ENSMUSG00000037012	-0.056864322552431	7.48176206515196	-1.9512668009673	0.051075910570728	0.117809341295273	-5.2073152358703
ENSMUSG00000078234	0.0675350008186948	7.10302167249752	1.61112763581556	0.107209168504542	0.207079143414202	-5.20732292287833
ENSMUSG00000036568	0.0943530420281684	7.18169884226126	1.62877014773705	0.103418839419106	0.201804205141851	-5.20826971750265
ENSMUSG00000054387	0.0767256962480847	6.97369651433835	1.61658008099526	0.106026186137295	0.205461046315788	-5.20836744947197
ENSMUSG00000032384	0.111228486487956	7.15888462930924	1.62578148370336	0.104053322206573	0.202729133195525	-5.20889392543059
ENSMUSG00000070520	0.0990026824147767	7.082584500065	1.61900806777344	0.10550274436519	0.204785924218405	-5.21102858419036
ENSMUSG00000028161	-0.0636903711292858	7.26057848704259	-1.68197417200954	0.0926304990914357	0.185658067070587	-5.21106055706497
ENSMUSG00000024502	-0.0845579875728353	7.19977532780876	-1.65947702917459	0.0970765999046874	0.192448038454296	-5.2120194429789
ENSMUSG00000030428	-0.043561088922873	7.27743072987461	-1.68015819232893	0.0929832132488387	0.186250952854008	-5.21229834553766
ENSMUSG00000047250	0.0696873385751875	7.11206609505995	1.61642889259322	0.106058848364971	0.205493923752288	-5.21274155718482
ENSMUSG00000103183	-0.0560163523672159	7.38786501431838	-1.81835919907537	0.0690635055532697	0.148250436908248	-5.21298619577193
ENSMUSG00000002578	0.06810611448432	7.2503417015018	1.65956848423365	0.0970581861626902	0.19244067442707	-5.21308831306485
ENSMUSG00000044847	-0.0687265219619562	7.03659297176762	-1.61451901695184	0.106472138988044	0.206081201009976	-5.21310951422155
ENSMUSG00000024646	-0.0839735562194619	6.97892184775261	-1.60714352421668	0.108080170691211	0.208391329908055	-5.21391231205934
ENSMUSG00000074283	0.0731043572800703	7.14370500593346	1.61960928385519	0.105373447455716	0.204680886363536	-5.2144656279677
ENSMUSG00000099478	0.0495202943621305	7.52159077057476	1.94063856630231	0.0523530609141724	0.120036124954176	-5.21499141121698
ENSMUSG00000054178	0.0714378658172743	7.05330013164877	1.6031322699944	0.108962757443455	0.209600414406364	-5.21600933947463
ENSMUSG00000027746	0.0731248694032214	7.11698459554142	1.60664399480862	0.108189771432459	0.208511775002761	-5.21692838198191
ENSMUSG00000028145	-0.0603575666446483	7.16717538145874	-1.63341833373027	0.102438163012673	0.200256895649083	-5.21913853103304
ENSMUSG00000039804	0.0647215453475969	6.70372114859471	1.65499442659174	0.0979825657876734	0.193745318122975	-5.21915569406089
ENSMUSG00000050379	-0.0422551088526619	7.56328849753624	-2.03012086790117	0.0423921865655667	0.101909384229967	-5.21932687445677
ENSMUSG00000000214	-0.0759938864764766	6.95579444390044	-1.60346755891699	0.108888766914855	0.209550453689442	-5.21952346126439
ENSMUSG00000029713	0.0625030545147718	7.33652642934597	1.74069257968835	0.0817932867473287	0.168688990248272	-5.21956282226173
ENSMUSG00000080921	0.0904441711342105	7.22188886896864	1.63968701642223	0.101127330683666	0.198167791245405	-5.21958856682897
ENSMUSG00000028882	-0.069579223232588	7.17253144784028	-1.64284409637333	0.100472238992574	0.197117180133703	-5.21964974619018
ENSMUSG00000037306	0.063595220206671	7.33275011965912	1.7414494986783	0.0816606124649276	0.168574698579444	-5.21978600251959
ENSMUSG00000056537	0.100362995116894	7.22720015076235	1.63668527628832	0.101753341477609	0.199156039262201	-5.22006414946179
ENSMUSG00000022321	-0.0498446437565416	7.31310346209847	-1.75329080521417	0.0796076911111095	0.165537466967383	-5.22073971616087
ENSMUSG00000004266	0.0725676065665253	7.12590614159608	1.60257486019024	0.10908585294913	0.209744747658982	-5.22191892088194
ENSMUSG00000035311	-0.0860434875878022	6.88232253572837	-1.61937340850801	0.105424159563892	0.204718643875774	-5.2220875418809
ENSMUSG00000031539	-0.0571387935403616	7.44001632459229	-1.92506434497895	0.054272714247216	0.123207625268693	-5.22241902238731
ENSMUSG00000041777	-0.100023775148825	7.07158245356267	-1.60781730896906	0.107932476215863	0.208261161181737	-5.22296953373474
ENSMUSG00000037369	0.0514338993153318	7.27283208767594	1.64601602631485	0.0998174777148379	0.19638012617734	-5.22412611351787
ENSMUSG00000027809	-0.0930622404385062	7.0847587437402	-1.60453262701073	0.108653994631553	0.209314022618643	-5.22563063028318
ENSMUSG00000027525	-0.0829865198811719	7.06393273884007	-1.59891566878969	0.109896663363541	0.210901072523524	-5.22792024276333
ENSMUSG00000051359	-0.0513241325375473	7.494724334218	-1.96167110919048	0.0498510490576559	0.115585548551271	-5.2288320303511
ENSMUSG00000028124	0.133422596443792	7.26576654123983	1.62758674746691	0.103669702236815	0.202205439888961	-5.22883763529172
ENSMUSG00000076144	0.0658190571024493	7.42836673098145	1.7989725747193	0.0720777059594256	0.153387731862939	-5.22902053701173
ENSMUSG00000095253	0.100827281811577	7.12301419657461	1.6012178441942	0.109385989260991	0.210136664916346	-5.22903028930634
ENSMUSG00000024887	0.0631774317191853	7.22302902459883	1.62088699423601	0.10509908206008	0.204294648494391	-5.23060257424572
ENSMUSG00000027674	0.0524163108252127	7.14395618166245	1.60238408875886	0.109128007185659	0.209765837621666	-5.23175661635548
ENSMUSG00000068580	0.0440720700495874	7.43887379761507	1.81702558182116	0.0692674823486286	0.148542158707329	-5.23316438965383
ENSMUSG00000059714	-0.0614371754009326	7.41882253583929	-1.8547057169904	0.0636916337738748	0.139954828695463	-5.23341165493224
ENSMUSG00000030872	-0.0876943265053765	7.27429072083553	-1.76435667954211	0.077727331905839	0.162660842281209	-5.23353054876066
ENSMUSG00000020561	0.0858573118881685	7.39442000155204	1.73799761493043	0.0822670862541038	0.169479259360933	-5.23385632173406
ENSMUSG00000065191	0.0740584319422162	7.31671634608954	1.68725275132579	0.0916113490762448	0.184179327719011	-5.23500677165893
ENSMUSG00000058594	-0.0841694369505124	7.24847465466819	-1.68309600138422	0.0924131458505404	0.185359220369252	-5.23538051697951
ENSMUSG00000022471	0.0469119919377814	7.41430205484246	1.77664147092027	0.0756823959103663	0.159272452541153	-5.23570188682536
ENSMUSG00000027406	-0.0977663222045733	7.05068966093235	-1.60989611526568	0.107477806265247	0.207492103800304	-5.23578288166986
ENSMUSG00000026414	0.058439870753352	7.36362089422512	1.7583323487606	0.0787464734559876	0.164242286201336	-5.23634534357591
ENSMUSG00000033184	0.084554937372844	7.3793451849694	1.71452059995311	0.0864893766838518	0.176154156743153	-5.23732914046889
ENSMUSG00000030000	0.0823734182327716	7.2476949948788	1.65403297011526	0.0981777602641787	0.194043363130831	-5.23781057675606
ENSMUSG00000030671	0.0625064378492759	7.46558994286251	1.81652820890158	0.0693436821520959	0.148656866994472	-5.23907462000921
ENSMUSG00000019173	-0.0515086590425966	7.42458683190882	-1.80214779628173	0.071576773650505	0.152573809063338	-5.23932645921534
ENSMUSG00000018500	0.0695863390560154	6.89956823429566	1.60407438797053	0.108754954828384	0.209416071277129	-5.2400129980434
ENSMUSG00000039968	0.0982010652670917	7.30631155329427	1.65749902876985	0.0974755385422825	0.192975918735152	-5.2400361169793
ENSMUSG00000040254	0.0758005733987321	7.28907711692355	1.65938989844245	0.0970941455770628	0.192453679620728	-5.24035476847037
ENSMUSG00000020610	-0.0710061584283812	7.01929826429378	-1.58865100505084	0.112196566199168	0.214434663456862	-5.24131817078757
ENSMUSG00000004568	-0.0677076807189207	6.81696606319327	-1.60768875807152	0.107960642392053	0.208284811405358	-5.24146965581656
ENSMUSG00000039620	0.0629765023899713	7.38150809071275	1.79616077616528	0.0725236979634126	0.154136404827435	-5.24209539223167
ENSMUSG00000096221	-0.0542413956346905	7.2636675307937	-1.64023234383782	0.101013933123778	0.197975211445584	-5.24217760494722
ENSMUSG00000041241	0.0790556506029203	7.15456176389962	1.61322580875423	0.106752709223862	0.206558767198415	-5.24358393736149
ENSMUSG00000102101	0.0373009288337638	7.56186974836207	1.98537429838001	0.0471523246302813	0.110630507895993	-5.24450460665141
ENSMUSG00000063382	0.0531530828528286	7.2198230707176	1.61844170252961	0.105624661432811	0.204955990436989	-5.24492843910141
ENSMUSG00000026869	-0.0699760807742553	7.11584848785475	-1.60707389966887	0.10809544159835	0.208391329908055	-5.24501558755182
ENSMUSG00000041084	-0.0781514188732935	6.95324593436516	-1.58852293360168	0.112225499905249	0.214458654905783	-5.2453832123928
ENSMUSG00000022324	-0.0580956735445	7.20924506502604	-1.64813501765946	0.09938196766776	0.19571430816882	-5.24626128436216
ENSMUSG00000022946	0.0727008243213776	7.09979748889092	1.585535965662	0.112901981959452	0.215342766289794	-5.24640098517038
ENSMUSG00000010095	-0.0697822219016553	6.91285696293003	-1.58990005544727	0.111914691090821	0.213958401834261	-5.24738922510403
ENSMUSG00000078566	-0.0533691073527844	7.40336501705619	-1.83513913354184	0.066538936195247	0.144441676781325	-5.24749758606661
ENSMUSG00000064264	0.0841531705840453	6.95453444638465	1.5844601892079	0.113146407372899	0.215714688412116	-5.24912092553002
ENSMUSG00000030689	-0.0556629737470757	6.87162087039377	-1.5953756281245	0.110685598558927	0.212050240552312	-5.24995552526798
ENSMUSG00000033022	0.0720868437871429	6.64038470561832	1.64882030667136	0.0992414472113782	0.195555241856015	-5.25035946739992
ENSMUSG00000041263	-0.0656526595855027	7.37457601834405	-1.80626230164485	0.0709319053704834	0.151466401094498	-5.25062053331671
ENSMUSG00000032826	0.072915962739228	7.23442751780764	1.62894953902728	0.103380853366354	0.201768356033439	-5.25171692458396
ENSMUSG00000045302	-0.0858852025888588	7.21142300457914	-1.64568187386659	0.0998862938526527	0.196382543793202	-5.25197025614014
ENSMUSG00000062901	0.112530263908767	7.09462250669982	1.58326092160468	0.113419382425339	0.216014919219165	-5.25216962595127
ENSMUSG00000043323	0.0761424095872592	7.34274645764895	1.69029101263959	0.0910288430027732	0.183289697414996	-5.2524925742608
ENSMUSG00000047539	0.0945154862589845	6.8064375250699	1.615832052176	0.106187865687696	0.205652594317058	-5.25315496761676
ENSMUSG00000021823	0.0598157946571174	6.92550618436768	1.5917258799726	0.111503660191721	0.213390720542321	-5.25348289897264
ENSMUSG00000027714	-0.0870786116817932	7.29223749126078	-1.74444055716476	0.0811380414379554	0.167893035957912	-5.25361876096313
ENSMUSG00000054793	0.0575629733800911	7.23567758043621	1.62395119284683	0.104443411240134	0.203266409983028	-5.25374151659889
ENSMUSG00000025969	0.0813986224884866	7.01392814907455	1.57889585639003	0.114417334336788	0.217409541529352	-5.25411091558685
ENSMUSG00000021185	0.0569694424567349	7.51858612511385	1.91575353033262	0.0554481589545215	0.125332751559495	-5.25420782621277
ENSMUSG00000068117	0.0637718196455515	7.35523906625341	1.75612853396103	0.0791220009637083	0.164894179658846	-5.255255235113
ENSMUSG00000075297	-0.0873328754745106	7.18272255223955	-1.64588321646135	0.0998448243567715	0.19638012617734	-5.25563874807706
ENSMUSG00000031537	-0.0795214239475923	7.09191525494793	-1.5871689392692	0.112531752394421	0.214855724419974	-5.25576502993239
ENSMUSG00000040124	0.0828486783417235	7.22460262555859	1.61379189665636	0.106629820595262	0.206355892273935	-5.25578766255804
ENSMUSG00000018733	-0.0606870585926185	6.63938045297745	-1.64968633142271	0.0990640932770309	0.1953233598167	-5.25604531884016
ENSMUSG00000043858	0.0755564815684142	7.05637437131956	1.581772825089	0.113758821316642	0.216566887985674	-5.25612565442426
ENSMUSG00000038398	-0.0384658364893644	7.3853299039512	-1.76181062402988	0.0781567318120921	0.163376645838082	-5.25616172243314
ENSMUSG00000027316	-0.0715848676472461	7.43199412191655	-1.90056788016006	0.0574107622611659	0.128878892236486	-5.25696181128498
ENSMUSG00000020128	0.0743766331241087	7.38933127026713	1.71189626960986	0.0869720440497514	0.176862069074145	-5.25705608450657
ENSMUSG00000072915	0.0845420829540089	7.33444530282682	1.69385558729059	0.0903492321948384	0.182128356489527	-5.25724157813205
ENSMUSG00000096232	0.0887020526156652	7.30142293171965	1.67745338214772	0.093510561416066	0.187049525743393	-5.2581655145697
ENSMUSG00000070802	-0.0686109152400176	7.24917595797493	-1.68665773603318	0.0917257776191936	0.184296175658453	-5.25865882908914
ENSMUSG00000033658	-0.0785134698405461	7.12265680165533	-1.60686616734414	0.108141014144241	0.208448491928209	-5.25871980844371
ENSMUSG00000071037	-0.07029265767176	6.77708937946385	-1.60383969685245	0.108806691210161	0.209472600398758	-5.25876263961674
ENSMUSG00000040463	0.0968777342883955	7.24306809556285	1.61673103998989	0.105993581431468	0.205428270629279	-5.25940890994712
ENSMUSG00000029765	0.0705858508210166	7.18971160810988	1.60379606440001	0.108816311893672	0.209472600398758	-5.25963405799024
ENSMUSG00000047227	0.0654055994267004	7.15573388057023	1.58080772439926	0.113979390862902	0.216908367441798	-5.25968076240381
ENSMUSG00000032212	0.0747387388734664	7.04121143648154	1.57562410986807	0.115169851388029	0.218427306152699	-5.26011155029157
ENSMUSG00000090100	0.0577710391714561	7.10393100515168	1.57966735643662	0.114240450941915	0.217167995314585	-5.26036280778427
ENSMUSG00000042686	0.0934934872843316	7.42062845738598	1.78869359445345	0.0737190791438456	0.156144666583276	-5.26045519849503
ENSMUSG00000030530	0.0939236098822107	7.29390391693232	1.661286778217	0.096712740495771	0.191901060710918	-5.26101224880759
ENSMUSG00000040565	0.0641637996223778	6.85239983769099	1.59599359049599	0.110547557766075	0.211906783078225	-5.26110533947467
ENSMUSG00000039701	0.0637526154750185	6.58253455890412	1.66964596152598	0.0950462209116111	0.18931159655786	-5.2614985776909
ENSMUSG00000028062	-0.0656338745349103	7.06187676788876	-1.58029570598129	0.114096547105651	0.216988959138173	-5.26152550067444
ENSMUSG00000084950	-0.0734507547663377	7.29328575957165	-1.67036925893957	0.0949031098670271	0.189089290072618	-5.26163521278534
ENSMUSG00000042700	0.0805644574887978	7.07312573874159	1.57789113944245	0.114648010989708	0.217664526727592	-5.26298388272524
ENSMUSG00000061689	-0.0645578664027306	7.15825114591265	-1.61799988744647	0.105719845151169	0.20507989520212	-5.26329419145607
ENSMUSG00000078137	0.0641740858148356	6.83605834985503	1.59947114006438	0.109773275216029	0.210756961303453	-5.2637738235219
ENSMUSG00000057691	0.0536293367703475	7.42920654751529	1.79591160124011	0.0725633294814717	0.154195602916966	-5.2648981250208
ENSMUSG00000010607	0.0722337382261911	7.21683718068289	1.61174814047074	0.107074016428487	0.206994717598403	-5.26553564705319
ENSMUSG00000038884	-0.0828265439097837	7.34613236319952	-1.76509247314778	0.0776035966945091	0.16245383561313	-5.26698661386562
ENSMUSG00000056553	0.0675938386016535	7.26798181596653	1.66261700019158	0.0964459888900803	0.191487850553371	-5.26722200661683
ENSMUSG00000048489	-0.0746278806980527	7.05850421421185	-1.57349240182194	0.115662245489259	0.219170664053464	-5.26788935381559
ENSMUSG00000019806	0.0598326857819611	7.06530929305116	1.57038126645334	0.116383842583259	0.220187466343934	-5.26809405824544
ENSMUSG00000030774	-0.0560948767340639	7.29129176447005	-1.68767112768472	0.0915309590416478	0.184102522011561	-5.26811217601855
ENSMUSG00000031066	-0.0812972963485992	7.31162901938307	-1.73527186369692	0.0827485601691461	0.170310352104144	-5.26828382989522
ENSMUSG00000073705	0.0820052626107186	7.26583384922347	1.62575503886417	0.104058950127859	0.202729133195525	-5.26864379271536
ENSMUSG00000036403	0.0639863099103843	7.36928880774263	1.69740874054759	0.08967586899202	0.181081954757027	-5.2687960339454
ENSMUSG00000090622	0.0485316495139525	7.41725879766129	1.78193644454457	0.0748146388172073	0.157928611963057	-5.27063365911798
ENSMUSG00000034853	0.0784192557241461	6.723496104654	1.62752865893216	0.103682028565123	0.202205439888961	-5.2710303522804
ENSMUSG00000027078	0.0582096338477482	7.30461499023406	1.66388806828496	0.0961916499279081	0.191156812516116	-5.27146414726411
ENSMUSG00000026696	-0.0488155443923999	7.36888263581089	-1.74296761958384	0.0813950396080272	0.168194649121869	-5.27174869308576
ENSMUSG00000022760	-0.106681262721398	7.06421657370406	-1.58002039537711	0.114159580820156	0.21707730313689	-5.27251780564886
ENSMUSG00000026034	-0.0828543233844474	6.87252187430146	-1.59138461983541	0.11158039423815	0.213475160217135	-5.27298260994129
ENSMUSG00000023034	-0.100309708645535	6.99384952654663	-1.57023324707672	0.116418262181288	0.220220761230664	-5.27348110600056
ENSMUSG00000029569	0.0655080693182191	7.2181912944884	1.58285822108616	0.113511160657217	0.216158271319896	-5.27354055878567
ENSMUSG00000046329	0.0702483783273591	7.34230840796959	1.70444355472511	0.0883546157206928	0.179033993037504	-5.27382485029659
ENSMUSG00000035620	0.0538398089974708	6.59884222514613	1.65295873122847	0.0983962191362284	0.194357770206925	-5.27441965311614
ENSMUSG00000020873	0.0875523105345088	6.95996565592965	1.56541258065485	0.117543611594308	0.221836667578589	-5.27474403624339
ENSMUSG00000047719	-0.0790648010080943	7.11638463962317	-1.57872816495063	0.114455809806782	0.21741951945277	-5.27564546860168
ENSMUSG00000003657	0.0630487280074261	6.91434220797218	1.57253664510807	0.115883548445456	0.219494707211792	-5.27595328300992
ENSMUSG00000039795	0.0434321807804823	7.34013562321367	1.69228662980105	0.0906478599559104	0.182691161105723	-5.2759640232522
ENSMUSG00000091002	-0.0581272241767046	7.21860799403294	-1.63276874995623	0.102574765958614	0.200494003572735	-5.27627537376552
ENSMUSG00000063659	-0.0725067864077884	7.40915133873809	-1.8254287520971	0.0679904448112661	0.146595998595042	-5.27674087481726
ENSMUSG00000028030	0.0717002845595536	7.09969076764675	1.57038962116501	0.11638190006379	0.220187466343934	-5.27749887177948
ENSMUSG00000032381	0.0478011168320185	6.89334347717617	1.5806934886771	0.114005521216165	0.216910374038952	-5.2778111001978
ENSMUSG00000059981	-0.0715971814853216	7.01448242624246	-1.5652076029343	0.117591650765522	0.221893551004155	-5.2780333853986
ENSMUSG00000015536	0.0648940958634494	6.90231086024934	1.57257031720636	0.115875746105923	0.219494707211792	-5.27806389657615
ENSMUSG00000005148	0.0900550026230125	7.12888603149981	1.56870457213742	0.116774199773656	0.220734597666286	-5.27834028137144
ENSMUSG00000060380	0.0472202376733373	7.54257972359726	1.96991925283684	0.0488976189688309	0.113827814285195	-5.27836953455943
ENSMUSG00000030213	0.0619438678014408	7.18594801831477	1.57787690647206	0.114651281417161	0.217664526727592	-5.27891276636558
ENSMUSG00000013033	0.0760018282270671	7.32736605457784	1.7166132172458	0.0861060546577245	0.17552534286287	-5.27922965309306
ENSMUSG00000029860	0.0755586135216957	7.23727165027099	1.60502156505147	0.108546352569672	0.209137431617682	-5.27949248474837
ENSMUSG00000020427	-0.0872662655684966	7.23857220705978	-1.64838819674046	0.0993300340938263	0.195670900745768	-5.27977807742208
ENSMUSG00000033676	0.0934178487614208	7.13654752745607	1.57858348489823	0.114489013680675	0.21741951945277	-5.2798527258533
ENSMUSG00000025854	0.0379784249643045	7.19867918174746	1.59775158325707	0.110155600037552	0.211367010947038	-5.28060322917721
ENSMUSG00000054452	-0.0625867592556633	7.36550565674988	-1.74407844264305	0.0812011620266007	0.167970550363763	-5.28066825984943
ENSMUSG00000046204	-0.0611425833817734	7.32172070514585	-1.74531954869167	0.0809849891524781	0.167665890178071	-5.28159391077919
ENSMUSG00000023032	0.0741758528027496	7.24477703332864	1.62551780504985	0.104109448424918	0.202797336524183	-5.28168851222137
ENSMUSG00000026705	0.0772439934680751	7.35015017107456	1.66871067286253	0.0952315326979651	0.189565337704388	-5.28198093839351
ENSMUSG00000002741	-0.049328291985252	7.37137431203943	-1.7872889295987	0.0739457354001335	0.156498151933163	-5.28268100550689
ENSMUSG00000056770	0.0664483054210301	7.20402893496997	1.58045786304028	0.114059433278398	0.216956327954092	-5.28350888164016
ENSMUSG00000005899	-0.072171138086035	7.07562359204364	-1.57597818457042	0.115088225132557	0.2183506307363	-5.28399996149182
ENSMUSG00000027997	0.101904190618619	6.92853263425115	1.57257453926001	0.115874767820741	0.219494707211792	-5.2841757456754
ENSMUSG00000100594	-0.0699965957281163	7.25958015446149	-1.64583082094485	0.0998556146688224	0.19638012617734	-5.28504727075407
ENSMUSG00000022109	-0.0801508441347663	7.07310868489289	-1.56393029413489	0.117891351891285	0.222332696479502	-5.28671717235194
ENSMUSG00000020280	0.0363574171749104	7.50078396651473	1.86163406159462	0.0627078814901678	0.138327141443854	-5.28679645472223
ENSMUSG00000018217	0.0839768529519196	6.75533139779077	1.61690950383919	0.105955046381095	0.205383989816597	-5.2871308847962
ENSMUSG00000037605	0.0828934077617927	7.29966357199955	1.66594679938358	0.0957808399861969	0.190427146104676	-5.28832512303266
ENSMUSG00000024664	-0.0468273185561401	7.45486465029424	-1.89431378701284	0.058235676385709	0.130306182745121	-5.28835372116661
ENSMUSG00000036073	-0.0651066008635306	7.37304507549327	-1.77868705351807	0.0753461903815201	0.158769084898577	-5.28863022525265
ENSMUSG00000082985	0.0413225981794119	7.48072443579178	1.86910921512511	0.0616606170739701	0.136407567547507	-5.28887686232057
ENSMUSG00000021180	0.0615368754042684	7.13337136866426	1.56236010658766	0.118260593590229	0.222932712927757	-5.2891765136518
ENSMUSG00000051390	0.0357005505916437	7.5424633170978	1.94705663735411	0.0515786722841502	0.118625643408743	-5.28961587834269
ENSMUSG00000063870	0.0468782307352349	6.99931471439267	1.55882588767916	0.119095011570527	0.224118426258637	-5.29041498591887
ENSMUSG00000033417	0.0502427941509174	7.45943624400292	1.8218135162099	0.0685374617525658	0.147411278012911	-5.29113399313211
ENSMUSG00000032370	-0.0666508637402634	7.2311815577128	-1.62544202692213	0.104125582886088	0.202798591363384	-5.29119868173004
ENSMUSG00000027612	0.08408976873128	7.07075062740755	1.56471825686499	0.117706397641533	0.222047861372183	-5.29124735392341
ENSMUSG00000048897	0.0640597008905424	7.02257329816433	1.55456766190655	0.120106487951561	0.225665060313122	-5.29141128047446
ENSMUSG00000022283	0.102911586586416	7.00764448501605	1.55983996163198	0.118855121101366	0.223892265533681	-5.29239458164996
ENSMUSG00000028018	-0.0549786483076682	7.16956277911598	-1.57587691003991	0.115111567705642	0.2183506307363	-5.29260721527926
ENSMUSG00000088290	0.0611320017746264	7.46247766347074	1.8237836314753	0.0682389190748761	0.147052504103857	-5.29288224134119
ENSMUSG00000020739	-0.0882022659249877	7.0682907771586	-1.56348506129402	0.117995959802055	0.222465885041548	-5.2932300983767
ENSMUSG00000035274	0.0798145153455936	6.68210895985957	1.61702041933348	0.105931102402205	0.205367983510983	-5.29363356426988
ENSMUSG00000022783	0.0780794997370515	7.20845838771822	1.59359057662728	0.111085109185807	0.21268298471199	-5.29368044138389
ENSMUSG00000002012	-0.0717329673293987	7.17139646785859	-1.61528860636593	0.106305449090888	0.205819423173307	-5.29372947532047
ENSMUSG00000051615	-0.0531415032824016	7.15405824705673	-1.59447351454608	0.110887357633302	0.212366484221064	-5.29518170586282
ENSMUSG00000001524	-0.0820149706457007	7.10632955675354	-1.58679384776879	0.112616708738118	0.214923899533446	-5.29654727138063
ENSMUSG00000104279	-0.045901697471102	7.4690388586058	-1.84489502378744	0.0651064303736665	0.142231104029415	-5.29714591502366
ENSMUSG00000059857	-0.074368661572902	7.42490579068561	-1.82736102124987	0.0676995514270736	0.146016890820963	-5.29717060943927
ENSMUSG00000024232	-0.0567772008156195	6.70128375520472	-1.60294149882886	0.1090048739885	0.209650625864176	-5.29787329083663
ENSMUSG00000045248	0.0668121951890113	7.21670539758562	1.59598171873995	0.110550208403932	0.211906783078225	-5.29834137209257
ENSMUSG00000024797	0.0679255740513209	7.27869405851918	1.63745049252414	0.101593463837864	0.198902591381086	-5.29916117111236
ENSMUSG00000036206	-0.0426193834753947	6.97876235700411	-1.55117546813422	0.120917056577296	0.226927480606359	-5.29928057673478
ENSMUSG00000074811	0.0702134731430641	7.22884271870617	1.60748021153834	0.108006348411595	0.20832156716742	-5.29968608903702
ENSMUSG00000038116	0.0770057435100462	7.23809677611189	1.61123797684233	0.107185125256455	0.207079143414202	-5.30030668838915
ENSMUSG00000020380	-0.0501385613522363	7.45158995046186	-1.81427278226874	0.0696900884338065	0.149252844393161	-5.30090599080449
ENSMUSG00000023452	-0.063523613504894	7.17236207531662	-1.57693676909103	0.114867467225055	0.217980124787711	-5.30114034341279
ENSMUSG00000025352	0.0783990161764008	6.76343090133895	1.61541476633047	0.106278143117109	0.205796990044252	-5.30114709717097
ENSMUSG00000035621	0.0755934261393714	6.96802522403292	1.55074816075736	0.121019465090309	0.227057488530529	-5.30213580485261
ENSMUSG00000029512	-0.0794110600217017	6.94957862386525	-1.54980236138074	0.121246376814494	0.227382547665858	-5.30223807385582
ENSMUSG00000029245	-0.0741443122961609	7.39476974793367	-1.77276613658509	0.0763226910333285	0.160207899792903	-5.30224059232541
ENSMUSG00000041215	-0.0471454280044767	7.32690937181585	-1.67675453882931	0.093647202091178	0.187224740999171	-5.30263584645577
ENSMUSG00000049148	0.0838377582973751	7.27310809778314	1.63129565962647	0.102885083698045	0.200981467110334	-5.30265778256736
ENSMUSG00000021711	-0.0512308088607156	7.04717731246207	-1.5503541258971	0.121113959654199	0.227166756417303	-5.3028177417229
ENSMUSG00000082208	-0.0832090190362376	7.20817565634431	-1.60745662675043	0.108011518326646	0.20832156716742	-5.30483308067935
ENSMUSG00000034940	0.092321950600172	7.044857453826	1.54574937463489	0.122222522156034	0.228667226005052	-5.304885779796
ENSMUSG00000034158	0.102189790090289	7.00501723603145	1.54833515941937	0.121599039595986	0.227848093085824	-5.30575023416171
ENSMUSG00000051851	-0.0582815177269458	7.29894473296869	-1.69382684546499	0.0903546956461561	0.182128356489527	-5.3060186782163
ENSMUSG00000002250	0.0802451899436729	6.96054329601721	1.55559056250933	0.119862901655784	0.225304394612711	-5.30666607313875
ENSMUSG00000022580	-0.0703372625310994	7.13019497169255	-1.56656690713253	0.11727336792535	0.221486285758609	-5.30680965876947
ENSMUSG00000038240	-0.042727752251734	7.41563652506511	-1.83146906564862	0.0670845085687328	0.145262842208083	-5.30742756739763
ENSMUSG00000023723	0.0654096161448514	7.19992977759873	1.5855794369447	0.112892113677151	0.215342766289794	-5.30761672033726
ENSMUSG00000023235	-0.0950402101176486	7.1699525658108	-1.58336642746116	0.113395346580304	0.216014919219165	-5.30811436550531
ENSMUSG00000020525	0.0887125406318621	7.25032296963217	1.57860267303711	0.114484609592989	0.21741951945277	-5.3082106151146
ENSMUSG00000028826	0.0477523514212503	7.53821624685266	1.91538345878615	0.0554953137652763	0.125384937479653	-5.30841347659332
ENSMUSG00000029670	-0.0815789162345162	7.12481593106818	-1.55815114397141	0.119254839890063	0.224386945076272	-5.30929992207717
ENSMUSG00000024962	0.0808420960832548	7.09707716985931	1.54770352449108	0.121751108845695	0.227999461946474	-5.31055634014141
ENSMUSG00000029922	-0.0520835388184278	6.9388148317972	-1.5440857331304	0.122624977572743	0.229212765046024	-5.31066130402479
ENSMUSG00000001034	0.0414977704150727	7.42963761840052	1.75037284798449	0.0801096380616438	0.166290689948159	-5.31075916434183
ENSMUSG00000080186	0.0471521147332279	7.41275270168555	1.74356895810072	0.0812900383499062	0.168086983960122	-5.310787062546
ENSMUSG00000067071	0.0524957077702295	7.41210025628688	1.75108365833468	0.0799871281086904	0.166168118248013	-5.3112725096567
ENSMUSG00000021557	0.0748675873079145	7.22445830767488	1.59668744583554	0.110392726080162	0.211759936973111	-5.31201684006259
ENSMUSG00000010110	-0.0790561750816687	7.01295861185846	-1.54313496198924	0.122855445476892	0.229479739218644	-5.31289821221194
ENSMUSG00000015016	0.0391494207970062	7.49343915729066	1.86830185817272	0.0617730250915485	0.136541017136342	-5.3133080061895
ENSMUSG00000050973	0.073419910388945	7.5220818661797	1.89957663592328	0.0575408553957644	0.129148787732101	-5.3133935801672
ENSMUSG00000033335	0.0655988844096393	7.00174463672245	1.54550974878847	0.122280426868774	0.228667226005052	-5.31373191224888
ENSMUSG00000078716	0.0472208605696558	7.4662227031934	1.8565939006174	0.0634222757393189	0.139479998988605	-5.31382431324851
ENSMUSG00000089857	0.0533307562421923	6.86198434795249	1.56802591097873	0.116932493413795	0.220938115712716	-5.31384188937376
ENSMUSG00000039611	-0.0515636479574004	7.14745188300558	-1.57890617982453	0.114414966039422	0.217409541529352	-5.31460222238041
ENSMUSG00000050919	0.12462301363687	7.43301397401095	1.7623375067139	0.0780677133089786	0.163242693282407	-5.31535110151642
ENSMUSG00000010721	-0.0842165954789795	7.35758623764636	-1.72884539369736	0.0838927703395822	0.172075972823072	-5.31625785318062
ENSMUSG00000061778	0.0591993467844247	7.29141975625788	1.59030926702505	0.111822465303674	0.213844539257332	-5.31694127386131
ENSMUSG00000039509	0.0565208813968185	7.31515187338442	1.66272436530122	0.0964244844922563	0.191474192472716	-5.31792740661515
ENSMUSG00000022200	-0.10106188830028	6.79203681197455	-1.56778971282044	0.116987624736301	0.220978499934736	-5.31881341990047
ENSMUSG00000096996	-0.103138944919476	7.27397377928375	-1.64164446678606	0.100720761539981	0.197518905045151	-5.31893542814145
ENSMUSG00000038463	-0.0723810484786833	6.87677386844857	-1.54568082673234	0.122239084317525	0.228667226005052	-5.31943591666361
ENSMUSG00000046834	-0.0516013112159088	7.43224283549982	-1.81332074481539	0.0698367357916506	0.149493548885593	-5.32003144047447
ENSMUSG00000052488	-0.0602097848872445	7.15192586245737	-1.56410196441443	0.117851037230556	0.222288687425794	-5.3202862959094
ENSMUSG00000072582	0.0946101660328997	7.19575527778545	1.57014489479192	0.116438810939552	0.220227811733693	-5.32055095410807
ENSMUSG00000025451	0.106753955854209	7.00590132348306	1.54061311332259	0.123468383640506	0.230361704235642	-5.32091029595764
ENSMUSG00000025223	0.0909886931631547	7.28077652102905	1.60266548115374	0.109065833198172	0.209737057613172	-5.32241096488522
ENSMUSG00000030609	-0.0619411432507464	7.2253739349601	-1.59327610141304	0.111155609396438	0.212786845769582	-5.32294645942859
ENSMUSG00000007892	0.0521383197142686	7.33037021611618	1.63838858418681	0.10139774016159	0.19863821849402	-5.32295620914014
ENSMUSG00000024287	-0.0392055580765742	7.57106626886807	-1.97040519646527	0.0488419280314609	0.113738620026305	-5.32297475801652
ENSMUSG00000037697	0.0921682901860503	6.80615900047872	1.58575809119671	0.112851565063714	0.215309339815526	-5.32371243377304
ENSMUSG00000024197	0.0813783441164286	6.82929601960333	1.57978138012702	0.114214326769175	0.217149864371483	-5.32427620912673
ENSMUSG00000034173	0.0595948983334083	7.3329459008545	1.66769032005027	0.095434028555492	0.189817086286516	-5.32469774143386
ENSMUSG00000026384	0.0606886765972279	7.44796227655409	1.77505685321249	0.0759436796106682	0.159764365648416	-5.32530209420132
ENSMUSG00000032299	-0.0666756444726335	7.26458744934529	-1.64804130348146	0.0994011963624278	0.195722734663394	-5.32586611445097
ENSMUSG00000044667	-0.0810610803132796	7.38914910659627	-1.75401736761982	0.0794831063490883	0.165357195029757	-5.32623601538091
ENSMUSG00000043929	0.0670290197928551	7.52135055643565	1.8462557403427	0.0649086666345907	0.141938243457502	-5.32624167939108
ENSMUSG00000039706	-0.0480045571601098	7.48533007464829	-1.89059846308433	0.0587303744388046	0.131088697335829	-5.32663289279365
ENSMUSG00000002342	-0.0814629452557281	7.19057525028001	-1.5682659605286	0.116876484044317	0.220876758277901	-5.32679853385889
ENSMUSG00000032482	0.0642026650420489	7.42051604114742	1.75949415250731	0.0785490881009035	0.163961202394297	-5.32690998385142
ENSMUSG00000019295	0.0809486932674766	7.02886602716906	1.53111419256984	0.125798565640026	0.233676904279118	-5.3284586440271
ENSMUSG00000079056	0.0833863751653068	7.29016081405365	1.64494594157701	0.100037986935571	0.196562708233602	-5.32852767493593
ENSMUSG00000071042	0.0902845263396523	6.8248613095587	1.57932338551605	0.114319287242836	0.21728631076992	-5.32906536073128
ENSMUSG00000019464	0.0808491855631397	7.12619824606558	1.5361169199238	0.124567109750573	0.231849957471496	-5.32908991984418
ENSMUSG00000035342	0.0770874894949642	6.80691603707522	1.57445977939308	0.115438590314232	0.218841880161299	-5.33003295794645
ENSMUSG00000060275	-0.0461774005371902	7.12644988020813	-1.54148647503061	0.123255842356829	0.230063514133962	-5.33108045054969
ENSMUSG00000024613	-0.0642985173391599	7.07880586762023	-1.53898902632966	0.123864382261567	0.230870229579789	-5.33225627932838
ENSMUSG00000029640	0.0843539209427036	7.18159944820756	1.56124513966694	0.118523337078909	0.223299399775088	-5.3324140325071
ENSMUSG00000047344	0.0655216832543166	7.39946968220354	1.72608257529754	0.0843886026309425	0.172789425343181	-5.33350826849878
ENSMUSG00000054863	-0.0513517120398985	7.16039500754001	-1.54882063315777	0.121482260390382	0.227661859867003	-5.33493592151737
ENSMUSG00000022711	-0.0488145933532067	7.3038681940869	-1.63129338645362	0.102885563135767	0.200981467110334	-5.33631587852872
ENSMUSG00000028467	-0.111645650961785	7.16842213461444	-1.58777388103087	0.112394842613342	0.214656933551258	-5.33666259997847
ENSMUSG00000086013	0.049220872209335	7.52791204958622	1.87577659945918	0.0607387795438203	0.134732650252066	-5.33707386053367
ENSMUSG00000039738	-0.0565090989233648	7.28416549735731	-1.63508819563554	0.102087667100578	0.199661149937372	-5.33728952086971
ENSMUSG00000000305	0.0782354847967648	7.29387571125843	1.64316005004397	0.100406865518685	0.197089113226242	-5.33730971159164
ENSMUSG00000025950	0.0809535426504944	7.12058353268806	1.52594789321809	0.127080222247308	0.235656412133394	-5.33742910900219
ENSMUSG00000054517	0.0800466638711201	7.02522688494335	1.52376953598679	0.12762366647349	0.236481086169563	-5.33749852375893
ENSMUSG00000041329	0.0747396149917634	6.90698603276258	1.54960434051312	0.121293927166257	0.22741615711239	-5.33808429812104
ENSMUSG00000001700	0.0818327707371438	6.94623898656268	1.54189424346287	0.123156705750826	0.229944037605507	-5.33816446568264
ENSMUSG00000021810	-0.0438339984146081	7.09429977410923	-1.53493038839523	0.124858328532751	0.232358953397409	-5.33875638201304
ENSMUSG00000020953	-0.060080897330181	7.21505157510429	-1.59046512081301	0.111787355634021	0.213808628190008	-5.33893874972062
ENSMUSG00000019432	-0.0831090962295535	7.28840933986989	-1.63817363414845	0.101442560841517	0.198696290624947	-5.33902027956208
ENSMUSG00000011751	-0.0928565695174894	7.10442409929218	-1.54551064065823	0.122280211311943	0.228667226005052	-5.33926223492424
ENSMUSG00000034126	0.0576704597765323	7.46826885657721	1.80500052544481	0.0711291555773941	0.1517446874192	-5.33956601804037
ENSMUSG00000095403	0.0598970516277308	6.9572408332807	1.53197295075798	0.125586504506392	0.233316094366069	-5.3413811230892
ENSMUSG00000042396	0.101920691594335	7.19275415911977	1.5368515305349	0.124387074869301	0.231656311146092	-5.34138271152714
ENSMUSG00000042015	0.0748110729856188	7.26901302686979	1.58209631007029	0.113684965519738	0.216457761574231	-5.34161929481645
ENSMUSG00000025872	0.0586597804050655	7.47710081587796	1.80399564780357	0.0712865670493928	0.152025368270182	-5.34196926346546
ENSMUSG00000023007	-0.0673616647614654	7.41789411660321	-1.77767261424696	0.0755127676830113	0.15904330027445	-5.34242939959525
ENSMUSG00000062906	0.0719215188118856	7.31667032622009	1.6337665021215	0.10236500524293	0.200143764731249	-5.34257881907618
ENSMUSG00000052040	0.087931136114813	7.0832184098607	1.52293514654983	0.127832303518394	0.236782755753087	-5.34313388670336
ENSMUSG00000001909	-0.100720664895989	7.09195799099255	-1.54089942102231	0.123398676295082	0.230297287249495	-5.34393836314804
ENSMUSG00000041852	0.081436461808722	6.9795645085822	1.51894558379937	0.128833553144274	0.238297136389043	-5.34552053462077
ENSMUSG00000044715	-0.06530447397747	6.8218173789857	-1.53390941362803	0.125109338352699	0.232660718425219	-5.34604880873216
ENSMUSG00000037315	0.06557287112736	7.36840115310762	1.68993032295074	0.0910978394612544	0.183400417380708	-5.34623945515928
ENSMUSG00000046550	-0.077496299991239	7.18277760976502	-1.58495995561574	0.113032804441477	0.215529489622462	-5.34669368417231
ENSMUSG00000025362	-0.0489187158178179	7.34282734806211	-1.64922986115892	0.0991575426430838	0.195448742590071	-5.34746233775147
ENSMUSG00000086330	0.0820587221973819	7.15541095570872	1.53063151726413	0.125917879575402	0.233832181475342	-5.34814477822365
ENSMUSG00000059461	-0.0674901359714486	7.14639296062629	-1.55066448564223	0.121039526618767	0.227059676528571	-5.34834141326416
ENSMUSG00000063200	0.0695390640382572	7.16230224276294	1.521279834394	0.128246995480609	0.237382958409746	-5.3490076358323
ENSMUSG00000025810	-0.077968794781504	6.79870577705045	-1.54365432870336	0.122729508543347	0.229342667120967	-5.35016389991643
ENSMUSG00000056050	-0.114572696277281	7.1244504136011	-1.54673388350624	0.121984844106271	0.228309589569592	-5.35045191949149
ENSMUSG00000038916	-0.0686998724461994	6.65908995227991	-1.57145228760829	0.1161350315389	0.219812033093434	-5.35091378598004
ENSMUSG00000071078	-0.0345125093631644	7.38876584661208	-1.74298670085794	0.0813917060873836	0.168194649121869	-5.3510528025383
ENSMUSG00000026167	0.0596190889431387	7.36951372898548	1.70534529402801	0.0881863951925485	0.178803823116129	-5.35216715716307
ENSMUSG00000056222	0.0546788711181376	7.48249290872743	1.84558904644215	0.0650055005235952	0.14210252343545	-5.35307043117483
ENSMUSG00000027531	-0.0612650842632201	6.94594772975162	-1.51578055629566	0.129632198565741	0.239338134865693	-5.35363805176698
ENSMUSG00000002981	0.0532622056435939	7.17198975613636	1.54422421567295	0.122591437470102	0.229182792997084	-5.35392720332194
ENSMUSG00000035597	0.0298124648651541	7.48736255611235	1.79961956219759	0.0719754029876826	0.153219833482072	-5.35403533732339
ENSMUSG00000022244	-0.0806081633963469	7.23650859088017	-1.58079062649597	0.113983301548221	0.216908367441798	-5.35428889695785
ENSMUSG00000015149	0.0782836015575095	7.05310735393019	1.51372289693763	0.130153475855236	0.239928091508975	-5.35459939000165
ENSMUSG00000041324	0.0522568585270573	6.89228021161782	1.5279456840086	0.12658340981905	0.23493478896385	-5.35477019930914
ENSMUSG00000006641	-0.0711599613220413	7.29866066146765	-1.66812335746939	0.0953480472885346	0.189748924587203	-5.35480303746753
ENSMUSG00000031996	-0.0676799709858287	7.01359699881705	-1.51331921045069	0.130255934479191	0.240049365737833	-5.35518701165316
ENSMUSG00000086859	-0.0546428608155312	7.32369478022561	-1.65207966660574	0.0985752758123289	0.194594015520961	-5.35518884817152
ENSMUSG00000020003	-0.0596941642904882	7.24606711048995	-1.59917944389598	0.109838056713165	0.210850416200697	-5.35538869153728
ENSMUSG00000100862	0.0337885157152167	7.53877554607352	1.87118265520578	0.0613727085984977	0.135862614300225	-5.35590118207767
ENSMUSG00000049907	0.0521720632185083	7.52290845073701	1.90115295464153	0.0573340906445713	0.128747191212329	-5.35592922007947
ENSMUSG00000062619	-0.0445294164614998	7.44533280791565	-1.74909835780792	0.0803296814943039	0.166619719495583	-5.35604347733222
ENSMUSG00000043183	0.0754493396239928	7.24725072774814	1.56513935170125	0.117607649741662	0.221893551004155	-5.35646117222016
ENSMUSG00000050423	-0.0620369127518465	6.92712774660615	-1.51472927226613	0.129898322735799	0.239560362792298	-5.35659498601202
ENSMUSG00000020843	-0.0823874460730698	7.09451303481963	-1.55348732928823	0.120364171509392	0.226062326626817	-5.3570968688985
ENSMUSG00000039914	0.04562827856466	7.49650970355576	1.82052256636535	0.0687336684034308	0.147615024071148	-5.35753346620963
ENSMUSG00000004446	0.0328978331710736	7.60463744912403	1.99090269226414	0.046540881333688	0.10954930212525	-5.35757170408589
ENSMUSG00000043391	0.0808803280527295	6.96211282370225	1.51580726475604	0.129625443051629	0.239338134865693	-5.3585374375122
ENSMUSG00000006362	-0.0747822806072627	7.12662000954026	-1.54735015330891	0.12183624957372	0.228096693753631	-5.35878154567909
ENSMUSG00000016346	0.0753899089745262	7.1451937341864	1.53435200559358	0.125000477468567	0.232557375446708	-5.35883082624961
ENSMUSG00000102411	0.0659934318609672	7.11606487173606	1.51232199096853	0.130509304533198	0.240380953144151	-5.3590298423639
ENSMUSG00000040321	0.0654715883647867	7.23446280240392	1.55923086810733	0.118999163461919	0.224066884516531	-5.35963125653712
ENSMUSG00000064225	-0.0954833666185175	6.70824920092696	-1.54003463587122	0.123609319392599	0.230559560039439	-5.36118970141532
ENSMUSG00000049097	-0.0667306067865505	7.33605998340096	-1.72712135246132	0.0842018997824441	0.172461087601965	-5.36130085197038
ENSMUSG00000067578	0.0951030102844461	6.80783326853376	1.5443379166944	0.122563904745981	0.229164044692143	-5.3619709920852
ENSMUSG00000040877	-0.0599194611740641	7.33551133818222	-1.70360413346507	0.0885114432017483	0.179296273309189	-5.36229480157854
ENSMUSG00000032998	0.057405459892002	7.38233755014703	1.70916072005821	0.0874774795676154	0.17760255596678	-5.3625155018656
ENSMUSG00000039087	0.0491066621192271	7.23748893159152	1.55130287256195	0.120886535954029	0.226902728130487	-5.36258101802485
ENSMUSG00000020986	-0.0735314724424088	7.29192019632033	-1.65322867934016	0.0983412855775983	0.194307894775418	-5.36305641053575
ENSMUSG00000038250	0.0722329888019235	6.94649064930306	1.51465398215938	0.12991739809237	0.239560362792298	-5.36328946271941
ENSMUSG00000029020	0.0528643510994939	7.3294622895201	1.66245100235187	0.0964792445224882	0.191524832340927	-5.36377731732052
ENSMUSG00000019210	-0.056802791237355	7.36101748720519	-1.76441923287265	0.0777168063369499	0.162660842281209	-5.36508672986514
ENSMUSG00000054405	0.0649070975424664	7.26013240640301	1.56891995012082	0.116723999356601	0.220671566725865	-5.36519752645255
ENSMUSG00000032425	-0.0804507646840991	7.16920786779974	-1.53683023707753	0.124392290510008	0.231656311146092	-5.3658567213264
ENSMUSG00000041992	0.0802395011868029	7.21008869004697	1.55754705400754	0.119398074870186	0.224527376644711	-5.36643847247445
ENSMUSG00000035439	0.0696283521315468	7.12550759603607	1.51045784169807	0.130983966661336	0.241002708058006	-5.36645157104418
ENSMUSG00000008892	-0.0592282709378029	7.1730193069575	-1.55791428949578	0.119310984084466	0.224395834453933	-5.36647395628967
ENSMUSG00000070000	-0.0773229864046598	7.2563528518454	-1.6111569508755	0.107202780352523	0.207079143414202	-5.3666806538966
ENSMUSG00000029309	-0.0614053629781655	7.01900661764677	-1.50525880788844	0.132314855952865	0.242954571407421	-5.36679946548521
ENSMUSG00000052727	0.0661291539274629	7.1865355910365	1.53268969970696	0.125409724447929	0.233086898420256	-5.36747824708518
ENSMUSG00000060019	0.0456196043433907	7.29244468166169	1.60436122187617	0.108691750287849	0.209355950385246	-5.36790708830793
ENSMUSG00000041912	-0.0846796877933693	6.86997881713808	-1.5151405765692	0.129794153857584	0.239501770585412	-5.36812366188025
ENSMUSG00000067194	0.0566107762029517	7.39790024185586	1.69817971243325	0.0895302959525441	0.180889390064755	-5.36844325396126
ENSMUSG00000002379	-0.0560693174245053	7.26527671496451	-1.62146383735502	0.10497540131188	0.204171089670192	-5.3692129746787
ENSMUSG00000032615	-0.0557897665319649	7.22107371189063	-1.59631363793651	0.110476118861115	0.211826793809272	-5.36938155162307
ENSMUSG00000037679	0.0760240364696356	6.85004888986176	1.53751604844088	0.124224392928821	0.231442401056514	-5.36954978671904
ENSMUSG00000041375	-0.0724860921264279	7.27047737446499	-1.61478671155501	0.106414133948205	0.205999385132322	-5.37000559804964
ENSMUSG00000016554	0.0650077235739799	7.24289182373795	1.56637512732588	0.11731823238433	0.22150710965902	-5.37030419645608
ENSMUSG00000046574	-0.0379067124762651	7.29389706620616	-1.61316366413456	0.106766206662976	0.206558767198415	-5.37046846715647
ENSMUSG00000028676	-0.055713244037376	7.04401936236547	-1.50202606721482	0.133147666222057	0.244167459013832	-5.37117090875951
ENSMUSG00000002395	0.0457915154892481	7.34029787079345	1.63097873534232	0.102951943745513	0.201051140739298	-5.37130607039315
ENSMUSG00000005983	-0.0459039750049817	7.38776431383416	-1.72769342804461	0.0840992216266148	0.172369551356556	-5.37139599056912
ENSMUSG00000032171	-0.0836077834859905	7.04138631010249	-1.52140068552483	0.128216684269419	0.237360411546271	-5.37212462474557
ENSMUSG00000021494	-0.0897999998206673	7.17882927427888	-1.55794494827719	0.119303715532716	0.224395834453933	-5.37244786400422
ENSMUSG00000097452	-0.0529604525529441	7.4659846566685	-1.81786415969747	0.0691391641616264	0.148315572211046	-5.37384324296659
ENSMUSG00000026455	-0.0741450326582527	7.12239399703434	-1.53816216670633	0.12406637469439	0.231213804626185	-5.37388857161982
ENSMUSG00000025092	0.0581082751909197	7.29621888150411	1.61590285551724	0.106172553823089	0.205652594317058	-5.37476786469979
ENSMUSG00000014907	-0.0939032439841156	7.03770479451321	-1.50187329153477	0.133187124100322	0.244179502691697	-5.37513633817568
ENSMUSG00000018340	-0.0759664849888937	6.93516076884508	-1.50060649467849	0.133514652743804	0.244506061508166	-5.37529852641245
ENSMUSG00000028139	-0.0514268760092085	7.0227736811573	-1.50000151591641	0.13367128898829	0.244724446292084	-5.37588980266848
ENSMUSG00000035614	-0.0817577051379468	6.8036375035226	-1.52241366332828	0.127962833795323	0.236991005806813	-5.37590358152174
ENSMUSG00000031729	0.0559212574199037	7.13914824744396	1.50699675212996	0.131868802487261	0.242407520663188	-5.37625978919603
ENSMUSG00000075227	0.045295484527851	7.54699750849187	1.89933741067129	0.0575722885558011	0.12917504743317	-5.37645410416552
ENSMUSG00000027016	0.0678585462344756	6.94454560858381	1.50528009909576	0.132309384376769	0.242954571407421	-5.37669985401549
ENSMUSG00000094870	0.0662982407580639	7.10490132161809	1.49973975555116	0.133739105942628	0.244814370106389	-5.37687907308537
ENSMUSG00000020734	0.0930133231176811	7.13244289707424	1.51237499138238	0.130495828755851	0.240380953144151	-5.37693429898195
ENSMUSG00000038241	-0.0242421592034345	7.35383085524075	-1.64260120193289	0.100522518965517	0.197159673153041	-5.37710292617814
ENSMUSG00000039830	0.0859782203736774	6.95202562676794	1.51139362141484	0.130745525058992	0.240680598154151	-5.37841582147944
ENSMUSG00000029434	0.0667064401607176	7.42372552167323	1.77051804948276	0.076696148035219	0.160888634846513	-5.37869887630349
ENSMUSG00000009741	-0.0976367347174349	7.16007168794898	-1.54322419799204	0.122833800196637	0.229472047970088	-5.3788184571619
ENSMUSG00000065512	0.0500644887392552	7.45248262601829	1.74113960788101	0.0817149096171143	0.168590728162444	-5.37925268982821
ENSMUSG00000002017	0.0795555539852968	7.146907406208	1.50013750286145	0.133636067955444	0.244694182052123	-5.37941657683763
ENSMUSG00000044148	0.0508312008363418	6.89459735813899	1.51603208081994	0.129568589955623	0.239321667564759	-5.38107618010417
ENSMUSG00000032525	-0.0682285741938173	6.75846274063957	-1.53085120465199	0.125863563471642	0.23376447339633	-5.3815714160359
ENSMUSG00000045036	0.0417420133106425	7.61174246421518	1.97557671211878	0.0482525457865283	0.1126466350637	-5.38232615419007
ENSMUSG00000086536	-0.0579672885605751	7.00254304219057	-1.49476950667001	0.135031858008245	0.246594655467142	-5.38350282806687
ENSMUSG00000053581	0.0582023587822258	7.34484434124256	1.66156538726987	0.0966568217492179	0.191819176950244	-5.3848227218101
ENSMUSG00000039058	-0.0496254497517041	7.49013050414397	-1.87741313237995	0.0605142656573256	0.134348442595507	-5.38520654005719
ENSMUSG00000021244	-0.0786265894192475	7.10117015738263	-1.50635183577103	0.132034187805683	0.24264340072319	-5.38548456814866
ENSMUSG00000087055	0.0582819254442404	7.48573887318202	1.82159866989173	0.0685700834654605	0.14745721628282	-5.38575144355724
ENSMUSG00000071253	0.0667743881836413	7.35887275282936	1.65245162039795	0.0984994808070965	0.194503047168402	-5.38577003841498
ENSMUSG00000038013	-0.0799946725818055	6.89131901334937	-1.49627029125485	0.134640492938318	0.246051554096658	-5.38591569874062
ENSMUSG00000029176	-0.0746364088026308	7.21464368413051	-1.54259971143975	0.12298533957646	0.229689595682599	-5.3862987942852
ENSMUSG00000055760	0.0765952475297569	7.35502972520825	1.64626307361409	0.0997666245382625	0.19632416179993	-5.38643227278519
ENSMUSG00000054312	-0.0757980144148629	7.08283367983136	-1.50233311665621	0.133068390926538	0.244132759810852	-5.38717988401792
ENSMUSG00000036533	0.051963377359999	7.3315573031028	1.62965227298212	0.103232156503075	0.201538233363892	-5.38829883470517
ENSMUSG00000104011	-0.0379820571100451	7.48857030378064	-1.83371069399728	0.0667508442052906	0.14478891806994	-5.38888287702494
ENSMUSG00000019864	-0.0455788562889081	7.37070101445262	-1.67945699448323	0.0931196937496398	0.186438756777838	-5.38928103608526
ENSMUSG00000036840	0.0688718491305433	7.28076508674714	1.55804935771892	0.11927896485535	0.224395834453933	-5.38965860315719
ENSMUSG00000074218	0.0834281951838767	7.29325943144053	1.58831164085466	0.112273247704526	0.214518587120207	-5.38994275131207
ENSMUSG00000037331	-0.0661737389418997	7.40027419756353	-1.76144134274238	0.0782191723134784	0.163454972694024	-5.39036539488778
ENSMUSG00000028909	0.0523019832414251	7.28792079026898	1.5975852071053	0.110192647737724	0.211407113743008	-5.39038540448389
ENSMUSG00000100215	0.0844196581541894	7.2189994493994	1.50957628186821	0.131208901193262	0.241361723238665	-5.3908281330813
ENSMUSG00000001687	0.0707541195484058	6.94183286288517	1.50132560643653	0.1333286509392	0.244318956361174	-5.39156895108716
ENSMUSG00000024286	0.0868445934718656	7.14041444712163	1.50919789966365	0.131305539203095	0.241421620142548	-5.39195226380613
ENSMUSG00000046062	0.0639026943156464	6.51277878441871	1.61290921287869	0.106821486061527	0.20663517959774	-5.39237350251529
ENSMUSG00000020520	0.0692243469878679	6.93359702853645	1.50542534456242	0.132272062771312	0.242944142228116	-5.39245654209843
ENSMUSG00000021493	-0.0815182497962921	7.19955664686032	-1.55241400112778	0.120620612864723	0.226436057302116	-5.3932987234697
ENSMUSG00000033177	-0.0507574049264861	7.18323018037267	-1.5476379750626	0.121766898711407	0.227999461946474	-5.39332640725413
ENSMUSG00000017417	0.0838325139416645	7.29468439471934	1.6023802005496	0.109128866486493	0.209765837621666	-5.39334981631222
ENSMUSG00000062995	-0.0756907696882623	7.28225406844986	-1.62263259776715	0.104725162069998	0.20375417176704	-5.39357562534177
ENSMUSG00000039960	0.0741992255789103	6.99513687705083	1.49078519494076	0.136075127618041	0.248084608101295	-5.39376608508416
ENSMUSG00000028096	-0.0639721264892854	7.09547280605062	-1.50946820194627	0.131236498945799	0.241361723238665	-5.39381211250233
ENSMUSG00000042167	0.0745266369449897	6.80724104117093	1.52469835953832	0.127391728123561	0.236121289588944	-5.39419433739313
ENSMUSG00000047866	-0.0684140882775823	6.7722476163134	-1.51257848837492	0.130444098057188	0.240328473369646	-5.39514181177618
ENSMUSG00000035486	0.0555710292449776	6.86025939279169	1.50099086441885	0.133415208643779	0.244392320073367	-5.39564591361133
ENSMUSG00000076271	0.087386769808715	7.39328692459963	1.74111120862782	0.0817198870240506	0.168590728162444	-5.39582311625592
ENSMUSG00000038274	0.0529512780965096	7.29250905723091	1.58805271201893	0.112331782124804	0.214567798596139	-5.39660241894947
ENSMUSG00000022685	0.0363892599141042	7.56508361020553	1.89227977416416	0.05850607596217	0.130754787725628	-5.39663619392958
ENSMUSG00000049717	-0.0721979194635036	7.05879647019618	-1.48887480327208	0.136577555650632	0.248688923307103	-5.39742864399725
ENSMUSG00000030188	-0.0601743166684665	7.26038908816101	-1.5682373923334	0.116883148590689	0.220876758277901	-5.39771211669715
ENSMUSG00000029482	-0.0545478405008417	7.37735700251597	-1.75491629429509	0.0793291855232836	0.165153314232905	-5.39806164302225
ENSMUSG00000033808	-0.0543927168558733	7.08375743210524	-1.48506740714513	0.137583160459545	0.250241558312915	-5.39807123347715
ENSMUSG00000021024	-0.0809731594445067	6.99532699897604	-1.48487718462444	0.137633551176876	0.250298437561837	-5.39818951462613
ENSMUSG00000027430	0.0542430682954009	7.28038252363085	1.60985693432343	0.10748636174562	0.207492103800304	-5.39821355748786
ENSMUSG00000028737	-0.0529029595451869	7.29784666391943	-1.58700725346575	0.112568367218544	0.214894293325339	-5.39876132313994
ENSMUSG00000021719	-0.0768347046084656	6.98971060816964	-1.48397171685913	0.137873608407073	0.250560977410521	-5.39907876867099
ENSMUSG00000028243	-0.0745734600715027	6.74376671128388	-1.52316344814959	0.127775190911275	0.236710456970485	-5.39915725464136
ENSMUSG00000031985	-0.0706728507969405	7.12547068589361	-1.50204930259488	0.133141665936911	0.244167459013832	-5.39934455212081
ENSMUSG00000002279	-0.0822255973493426	7.18637260230311	-1.51515548972924	0.129790378098973	0.239501770585412	-5.39981364012091
ENSMUSG00000085396	0.055744205637537	7.35031454284767	1.62091858807745	0.105092305041363	0.204294648494391	-5.3998711585769
ENSMUSG00000073131	0.0699147077014572	7.49217038213126	1.75904661206616	0.0786250755148539	0.164022087971933	-5.40010772678323
ENSMUSG00000061273	0.0820926981901673	7.22976179555308	1.50563688093263	0.13221772195307	0.242944142228116	-5.40011639891124
ENSMUSG00000025885	0.0620104896843285	6.88896076217957	1.49695365030737	0.134462581767697	0.245829370269892	-5.40066863433186
ENSMUSG00000064390	0.0387468288338386	7.47374711744671	1.77095558622857	0.0766233469420628	0.160787443206521	-5.40107985584803
ENSMUSG00000098900	0.0709622793382128	7.30390694083721	1.65053828036978	0.0988898689221828	0.195067977087422	-5.40145423303262
ENSMUSG00000040123	0.0677261543150749	7.43803023699767	1.69930858178894	0.0893174890345222	0.180593755434744	-5.40151322622828
ENSMUSG00000035642	-0.0848346774046753	6.93120414680069	-1.48727880464924	0.13699839600544	0.249316513831418	-5.4019651543159
ENSMUSG00000001518	0.0478463559387876	7.19639381315671	1.50328960351197	0.132821675428196	0.243714278164812	-5.40197120992475
ENSMUSG00000056536	0.0955539661399039	7.30478254300641	1.56992012940526	0.116491099171706	0.220294882327889	-5.40297850020819
ENSMUSG00000032788	0.0663254405511466	6.88422676701758	1.49116268847703	0.135976016902903	0.247972978589331	-5.40474383162353
ENSMUSG00000092564	-0.0462191159985492	7.22163765671104	-1.5335038650613	0.1252091528528	0.23274715734046	-5.40476773116016
ENSMUSG00000052105	0.0886839194194398	7.01368773143938	1.47849404152974	0.139332737073469	0.252672712073206	-5.40493097629023
ENSMUSG00000036264	0.0847940156611822	7.38159134430688	1.68650085973871	0.0917559659332896	0.184300261736519	-5.40515657348173
ENSMUSG00000021700	-0.0703888193126074	7.26848117425835	-1.60726714570512	0.108053060723783	0.208370992929115	-5.40571560735982
ENSMUSG00000046010	0.0879332865755629	7.02382799352459	1.4777000362995	0.139545225225451	0.252896745383666	-5.40600413683122
ENSMUSG00000036492	-0.094750888802233	7.06979121934893	-1.5108260596547	0.130890102565082	0.240912866973436	-5.40655727446882
ENSMUSG00000049878	0.0676986640155031	7.26676152095366	1.55346405380104	0.120369727995382	0.226062326626817	-5.40664073561952
ENSMUSG00000026171	-0.0774872997058145	7.15876429441303	-1.51779113444194	0.129124416271479	0.238669611439533	-5.40711016588484
ENSMUSG00000068373	0.0759813316144617	7.23985186418974	1.54805860024165	0.121665604298883	0.227940196262304	-5.40838031672384
ENSMUSG00000029559	-0.0634071738077493	7.30393917989054	-1.62871721445953	0.103430050145266	0.201804205141851	-5.40961583328927
ENSMUSG00000028950	-0.0759313306953349	7.14585126794221	-1.51524652166821	0.129767332208841	0.239501770585412	-5.40968485032411
ENSMUSG00000034748	-0.0488896239480034	7.47307682431432	-1.81032842040321	0.0702993098340035	0.15033144474977	-5.41082923925865
ENSMUSG00000032913	0.0947047338185687	7.36189408895064	1.61041382419217	0.107364810921953	0.207318599497082	-5.41140125116069
ENSMUSG00000003402	-0.0840348286150405	6.926860289693	-1.47723772431212	0.139669061980375	0.253086139715857	-5.41159973438417
ENSMUSG00000034656	0.0825661170907708	7.27369175912134	1.55691958472966	0.119546996014297	0.224775135978627	-5.41177493082076
ENSMUSG00000036775	-0.0438276709417371	7.46979945994411	-1.82982366518274	0.0673302979194866	0.145580224667534	-5.4122955835425
ENSMUSG00000025915	0.0454392831634953	7.03032599020518	1.47252569398037	0.14093607541766	0.255064293526128	-5.41264152201254
ENSMUSG00000025616	0.0602166647922475	7.23229381449257	1.50071493700027	0.133486590749362	0.244488870465955	-5.41367611797321
ENSMUSG00000025878	-0.0637406479381717	7.29043703558645	-1.57501522295543	0.115310327018375	0.218662051176791	-5.41379792653811
ENSMUSG00000063952	0.0458639195266732	7.46320894629029	1.77418935404845	0.0760870309323597	0.159964364662904	-5.41445198140508
ENSMUSG00000021936	-0.0574208748003544	7.31698424695977	-1.6190089737176	0.105502549439096	0.204785924218405	-5.41508780656268
ENSMUSG00000066687	0.0527023441810766	7.18724448853193	1.51159909586581	0.130693214207173	0.240651977552785	-5.4154537922279
ENSMUSG00000091985	0.0811316008405534	6.92022821319137	1.48593586845647	0.137353282288432	0.249892881006136	-5.4162511777822
ENSMUSG00000022771	-0.0782381974110784	7.23619820622575	-1.54773795966037	0.121742814575951	0.227999461946474	-5.4162518748916
ENSMUSG00000048583	0.0990963587103915	7.23513490932424	1.50127229313434	0.133342433799703	0.244318956361174	-5.41646975577592
ENSMUSG00000039519	0.0643849914442436	6.99718025353696	1.47163681784595	0.141176072318098	0.255392723336815	-5.41675689385905
ENSMUSG00000042210	0.0762688310457094	7.01696868117171	1.46910606246848	0.141861098107061	0.256242480190073	-5.41767947574618
ENSMUSG00000064061	-0.0484291827148349	7.45666714068179	-1.76403863199948	0.0777808663064908	0.162746859786571	-5.4192624079564
ENSMUSG00000031388	0.0508337730089288	7.43751547076322	1.70564122689287	0.0881312448964997	0.178719680635839	-5.41960913715153
ENSMUSG00000029557	-0.0681017787232401	7.26794851382925	-1.5678589543954	0.116971460854476	0.220978499934736	-5.42006599629082
ENSMUSG00000025551	0.060437319046601	7.33095197381505	1.61151623133837	0.107124512730287	0.207007250282644	-5.4202641727824
ENSMUSG00000100629	-0.0643832261807988	7.21766952990166	-1.53644870517315	0.124485772239117	0.231761293615931	-5.42044138689478
ENSMUSG00000061086	-0.0558974564520085	7.28307464597934	-1.61085012537611	0.107269656764503	0.207165414716164	-5.42044644420498
ENSMUSG00000053861	0.0493274807829467	7.14387799929025	1.49218351462812	0.135708278807074	0.247584994277512	-5.42052048859853
ENSMUSG00000021608	-0.0328887831911047	7.23458381893917	-1.52626882056618	0.127000311573386	0.235541589335426	-5.42074943144645
ENSMUSG00000021271	0.0395934653246126	7.40748548299451	1.66000957792687	0.096969414713583	0.192299012857032	-5.42117642078276
ENSMUSG00000037787	0.0485625080441112	7.52055942862747	1.82125509795101	0.0686222770741419	0.147520993670717	-5.42154240671744
ENSMUSG00000049946	-0.0547075530488197	7.41332244457422	-1.7547175526237	0.0793631946393818	0.165160220031599	-5.42245496415178
ENSMUSG00000043670	-0.057025690826463	7.16007864381707	-1.51805516262043	0.129057849499028	0.238580254962055	-5.4232807355461
ENSMUSG00000018449	-0.0859327602589168	7.14661338214351	-1.49336178246718	0.135399754066166	0.247128618462881	-5.42374295183914
ENSMUSG00000040767	0.0544831895122071	7.36198407218556	1.66586230713799	0.095797672318809	0.190431692377444	-5.42453017527136
ENSMUSG00000014294	0.0681128140583347	7.27359737183247	1.56150977639884	0.118460933666206	0.223246083713541	-5.42459935064244
ENSMUSG00000020424	-0.0798823570055101	7.35841185447969	-1.67077882955159	0.0948221491663014	0.189009070780332	-5.4248158037399
ENSMUSG00000037997	-0.0718080943497927	7.29744836183179	-1.60593993916085	0.108344396248194	0.208779045581596	-5.42491960068893
ENSMUSG00000035161	0.0586710228508016	7.39206725893907	1.6503275701804	0.0989329365640751	0.195123532012183	-5.42512096343831
ENSMUSG00000087075	-0.0650887976537957	7.07121843832964	-1.4690162673332	0.141885450721169	0.256251113373093	-5.42568670783411
ENSMUSG00000022947	0.0459858473313801	6.86462405292815	1.4816540479516	0.138489538525906	0.251401142315746	-5.42601291952486
ENSMUSG00000042570	-0.0916334733062412	7.17642259994995	-1.51500889729863	0.129827496512187	0.239529535560534	-5.4269493544075
ENSMUSG00000055817	0.0686548387738242	7.20323653817117	1.50472779579076	0.132451376194192	0.243102960484278	-5.42759830413187
ENSMUSG00000027180	-0.0994990650876435	7.03742774539546	-1.46627395769157	0.142630718335536	0.25702978175483	-5.42761581173489
ENSMUSG00000047547	-0.0708524591117623	7.19828988830815	-1.52565171610378	0.127154004854139	0.23573003847102	-5.42764141557464
ENSMUSG00000085415	0.0731575560929603	7.21102835815889	1.47893231345847	0.139215555456339	0.252555423696621	-5.42800641051544
ENSMUSG00000021218	0.0885593052648943	7.0697607566014	1.46261498401526	0.143629780638671	0.258492689096451	-5.42813600181507
ENSMUSG00000002105	-0.0642042157743141	7.25735401838902	-1.54645598762144	0.122051896504158	0.22840243410984	-5.42817714067853
ENSMUSG00000035769	-0.0503042072452118	7.49364315878697	-1.80072587720036	0.0718007458722394	0.152922623224233	-5.42941562718191
ENSMUSG00000040746	0.0342262744511723	7.39588877382735	1.65427564141722	0.0981284639534305	0.194004507713427	-5.42946517543437
ENSMUSG00000026239	-0.0705897703332878	6.89309459583305	-1.4723569660568	0.140981607881563	0.2551114319814	-5.42994316556446
ENSMUSG00000002871	-0.0585374382497088	7.08494608782719	-1.47052288759131	0.141477277373549	0.255796231925771	-5.43025947198807
ENSMUSG00000037461	-0.0855730727772928	7.13960048829963	-1.48761469517254	0.13690974379505	0.249189818679938	-5.43116529404562
ENSMUSG00000042401	-0.0503895269371322	7.22611091367614	-1.53357668655612	0.125191225295096	0.232746878949645	-5.43226676054909
ENSMUSG00000026036	-0.0634567000421198	7.20276967335816	-1.5266141814045	0.126914360682245	0.235448889053698	-5.43244679524582
ENSMUSG00000044676	0.0709397654561696	7.18996783865536	1.495433966173	0.134858476141817	0.246312384158575	-5.4326591686791
ENSMUSG00000053963	0.0644158381310369	7.38472097126819	1.70904470330211	0.0874989677654851	0.17760255596678	-5.43324806946353
ENSMUSG00000024533	0.0910378318477711	6.84642627948651	1.47845040893598	0.139344407360873	0.252672712073206	-5.43368637091357
ENSMUSG00000020114	0.0720272214492272	7.08681115693243	1.46673806919253	0.142504377555496	0.25690819484392	-5.43380586900661
ENSMUSG00000030583	-0.0594544240212116	6.80423358119685	-1.48994843393054	0.136295017628015	0.248282025944342	-5.43423241357257
ENSMUSG00000027610	0.0685193935954924	7.19763089732205	1.47950227896858	0.139063276222789	0.252356667038487	-5.43450775489834
ENSMUSG00000067879	-0.0477173221059504	7.35292886361093	-1.67525056801074	0.0939418079235233	0.187682916120062	-5.43510745108808
ENSMUSG00000026975	-0.0518769978713527	7.40725290262155	-1.72648669513264	0.0843159290555118	0.17266762759186	-5.43518642917538
ENSMUSG00000028020	0.0431944085014129	7.347675177018	1.60095269039903	0.109444710517029	0.210218625306476	-5.43608507223927
ENSMUSG00000021866	-0.0641404483011945	7.25669549665474	-1.59644732558658	0.110446288776462	0.211814926144986	-5.43656468510703
ENSMUSG00000025486	-0.0712109796969527	7.29593012156902	-1.6540656623799	0.0981711179960964	0.194043363130831	-5.4379286848738
ENSMUSG00000020088	0.0576643684681359	7.06682566965788	1.46076428751452	0.144137143121238	0.259066924456788	-5.43793620380676
ENSMUSG00000026270	-0.0660319694594511	7.06740174232119	-1.46813758223469	0.142123921344652	0.256476104560967	-5.43911695509982
ENSMUSG00000013160	-0.047068447158586	7.26075379594445	-1.59577264067357	0.110596898036698	0.211934219715523	-5.44074579593942
ENSMUSG00000043572	0.0363651464839831	7.56484776890218	1.88934285097276	0.0588983472192069	0.131303309977229	-5.44090485653494
ENSMUSG00000033845	0.0703541739488056	6.99382984897158	1.45299299600162	0.146282630129037	0.262131425355784	-5.4413712999319
ENSMUSG00000054850	0.0437006342679638	7.56068065642723	1.91889946503797	0.0550486486305021	0.124580277937862	-5.44153686543791
ENSMUSG00000015745	-0.0674120852005924	7.03990632703496	-1.45452358880211	0.145858144539974	0.261469490094855	-5.44153991745426
ENSMUSG00000097785	0.0520337689964014	7.55443988974218	1.90164452627506	0.0572697380565852	0.128633550285584	-5.44192200961401
ENSMUSG00000026280	0.0753576376493088	6.84094777872241	1.46851738185517	0.142020807926067	0.256389467370114	-5.44242038881228
ENSMUSG00000019849	0.0462885647587887	7.32239430771456	1.58393113256423	0.113266766361452	0.215889058923566	-5.44260756724657
ENSMUSG00000022722	-0.0827441048625746	7.09411393482308	-1.4685636337658	0.142008254724309	0.256389467370114	-5.44265235519618
ENSMUSG00000042590	-0.0388252610830593	7.3222243922601	-1.60371046025495	0.108835189029176	0.209478138013815	-5.44272232375615
ENSMUSG00000051285	0.0796847085068864	7.34292029243744	1.55959020019685	0.118914169749308	0.223939054999704	-5.44294679696369
ENSMUSG00000029390	0.0849907454421839	7.09449289182296	1.45248443832698	0.146423879596145	0.262276841109964	-5.44308456357639
ENSMUSG00000085148	0.0841938894461851	7.45036939958357	1.72994748769761	0.0836956412100136	0.171800460131938	-5.4433025257711
ENSMUSG00000062397	0.0769956073423623	7.07269577199976	1.45073917867751	0.146909410944717	0.263038567845766	-5.44442690634314
ENSMUSG00000020572	0.107676052851705	7.18279128960249	1.46945846367433	0.141765557252075	0.256140584535492	-5.44443091536595
ENSMUSG00000027018	0.0710870953408582	6.90364539930338	1.4664991811848	0.142569397090443	0.256954645747258	-5.44459813751674
ENSMUSG00000034088	0.0628946140044206	7.00626072906839	1.44957478763036	0.147234028923366	0.263439648307327	-5.44515633143352
ENSMUSG00000003271	-0.0454812617954756	7.5427210551609	-1.91220720093013	0.055901411231517	0.126139482220445	-5.4453854473457
ENSMUSG00000071054	-0.0922931382391576	7.14296458263955	-1.47650879611834	0.139864487460801	0.25337012174302	-5.4461616010909
ENSMUSG00000029050	0.100956007517241	7.02387892961955	1.44930951930155	0.147308059150636	0.263504184901179	-5.44638480344205
ENSMUSG00000019235	-0.0456348121564076	7.45198755960494	-1.79001687849673	0.0735060745675531	0.155769104603173	-5.44692007685988
ENSMUSG00000011257	-0.0658876939900868	6.81402307669137	-1.46795597494816	0.142173247000957	0.256523173888716	-5.44827164088386
ENSMUSG00000022439	0.0569450905274564	7.30339469939104	1.55497689133453	0.120008990469005	0.225514239015388	-5.44979282539702
ENSMUSG00000069678	-0.0806274405138909	7.1653535892257	-1.48926692383891	0.136474312336355	0.24857007472281	-5.44999956828546
ENSMUSG00000094840	0.0712687618817309	7.26130276663628	1.51057200188829	0.130954859990371	0.240998176411856	-5.45067815983878
ENSMUSG00000022210	0.080073920727326	6.98007143127381	1.45272789746967	0.146356246962931	0.262227451106978	-5.45105147261714
ENSMUSG00000014747	-0.0654062051533497	7.01384677433345	-1.44689778736636	0.14798242386495	0.264309125953606	-5.45138080366088
ENSMUSG00000038764	0.0626181503798904	7.32156249228563	1.60029913866903	0.109589553259344	0.210465957352403	-5.45202826239035
ENSMUSG00000050640	-0.0589535763854281	7.19566961443893	-1.50152880096371	0.133276130036973	0.244308470238596	-5.45251113960417
ENSMUSG00000048351	0.0769032793338296	7.21184202987527	1.52153378093602	0.128183308462195	0.23733218418711	-5.45268042073385
ENSMUSG00000005338	-0.0681995487632072	7.41695268980282	-1.76877217454557	0.0769872033742688	0.161395751253151	-5.45315592435124
ENSMUSG00000033703	-0.0729643444252392	7.28434578933872	-1.59535666438684	0.110689836841926	0.212050240552312	-5.45333010455594
ENSMUSG00000093565	-0.0664518940266516	7.23211181195717	-1.54936376535185	0.121351715624349	0.227449772505937	-5.45357669836243
ENSMUSG00000084792	0.052823072571976	7.38694449192954	1.64122328313892	0.100808132632483	0.197631038098902	-5.45486259440282
ENSMUSG00000035266	0.0608848843669563	7.31890987437724	1.53999550106079	0.123618858428285	0.230559560039439	-5.45626167357388
ENSMUSG00000084898	-0.0388051301336754	7.49295647313485	-1.79159886268755	0.073252088924126	0.155334557657353	-5.45627603086861
ENSMUSG00000044533	0.0628668838870832	7.34363233125766	1.59233001460189	0.111367919646575	0.213162105849847	-5.45656674256573
ENSMUSG00000028277	0.063620146118236	7.30242322882961	1.5550805771114	0.119984297541003	0.225500204336321	-5.45764192567339
ENSMUSG00000059975	0.0929462191080033	7.27964405941563	1.49024217033681	0.136217796256528	0.248232473538478	-5.45782689518951
ENSMUSG00000025086	0.053955727457744	7.49016680573532	1.783128477931	0.0746204098138576	0.15757533493728	-5.45797950315658
ENSMUSG00000001424	-0.0575582827798913	7.36578352381608	-1.67925554827905	0.0931589327747133	0.186465292268488	-5.45869622372619
ENSMUSG00000099689	0.0743512310142389	7.10165430945499	1.44132402602701	0.149549975161339	0.266418325596987	-5.45909321710631
ENSMUSG00000020098	0.0740853426068293	7.27811942089617	1.56142431099212	0.118481084259828	0.223251922154528	-5.45981687943159
ENSMUSG00000049265	0.0741252617468344	7.48314860658104	1.79299264278655	0.0730289146826816	0.15505023387165	-5.46007252591369
ENSMUSG00000046556	0.0689760517645537	7.28250151420721	1.52057504042566	0.128423879018441	0.237609585091779	-5.46077131138286
ENSMUSG00000042271	0.0717101565408429	7.29458157020834	1.50482641781777	0.132426012774102	0.243090487834906	-5.46079142814624
ENSMUSG00000016946	0.0442986048577483	7.42198849253818	1.64823704792936	0.0993610360157595	0.195702524976429	-5.46146876947525
ENSMUSG00000029405	0.072606561848815	7.04766658018693	1.43989836516989	0.149952952728109	0.266954590306827	-5.46244413217378
ENSMUSG00000028907	0.0488726886521187	6.94350477855459	1.4503691283408	0.1470125170473	0.263187183533877	-5.46294154212455
ENSMUSG00000074746	0.0860764381547749	7.05371607708029	1.43649714253605	0.150917688316224	0.268489519695068	-5.46375481428652
ENSMUSG00000032743	0.0539173819473424	7.30608562990148	1.54209232207969	0.123108571385969	0.229886951445601	-5.46457264976556
ENSMUSG00000030619	-0.0530753285330254	6.8854497988386	-1.44827629467299	0.147596679513627	0.263764090662354	-5.46521937039702
ENSMUSG00000046178	0.0544756342498216	7.28590942998126	1.5336453333893	0.12517432730903	0.232746878949645	-5.46580714924637
ENSMUSG00000024687	0.0917571847582996	7.03967131899855	1.43527233130979	0.151266254679563	0.268926915570999	-5.46595195302935
ENSMUSG00000033722	0.0808566444737613	6.98698945034606	1.44335189863592	0.14897820094478	0.265688953380882	-5.4667738648994
ENSMUSG00000021996	0.0566831619438997	7.172262802442	1.47027425385046	0.141544574940425	0.255882570439111	-5.46790081321798
ENSMUSG00000018761	0.0372501418264326	7.41309722666008	1.65890044884295	0.0971927540694103	0.19259081826498	-5.46807898440591
ENSMUSG00000029136	-0.0606986468580457	7.40207503067344	-1.61790623260996	0.105740030693496	0.205088663976185	-5.47019780985635
ENSMUSG00000031848	0.0625472600226153	7.35413090315303	1.60889804105728	0.107695912182587	0.207865704703473	-5.47083686894607
ENSMUSG00000025817	-0.0508163052950792	6.92490574335516	-1.44295740684804	0.149089299949704	0.265850873732161	-5.4711733252095
ENSMUSG00000021668	0.069430275118469	7.31274619328302	1.50637210188345	0.132028988225295	0.24264340072319	-5.47217629435274
ENSMUSG00000022526	0.0708138115671764	7.24026524134547	1.509436537936	0.131244585069971	0.241361723238665	-5.47246022326785
ENSMUSG00000022543	0.0399734109805348	7.52508684844819	1.821147418751	0.0686386418418403	0.147531948611619	-5.47252003404536
ENSMUSG00000073755	-0.0461547790643655	7.43905111403281	-1.74816504050645	0.0804911320286126	0.166870926447917	-5.47290657150189
ENSMUSG00000026229	-0.0841190333481574	7.12930308164285	-1.45976982150804	0.14441033983616	0.259415500704584	-5.47330855449508
ENSMUSG00000020477	0.0764754983358227	7.17910750188354	1.46757561314765	0.142276598217008	0.25660355749512	-5.47359315497094
ENSMUSG00000042595	0.0471224960504157	7.43272383504638	1.67113126711723	0.0947525263968712	0.188985386286995	-5.47392078224995
ENSMUSG00000083282	-0.0621173471406369	7.32890044212916	-1.57587180402738	0.115112744679342	0.2183506307363	-5.47402871032384
ENSMUSG00000021693	-0.0851243634299301	7.23884500400625	-1.51465767332832	0.129916462854211	0.239560362792298	-5.4740809227256
ENSMUSG00000030310	0.0711439855213154	7.27011459044978	1.50916464181146	0.131314035826084	0.241421620142548	-5.47486574564609
ENSMUSG00000050538	0.0418844949532069	7.44283714794293	1.71376397233693	0.0866283132742417	0.176356784462955	-5.47488959969319
ENSMUSG00000034324	0.0460917707331694	7.42561071386091	1.67626116438734	0.0937437650983848	0.187373033995123	-5.47544952879627
ENSMUSG00000013495	0.0385607265976144	7.47937429366083	1.77300387598025	0.0762832841440966	0.160176544669529	-5.47564826683283
ENSMUSG00000079737	-0.0730246128514018	7.01557428154484	-1.43125249114517	0.15241456389174	0.270344326035856	-5.47576325940124
ENSMUSG00000054499	0.0837691039503907	7.28945152775325	1.57865318257376	0.11447301721314	0.21741951945277	-5.47596643625432
ENSMUSG00000031591	-0.0416756834367602	7.38360595043791	-1.61990185887542	0.105310572085127	0.204619473098618	-5.47606855454876
ENSMUSG00000036053	0.0831406468359468	6.80594256210125	1.4905355104838	0.136140712778547	0.248135070541102	-5.47709144129131
ENSMUSG00000003037	0.0524519738823823	6.80743152760677	1.46343169553925	0.143406318000741	0.258167306679251	-5.47777942566947
ENSMUSG00000043635	0.048722949139651	7.34616754406098	1.56359829802695	0.117969347811613	0.222447746154348	-5.47806002898748
ENSMUSG00000025402	-0.0662787080647798	7.29157564536913	-1.58742268067941	0.112474309902188	0.214777372409488	-5.47871723120225
ENSMUSG00000053565	-0.0431130301021607	7.28367400565185	-1.55439379433024	0.120147930068811	0.225710532423716	-5.47947489138926
ENSMUSG00000022822	-0.0739734024745964	7.0312380279831	-1.42900263231055	0.153060149629866	0.271342380359404	-5.47978459084071
ENSMUSG00000074818	-0.0927867836303129	7.01065788174979	-1.42835687356862	0.153245830630597	0.271524484316656	-5.47985586106472
ENSMUSG00000038909	0.0579478165638649	6.78737411918826	1.46118087518381	0.144022817262162	0.258968098282685	-5.48017911835855
ENSMUSG00000026603	-0.0531904055796781	7.42608403293989	-1.74124028411457	0.0816972665370372	0.168590728162444	-5.48056354811369
ENSMUSG00000028552	0.0775858754688503	7.11048044273739	1.42446021801166	0.154369910820698	0.273146489047787	-5.48056945817465
ENSMUSG00000059070	0.0448548362371062	7.25853236561024	1.49018784786528	0.136232074730672	0.248232473538478	-5.48058164047786
ENSMUSG00000020864	0.0752155767344824	6.79935923109007	1.48275370314131	0.138197036750994	0.25107904595393	-5.48096948394139
ENSMUSG00000005575	-0.0726339749038827	7.34610186418821	-1.63166935524406	0.102806291248756	0.200916549489283	-5.48214487081552
ENSMUSG00000058297	-0.0550147247926649	7.39551903200066	-1.71000906741648	0.08732048118245	0.177432832475654	-5.48291371097566
ENSMUSG00000005102	0.0705521078580453	7.39587106356875	1.62949866911996	0.103264644186994	0.201571600073971	-5.48318572241853
ENSMUSG00000039759	0.0428703457363966	7.43121089681574	1.63715311932389	0.101655570629038	0.198994427433517	-5.48432944861228
ENSMUSG00000005161	0.0522170530406179	7.14359865905652	1.45003946194564	0.147104417695483	0.263287555350152	-5.48439088243264
ENSMUSG00000002280	-0.0759209493742983	7.12536433655136	-1.44853249061816	0.147525073611003	0.263708119021744	-5.48463808192579
ENSMUSG00000044098	0.0947157993763321	7.07315875478717	1.42264257987546	0.154896388938611	0.273782033749736	-5.48478279254656
ENSMUSG00000065530	-0.0890422144785727	7.08264054672367	-1.43517888071498	0.15129287475102	0.268937721146009	-5.48593012368494
ENSMUSG00000028330	-0.0772257841923167	6.90752641833309	-1.42997891191061	0.152779756001998	0.270918673381845	-5.4867318942825
ENSMUSG00000027282	0.0619078701447489	7.40980630308146	1.65131544004997	0.0987311525046473	0.194842967830998	-5.48688223506338
ENSMUSG00000024424	0.0723867618441894	7.01646045034749	1.41948467583561	0.155814316399328	0.275070257591694	-5.48693982691708
ENSMUSG00000044349	-0.0731903626746009	7.2849667543178	-1.54685369972099	0.121955943014476	0.228288133535247	-5.48700088882723
ENSMUSG00000067367	0.0731923400571457	7.11603785741185	1.42426343495023	0.154426843216881	0.273200267712506	-5.48714746849583
ENSMUSG00000020654	0.0895032533719506	6.82539069576936	1.43585981986228	0.151098986103693	0.268702516445198	-5.48719905797849
ENSMUSG00000025370	-0.0379117238121767	7.28411905534282	-1.51577996118439	0.12963234909354	0.239338134865693	-5.4874796735523
ENSMUSG00000039105	0.0484487446962092	7.08887564863707	1.42145236165707	0.155241873450836	0.274226516557048	-5.48772466752832
ENSMUSG00000049191	0.0437050503255705	6.85139400461443	1.446500688704	0.148093685837086	0.264399636571544	-5.48820652600977
ENSMUSG00000026623	0.0919674234778673	6.91754164470233	1.42473469007831	0.154290528432411	0.273042930283473	-5.48860508685225
ENSMUSG00000003269	-0.0673716903668842	7.05514548826824	-1.42957437286654	0.152895894684784	0.271087899947615	-5.48896851988307
ENSMUSG00000024566	0.0563429722720983	7.51996682943061	1.8362500526782	0.066374515501052	0.144220292610418	-5.48901585778967
ENSMUSG00000070493	0.0650120023750116	7.02351851994393	1.41841461542856	0.156126292280792	0.275361096395006	-5.48986820547858
ENSMUSG00000040818	-0.0495911859481462	7.27306516195147	-1.50121789883611	0.133356497262217	0.244318956361174	-5.49016287082532
ENSMUSG00000039275	0.0923605769230695	6.95943974633716	1.41651808363858	0.1566803899468	0.276040864645876	-5.49277128892816
ENSMUSG00000040327	0.0309040520661821	7.55039490284458	1.84264018754193	0.0654352379207783	0.142755896493723	-5.49381445162122
ENSMUSG00000030087	0.0642023575180781	6.71346752301979	1.47614139555497	0.139963067208053	0.2534947133012	-5.49382316333813
ENSMUSG00000028136	0.0516504044656632	6.69851624638771	1.48417786343466	0.137818926551029	0.250512577148406	-5.49410810211498
ENSMUSG00000032579	0.044543398198039	7.50190027389384	1.78375905028138	0.0745178315924427	0.157428990028765	-5.49450863654856
ENSMUSG00000077734	0.0932093922422972	6.97835462290836	1.41934888299115	0.15585388053918	0.275088207075867	-5.49467805134591
ENSMUSG00000020326	-0.105431013600455	7.01365429886053	-1.41814597473477	0.156204688806208	0.275462255637241	-5.49477871141164
ENSMUSG00000030409	0.063133249192699	6.97866150156771	1.42079203773523	0.155433797830823	0.274509548253222	-5.49550647964194
ENSMUSG00000068762	0.0638260857342141	6.89638268352374	1.43594665408189	0.151074274799917	0.268695069376514	-5.49582688804624
ENSMUSG00000037373	0.0879949544417578	7.2635155868126	1.49467552939948	0.13505639402841	0.246604125864733	-5.49619337818758
ENSMUSG00000007029	0.0743765128911891	7.30632762292759	1.51350469845049	0.130208848477378	0.239996373963935	-5.49656895548436
ENSMUSG00000029776	0.0565087805273059	6.79358467146196	1.45959282645378	0.144459004973496	0.259461900937752	-5.49748331992441
ENSMUSG00000035640	-0.0555121167013199	7.31162690885582	-1.60166578042979	0.109286845403981	0.210038664126382	-5.49749588390689
ENSMUSG00000020612	-0.0689063699329786	7.22399356351347	-1.49889183591386	0.133958968040626	0.245148282022347	-5.49835588060715
ENSMUSG00000022425	0.0694985976406599	6.85605135100656	1.44796809684528	0.147682854972462	0.263846061312701	-5.49876061931636
ENSMUSG00000057649	-0.0678174195123686	7.27264879284661	-1.54074838459388	0.123435445308314	0.230333074398011	-5.49913748967151
ENSMUSG00000058301	-0.0612928799708046	7.03431068175737	-1.41405214207945	0.157403077383877	0.277202191163534	-5.49993776308669
ENSMUSG00000027132	0.029560210789362	7.56974770807605	1.83226763731699	0.0669654847664441	0.145102966991441	-5.50112600973363
ENSMUSG00000037408	-0.0813926769133353	7.10503989024436	-1.44178423836153	0.149420068076328	0.266295607304014	-5.50183403052852
ENSMUSG00000063019	0.0322235995266693	7.54313429005908	1.84814050581267	0.0646355578188856	0.141530142660119	-5.50195034431338
ENSMUSG00000034636	0.075929510856982	7.03967464938813	1.40983240322937	0.158645603110683	0.278752950734809	-5.50232419429527
ENSMUSG00000018411	-0.0547264187457834	6.90429261483941	-1.41199799624052	0.158007007575321	0.278041363330121	-5.50374786056996
ENSMUSG00000059674	-0.0748290628281314	7.00467832179248	-1.41075432027924	0.158373507400239	0.27844750373045	-5.50411923129558
ENSMUSG00000018076	0.0705343741641542	7.06995070060848	1.40883237373323	0.158941153090717	0.279047549452013	-5.50448512716067
ENSMUSG00000033883	0.0824610364353067	7.23247405178513	1.46087885424223	0.144105695169931	0.259045964734963	-5.50532877817695
ENSMUSG00000021595	-0.0797177812521017	7.00966721293103	-1.40936712830187	0.158783059243734	0.278882185621004	-5.50727241339778
ENSMUSG00000060032	-0.0845552225731492	7.12408639139795	-1.42639011222328	0.153812407540973	0.272380906198622	-5.50753097571903
ENSMUSG00000023094	-0.0649740507730057	7.16415155295835	-1.48041835490311	0.1388187945851	0.251963906655779	-5.50763649111656
ENSMUSG00000034799	0.0693835445920437	7.24678154908879	1.49211802349278	0.135725443318798	0.247584994277512	-5.50784875979861
ENSMUSG00000057667	0.0894453418936871	6.9334193973244	1.4103444670194	0.158494428316316	0.278547232656859	-5.50866803654103
ENSMUSG00000097328	0.052911965985639	7.31934629878636	1.48904566789788	0.136532560470264	0.248641574861134	-5.50894198026355
ENSMUSG00000013465	-0.0681545221444146	7.14399923153806	-1.45174240823375	0.146630162137749	0.262574488128493	-5.50903648719128
ENSMUSG00000039715	-0.04121209304766	7.46543088172651	-1.75934916522816	0.0785736987874714	0.163986428268066	-5.50930407180244
ENSMUSG00000043311	-0.0555779250944894	7.08986169788046	-1.41767164789767	0.156343182965639	0.275595640518099	-5.50944086856867
ENSMUSG00000045790	0.0585140031453211	7.37629372811105	1.64664060193365	0.0996889525711497	0.196200806834259	-5.50993519270201
ENSMUSG00000018634	-0.0597573023298796	7.3011680425071	-1.56600038731738	0.117405936961637	0.221640739250432	-5.51034532412511
ENSMUSG00000028893	0.0677346578080389	7.14629983253202	1.43035723957305	0.152671203083685	0.270762854344568	-5.51133906827335
ENSMUSG00000002660	-0.0467787774695969	7.30338103198499	-1.53206496577979	0.125563798919479	0.233307018940367	-5.51167919798204
ENSMUSG00000045039	0.0465736546498565	7.38185129880164	1.62416888580857	0.10439695365918	0.203206202394586	-5.5117140433223
ENSMUSG00000037316	0.0625047251083863	7.32099751742298	1.52373092738802	0.127633314610001	0.236481086169563	-5.51225999724511
ENSMUSG00000020775	-0.0641926883815191	7.31892309820043	-1.59898564343056	0.109881113698363	0.210901072523524	-5.51339919140218
ENSMUSG00000029674	-0.0680921223744395	7.06126774815379	-1.41091142690722	0.158327174029574	0.27841764437813	-5.51351087469043
ENSMUSG00000031513	0.073022565739266	6.88925413598518	1.41427644741407	0.157337236487968	0.277123516763147	-5.51363663786942
ENSMUSG00000020131	0.0687420124172471	7.31790156405712	1.54400676946041	0.122644105573222	0.229215793028497	-5.51414010390201
ENSMUSG00000086725	0.0469062073417206	7.40425320916625	1.63468270045724	0.102172690677933	0.199797590194996	-5.51463097380058
ENSMUSG00000064602	-0.090814813800443	7.11514337584679	-1.41272917570745	0.157791835875355	0.277749061594322	-5.51464826090428
ENSMUSG00000052837	-0.0711021632122222	6.81037424121425	-1.42141546605245	0.155252592477913	0.274226516557048	-5.51594192271344
ENSMUSG00000033799	0.0905956755506709	6.88227396279614	1.41658985432187	0.156659394042461	0.276040864645876	-5.51609716536747
ENSMUSG00000002635	0.079392516492323	7.24714820410168	1.47803938377971	0.139454380051582	0.252802096875562	-5.51629719582704
ENSMUSG00000025571	0.0446321845458275	7.44987898237431	1.68878470854952	0.0913172634396757	0.183729155210117	-5.51708278627803
ENSMUSG00000024414	0.0607972154305241	7.26118827494644	1.49216239164985	0.135713814725903	0.247584994277512	-5.51714635893916
ENSMUSG00000038175	0.0672868666730411	7.25623333936226	1.46812414915896	0.142127569400383	0.256476104560967	-5.51844644714892
ENSMUSG00000020462	-0.0908107677171914	6.98653285852855	-1.39973274425799	0.161649647928197	0.28266557909389	-5.51869516314922
ENSMUSG00000032580	-0.0506794359778544	7.29267050854161	-1.49596693616171	0.134719529145379	0.24610964427278	-5.51887944750619
ENSMUSG00000073609	-0.0631477165008887	7.20832118119118	-1.44152298860728	0.149493802145161	0.266390752373002	-5.52001870020771
ENSMUSG00000034480	0.0629790469610372	7.12154835849275	1.40170130557465	0.161060772762692	0.281939737243858	-5.52202623360974
ENSMUSG00000020283	-0.0631471919864124	6.85444000909433	-1.41575384831676	0.156904092887154	0.276397791183884	-5.52203948092088
ENSMUSG00000051184	-0.0700753064620674	7.26317593343304	-1.46824025119849	0.142096041639677	0.256476104560967	-5.52296933706509
ENSMUSG00000028354	0.0881531581670991	7.21957946460418	1.43411778999835	0.151595384489883	0.269218525504093	-5.52299775159185
ENSMUSG00000055003	0.0866383752637194	7.32972277079572	1.57730051188931	0.114783786082141	0.217884489979323	-5.52330361087868
ENSMUSG00000025648	0.0429220214458503	7.4364853625902	1.66923470429537	0.0951276690202333	0.189445001949026	-5.52364730907106
ENSMUSG00000019659	0.0598684794167115	7.19302895044912	1.42858611722353	0.153179894467059	0.271444393389651	-5.5236548600923
ENSMUSG00000026830	0.0875729555433384	6.82410249788293	1.44930130484341	0.147310352069334	0.263504184901179	-5.52370208087098
ENSMUSG00000050511	0.0970767464794955	7.18652082387576	1.46760348706852	0.142269022407055	0.25660355749512	-5.52372339212322
ENSMUSG00000024647	-0.0589774634253857	7.13280710695154	-1.4214174584447	0.155252013627497	0.274226516557048	-5.52373333966076
ENSMUSG00000086841	0.0351765247045961	7.38168876738825	1.60331536933467	0.108922346715788	0.209584268548368	-5.52389036303385
ENSMUSG00000030588	-0.0475839716258522	7.31931322953608	-1.5837559078377	0.113306651758827	0.215913476106783	-5.52407622332916
ENSMUSG00000036103	0.0920010684874821	7.11469056713699	1.39756489079467	0.162300019007804	0.283613434176478	-5.52415958689942
ENSMUSG00000020691	0.0545865403338306	7.33066325773848	1.51935874213464	0.128729581860083	0.238141541007801	-5.52428451271783
ENSMUSG00000001910	-0.0645098722496771	7.02355857796079	-1.39545516953152	0.162934844429415	0.284381146949727	-5.52508649997198
ENSMUSG00000054021	0.0334813526911706	7.48829965462875	1.71969124317687	0.0855447231415082	0.174507309278627	-5.52526009494866
ENSMUSG00000021188	0.0946600152157506	7.02703671214869	1.39333436229125	0.163574891827164	0.285156123009485	-5.52535339008893
ENSMUSG00000020755	-0.044850271000044	7.06011554122061	-1.40025917316726	0.161492013014574	0.282540883921797	-5.52557180917332
ENSMUSG00000038187	-0.0486601353776859	7.32008213534746	-1.57048906097792	0.116358781680314	0.220187466343934	-5.52664623397962
ENSMUSG00000020253	0.0502356546248226	7.43444832774134	1.6703498728556	0.0949069433285049	0.189089290072618	-5.52717845350893
ENSMUSG00000018286	0.0744282896609949	7.17407125433213	1.41699290392459	0.156541524943375	0.275907598890504	-5.52723253317817
ENSMUSG00000061393	0.066389355142384	7.28931539387183	1.48385824457595	0.137903714880623	0.250580907039155	-5.52726056976309
ENSMUSG00000078453	0.0526645895966036	6.93106948719018	1.40360035367442	0.160494229254033	0.281186035437472	-5.52745012787027
ENSMUSG00000030659	0.076691286587927	7.3135716150013	1.49191860343953	0.135777719466423	0.247645848879131	-5.52826927645813
ENSMUSG00000026810	-0.0559465282946752	7.41663202719512	-1.66877650731515	0.0952184792401448	0.189565337704388	-5.52855695656716
ENSMUSG00000025162	-0.0561011577692421	6.8712834219971	-1.39631050507009	0.162677244391722	0.28409104422121	-5.52940505757585
ENSMUSG00000062309	0.0648267703687662	7.4012626113449	1.64415547283123	0.100201125890331	0.196853712508435	-5.53009409938232
ENSMUSG00000017781	-0.058869226906956	7.49401752109096	-1.82379579866505	0.0682370786402107	0.147052504103857	-5.53055956268722
ENSMUSG00000027012	-0.0478226348536381	7.19655491677651	-1.42509854179771	0.15418534363082	0.272893675654279	-5.53081383626232
ENSMUSG00000039233	-0.0656668602193324	7.42780905902501	-1.66359703761111	0.0962498373201667	0.191243416329583	-5.53108275217526
ENSMUSG00000022752	0.0609347986252224	7.38588869689036	1.60015582750824	0.109621334703393	0.210496115273808	-5.53130886578725
ENSMUSG00000016194	0.0653444041445317	6.99685484343226	1.39281906893961	0.163730690256199	0.285351730142992	-5.53188175781481
ENSMUSG00000050288	0.0708988743286127	6.92956947837487	1.3966743147534	0.162567769608359	0.284005503030775	-5.53204399191749
ENSMUSG00000038291	-0.0551970185059512	6.64827318353141	-1.45673120352243	0.14524755969314	0.260633430132505	-5.53236558320797
ENSMUSG00000038437	0.0565790911621669	7.29104439432614	1.48994014081426	0.136297198324319	0.248282025944342	-5.53238792281128
ENSMUSG00000059518	-0.0622966165364858	7.20329562992379	-1.45884256525082	0.144665430368211	0.259766810366289	-5.53250193922339
ENSMUSG00000034259	-0.059398536840531	7.30358853437817	-1.51448102072069	0.129961227507134	0.239607434237911	-5.53289939209574
ENSMUSG00000051246	-0.0711058605023869	6.80986744487452	-1.41094825450113	0.158316314442085	0.27841764437813	-5.53317664134677
ENSMUSG00000035559	-0.0513371291263871	7.2799404832494	-1.49658966765022	0.134557321286416	0.245943837829228	-5.53354655720095
ENSMUSG00000055471	0.0513967198686611	7.28408889390372	1.49856642694625	0.134043419472961	0.245165751290865	-5.53355784589676
ENSMUSG00000020257	-0.0666728308722941	7.15211768854101	-1.42196155544857	0.155093998266266	0.274084115292178	-5.53400242723811
ENSMUSG00000003814	-0.056921842415198	6.79322489493523	-1.41030103140121	0.15850724742542	0.278547232656859	-5.53410621289553
ENSMUSG00000091636	-0.0493894036931151	7.14185222535763	-1.41791155673528	0.156273122637885	0.275545821087567	-5.53492560120296
ENSMUSG00000025034	0.0680705762354989	7.19648866399833	1.41767063564686	0.156343478622664	0.275595640518099	-5.53602973056921
ENSMUSG00000059213	0.0577840822491762	7.22799367391714	1.46032906006979	0.144256658688295	0.259174993213552	-5.53603780970655
ENSMUSG00000035673	0.0451763358980397	7.10592723261429	1.38887850282477	0.164925817136781	0.287128829515257	-5.5360766501828
ENSMUSG00000026245	0.0654576188652278	7.06275859167966	1.38811208503092	0.165159023758802	0.287396996787868	-5.53630360015711
ENSMUSG00000040055	-0.0608279322004295	6.91475739507063	-1.38808371848195	0.165167659932166	0.287396996787868	-5.5368670333073
ENSMUSG00000027894	0.0585682665198757	7.4916495986054	1.78004526064519	0.0751236341711292	0.158367978523547	-5.53708190199613
ENSMUSG00000020137	-0.0721851568185787	6.96124709530027	-1.38966070282778	0.164688064062779	0.28679118578211	-5.53722705102555
ENSMUSG00000053693	0.0630407697142177	7.43096764035626	1.67490734391588	0.0940091445710045	0.187788788636495	-5.53751480332082
ENSMUSG00000040276	-0.0692701374641223	7.30409839662792	-1.59151294533885	0.111551534719636	0.213451138928598	-5.537955855538
ENSMUSG00000040681	0.0453806976215816	6.77243197625312	1.43859228947037	0.150322854975984	0.267576725675809	-5.53798990030956
ENSMUSG00000028445	0.0766575592976295	7.24637389473153	1.44678515274722	0.148013976153966	0.26432941969823	-5.53801245142714
ENSMUSG00000102252	-0.0565612932741795	7.40697266119861	-1.6942497743075	0.0902743291394505	0.182022411380515	-5.53813637932193
ENSMUSG00000047507	0.0538181258464681	7.15876827798087	1.41286300270565	0.157752477278338	0.277742796197956	-5.53827295049582
ENSMUSG00000022863	0.0658239124966116	7.23294122155336	1.45953173017349	0.144475806434174	0.259461900937752	-5.53932633007858
ENSMUSG00000033256	-0.0604720467580639	7.31029296910999	-1.57227047433012	0.115945238818657	0.219579786867331	-5.53961416805155
ENSMUSG00000024087	-0.0909417155265464	7.27250942150348	-1.47428284238968	0.140462567925888	0.25427764647203	-5.53967049559271
ENSMUSG00000078584	-0.0614353228485012	6.89416636471927	-1.39303697016188	0.163664794394809	0.285274861964697	-5.5399126899909
ENSMUSG00000050963	0.0775483184277537	7.21980474425247	1.45622851822325	0.145386420562575	0.26077531415334	-5.54013139082996
ENSMUSG00000039047	0.0574770964027493	7.42166705900027	1.64846216270373	0.0993148658518735	0.19567046256324	-5.54032635655341
ENSMUSG00000018800	0.054590300647309	7.4453149013534	1.66286528046979	0.0963962661014583	0.19144719596485	-5.54121283150621
ENSMUSG00000068015	0.0565462174558053	7.19321893133088	1.39354216331717	0.163512095030632	0.285122582330985	-5.54151339434456
ENSMUSG00000037938	0.0534215680923369	7.2320537359364	1.43140538656663	0.152370766656047	0.270304884681422	-5.54196011152139
ENSMUSG00000018995	0.0489074283470483	7.2645128146911	1.45636419077765	0.145348932608692	0.260743796343244	-5.54242994678237
ENSMUSG00000015568	0.0646325650031887	6.86577746913591	1.40719619924958	0.159425608727032	0.279673063038228	-5.54247939996144
ENSMUSG00000028967	-0.0567702765699938	6.61456566185463	-1.46921957080824	0.141830319021952	0.25622223494348	-5.54286748806542
ENSMUSG00000030401	-0.085159640258393	7.24329261723891	-1.52080920968065	0.128365088067778	0.237567957730187	-5.54337725102819
ENSMUSG00000056708	0.0676807231583458	7.16255587717133	1.40822085879988	0.159122086237514	0.279252862335327	-5.54414043348219
ENSMUSG00000030521	-0.0744003484003528	6.72559592163162	-1.43437372648712	0.151522376602878	0.269126435284883	-5.54431070020405
ENSMUSG00000029655	-0.0696688300721799	6.76173145445499	-1.42345204538846	0.154661759374472	0.273441155129046	-5.54453729893987
ENSMUSG00000002661	0.0593391642071222	7.10185651159908	1.38740326795438	0.165374924469344	0.287681173419166	-5.54459975381289
ENSMUSG00000021098	0.0269651629200736	7.56900810493879	1.83018924316041	0.0672756240499429	0.145515998300486	-5.54469289910637
ENSMUSG00000016520	-0.0636846106224001	7.34059173858367	-1.55911249550015	0.119027172856016	0.224068644788015	-5.54486544943484
ENSMUSG00000044807	0.0621666359921349	7.40742911409566	1.59426631733735	0.1109337385954	0.212424236608304	-5.54636245232638
ENSMUSG00000085030	0.0520307312856048	7.05878404538241	1.37925868439361	0.167870973571419	0.291010222364603	-5.54677365499234
ENSMUSG00000041141	-0.0607657665820609	7.26016295279847	-1.51684921765456	0.129362109658541	0.239041459371859	-5.54771999096841
ENSMUSG00000070136	0.0878357243202528	7.01494088478714	1.37526407974051	0.169105484838588	0.292770299855434	-5.54822142960458
ENSMUSG00000043614	-0.0550780976511618	7.41290438679144	-1.70449362240359	0.088345268756662	0.179033993037504	-5.54907119810424
ENSMUSG00000031585	0.0611099526001517	6.99539077120189	1.37601408908133	0.168873180508941	0.292406782068914	-5.54920274555195
ENSMUSG00000045268	0.0478417857655264	7.36258252714516	1.53412197829317	0.12505704626168	0.232629560906212	-5.54931634718175
ENSMUSG00000040658	-0.0347492368987314	7.3517171371054	-1.53954100085244	0.123729684095085	0.230717707473701	-5.54958004432647
ENSMUSG00000087314	-0.0579699213681639	7.45698038985678	-1.7458889451642	0.0808859695478968	0.167516781558797	-5.54991560668979
ENSMUSG00000020814	0.0685014147679937	7.01987419815327	1.37308444667122	0.169781954948937	0.293824898108589	-5.54999129507528
ENSMUSG00000044005	-0.0711232919206264	7.13656970929795	-1.41865960833183	0.156054822846146	0.275273682140619	-5.55008708246756
ENSMUSG00000047139	0.0719865639056216	6.71660734781132	1.46058553651443	0.144186219821051	0.259083995319408	-5.55063836002385
ENSMUSG00000053128	0.0671335598796672	7.38701748837669	1.59641388242356	0.110453750442394	0.211814926144986	-5.55147333652542
ENSMUSG00000031078	-0.0560546754164504	7.19511731797057	-1.4344430238079	0.151502613608977	0.269126435284883	-5.55250222309426
ENSMUSG00000024220	-0.0717318254686345	7.17402797348524	-1.42421091927092	0.154442039515754	0.273200267712506	-5.55385336447003
ENSMUSG00000095010	-0.0532369858786108	7.29506279644671	-1.47603601758744	0.139991351754329	0.2534947133012	-5.5541707591947
ENSMUSG00000059588	0.100043591539465	7.19060455535179	1.3830112203562	0.166717450499359	0.289516495813451	-5.55524110489837
ENSMUSG00000031154	-0.0519206195951289	7.30988112772478	-1.51876431803206	0.12887918926313	0.238317280484872	-5.55533355455995
ENSMUSG00000056692	0.0920179398788337	7.11773230607823	1.38498921692389	0.166111821518131	0.288732868735444	-5.55639338136163
ENSMUSG00000034551	0.0302952264895273	7.47323143623381	1.67323300516263	0.094338185970333	0.188331126978286	-5.55650901848376
ENSMUSG00000026024	0.0552309872572208	6.79574284303782	1.40439712988627	0.160256975954183	0.281018527885368	-5.5566983322668
ENSMUSG00000027509	0.0492373950049867	7.48830454572335	1.73054853935732	0.0835882906235641	0.17160700969793	-5.55714044299706
ENSMUSG00000042275	-0.0815224257292195	7.1703429921727	-1.4617920646891	0.143855211900922	0.258777331704098	-5.55829908640974
ENSMUSG00000019254	-0.0968346269509857	6.99096812856449	-1.37258844187499	0.16993617786686	0.294052926332663	-5.55830280213449
ENSMUSG00000027649	-0.0477943160989511	6.61105895201676	-1.46426463816632	0.143178689202147	0.257839807294981	-5.55844830542622
ENSMUSG00000004565	-0.0710935450402923	7.14975345330651	-1.4003376548507	0.161468522252625	0.282540883921797	-5.55928861273161
ENSMUSG00000066877	-0.0494451576495285	7.20432810282379	-1.44063658040204	0.149744185367797	0.266655450875298	-5.5593389293829
ENSMUSG00000083579	0.0657997356571451	6.98959973524776	1.36961002213651	0.170864468589281	0.295113142845761	-5.55937237364803
ENSMUSG00000075514	0.0248606698373512	7.58987856035052	1.84919864701145	0.0644826458338078	0.141266198001374	-5.55973060925601
ENSMUSG00000020704	0.0496251879450265	7.59085638477926	1.88033790963237	0.0601147327755771	0.133657002168423	-5.56023373292528
ENSMUSG00000085334	-0.0396273991402838	7.46452951461882	-1.66717981289738	0.0955354714947045	0.189968164156846	-5.56103527826415
ENSMUSG00000058799	0.0638161834654252	7.21105855704564	1.40626488639077	0.159701860114074	0.280082619238239	-5.56128160940436
ENSMUSG00000025736	0.0540602877996692	7.34478259712758	1.53744183964805	0.124242551889984	0.231443296719361	-5.56183210540109
ENSMUSG00000032018	0.0683511431337234	7.35457183274578	1.51861245450458	0.128917432639802	0.238354332455909	-5.56200290935117
ENSMUSG00000032422	-0.0586158050745489	6.90028739233492	-1.3716769710093	0.170219855598136	0.29431040009123	-5.56257522441473
ENSMUSG00000032724	0.0784287847701268	6.91583484017298	1.38270953641646	0.166809966737257	0.289561931122272	-5.56294230185303
ENSMUSG00000029333	0.0562192727358219	7.37748763927336	1.56928537825688	0.116638863957018	0.220542462005384	-5.5630100913076
ENSMUSG00000038975	-0.0651275305487333	6.97699436371943	-1.36569905042111	0.172089172664581	0.296602349726791	-5.56308402491307
ENSMUSG00000036006	0.0504884062079789	6.84373930334392	1.38703404207771	0.165487472207672	0.287822215640672	-5.56335071147665
ENSMUSG00000048424	0.0834461417936678	7.07510977686981	1.36340192979457	0.172811562195379	0.297534057372686	-5.56436504567743
ENSMUSG00000040943	0.0824493690535038	7.27821431328541	1.43300829024113	0.151912187921921	0.269599344486078	-5.56483541256972
ENSMUSG00000028772	-0.0555233259604924	7.23773827879514	-1.4556883403499	0.145535751636333	0.26100740553738	-5.56485896501133
ENSMUSG00000089767	0.0723774080277462	7.22444125202935	1.41253589209528	0.157848693830261	0.277800120933698	-5.56503313131062
ENSMUSG00000022610	-0.0711234339348312	7.06351402066828	-1.36758806281369	0.171496818726899	0.295893035157164	-5.56600766095698
ENSMUSG00000074649	0.0527300988482677	7.26697730005136	1.4541183656864	0.145970434828844	0.26160779367272	-5.56646827406317
ENSMUSG00000033491	0.0543536152475275	7.43184504621296	1.62847485598065	0.103481391530316	0.20187429264117	-5.56668075365552
ENSMUSG00000015476	-0.0549188912341672	7.00273147998504	-1.36240321975323	0.173126339079257	0.297880146040955	-5.56691557972292
ENSMUSG00000051373	0.0626241595707775	7.3681289072933	1.57185988019918	0.116040452806186	0.219696544922427	-5.56824859134764
ENSMUSG00000031672	-0.0471468520614726	7.4045568967373	-1.65700521309329	0.0975753393501964	0.193086951274746	-5.56852622604278
ENSMUSG00000036398	-0.0574407698087489	7.31479407149959	-1.53996102737713	0.123627261799332	0.230559560039439	-5.56928061638227
ENSMUSG00000082183	-0.0684955419997957	7.0387721249776	-1.36314309816267	0.172893100520876	0.297635302040672	-5.56945721139041
ENSMUSG00000061666	-0.0807778906337111	6.84513246261439	-1.37920083542294	0.167888803049178	0.291010222364603	-5.56973553769343
ENSMUSG00000078670	-0.0724372075904736	6.99378882509142	-1.36456660571291	0.172445016513807	0.297059231078784	-5.57025862544594
ENSMUSG00000016481	0.0688707677310152	6.68147155511394	1.44103655922468	0.149631163984901	0.266519181629379	-5.57140844519363
ENSMUSG00000062604	-0.0798670839400382	7.35022872141749	-1.56223304410126	0.118290512949751	0.22295701058712	-5.57287987782081
ENSMUSG00000029449	-0.0569461552219552	7.25095288814919	-1.48644350714851	0.137219049668991	0.249683363205897	-5.57353898757264
ENSMUSG00000020950	0.0607396184081361	7.375850249704	1.51152675344303	0.130711629699115	0.240652039941051	-5.5736552528287
ENSMUSG00000006906	-0.0514123952258316	7.38585549380521	-1.57363891243743	0.115628350737785	0.219138154003921	-5.57367815328883
ENSMUSG00000026791	0.0483381124944993	7.33039565250075	1.51634413107755	0.129489708552364	0.239209716998384	-5.57392836813628
ENSMUSG00000088793	-0.0704024183602039	7.42010471522602	-1.69503801014365	0.0901246991946381	0.181776700332183	-5.57403623963652
ENSMUSG00000025221	-0.0400995716607735	6.72918431390399	-1.40169627922311	0.161062274277942	0.281939737243858	-5.57450883311699
ENSMUSG00000042625	-0.0595253950355055	7.12776862542757	-1.37010393761051	0.170710266640128	0.294924625343435	-5.57456385975736
ENSMUSG00000025326	0.0609977154747412	7.22719726785198	1.40415181409874	0.160329994516437	0.281100454284465	-5.57637988550988
ENSMUSG00000021669	0.0673935674057677	7.3719071210222	1.52888189541286	0.126351113016882	0.234536902256773	-5.57643092878909
ENSMUSG00000051890	-0.0789394202864591	7.14688707243651	-1.39860084088321	0.161988980820782	0.283183300428051	-5.57657567296015
ENSMUSG00000017686	-0.0526935990490847	6.98666857796667	-1.35427331609716	0.175704716490541	0.301279135105398	-5.5770011676143
ENSMUSG00000000131	0.0625902182656564	7.16474298936041	1.36619889488235	0.171932283341721	0.296488073433853	-5.5777724448269
ENSMUSG00000015852	0.0684610860481598	7.3237737626444	1.46065511605272	0.144167114997463	0.259083995319408	-5.57804196587897
ENSMUSG00000024869	-0.0864558788180245	7.25580657007125	-1.48428280596393	0.137791096217376	0.250512577148406	-5.57941790664043
ENSMUSG00000022881	0.0633545089437009	7.04838116108521	1.35090884441079	0.17678009118731	0.302655283617662	-5.57942664397453
ENSMUSG00000063694	0.0585630780915576	7.04654391766738	1.35170337354242	0.176525697136922	0.302318432168083	-5.58062917917289
ENSMUSG00000026162	0.070306078173676	7.11491249402351	1.35320811481232	0.17604465389743	0.301678371957265	-5.58203134795692
ENSMUSG00000032666	0.0566889009033735	7.34600283710683	1.53474237147482	0.124904523547139	0.232411884917444	-5.58304202704491
ENSMUSG00000030691	0.090172913389754	7.07948913968889	1.3485920178147	0.177523457773304	0.303689678448726	-5.58327738801963
ENSMUSG00000028005	-0.0624683487418949	7.49985537856832	-1.78562313721611	0.074215265355852	0.15699244692823	-5.58359411762563
ENSMUSG00000047749	-0.0531564459920641	7.20557280614561	-1.39629525988629	0.162681833068012	0.28409104422121	-5.58371842690874
ENSMUSG00000046567	-0.0661518929270422	7.11591156082228	-1.367949889957	0.171383531896298	0.295775533823666	-5.58385370925387
ENSMUSG00000080486	0.0640934560105491	7.20618007396925	1.3879038676875	0.165222423275958	0.287454081797854	-5.58433350462345
ENSMUSG00000074212	0.0794071122394095	7.29459335761723	1.42666865292631	0.153732069948044	0.27229650306998	-5.58493472819641
ENSMUSG00000015501	0.0612232383875195	7.05552941730074	1.34769782576469	0.177810986125045	0.304062360285931	-5.58496277121022
ENSMUSG00000025575	0.0400549263174508	7.29894250343555	1.47480851520222	0.140321150358829	0.254056769533645	-5.58551087268507
ENSMUSG00000032812	0.0781173242772999	6.88397744365317	1.38425821447131	0.166335448967425	0.288968112776212	-5.58581561269614
ENSMUSG00000030739	0.0720134575588043	7.01748750074744	1.3498808739152	0.177109634346709	0.303060950577325	-5.58690490969366
ENSMUSG00000038102	-0.07386617579962	7.08329278827833	-1.3634611639378	0.172792906029268	0.297534057372686	-5.58733927877009
ENSMUSG00000048796	-0.0932949996428496	7.13065314205956	-1.39572151727866	0.162854595933473	0.284278982661471	-5.58755729359693
ENSMUSG00000068101	0.055214572006971	7.17741880644028	1.37912528318698	0.167912090945244	0.291012059128294	-5.58806118907239
ENSMUSG00000066278	-0.0925894967844032	7.26716571271106	-1.49284776712897	0.135534280221867	0.247339670569373	-5.58807025961816
ENSMUSG00000027642	0.0381543454865731	6.99146077286339	1.34557655923052	0.178494468475715	0.304713728163263	-5.58821393213054
ENSMUSG00000003199	-0.063370320919419	7.27538857155176	-1.47832218587346	0.139378707179757	0.252699907824038	-5.58840532080105
ENSMUSG00000089911	0.0687581370404526	6.99799757453723	1.34637402996069	0.178237290538073	0.304433477850549	-5.59019689710806
ENSMUSG00000025921	0.0745305239133289	7.16812381510809	1.3468998947838	0.178067854317048	0.304342604271383	-5.59334198844855
ENSMUSG00000033392	0.0828902552035	6.99084258963987	1.34477031192586	0.178754757437525	0.305078514453407	-5.59631407445578
ENSMUSG00000009035	0.0697755042002841	7.47361794173473	1.68188573501329	0.0926476511088395	0.1856640208659	-5.59634575119246
ENSMUSG00000015542	0.0557662053398422	7.38123087155263	1.54958305409802	0.121299039498611	0.22741615711239	-5.5964326491281
ENSMUSG00000026409	0.0426673947278822	7.45328282970349	1.64363622321392	0.100308405360996	0.196946257196485	-5.59772015098852
ENSMUSG00000001054	-0.0664957150487719	7.22170229889523	-1.46338272904928	0.143419708331668	0.258167306679251	-5.59802628880206
ENSMUSG00000079555	-0.0763966727916898	7.08856175342717	-1.34185956020934	0.179696815304577	0.30619756106987	-5.59917382294824
ENSMUSG00000057421	-0.0971765307902936	7.2821941729846	-1.46120590804861	0.144015949606236	0.258968098282685	-5.60004544763209
ENSMUSG00000019883	-0.0626048724721988	7.08941444398128	-1.35522292321216	0.175402081718421	0.301039021286804	-5.60015793344931
ENSMUSG00000085151	-0.0731434876828887	7.14616578970194	-1.38850698902454	0.1650388308611	0.287249185540218	-5.60039282757197
ENSMUSG00000015053	0.0832240524071173	7.24442392417945	1.3821016932684	0.166996488851668	0.289770448249971	-5.60041533378719
ENSMUSG00000030982	0.0567272739665583	7.14430106314301	1.34283252771946	0.179381506856462	0.305789412469375	-5.60048390318219
ENSMUSG00000029875	-0.0716880458878837	7.11418896364049	-1.37736337553966	0.168455862061678	0.291761363422607	-5.60062314142452
ENSMUSG00000004980	0.0529737822586869	6.90476580053491	1.35526945932323	0.175387260910283	0.301039021286804	-5.60131855989609
ENSMUSG00000036572	-0.0763605740401587	6.97419799236582	-1.34088463841749	0.180013170187573	0.306546881386018	-5.60140391906027
ENSMUSG00000008976	0.0716004490111715	6.8251532601702	1.38344220352384	0.166585349506277	0.289325470381557	-5.60155204511879
ENSMUSG00000019814	-0.0551418872565987	7.10198208978589	-1.34180506817213	0.179714486652985	0.30619756106987	-5.60158798619006
ENSMUSG00000078570	0.0688443857369325	7.30790372947347	1.47147678847845	0.141219313665715	0.255435652737157	-5.60166768442434
ENSMUSG00000020268	0.0482403584520892	7.46025880842642	1.6842450617723	0.0921909415415438	0.184975296040137	-5.60168239978899
ENSMUSG00000022521	0.088651758583401	6.92793607714619	1.34788147268488	0.177751905992695	0.304001038962295	-5.60230790092143
ENSMUSG00000054745	-0.0614978121852632	7.42709202181076	-1.64282906409284	0.100475350143434	0.197117180133703	-5.60264870350349
ENSMUSG00000021549	-0.0887244737023503	7.23309697824462	-1.40409590784801	0.160346638603451	0.281100454284465	-5.6026503076851
ENSMUSG00000017978	0.0478470752541309	7.32509057580255	1.49593775264461	0.134727134516863	0.24610964427278	-5.60330966295484
ENSMUSG00000037541	-0.056906803333912	6.8704869117091	-1.34351719512526	0.179159874248003	0.305530946157985	-5.60333724693489
ENSMUSG00000062075	0.0606062966149619	7.10524824640826	1.34034760328388	0.180187610823499	0.306724249239533	-5.60339576183591
ENSMUSG00000060424	0.0714727244648898	7.07218506104648	1.3340834449305	0.182231631823578	0.309439237851399	-5.60341993840535
ENSMUSG00000051341	0.0513627236620122	6.98508882405821	1.33843205845874	0.180810844444757	0.307425399411787	-5.60428654846814
ENSMUSG00000036622	0.0615970387865694	7.18981519079114	1.37896965463299	0.167960068867357	0.291056680557438	-5.60451980123813
ENSMUSG00000020115	-0.0886347434192674	7.15482030218507	-1.38086459045993	0.167376589111442	0.290314560764043	-5.60535112163801
ENSMUSG00000067889	0.0824775790418117	7.12680531713747	1.35390336723009	0.175822722626463	0.301410381645365	-5.60602149010641
ENSMUSG00000097290	0.0462408876678362	7.24356222111406	1.38284930270191	0.166767100357503	0.289561931122272	-5.60627059826454
ENSMUSG00000004929	-0.077058167354906	7.18985605582648	-1.41930554896571	0.155866507797799	0.275088207075867	-5.60648776612444
ENSMUSG00000040054	0.0560307041615165	7.34266126578366	1.48522801638398	0.137540625500227	0.250198953598579	-5.60695308898117
ENSMUSG00000033885	0.0517492619076272	7.1449930228368	1.34369943282402	0.179100916705943	0.305509993682633	-5.60721567358656
ENSMUSG00000050668	-0.056501851573187	7.14053399033624	-1.35901660249809	0.174196936735844	0.299407417059954	-5.60738856808335
ENSMUSG00000032011	-0.0591971064954064	7.43562702797938	-1.7164046931953	0.0861441900429338	0.175560357416265	-5.60771872780375
ENSMUSG00000033706	-0.0645971546685287	7.45574827904519	-1.72547972243939	0.0844971089355237	0.172930459619177	-5.60804728939422
ENSMUSG00000066191	-0.0531978531078128	7.22085604703445	-1.42320506020768	0.154733321209941	0.273530737412983	-5.60853504259173
ENSMUSG00000005566	-0.0514821645240442	7.1694589598289	-1.36994539839729	0.170759751708479	0.294971192686029	-5.60886642950751
ENSMUSG00000095334	0.0524471891295875	6.9433669544504	1.33998490105928	0.18030549540911	0.30680524381285	-5.60911026902185
ENSMUSG00000078193	0.0565151629842413	7.29608006309279	1.43488610983144	0.151376295746579	0.269049479217243	-5.61060735484164
ENSMUSG00000038462	0.0615539405445302	7.26935720191246	1.45822672916598	0.144835039191959	0.260000045674088	-5.61097824585735
ENSMUSG00000104362	0.0517210189277453	7.43825349254096	1.60129187076331	0.109369599704077	0.210136664916346	-5.61177411730295
ENSMUSG00000032519	0.0599065643545744	7.01661627829057	1.3259581834905	0.184908498823508	0.313212843394665	-5.61189357098949
ENSMUSG00000041444	0.0732996819025447	7.40461120229345	1.58968937556538	0.111962196326928	0.214017969676179	-5.61215827747072
ENSMUSG00000027524	0.0534623325949219	7.28778786097469	1.40237515904581	0.160859569164687	0.281697897204933	-5.61269078662268
ENSMUSG00000041763	0.0468614355525165	7.19036047121861	1.36281026637945	0.172997992996305	0.297776718946571	-5.61358706751516
ENSMUSG00000012114	-0.0515272168782106	7.47489302910975	-1.69885719180502	0.0894025331157186	0.180709890929595	-5.61448112316796
ENSMUSG00000029103	-0.0566017106045553	7.24519736846539	-1.46339409309329	0.143416600645249	0.258167306679251	-5.61511111187299
ENSMUSG00000073664	0.0628736361278692	7.04372102472307	1.32456313170498	0.185371010979853	0.313833864702992	-5.61513444002074
ENSMUSG00000025154	0.0729436303839481	6.98494112959394	1.32626627421168	0.184806470394119	0.31308052670805	-5.61655538962712
ENSMUSG00000029206	0.0407752542533171	6.9285184231703	1.33259327773765	0.182720402514309	0.310108310826722	-5.61680258683569
ENSMUSG00000020435	-0.060612289434931	7.19215040150656	-1.38546055407964	0.165967750566314	0.28852075294306	-5.61686925744166
ENSMUSG00000087445	0.0466847073975698	7.40086051008549	1.55563112834178	0.119853249580496	0.225304394612711	-5.61705745203047
ENSMUSG00000028577	0.0863365165798404	7.10313807703657	1.32829037267837	0.184137198650082	0.312148673407598	-5.61779477951308
ENSMUSG00000090939	0.0551668826622063	7.15903404395513	1.34097047704581	0.179985299581873	0.306539292588251	-5.61782943760197
ENSMUSG00000021096	0.0603417746013228	7.20719268628176	1.38369618271567	0.166507539011069	0.289228698518364	-5.61818432311358
ENSMUSG00000024346	-0.057288631765517	7.16091038430801	-1.3641885062084	0.172563947804251	0.297224997323149	-5.61845913153293
ENSMUSG00000022507	0.0749228827105579	6.91520964260786	1.33856667372584	0.18076699434891	0.307390763737619	-5.61881507440319
ENSMUSG00000041530	0.0644857318811001	7.33308408045471	1.44421817710717	0.148734456553981	0.265326543834952	-5.61883132634663
ENSMUSG00000043458	0.0417143295711275	7.40095866330089	1.57202779562968	0.116001506933687	0.21965457459876	-5.61911511959285
ENSMUSG00000045259	0.0299430706350723	7.58853131694434	1.83458308487317	0.0666213596547969	0.144572657152428	-5.61915867281022
ENSMUSG00000070372	0.0875886502830703	6.8149259006124	1.3718310285243	0.170171883254423	0.294305190959961	-5.6192755674955
ENSMUSG00000030811	-0.0729990952063551	7.25407878544375	-1.46469077699402	0.14306234011342	0.257665725239359	-5.61983898860455
ENSMUSG00000032120	0.0610669263046528	7.33677279958936	1.50130966743982	0.133332771464422	0.244318956361174	-5.61990223085671
ENSMUSG00000036282	0.0480646451610607	7.5076315541498	1.67249723498649	0.0944830714427724	0.188562861483045	-5.62016075785027
ENSMUSG00000022263	-0.0545000312816573	6.82912441409047	-1.34061814186241	0.180099718341607	0.306654378011226	-5.6201921315284
ENSMUSG00000031381	0.0621864266083616	6.82751390609838	1.37129915920746	0.170337546247453	0.294397248247083	-5.62036723435669
ENSMUSG00000042814	0.0570495065850398	7.32950613826073	1.46557053593347	0.142822368269353	0.257314896466884	-5.62038999954731
ENSMUSG00000020598	0.0592536081333668	7.31815078625563	1.48183366345433	0.13844172929242	0.251349205366296	-5.62102865610091
ENSMUSG00000071266	-0.0662155130676396	7.35027095792719	-1.49866955631188	0.134016650471731	0.245165751290865	-5.62200928603125
ENSMUSG00000025417	-0.0603828830445545	7.30724583232203	-1.53216493548785	0.12553913406439	0.233294299953299	-5.62234374705728
ENSMUSG00000053746	-0.0599310471856249	7.3254656534593	-1.49913046027797	0.133897065460892	0.245069254999859	-5.62358708004275
ENSMUSG00000002332	-0.0575667027223936	7.24927128328472	-1.40007796606339	0.161546260918207	0.282591747062625	-5.62450973014842
ENSMUSG00000028675	0.0710370969423177	7.29494914035333	1.38455558964806	0.166244448980991	0.288866733154142	-5.62552231097632
ENSMUSG00000046711	0.0673422919453674	7.2823148457071	1.42769312937117	0.153436861694445	0.271826169594543	-5.6257208507852
ENSMUSG00000039067	-0.082116422947343	6.93204613319543	-1.31901603947308	0.187218549483529	0.315981081582875	-5.62573932814434
ENSMUSG00000032123	0.069033687785879	7.14817946721461	1.34451391040295	0.178837593292835	0.305140332515287	-5.62644322693796
ENSMUSG00000031823	0.0475677903018825	7.24219761350391	1.40106745815859	0.161250204595638	0.282230973070333	-5.62718430006522
ENSMUSG00000024901	0.0501556893793049	7.15615055091167	1.35251095808011	0.176267402767291	0.301974985217139	-5.62761742736522
ENSMUSG00000027722	-0.0683854738480969	7.09624012761032	-1.33750377017114	0.181113443760401	0.307859933226586	-5.62767805376219
ENSMUSG00000034755	0.0489901683845648	7.29302897462614	1.39817000245115	0.16211828292948	0.283371503352838	-5.62824243041442
ENSMUSG00000033068	-0.0716290967452666	7.05746625596755	-1.33321783806753	0.182515430262936	0.309828581830236	-5.62886612773926
ENSMUSG00000029167	0.0862723516962882	7.1181414266924	1.31948618118668	0.187061436495041	0.31587879873508	-5.62894446205467
ENSMUSG00000038417	0.0419893472113664	7.21352893378615	1.36497567992293	0.172316411201049	0.296954910549444	-5.62933794881016
ENSMUSG00000032009	0.0687655430898335	7.11850561368622	1.32427441874887	0.185466836988347	0.313955499075697	-5.62954141098273
ENSMUSG00000024515	0.085832928462966	6.99489766331693	1.31373200746949	0.188991087265648	0.318480025033062	-5.62959735365987
ENSMUSG00000053510	0.052370121956189	6.90807123396478	1.3331675842825	0.182531916564055	0.309828581830236	-5.62971733166636
ENSMUSG00000020171	-0.0541901694827756	7.16243811444042	-1.34562179357051	0.178479873378143	0.304713728163263	-5.63002260447908
ENSMUSG00000003518	0.0858743149288168	7.19363700614133	1.35211509458721	0.176393978810138	0.302152292369793	-5.63057429920216
ENSMUSG00000013539	-0.0673066165037426	7.35076292623721	-1.58657702479717	0.112665841116005	0.214986327341603	-5.63098697528301
ENSMUSG00000054199	0.0548267903818926	7.42028073753732	1.5832802979102	0.113414967906189	0.216014919219165	-5.63182153523461
ENSMUSG00000055305	-0.091548437023028	6.88327879583591	-1.32328652582105	0.185795003317491	0.314389063387954	-5.63267101245126
ENSMUSG00000039745	0.0666364781987365	7.45120744780528	1.70301448429587	0.08862174037401	0.17946416472955	-5.63290720664888
ENSMUSG00000029420	-0.0818839614647251	7.07708716942725	-1.34042271472413	0.180163205448341	0.306722585920635	-5.63327093219198
ENSMUSG00000058006	0.0540174433941765	7.20116673252514	1.34652105470813	0.178189906362335	0.304425860109142	-5.63359535725533
ENSMUSG00000075040	0.0344715464060892	7.47318129573486	1.63755861877628	0.101570889018818	0.19888813626	-5.63397918854165
ENSMUSG00000027605	0.0608140390221292	7.11739147537826	1.31656686062185	0.188038598117439	0.316997337954354	-5.63500181189365
ENSMUSG00000022661	-0.0573706264171419	7.40707280483149	-1.6271016568813	0.1037726737318	0.202321942590726	-5.63551013923163
ENSMUSG00000013707	0.0626090222180213	7.0197777111086	1.30883164899697	0.190645953972705	0.320443809142464	-5.63564626983354
ENSMUSG00000007476	-0.078036889971421	7.09412080807506	-1.32011402877362	0.186851772928453	0.315606168388506	-5.63670596072087
ENSMUSG00000030302	0.0717926875586992	7.19902959112497	1.34012357118179	0.180260418421681	0.306788141671176	-5.63722256181276
ENSMUSG00000086905	0.0658882009792343	7.26243275956404	1.41270663361624	0.157798466249509	0.277749061594322	-5.63825674966051
ENSMUSG00000021087	-0.0649358966972207	7.33980357708332	-1.57174788051772	0.116066435437745	0.219713963671335	-5.63883283707764
ENSMUSG00000002028	0.0589581861228066	7.24981055077069	1.37982986089879	0.16769500911768	0.290789809187902	-5.63954683260955
ENSMUSG00000029472	-0.0712521020686347	7.1536985955602	-1.34429665554706	0.178907804351364	0.305220351129536	-5.63987728916695
ENSMUSG00000059772	-0.0564410724096405	7.36452386458219	-1.49460536025766	0.135074716359303	0.246604125864733	-5.64069765861734
ENSMUSG00000004040	0.0506825387802747	6.78925550280457	1.35715131782712	0.17478870985799	0.300231821989323	-5.64081899617544
ENSMUSG00000022607	-0.0622672309960031	6.89605323510381	-1.31888042409119	0.187263887836708	0.316003727232676	-5.64105136711565
ENSMUSG00000103831	0.0421700473854791	7.5124882520813	1.69981528176425	0.0892221019350239	0.180456628848035	-5.64110547571787
ENSMUSG00000040260	0.0630519868840311	6.74700422085102	1.37997679132942	0.167649766133231	0.290749865971156	-5.64145009955565
ENSMUSG00000068290	-0.0386923645535795	7.31570915562479	-1.43607871194834	0.151036699644114	0.268664738008253	-5.64155676433069
ENSMUSG00000022555	-0.0617216352082046	7.33434116163027	-1.51041794826443	0.130994139210264	0.241002708058006	-5.64157102677129
ENSMUSG00000052712	0.0297943180243578	7.47475716798188	1.66763510922533	0.0954449953425094	0.189817086286516	-5.64182538484983
ENSMUSG00000022964	-0.0674055707152972	6.78083913178254	-1.32850430284565	0.184066567282815	0.312109765427614	-5.64236028734198
ENSMUSG00000030034	0.0495229826818973	7.32458072515359	1.42880157418641	0.153117943376182	0.271389806540374	-5.64341096565738
ENSMUSG00000053702	0.0612624939923299	7.30786054191744	1.39992776136698	0.161591238074357	0.282601187399075	-5.64401065753238
ENSMUSG00000031754	0.0752534148997519	7.0756606692717	1.30712862520239	0.191223562043545	0.320992277920984	-5.64431394061357
ENSMUSG00000027087	0.0770222135379255	7.07773823055082	1.3013253271698	0.193201517230935	0.323410595011815	-5.64494279516601
ENSMUSG00000080268	-0.056579384347696	7.20442270713956	-1.36630887406887	0.171897777857128	0.296467620564552	-5.64539188999169
ENSMUSG00000025377	-0.0696054622286635	7.13286244079929	-1.33487129303108	0.181973612113154	0.309041189490908	-5.64568393800217
ENSMUSG00000015575	0.0586281597017191	7.00273835424579	1.30219040732218	0.192905719694994	0.323080680855425	-5.64619959335163
ENSMUSG00000096780	-0.0452890493077884	7.07632016895432	-1.31122944950663	0.18983488063217	0.319531789307838	-5.64625057804681
ENSMUSG00000074736	-0.0807681131143196	7.08710914010331	-1.32634586479493	0.184780119664888	0.313076397910277	-5.64675389110142
ENSMUSG00000044390	0.0769173605319571	7.21693957754039	1.35822354789055	0.174448355070181	0.299721504537902	-5.64687055765498
ENSMUSG00000037771	0.0565890469407897	6.76973329527498	1.35306232174788	0.176091218936878	0.301712634252272	-5.64698001639333
ENSMUSG00000022364	0.0560880978309299	7.04979631059439	1.29853828527482	0.194156758972426	0.324718994438809	-5.64777564225616
ENSMUSG00000020888	0.0570697020642719	7.3356585925256	1.44842317823617	0.147555622803796	0.263726718600313	-5.64902458106262
ENSMUSG00000056014	-0.0703125455822109	7.27291007070181	-1.39086475401049	0.164322592177955	0.286230891005028	-5.64934999246805
ENSMUSG00000025413	-0.0643549764374942	7.12451082582338	-1.31883151370162	0.187280241338094	0.316003727232676	-5.64951558888575
ENSMUSG00000049164	0.0608803061529759	7.38696438583902	1.46554898640952	0.142828242638622	0.257314896466884	-5.64970154259597
ENSMUSG00000036766	-0.0460154529154506	7.2762606374391	-1.42876533889939	0.153128360900836	0.271389806540374	-5.64979152836593
ENSMUSG00000075478	-0.0398123422178314	7.55628849331963	-1.79372603461993	0.0729117064736269	0.154860490128605	-5.65003652572052
ENSMUSG00000001383	-0.0646660939554238	7.1629683631295	-1.35501482950558	0.175468366780001	0.301078880456589	-5.65059702981214
ENSMUSG00000004455	0.0564389343056932	6.65937505375551	1.39616355495676	0.162721479246709	0.284122380141093	-5.65062943966156
ENSMUSG00000030717	-0.0440267171498121	7.2353844261307	-1.37879521147875	0.168013859283454	0.291111361267732	-5.65065385758157
ENSMUSG00000022204	0.0554933379032505	7.09845433375764	1.29762005539102	0.194472234856984	0.325168136695873	-5.65156832677386
ENSMUSG00000010453	-0.0572620503435797	6.97409754257967	-1.29645416570488	0.194873341044803	0.325584709157549	-5.65229565235948
ENSMUSG00000038774	-0.0466407938145164	7.04224534250762	-1.29677341567745	0.194763447763658	0.32544263664605	-5.65240068735473
ENSMUSG00000095407	0.059619072582759	7.28926287562724	1.43253978744657	0.152046114208376	0.269800450964498	-5.65241641032565
ENSMUSG00000097040	0.068667143428943	7.21511409461305	1.36125619864137	0.173488389880973	0.298385444077995	-5.65279265076617
ENSMUSG00000035086	0.0571039812044472	7.24543029960335	1.38587812990771	0.165840191092966	0.288375585308688	-5.65283487990084
ENSMUSG00000047216	0.0637935679982675	6.95715391497809	1.30741493059169	0.191126366971623	0.3208805330075	-5.65291948024112
ENSMUSG00000029454	-0.0618489085090577	7.15254409551753	-1.31922936157768	0.18714724895994	0.315901467687408	-5.6530637128022
ENSMUSG00000074607	0.0577634246699068	7.43493028250048	1.55899984820824	0.119053832322241	0.224073141570268	-5.65364602159985
ENSMUSG00000027522	0.0332037842039705	7.32856983697452	1.45540156729184	0.145615077187231	0.261113900908811	-5.65385912677064
ENSMUSG00000025050	-0.0603691210484358	7.03503578611368	-1.29736233947729	0.194560845792916	0.325228625270794	-5.65390612378833
ENSMUSG00000060988	0.063288639637042	7.1569788233047	1.31252091191414	0.1893990891776	0.319003328896583	-5.65443329967948
ENSMUSG00000097649	-0.0808771428618806	6.95236891400339	-1.30774963879189	0.19101278620658	0.320791768026185	-5.65451834314857
ENSMUSG00000022969	0.0723666517002766	7.2580857110611	1.33523196177119	0.181855583841498	0.30889978123082	-5.65507080271083
ENSMUSG00000049076	0.0614913123376803	6.73896619187541	1.36593607036232	0.172014764373814	0.296552185301814	-5.65533211643983
ENSMUSG00000057409	-0.0912678155898368	7.22750936287172	-1.35645160220851	0.175011085693962	0.30057000313595	-5.65564889697994
ENSMUSG00000102861	0.0503422767900599	7.12977497282352	1.32192415892961	0.186248269625089	0.314917186995764	-5.65610911163955
ENSMUSG00000021501	0.0741430645466519	7.21919149826534	1.34205640394984	0.179632991156166	0.306178247652197	-5.65648194408293
ENSMUSG00000021484	-0.0476117089271124	6.63928320245466	-1.37250714107044	0.169961466766496	0.294057819863482	-5.65682574260255
ENSMUSG00000003184	-0.0638266413896664	7.0164749225453	-1.29242040275461	0.196265777164717	0.327242938695935	-5.65747456156484
ENSMUSG00000037286	0.0632714037227133	7.36690232839026	1.4314021939193	0.15237168109906	0.270304884681422	-5.65838295835266
ENSMUSG00000032679	0.0380138453997692	7.10275453793369	1.29349162519647	0.195895287132421	0.326916647436285	-5.65849830137615
ENSMUSG00000020262	0.0799648740697672	7.23913155447326	1.37132359953904	0.17032993109248	0.294397248247083	-5.65864640870021
ENSMUSG00000024045	-0.0407349308069636	7.24611829334799	-1.35583149034576	0.17520833921526	0.300829846164746	-5.658654790314
ENSMUSG00000022889	-0.0573852930375489	7.06912422148104	-1.29701307163763	0.19468098248236	0.325346364904143	-5.65888101633267
ENSMUSG00000078546	-0.0495173033823022	7.49349236004005	-1.65700259621986	0.0975758684413168	0.193086951274746	-5.66122815844578
ENSMUSG00000044164	0.0503986798186924	6.95237906539019	1.29450318730183	0.195545901947588	0.326500057173551	-5.66145811658995
ENSMUSG00000036151	-0.0561938147478278	6.86851654499044	-1.30701452050923	0.191262308489282	0.320992277920984	-5.66159560261313
ENSMUSG00000103093	0.0438426746323968	7.24797776413982	1.35515993778366	0.175422142789263	0.301039021286804	-5.66172711147768
ENSMUSG00000038525	0.0770255430972657	7.14786386748378	1.30380376506837	0.192354952489332	0.322323184178976	-5.66190721350474
ENSMUSG00000079426	-0.0504595965218373	7.32645733111327	-1.51667678435716	0.12940566011178	0.239088188284423	-5.66229463925609
ENSMUSG00000078486	0.0489642415559564	7.26675244175508	1.41865658934545	0.156055703395026	0.275273682140619	-5.66245053079741
ENSMUSG00000053004	-0.0602018051953452	6.99969382471414	-1.29170410481985	0.196513800298184	0.32757304220828	-5.6624680160519
ENSMUSG00000015224	0.0709003393246466	6.97805551050981	1.29273699798237	0.196156227000995	0.327185287794244	-5.66260049246109
ENSMUSG00000024483	0.0591390389841822	7.16170024753561	1.30396382288772	0.192300375147908	0.322272978934513	-5.66291329900625
ENSMUSG00000006169	-0.066944822198912	7.02923351567196	-1.29118266589389	0.196694496523505	0.327832507763938	-5.66328974646342
ENSMUSG00000046020	0.0319280340007886	7.46444206471137	1.60124009105013	0.109381063580561	0.210136664916346	-5.66370688838058
ENSMUSG00000034111	0.0632481893246402	7.12086378614714	1.30416350904861	0.192232301096502	0.322241393848323	-5.66438286432402
ENSMUSG00000034744	-0.0421156468263488	7.34550919116871	-1.50224103590676	0.133092160877919	0.244142156398166	-5.66442218119013
ENSMUSG00000028007	-0.0624855244506444	7.41385043909656	-1.60882607859965	0.107711651444268	0.207865704703473	-5.66461070376895
ENSMUSG00000021819	0.0573645911644336	7.38776669062151	1.51182020710869	0.130636940594211	0.240582195281954	-5.66488993971618
ENSMUSG00000078185	0.0557806515784112	7.35132533320707	1.47771369492785	0.139541567856213	0.252896745383666	-5.66529386054526
ENSMUSG00000027875	0.0484020734243265	7.24387794620219	1.33811118802249	0.180915397876691	0.30756322412695	-5.66571029836681
ENSMUSG00000021003	-0.0477450818461582	7.17910117826993	-1.30826058417906	0.190839496486278	0.320727944544076	-5.66581615912855
ENSMUSG00000027893	0.0399357596909002	7.05165137833394	1.28360579089781	0.199333886959834	0.331219602497544	-5.66589406296157
ENSMUSG00000020496	0.0690418634218233	7.27335896525583	1.41328071913611	0.157629674485921	0.277563913701369	-5.66622505034846
ENSMUSG00000022911	-0.0762550134024345	6.81644468902738	-1.32463339777464	0.185347694684236	0.313833864702992	-5.66631160026763
ENSMUSG00000021974	0.0621992748305669	7.18447255337666	1.32267721236241	0.185997624026085	0.314609934592959	-5.6665834643477
ENSMUSG00000004631	0.0679293167142507	6.78285412395762	1.34682537616342	0.178091857286074	0.304343897087754	-5.66681767440346
ENSMUSG00000020267	0.0709632727042058	7.08586030917171	1.28872319999493	0.197548425731426	0.328920766841641	-5.66691102847826
ENSMUSG00000022635	0.0695565567661767	7.19924236338371	1.31868157525303	0.18733038078986	0.316006873508678	-5.66714180447335
ENSMUSG00000048186	-0.0705984147904211	7.0613170459041	-1.29019287579395	0.197037827010683	0.328237245236016	-5.66738732228737
ENSMUSG00000027849	0.0588195137762852	6.93295422824902	1.2943729253621	0.195590867694925	0.326533491438658	-5.66760708755077
ENSMUSG00000001143	0.0645015595830225	6.83049765322368	1.30077042901336	0.19339142936324	0.323563015108439	-5.66777984096936
ENSMUSG00000005804	0.0434194701009227	7.51014137773988	1.71967595912025	0.085547503127882	0.174507309278627	-5.66808133322698
ENSMUSG00000020102	0.0651788712948917	7.15428522562494	1.30696858792739	0.191277907413053	0.320992277920984	-5.67006033646057
ENSMUSG00000025745	0.0577637169680898	6.94158718542462	1.29243201561348	0.196261758022255	0.327242938695935	-5.6701062895206
ENSMUSG00000082776	0.0397419381075679	7.4050716789793	1.5292338379309	0.126263873448129	0.234408200678234	-5.67020614415961
ENSMUSG00000057388	-0.0590968796015909	6.84301512142529	-1.31227842541446	0.189480857604351	0.319099998425028	-5.67071295874771
ENSMUSG00000044583	0.0508694464028743	6.91462869852703	1.2884604165659	0.19763982463823	0.329031101750216	-5.6708755045092
ENSMUSG00000063801	0.0536510662772747	7.49538552846381	1.71121134418739	0.0870983729090368	0.177063959336197	-5.67121480943281
ENSMUSG00000038696	-0.0653449981444911	6.7699382492991	-1.32484592995872	0.185277183621313	0.313756161941564	-5.6714019360423
ENSMUSG00000007589	0.0375449754118939	7.1790796447652	1.30756557668888	0.191075240175965	0.320835839987653	-5.67147563850724
ENSMUSG00000027778	-0.0768541798460545	6.75972699594154	-1.3355512462506	0.181751145916453	0.308783545592811	-5.67223929227631
ENSMUSG00000038578	0.0891517398483952	7.32066468919782	1.4256206333464	0.154034508984486	0.272663573772971	-5.67303414233086
ENSMUSG00000027086	0.0503593803291125	7.31838047096788	1.39044514892449	0.164449887643989	0.286414517631382	-5.67306989780419
ENSMUSG00000069135	-0.0534398421811275	7.29804564118137	-1.42015427935564	0.155619334476927	0.274800152005926	-5.67391069663192
ENSMUSG00000001157	0.0356499436515376	7.55715561867189	1.72491420506063	0.0845989979160303	0.173084869622858	-5.67421270846977
ENSMUSG00000040147	0.0773188320023195	6.95309739930819	1.27932047467278	0.200838081532707	0.333169306060086	-5.67470394811613
ENSMUSG00000036591	0.0767379014604073	7.23227528615317	1.3386731020712	0.180732331561223	0.307371743933429	-5.67568599703089
ENSMUSG00000005043	0.0641295288034911	7.39387679387907	1.44629129436629	0.148152381191721	0.264457468696512	-5.67593428135572
ENSMUSG00000026278	0.0569334419970264	7.41998995650365	1.58391319760443	0.113270848284905	0.215889058923566	-5.67684877830672
ENSMUSG00000028902	0.0836391125657876	6.92239562806475	1.28608426242229	0.198467682254137	0.33011547402759	-5.67689929660351
ENSMUSG00000024044	0.0537771180963178	7.02060832005361	1.27877256791868	0.201030998792628	0.333362613830664	-5.67702429955501
ENSMUSG00000002900	0.0619718022260987	6.95947332647135	1.27905448665675	0.200931718686096	0.333282409861696	-5.67771708190669
ENSMUSG00000048215	-0.0690627351154198	7.16191099901315	-1.340087905149	0.180272011447934	0.306788141671176	-5.67833612588828
ENSMUSG00000027363	-0.0727905210593764	7.03980746695515	-1.27696830165094	0.201667234463974	0.334121416553068	-5.6785745896079
ENSMUSG00000044433	-0.0557772375500623	7.4109596313361	-1.59511493557205	0.110743873031938	0.212122719200312	-5.67870144183967
ENSMUSG00000000838	0.0403200031825541	7.43475303914926	1.51887987873288	0.12885009383578	0.238297136389043	-5.67975828904281
ENSMUSG00000071650	0.0732576013634132	6.96288554489703	1.27849700057142	0.201128076795536	0.333481355294725	-5.68001831767228
ENSMUSG00000048668	-0.0303242840538003	7.30239288344031	-1.39142798899316	0.16415184048504	0.285984548821544	-5.6805288624001
ENSMUSG00000038178	0.0677886632972902	7.07671649442375	1.27208489709684	0.203396626350546	0.336518214606515	-5.68056814761755
ENSMUSG00000021619	-0.0550520556877139	7.43535360191042	-1.61255860216977	0.1068976932151	0.206690976158926	-5.68079861225359
ENSMUSG00000028426	-0.072754489342441	7.33824040780114	-1.48855344930181	0.136662211428852	0.248808465029416	-5.68096040174753
ENSMUSG00000038679	0.0748941800995668	6.83522444227654	1.32305864625963	0.185870763124101	0.314476612925915	-5.68113250266055
ENSMUSG00000020900	0.0542932793567248	7.32078603817764	1.43450199428118	0.151485797289088	0.269126435284883	-5.68167218385589
ENSMUSG00000097333	-0.0682847683727044	7.22583380115363	-1.35333595226168	0.176003831283022	0.301678371957265	-5.6817575125535
ENSMUSG00000027298	0.0661964311840428	6.97084418114159	1.27158758083186	0.203573348318194	0.336640428973322	-5.6817942089116
ENSMUSG00000025909	0.0645013010285078	7.38457091282987	1.52676595712846	0.126876602172172	0.235412198928299	-5.68208407457583
ENSMUSG00000031283	0.0634286858102593	6.87752406986795	1.28595770049881	0.198511847758341	0.330139285400459	-5.68211517042477
ENSMUSG00000020684	0.0646218230840017	7.18679105814907	1.30688442710961	0.191306491257601	0.320992277920984	-5.68388920000682
ENSMUSG00000036792	0.0611484771204287	7.10759587629758	1.27946347920272	0.200787752066545	0.33312802560578	-5.68418165188447
ENSMUSG00000097428	-0.0435629361606606	7.17380130368346	-1.29724478710262	0.194601273880968	0.325254676069148	-5.68429010233996
ENSMUSG00000050914	-0.0530530400760378	7.39497063649929	-1.52746946967433	0.126701697713572	0.235120995955504	-5.68590512708567
ENSMUSG00000025264	-0.0736497572516503	7.23067994804588	-1.39341329383003	0.163551036830674	0.285152506883364	-5.68627708615434
ENSMUSG00000053453	-0.0471859382962618	7.34590501310189	-1.46126749888324	0.143999053501838	0.258968098282685	-5.68636982471418
ENSMUSG00000053483	-0.0747447440116753	6.96082909594305	-1.2685779332562	0.20464521649948	0.337881513437901	-5.68803165936
ENSMUSG00000029438	0.0431445283339311	7.55053386833895	1.75365713720668	0.0795448557731485	0.165433082094052	-5.68855872561136
ENSMUSG00000039007	0.0463750232461466	6.87587987477322	1.28834771863858	0.197679031673087	0.329054530535799	-5.68918560167143
ENSMUSG00000041346	-0.0584341681960305	7.1559621630373	-1.28477593790458	0.198924586849054	0.330623421483791	-5.68928174459148
ENSMUSG00000034616	-0.0761674312866978	7.21242058598619	-1.35166757435535	0.176537153523144	0.302318432168083	-5.68972922023045
ENSMUSG00000049612	-0.0476967129217511	7.32198085168006	-1.40361492513265	0.160489887978949	0.281186035437472	-5.68986715775099
ENSMUSG00000031988	0.0772666726833089	7.1436863642175	1.30907035266943	0.190565096535912	0.320350525584444	-5.69017125308304
ENSMUSG00000003970	0.0505449580034218	7.41882080504566	1.52564396053555	0.127155937342067	0.23573003847102	-5.69075785808131
ENSMUSG00000014786	0.0715889805300431	7.17333518118997	1.30663721683426	0.191390470361676	0.321035751181942	-5.69169194587379
ENSMUSG00000085925	-0.0665492645159826	7.07783867765286	-1.26977086774353	0.204219869816548	0.337400634609553	-5.69371884131819
ENSMUSG00000021010	0.0644707931829176	7.40565091342681	1.45842423161765	0.144780627998689	0.259938011760673	-5.69388826154406
ENSMUSG00000033060	0.0533395062757505	7.16910574950286	1.2862511953053	0.198409439746511	0.330101732484421	-5.69408291826018
ENSMUSG00000060314	0.0413099036049491	7.53680020400836	1.70212151995228	0.0887889852746959	0.179747239093292	-5.69519423122517
ENSMUSG00000026083	-0.0846487742406916	7.21992303005816	-1.31686612630375	0.187938254253058	0.316950615056168	-5.69671898237638
ENSMUSG00000074698	0.057377969178817	7.19556540165515	1.28231955159702	0.199784504187027	0.331799914856851	-5.69730230645203
ENSMUSG00000045316	-0.0512815582236188	7.24533634761513	-1.35472867657811	0.175559546932426	0.301116938089784	-5.69812184253345
ENSMUSG00000038152	-0.0568757597902225	7.37640450104358	-1.5390563255429	0.123847953131061	0.230870229579789	-5.69827372088005
ENSMUSG00000037531	0.0584139969881035	7.02599035154822	1.25852083093247	0.208256766873413	0.342352786527716	-5.69864191601872
ENSMUSG00000036890	0.0454643053771937	7.45051736239117	1.58371202048018	0.113316643318798	0.215913476106783	-5.69878183280918
ENSMUSG00000034973	0.0639356566297931	7.20019307023434	1.29004902203619	0.197087762358717	0.328237245236016	-5.6989627931655
ENSMUSG00000008301	-0.0566559211747135	7.20483447474815	-1.30794726473274	0.190945746633347	0.320751844402158	-5.69915611676105
ENSMUSG00000060601	0.079014676307291	6.96843005113976	1.26284259257127	0.206699179522554	0.340433470664144	-5.69929500536188
ENSMUSG00000023011	-0.0417130893615356	7.52434692544757	-1.75289265170969	0.0796760304222185	0.165626959397854	-5.6993123590992
ENSMUSG00000082588	0.0627127549885182	6.88760615390778	1.2932419408412	0.195981596417375	0.327018998253412	-5.69935858297148
ENSMUSG00000043993	0.0295772439234554	7.24431110853389	1.30477229396863	0.192024872524775	0.321976131031552	-5.69961362007178
ENSMUSG00000038422	-0.0413898087958806	7.49335251367085	-1.65999647725753	0.0969720503270797	0.192299012857032	-5.70039808040207
ENSMUSG00000035770	0.0522425288165156	6.94296393211655	1.27178468917549	0.203503292247144	0.336567092230875	-5.70075068742607
ENSMUSG00000038965	-0.067389526704777	7.29538529446711	-1.39651313784041	0.162616262851843	0.284052316645273	-5.70084599381935
ENSMUSG00000044043	0.0525516449986219	6.91748594311044	1.27616200936422	0.20195203040871	0.334466284897006	-5.70095734538203
ENSMUSG00000021687	0.0583744339366907	7.32477514883019	1.42190930751973	0.155109166681924	0.274084115292178	-5.7019496972052
ENSMUSG00000090877	-0.0368631455981188	6.54724259359816	-1.36784640236253	0.171415927781654	0.295792451102863	-5.70264197586802
ENSMUSG00000031824	0.0540685102893192	7.42741205218133	1.58044307550719	0.114062817392913	0.216956327954092	-5.70324502247817
ENSMUSG00000035919	-0.0633884848905764	7.19497261489306	-1.32769832194085	0.184332775270516	0.31243975839482	-5.7036723860851
ENSMUSG00000056054	0.0472568548742434	7.14622755310418	1.26781205557506	0.20491863345104	0.338138990312707	-5.70399847238429
ENSMUSG00000036835	-0.0553871867537179	7.10504018650825	-1.27389598720098	0.202753997493832	0.335624647261252	-5.70419285263925
ENSMUSG00000042507	0.0646289850464727	7.40879956133059	1.47890875464391	0.139221852491484	0.252555423696621	-5.70422548400807
ENSMUSG00000031119	0.0618646838691683	7.15628255548813	1.28040822392035	0.200455486920055	0.332703249842465	-5.70499113255611
ENSMUSG00000022828	-0.0691947450701322	7.02375262372993	-1.25469423816602	0.209642981900342	0.344097327727112	-5.70571103413381
ENSMUSG00000021250	-0.0584409725769115	6.76567182518916	-1.29512083266193	0.195332797146813	0.326222090834669	-5.70623850347423
ENSMUSG00000028453	-0.0809043826917746	7.23629467996678	-1.36259531534603	0.173065760449307	0.297852196473704	-5.70638098595046
ENSMUSG00000049047	-0.0346024375981955	7.29004996544522	-1.39517974776917	0.163017858223757	0.284450193238094	-5.70701647738178
ENSMUSG00000042104	-0.0315955726974488	7.3394951188909	-1.4241049094444	0.154472718712133	0.273217621369798	-5.70782145402734
ENSMUSG00000026659	0.0625086424111787	7.45265911648638	1.6031529774788	0.108958186627337	0.209600414406364	-5.70792162198389
ENSMUSG00000047248	0.0455105917596086	6.94087275193446	1.26020585100741	0.207648466792015	0.341567248051395	-5.70866468750377
ENSMUSG00000045532	0.0544676392108929	6.89147300989224	1.28203144979532	0.199885538846994	0.331841424623998	-5.70909974273162
ENSMUSG00000026925	0.0435925314244843	7.38669901738453	1.47111887738008	0.141316061255555	0.255540037839465	-5.70923962726025
ENSMUSG00000010097	-0.0581796595734891	7.14311639416783	-1.27149164226535	0.20360745307073	0.336654303561758	-5.70982189127403
ENSMUSG00000038034	-0.0437935055656284	7.40536080183788	-1.54350642550559	0.122765362087253	0.229376925994908	-5.71019614021402
ENSMUSG00000048304	0.0867581702128035	7.35382913490031	1.45448563174912	0.145868659908636	0.261469490094855	-5.71086019101679
ENSMUSG00000021338	0.0394859442430615	7.32566308869797	1.35984131335814	0.173935769782	0.299076319672438	-5.71167196958012
ENSMUSG00000041617	0.0414466478454312	7.50107990149152	1.64131676853571	0.100788734639561	0.197622602051988	-5.71224702735727
ENSMUSG00000041058	0.0708475422940165	7.15561718132443	1.25675876959589	0.208894260341018	0.343314543859478	-5.71226587351781
ENSMUSG00000028261	-0.0432296422381846	7.06788359441972	-1.25113992714572	0.210936536048345	0.345716215566467	-5.71254392726553
ENSMUSG00000018572	-0.0526670845022945	6.96165276382084	-1.248058668756	0.212062592122442	0.34703627780816	-5.71288183700406
ENSMUSG00000057060	-0.0690878386529574	6.97831815127184	-1.2477881320316	0.212161667749019	0.34703627780816	-5.71411699948353
ENSMUSG00000053838	0.0598584475827533	7.50180594910041	1.67149556835339	0.094680603074662	0.188899490315982	-5.71435017963744
ENSMUSG00000036435	-0.0907290070790303	7.18853687718517	-1.29587427813356	0.195073068219215	0.325876816272294	-5.71459347529378
ENSMUSG00000025217	-0.0468072572799754	6.9117758110873	-1.24684623187606	0.212506870234497	0.347333326480654	-5.71477442136089
ENSMUSG00000028719	0.0322697070972966	7.51344753800142	1.64507098668415	0.100012199225828	0.196541535914822	-5.7148190912384
ENSMUSG00000072437	0.0637129102962231	7.07506990481539	1.25176345707166	0.210709192213014	0.345453872182159	-5.71488329153527
ENSMUSG00000040883	0.0389718302952362	7.23345677733742	1.30459335392554	0.192085824877115	0.322037087884644	-5.7150850240686
ENSMUSG00000022360	0.0454478522959922	7.1315503896555	1.24711103310379	0.21240978070837	0.347261344784463	-5.71511051781838
ENSMUSG00000025529	0.054563558004789	7.47707382319824	1.58817755523192	0.112303556597309	0.214545186483579	-5.71532920060857
ENSMUSG00000041028	0.0501856524294189	6.98394493736237	1.24321710403561	0.213840724082575	0.348773235292024	-5.715712518753
ENSMUSG00000030002	-0.0489475721624695	6.97846690389359	-1.24777607597171	0.212166083682899	0.34703627780816	-5.71587909545528
ENSMUSG00000024767	-0.0492124384186496	7.43877342324641	-1.61741289989349	0.10584640978721	0.205264337251578	-5.7160843502621
ENSMUSG00000010044	-0.042166051023095	7.02561356726623	-1.24384731767789	0.213608662176474	0.348611892946198	-5.71694108172535
ENSMUSG00000022037	0.0484748316251915	6.8943090612528	1.27069485823456	0.203890858865444	0.336995218314152	-5.7173617567094
ENSMUSG00000000915	0.0533553590183207	7.34560197078237	1.39355958505786	0.163506831063034	0.285122582330985	-5.71785140335049
ENSMUSG00000061603	0.0727823854142642	7.03617365353487	1.24267849372438	0.214039199273734	0.348958465720542	-5.71815248312259
ENSMUSG00000043587	0.0396227949288033	7.44317445405022	1.57427400112866	0.115481515354836	0.218891559146591	-5.71822593919957
ENSMUSG00000091475	0.0690574914305246	7.05157170892734	1.24228214123411	0.214185338038462	0.349103136819412	-5.71828240935983
ENSMUSG00000037742	0.0725460406888043	7.01939386477073	1.24480270318215	0.213257209823675	0.348255381191412	-5.71870084934342
ENSMUSG00000024095	-0.0486405162209032	7.27556015989557	-1.35319707632038	0.176048179174573	0.301678371957265	-5.71877043779753
ENSMUSG00000020658	0.0483709149231304	7.51671579235383	1.69478315918835	0.0901730554162806	0.181846217114902	-5.71894220392436
ENSMUSG00000068823	0.103760056337313	7.17337949237269	1.25471903964627	0.209633975892891	0.344097327727112	-5.71903314774428
ENSMUSG00000028483	0.0237283596949052	7.05890106801147	1.23989317000814	0.215067698019419	0.350120156984611	-5.71968987322816
ENSMUSG00000020707	0.0449738644136888	7.35012998149228	1.40944853531172	0.158759002671789	0.278877346434867	-5.7196949421087
ENSMUSG00000045215	0.0713683686003472	7.43535203158341	1.53392463210445	0.125105593956209	0.232660718425219	-5.72068029536184
ENSMUSG00000038077	0.0716897501881624	7.27266803034413	1.30078585575902	0.193386147755788	0.323563015108439	-5.72085156818648
ENSMUSG00000076497	0.0776164496189358	7.35320622824685	1.55961011194577	0.118909461366052	0.223939054999704	-5.72096250672193
ENSMUSG00000053617	0.0648890330997656	7.33042802168778	1.44097942610182	0.14964730401448	0.266519181629379	-5.72145442819804
ENSMUSG00000046185	0.0564272545188036	6.99960672009374	1.23990218418755	0.215064363739545	0.350120156984611	-5.72157033873824
ENSMUSG00000041261	-0.0453914506765871	7.28300340997809	-1.36801756505788	0.171362349278114	0.295775533823666	-5.72163666180658
ENSMUSG00000066151	0.0277403377826024	7.45845725464983	1.53648929294507	0.1244758249483	0.231761293615931	-5.72228038084743
ENSMUSG00000011254	-0.042913944633046	7.32806562931248	-1.37968968304334	0.167738181390875	0.290826151604997	-5.72231004378337
ENSMUSG00000049470	0.0722806799378271	7.12248284896007	1.24858987779855	0.211868150700185	0.34678921722298	-5.72237095990073
ENSMUSG00000071083	0.0479290305453466	7.27404136744897	1.33342059756843	0.182448924018527	0.309768034398982	-5.72382505326919
ENSMUSG00000033416	-0.0571927981217186	7.32678901572093	-1.38571239351485	0.16589081078268	0.288425298109806	-5.72385095538075
ENSMUSG00000038760	-0.0527868667950155	7.4189704779639	-1.5363834334634	0.124501770394198	0.231761293615931	-5.72432085518221
ENSMUSG00000101450	0.0310750386160281	7.19461802168631	1.26695496311453	0.205224928833084	0.338516412786033	-5.72459246056757
ENSMUSG00000087721	0.0607329108641954	7.38792873528349	1.43388428403047	0.151662017272066	0.269228356627239	-5.72650510798141
ENSMUSG00000052296	-0.0721372176342108	7.06247301460498	-1.24669515473166	0.212562277120685	0.347380518295344	-5.72655493471653
ENSMUSG00000048970	-0.064409032331648	7.03064335097541	-1.2382413718293	0.215679315412219	0.350972090186022	-5.72674593713442
ENSMUSG00000034160	-0.0615947904005516	7.14530507097219	-1.25979336812663	0.207797255731263	0.341769054275589	-5.72677220663943
ENSMUSG00000028559	0.0538634869600045	7.06180908375642	1.23424832835224	0.217163008024846	0.352566728802243	-5.72736004817971
ENSMUSG00000025155	-0.062681462558996	7.07698676016737	-1.24574910862667	0.212909472725994	0.347817671191504	-5.72748393601382
ENSMUSG00000045827	0.0608830089359396	6.85706324798989	1.26396718263911	0.206295261481564	0.339810966698117	-5.72810511678243
ENSMUSG00000039069	-0.0662945134893098	6.95000285925516	-1.23633755764826	0.216385800996308	0.351815294199112	-5.72842175923162
ENSMUSG00000026811	-0.0463532843380898	7.39870142183175	-1.54550851603858	0.122280724813731	0.228667226005052	-5.72846641195978
ENSMUSG00000002289	-0.0304071877702583	7.35511183568747	-1.4346799870326	0.15143504859596	0.269117368836474	-5.72904055512642
ENSMUSG00000030611	0.0530414078290686	7.10220109503076	1.24393897214293	0.213574927640297	0.348600293313398	-5.72957283162236
ENSMUSG00000024064	0.0480601162638452	7.36385787704101	1.46882541775223	0.1419372201642	0.256309253295132	-5.73021735535737
ENSMUSG00000028901	0.0581683361656253	7.2699510370987	1.32160556014686	0.186354386878384	0.314969227086471	-5.73083959514002
ENSMUSG00000086158	0.0472367919698868	7.20853875357714	1.26410505356385	0.206245781983639	0.339772213128199	-5.73094565767419
ENSMUSG00000035601	-0.0619465371159622	7.2003852976826	-1.32195738856315	0.186237204241727	0.314917186995764	-5.73134969855861
ENSMUSG00000026127	0.051714291647154	6.76256770220194	1.29007534573315	0.197078624032165	0.328237245236016	-5.73202364018534
ENSMUSG00000005610	0.0687337273910718	6.88820626613892	1.25904568332836	0.208067154308403	0.342169976661928	-5.73208022926412
ENSMUSG00000032940	0.0415459663109736	7.59386398177102	1.78207525339533	0.0747920001832001	0.157906283889446	-5.73259093226841
ENSMUSG00000036275	0.0634392389994858	6.94096291270497	1.24296181561781	0.213934780018411	0.348883176382789	-5.73262094777313
ENSMUSG00000054256	0.0556499666947294	7.03574227124782	1.23271040041237	0.217736409391578	0.353366192110393	-5.73362098859786
ENSMUSG00000022246	0.0515857430156919	7.36367587933169	1.39806980737982	0.162148364377273	0.283386248354994	-5.73369537048788
ENSMUSG00000051375	0.0751995351839883	7.15253110272339	1.27814065348678	0.201253662931716	0.33360508421145	-5.73402227819969
ENSMUSG00000040913	-0.0847705449331722	7.09593038615275	-1.26108580685673	0.207331311518843	0.341131271886978	-5.7342967542101
ENSMUSG00000040250	-0.0486343548666577	6.87404767483181	-1.25316527002236	0.210198727867784	0.344765941524057	-5.73446791701878
ENSMUSG00000040520	0.0872186215957802	7.31167695892761	1.31180521181036	0.189640504033677	0.319327778624938	-5.73487557366786
ENSMUSG00000006800	-0.032321658459729	6.98583638651951	-1.22940205602275	0.218973581697	0.354758338272135	-5.73537109227518
ENSMUSG00000001175	-0.0756728304726089	7.27248247594326	-1.43550414308918	0.151200236842356	0.26884605469783	-5.73582976925693
ENSMUSG00000043460	0.0768925879623517	7.22285315758831	1.32829979029791	0.184134088898437	0.312148673407598	-5.73615110815423
ENSMUSG00000040482	-0.0694174557953797	6.96559271206234	-1.22884326163557	0.219183043226634	0.355009823323405	-5.73635154621852
ENSMUSG00000044709	-0.0679708819846043	7.27236012575681	-1.40399324424244	0.160377206422994	0.281116399315818	-5.7363774825261
ENSMUSG00000066880	0.0499029186128679	7.41877471652047	1.48198848095584	0.138400530885004	0.251344118511093	-5.73650521139172
ENSMUSG00000027465	0.0391669885564161	7.10295513612909	1.23622825581436	0.216426412284075	0.351815294199112	-5.73650826819981
ENSMUSG00000042289	0.065588502262905	6.86679417447643	1.26557599435201	0.205718423268708	0.339202216301502	-5.73654413675056
ENSMUSG00000016477	0.0564081011180857	7.27346150360011	1.34191809051144	0.179677835816995	0.30619756106987	-5.73657632352046
ENSMUSG00000041040	0.0611012525451242	7.23198090392277	1.30771514231613	0.191024490034536	0.320791768026185	-5.73667201981063
ENSMUSG00000019139	0.0498906223527023	6.75272181500955	1.28481212839153	0.198911937755347	0.330623421483791	-5.73729723267026
ENSMUSG00000021811	0.0548477985998987	7.07951416945729	1.22627011307845	0.220149433302874	0.356354646488777	-5.73795756857904
ENSMUSG00000040532	0.0566551086473162	7.28997219200476	1.3396454038553	0.180415889873508	0.306933924921518	-5.73799284351964
ENSMUSG00000039126	0.061097014976097	7.25656604546514	1.30920624706907	0.190519075545551	0.320350525584444	-5.73809466678529
ENSMUSG00000002010	-0.0670224099669721	7.2634665504484	-1.36582814277152	0.172048643378495	0.29657153905349	-5.73825338522976
ENSMUSG00000078591	0.0726772865021736	7.26298186910144	1.32098462020335	0.186561334800184	0.315278300658836	-5.73836631965069
ENSMUSG00000029201	0.0411145996285702	6.91425800224095	1.24099124988538	0.214661800364877	0.349546304773254	-5.73865752420911
ENSMUSG00000022453	0.0385172834426788	7.44744394017046	1.4987662995327	0.133991542864094	0.245165751290865	-5.7389156246135
ENSMUSG00000102428	0.0665420253493547	7.16813287606438	1.26266719619554	0.206762228220771	0.340494476964318	-5.73955594499164
ENSMUSG00000019518	0.0516978637572567	7.14715626923094	1.23315265938908	0.217571406045443	0.353142182983752	-5.74122671488322
ENSMUSG00000030254	0.0451378820672685	7.33642109195614	1.36465957791759	0.172415781480334	0.297047955144167	-5.74162610552277
ENSMUSG00000037652	0.078362118243529	7.01575407490656	1.2241026340133	0.220965836738122	0.35745517540782	-5.7424262356266
ENSMUSG00000028920	0.0743339782446828	7.29578373373141	1.38254193704901	0.166861380457556	0.289612779126385	-5.74273542585923
ENSMUSG00000029576	-0.0719420622255305	7.29418501874652	-1.39140329123341	0.164159325114108	0.285984548821544	-5.7430372265914
ENSMUSG00000027365	0.0528032588740484	7.40785913584275	1.42662746760658	0.153743946737954	0.27229650306998	-5.74315425231041
ENSMUSG00000040652	-0.0576874794474218	7.21771962115596	-1.37463809612324	0.169299557543409	0.293067540309177	-5.74324324736647
ENSMUSG00000006021	-0.0586574165458051	7.27359167536426	-1.3435841570356	0.179138209052679	0.305530946157985	-5.74338915561201
ENSMUSG00000058793	0.0659014633016515	7.17680519601078	1.27687323195288	0.201700799432587	0.334134742018402	-5.74379203280548
ENSMUSG00000053560	0.0829191055308103	6.93968556062574	1.23320400954495	0.217552253535102	0.353142182983752	-5.74391995153692
ENSMUSG00000028089	0.0483610496209517	7.34152701811347	1.36809623803402	0.171337726738869	0.295774461822952	-5.74412073113174
ENSMUSG00000027304	-0.0843125959044118	7.11442013412307	-1.27324626386892	0.202984368345076	0.335963508264695	-5.744352795114
ENSMUSG00000031832	0.053317019559068	7.27299693414564	1.32418291763567	0.185497214544076	0.313966326155273	-5.74441007059211
ENSMUSG00000026037	-0.0642437438230159	7.18570087870887	-1.26454656594111	0.206087388814137	0.339596739377555	-5.74458851348552
ENSMUSG00000026833	-0.046383458660503	7.51382132815882	-1.70972280665387	0.0873734322434518	0.177485333581268	-5.74460037918889
ENSMUSG00000040774	-0.0348787415700071	7.14187246394075	-1.23826818369639	0.215669377688727	0.350972090186022	-5.74555894370035
ENSMUSG00000017144	0.056004269783771	6.75956600747103	1.29505789100479	0.195354505968821	0.326222090834669	-5.74644490017832
ENSMUSG00000038671	-0.0714236670209596	7.01394217991502	-1.22309301691639	0.221346859748202	0.357938869543411	-5.74688446976787
ENSMUSG00000052033	-0.0380522982745726	7.27120889900089	-1.34704698829644	0.178020481537117	0.304301363661565	-5.74699105208739
ENSMUSG00000039270	0.0704575454792158	7.28136342808513	1.34496920782193	0.178690519638792	0.305008641865849	-5.74745145395658
ENSMUSG00000008475	0.0542626241035506	6.86023831697109	1.24269194492946	0.214034240954674	0.348958465720542	-5.7478329490333
ENSMUSG00000066357	0.0498351326258302	7.45941449257459	1.57472675505941	0.115376926165413	0.218756657111889	-5.74811130671779
ENSMUSG00000027236	-0.0729740557884488	6.90086761547787	-1.23140614368237	0.218223541298053	0.353844604918316	-5.74818480557866
ENSMUSG00000032259	0.0486434230389312	6.64417882263844	1.32191465535563	0.186251434380401	0.314917186995764	-5.7483696809823
ENSMUSG00000047261	-0.060413939146768	7.20239250885689	-1.3008061635391	0.193379195205172	0.323563015108439	-5.74916275832241
ENSMUSG00000047721	-0.0630023914280473	7.25658852090479	-1.32861979143619	0.184028445812109	0.312085545669965	-5.74945108483695
ENSMUSG00000029068	-0.0527568999843373	7.06767653358019	-1.22006122472378	0.222493868768798	0.359527243880659	-5.74949151436808
ENSMUSG00000016319	-0.0307890133092918	7.18367075704169	-1.26941260777279	0.204347541528331	0.337502495370206	-5.74952688297792
ENSMUSG00000024067	-0.0430550699215573	7.28756494968547	-1.37170487540574	0.170211165628637	0.29431040009123	-5.74954493497158
ENSMUSG00000071350	0.0448737028923469	7.40322291330077	1.46088469046857	0.144104093298009	0.259045964734963	-5.74968016202248
ENSMUSG00000022031	-0.0404456346224267	7.40263066919118	-1.54174870162217	0.123192082712923	0.229977291726449	-5.7502299194246
ENSMUSG00000041483	0.0715798186445973	7.1549082125835	1.22585797431759	0.220304502738472	0.356561571251339	-5.75045407012531
ENSMUSG00000038005	0.0515045265994623	7.25850401566297	1.29279839748225	0.196134986370255	0.327185287794244	-5.75079720068972
ENSMUSG00000021259	-0.0691095306769576	7.22399400370207	-1.36156183695436	0.17339186159121	0.298297799205273	-5.75147933486549
ENSMUSG00000028960	-0.0660139623665215	7.12215852280575	-1.24468111326769	0.213301915229652	0.348284943151235	-5.75150320480369
ENSMUSG00000067288	0.0428387336741602	7.18088007998188	1.23621473195451	0.21643143747935	0.351815294199112	-5.75166773810339
ENSMUSG00000064731	-0.0622961010741117	7.30150898656365	-1.37191755235184	0.170144944834602	0.294297478897425	-5.75168679817453
ENSMUSG00000029253	-0.0663592080091835	6.90823623869579	-1.22475567490622	0.220719633931485	0.357145154793104	-5.75214919302623
ENSMUSG00000034723	0.0587823101399954	7.29524047425106	1.33519782767455	0.181866751735958	0.30889978123082	-5.75251623538653
ENSMUSG00000057766	0.069724808149469	7.02560790628988	1.21297935156001	0.225189701144385	0.362808708759819	-5.75271924138642
ENSMUSG00000064679	-0.0816201641465684	7.23529877936873	-1.32960504235805	0.183703463404925	0.311615151969069	-5.75313425420339
ENSMUSG00000055923	-0.060146873207179	7.31668293090784	-1.38186346710678	0.167069633431521	0.289858950554661	-5.75322573594751
ENSMUSG00000085492	-0.0625562649870686	7.10905424897172	-1.24992124067573	0.211381390833546	0.346358594342026	-5.75338080961652
ENSMUSG00000004567	-0.0946295276202171	7.17897245408002	-1.2910361443478	0.196745293094104	0.327833699527556	-5.75383030657864
ENSMUSG00000032096	0.0752998159107046	6.99504457266306	1.21395323295765	0.224817599379296	0.362298376547729	-5.75464591455226
ENSMUSG00000021395	0.0745447091074354	7.07062273801003	1.21735377600015	0.223521762236374	0.360787438194873	-5.75471425510948
ENSMUSG00000023909	-0.071806662744609	7.02704430177793	-1.21319109642065	0.22510876000657	0.362722939816125	-5.75485747013323
ENSMUSG00000052429	-0.0522976205298447	7.0362057614726	-1.21491849012382	0.224449226567263	0.361927487894889	-5.75530895089473
ENSMUSG00000030805	-0.0618354156868968	6.99770166455877	-1.21226081473538	0.225464522480365	0.363162097479446	-5.75562110878737
ENSMUSG00000031889	0.0623084705285617	7.36828560558354	1.50197093336816	0.133161904778396	0.244167459013832	-5.75569025719034
ENSMUSG00000042942	0.0530691724119867	7.49057697029598	1.62716610112422	0.103758989296447	0.202321942590726	-5.75691730531795
ENSMUSG00000070733	0.0540215833537721	7.06840816487084	1.20883010124189	0.226779982044586	0.364832087113262	-5.7570152083432
ENSMUSG00000041353	0.0458653758037739	7.40105174548067	1.46257781573102	0.143639956704605	0.258492689096451	-5.75750999024652
ENSMUSG00000025314	0.0650813016139065	7.19711314981082	1.27030469465048	0.204029739704881	0.337182195432505	-5.75783100627554
ENSMUSG00000028863	0.0551374810923511	7.46390055390987	1.59578572803354	0.110593975015755	0.211934219715523	-5.75790866552397
ENSMUSG00000031352	0.0609369184514961	7.11262244802812	1.20915830488681	0.226653900561438	0.364808564808255	-5.75815333390602
ENSMUSG00000057375	0.0628875680814867	7.08441161318395	1.21831187351713	0.223157629048069	0.360332964910868	-5.75823973314069
ENSMUSG00000041231	0.0470921752781512	7.41981092262384	1.47848625159233	0.139334820570974	0.252672712073206	-5.75894767520828
ENSMUSG00000062526	0.0566513427728479	7.41815930229168	1.48436724630487	0.137768706127443	0.250509430641733	-5.75922746666996
ENSMUSG00000031971	0.0622064875918769	7.35628530398754	1.46245842491334	0.143672647691893	0.258515984549515	-5.75976294549641
ENSMUSG00000029348	0.0537466463857275	7.3572026567141	1.44665888109252	0.148049354692556	0.264356540048411	-5.75983657327349
ENSMUSG00000068922	-0.0589774170168909	7.35516956288994	-1.44566357013887	0.148328445176952	0.264710469500635	-5.75993327785338
ENSMUSG00000047649	0.0732114410391942	7.22257098458126	1.25647347246236	0.208997610446975	0.343398182225376	-5.76108623753463
ENSMUSG00000002718	-0.045602502999099	7.001796256985	-1.20667018463229	0.227610975772976	0.365629803045374	-5.76132554221653
ENSMUSG00000024242	-0.0671605371961999	7.07216670964947	-1.21463937106394	0.224555702896076	0.362054588955102	-5.76151056163562
ENSMUSG00000034673	-0.0633682543324392	7.1538380650805	-1.24649052149293	0.21263734211232	0.347459820635858	-5.76164629684731
ENSMUSG00000069763	-0.0453482918906216	6.83877138685843	-1.24444170579775	0.213389958820256	0.348385252634342	-5.76184112401673
ENSMUSG00000061887	-0.0587412309777333	7.29383183095368	-1.38216333426852	0.166977566618329	0.289770448249971	-5.76184405546529
ENSMUSG00000092644	0.0575719824007388	7.20185011672584	1.24739028397561	0.212307427937038	0.347137360628412	-5.76193094931946
ENSMUSG00000028876	-0.0646230041128897	7.20328366020165	-1.3362347192525	0.181527731596198	0.308484042323134	-5.76220766623372
ENSMUSG00000037487	0.0507044360330742	7.23984061924967	1.25634436723677	0.209044391543292	0.343431945549602	-5.76246763570623
ENSMUSG00000019731	0.0610009303478201	7.25018308033801	1.29755548815255	0.194494432347755	0.325168136695873	-5.76282131187621
ENSMUSG00000031749	0.0624864542661028	7.16714617671898	1.24764208697218	0.212215166092562	0.347073198561376	-5.76320255050623
ENSMUSG00000097311	0.0394288394342288	7.43889477512274	1.49656876194494	0.134562764311852	0.245943837829228	-5.76341965456178
ENSMUSG00000031556	0.0428191907905333	7.04102242932075	1.20286148346844	0.22908159759098	0.367181228655865	-5.7637457365018
ENSMUSG00000024955	-0.069740420244754	7.08014006173258	-1.22368126960996	0.221124799734199	0.357668134188305	-5.76412684002973
ENSMUSG00000024304	-0.0745963405142609	7.13051261365568	-1.22968412382321	0.218867904496175	0.354674910962239	-5.76417821825348
ENSMUSG00000077711	-0.0873799134055222	7.0112775151021	-1.20637367348782	0.227725222978447	0.365713125294507	-5.76420866933443
ENSMUSG00000102305	-0.0736271364858965	7.18893946450355	-1.24927015870086	0.211619331914867	0.346574967904608	-5.76438518265068
ENSMUSG00000048376	0.071747795243092	7.16770642133594	1.20743402396384	0.227316852937723	0.36529179313375	-5.76442225236609
ENSMUSG00000020674	-0.0680799995656676	7.06458900179725	-1.22174778969552	0.22185527139163	0.358628128541698	-5.76485030918989
ENSMUSG00000020368	0.0617576427000168	6.82913442845214	1.23816638860807	0.215707109428798	0.350972090186022	-5.76523802002121
ENSMUSG00000042354	-0.070577579045092	7.19357679971286	-1.26024314219211	0.207635019097367	0.341567248051395	-5.76549689798364
ENSMUSG00000018412	-0.0891510312888393	7.03521285080957	-1.21810931117058	0.22323457919383	0.360368324390336	-5.76556072643112
ENSMUSG00000045576	0.0410002438686234	6.8883962452115	1.23260354316838	0.217776290483932	0.353387108950872	-5.76586579171936
ENSMUSG00000047033	-0.0669068960524264	7.145441145112	-1.25343879110056	0.210099230777367	0.344689113952041	-5.76616519913084
ENSMUSG00000003316	0.0713681797351562	7.26978054491489	1.30146535995753	0.193153613115361	0.323371752289809	-5.76647555247913
ENSMUSG00000051495	0.0682572558987236	6.85700589792627	1.23811798053518	0.215725054210733	0.350972090186022	-5.76683191052709
ENSMUSG00000031314	0.0659132564341851	7.03852769080407	1.20196761957682	0.229427715708451	0.367600985687803	-5.76683824752709
ENSMUSG00000090698	0.0407526469680741	6.60950935825676	1.30995048373353	0.190267183032129	0.320094829125756	-5.76693193097391
ENSMUSG00000017764	0.0549589693870418	7.46692710208952	1.58994361884152	0.111904870166257	0.213958401834261	-5.76729332234804
ENSMUSG00000020180	-0.0726899444950941	7.19469829566893	-1.28705012612676	0.198130867669757	0.329722806601304	-5.76802584250386
ENSMUSG00000071359	-0.0604570148820747	7.31590323832816	-1.38931360835427	0.164793533048389	0.286936685020548	-5.76837523525387
ENSMUSG00000039697	-0.0613129765636735	6.98495642400152	-1.20140182356896	0.229646993064584	0.367789208331427	-5.76838962763138
ENSMUSG00000048047	0.0582427259354459	7.21965277186409	1.2535894227866	0.210044450971809	0.344642430395153	-5.76877901305872
ENSMUSG00000026090	0.0536268042525219	7.18931341758484	1.24855040112865	0.211882596132494	0.34678921722298	-5.76906845669663
ENSMUSG00000064536	0.0677354791067257	6.975973435896	1.2060404902727	0.227853648879049	0.365750364286968	-5.76955722047458
ENSMUSG00000022957	0.0517652062067668	6.95312899123143	1.20137456716507	0.229657560197786	0.367789208331427	-5.76979858669602
ENSMUSG00000030209	0.059361457289171	7.15911215890686	1.23134227195495	0.218247417103224	0.353844604918316	-5.77001640239553
ENSMUSG00000058833	-0.0564698327676325	7.24666659336083	-1.32500973209419	0.185222853100924	0.313704733867697	-5.77002803569521
ENSMUSG00000047747	0.0696091190910373	7.09613184446377	1.21591944075532	0.224067687936451	0.3614903475618	-5.77007045318214
ENSMUSG00000001127	-0.0540948354594741	7.13814698602811	-1.23573141408346	0.21661108386522	0.351932527918027	-5.77022753261312
ENSMUSG00000028127	0.0613258348588763	7.22843114083697	1.23796032353086	0.215783504821884	0.35102356425548	-5.77034701829083
ENSMUSG00000095362	0.063343409817298	7.17984155703092	1.22518115092568	0.220559331203644	0.356929884316206	-5.77043827926339
ENSMUSG00000026749	-0.0558966755795876	7.21907024705887	-1.27570103395074	0.202114986356288	0.334651498846152	-5.77063614946382
ENSMUSG00000009563	0.0520019028337249	7.343635774817	1.4092907204828	0.158805641016365	0.278884433559524	-5.77072918552152
ENSMUSG00000019960	-0.075144631945518	6.903767524144	-1.20438499942459	0.228492525411972	0.366506265951181	-5.77082707211901
ENSMUSG00000006932	-0.0748481728600749	7.04621626017577	-1.20123413628188	0.229712009835451	0.367831413009507	-5.77294217438009
ENSMUSG00000026475	-0.0484440564420394	6.73396399768803	-1.25860071592396	0.208227898871596	0.342348317471674	-5.77311069330006
ENSMUSG00000021495	-0.0807720710732323	7.11034666302245	-1.21646507617101	0.22385990009701	0.361244152849755	-5.77380009859854
ENSMUSG00000045464	0.0535830926852148	7.05040014134901	1.1941139343244	0.232484794053905	0.371091309894383	-5.77405218163947
ENSMUSG00000001767	0.0552510455538195	7.0817450452395	1.19672289588521	0.231466054555594	0.370051726247629	-5.77416582084695
ENSMUSG00000021671	0.052865860711492	7.01113662343427	1.19418107780435	0.232458536233975	0.371091309894383	-5.77424692711633
ENSMUSG00000025979	-0.0566674010509445	7.33410377221784	-1.36366490777327	0.172728747128215	0.297469712891685	-5.77429798134623
ENSMUSG00000024097	-0.0239843443719252	6.90644660471078	-1.20644981015587	0.227695883245254	0.365713125294507	-5.77441877366095
ENSMUSG00000069072	0.071292141908657	7.21769142494693	1.27749353860163	0.20148186960484	0.333898814793236	-5.77490946569301
ENSMUSG00000022853	0.0348681764821333	7.41740457979835	1.45255036938229	0.146405561673574	0.262276841109964	-5.77589914924932
ENSMUSG00000065336	0.0509056357500031	7.30295719364191	1.31123813679035	0.189831946726058	0.319531789307838	-5.77612584785399
ENSMUSG00000052031	0.0419913676515602	7.3937363497368	1.44977497464301	0.14717818021951	0.263375715614245	-5.77665120157054
ENSMUSG00000014164	-0.0590238217236712	6.89529163300883	-1.19619729161753	0.231671035411136	0.370198608031562	-5.77687493161782
ENSMUSG00000035834	-0.0574577969001133	7.37533627029287	-1.42376803519039	0.154570240713378	0.273316260321386	-5.77715120033192
ENSMUSG00000021510	0.0677225776219306	7.16708909495523	1.2040847762513	0.22860852218801	0.366647405670148	-5.77791313600954
ENSMUSG00000031485	-0.04367820655267	6.88554740977673	-1.20570319892686	0.227983710834254	0.365914275130814	-5.77794988001228
ENSMUSG00000037204	-0.0590231057467934	7.09325698940389	-1.2322700130553	0.217900803852899	0.35354533697387	-5.77831671839681
ENSMUSG00000031349	-0.0599581760577523	7.3806484436573	-1.48804372436835	0.136796573714827	0.249018457045955	-5.7784768704997
ENSMUSG00000027466	-0.0505228293470017	7.29248640198341	-1.3186972247005	0.187325147147692	0.316006873508678	-5.77850622812988
ENSMUSG00000062421	-0.0482100857863221	7.05628232249512	-1.20366134613851	0.228772193527788	0.366749673166897	-5.77876946119101
ENSMUSG00000024172	0.03477739547768	7.46104436229941	1.55074168734416	0.121021017030708	0.227057488530529	-5.78000074909446
ENSMUSG00000064441	0.0546331150275146	7.23323243909599	1.24952292543683	0.211526934092223	0.346466986254895	-5.7802708190335
ENSMUSG00000067847	0.0441190731123813	7.22280090767102	1.26757047764449	0.205004931430313	0.338238760212433	-5.78048054791933
ENSMUSG00000022895	-0.0689512129653123	7.13256292554208	-1.2420262029473	0.214279743049397	0.349103136819412	-5.78054115638418
ENSMUSG00000031072	-0.0561156148661537	6.87056524004391	-1.20899725125288	0.226715764071424	0.364832087113262	-5.78102969697368
ENSMUSG00000021262	-0.0628766228857875	7.36098144019501	-1.4521020388136	0.146530157968395	0.262431303436693	-5.78120958831823
ENSMUSG00000052934	0.0566402324995749	7.42715734766138	1.52465297118163	0.12740305451087	0.236121289588944	-5.78153453095244
ENSMUSG00000031167	0.0897019879541849	7.38221760474564	1.36478463070389	0.172376464582813	0.29701930433248	-5.78236511914348
ENSMUSG00000025198	-0.0671191326269369	6.91369174521901	-1.19067566094742	0.233832215800284	0.372742161117414	-5.78329943929835
ENSMUSG00000029033	0.0573268765020769	7.34111013933782	1.40301213926451	0.160669550127743	0.281402775956176	-5.78358852678821
ENSMUSG00000024981	-0.035149182624254	7.52059274437042	-1.67965979731057	0.0930802038755885	0.186388196564577	-5.78363967503535
ENSMUSG00000027490	0.0455822007858195	7.45359828511354	1.54764998614404	0.121764005303749	0.227999461946474	-5.78419943969685
ENSMUSG00000001062	-0.0675778772030773	7.28138668000614	-1.36026583179414	0.173801448675031	0.298884613956852	-5.78475533291916
ENSMUSG00000014859	0.063173622934217	6.91617792368627	1.19656173150122	0.231528893489004	0.370096130213849	-5.78490746949539
ENSMUSG00000028914	0.0390292291262799	7.51745885397281	1.62133072871145	0.105003930831685	0.204175176362457	-5.78510265695793
ENSMUSG00000027709	0.0583286036352666	7.26877742146923	1.26971652413623	0.204239232300696	0.337400634609553	-5.78514885119897
ENSMUSG00000051427	-0.0690554670383579	7.20122635596068	-1.25660094503711	0.208951428383363	0.343365394802936	-5.78555324957795
ENSMUSG00000097316	-0.061724675596996	7.31508696350671	-1.39510758253244	0.163039614538938	0.284450244342187	-5.78596544801829
ENSMUSG00000004535	-0.0507734257426096	6.90804774565172	-1.19815571368033	0.230907923205721	0.369249606767962	-5.7860463605634
ENSMUSG00000046182	-0.0562515820622185	7.05623666422967	-1.19622282183878	0.231661075879982	0.370198608031562	-5.78625783954428
ENSMUSG00000054894	-0.0377121035981087	7.36663997024922	-1.3944759532265	0.163230131099304	0.284744687055575	-5.78687684748953
ENSMUSG00000035772	-0.0460492471616529	7.16602846117752	-1.21822168840134	0.223191886564051	0.360343837575109	-5.78688661839445
ENSMUSG00000027455	-0.0652195342394357	7.04502561348458	-1.19074089502426	0.23380659986253	0.372742161117414	-5.78697255555964
ENSMUSG00000027806	0.0716818985381682	7.01740906485828	1.18362297668641	0.23661338917051	0.376349195736425	-5.78736804817957
ENSMUSG00000049755	-0.0596097915576692	7.19946747812573	-1.23498999443632	0.216886873739101	0.352293170098301	-5.78755731489623
ENSMUSG00000046876	0.0417346474591511	7.28278091033331	1.28481805583596	0.198909866084641	0.330623421483791	-5.78766662917921
ENSMUSG00000033940	-0.0583340225867284	7.28804796563663	-1.35483231049802	0.175526520798832	0.301116938089784	-5.78823642861152
ENSMUSG00000039910	0.0540976944864733	6.95305175388688	1.19256361891719	0.233091661921522	0.371788016310499	-5.78824433239909
ENSMUSG00000020828	0.0519940797175797	7.33259331699044	1.29242820064705	0.196263078353148	0.327242938695935	-5.78832514283732
ENSMUSG00000074766	0.0681086593461142	7.24033296352091	1.26939883619058	0.204352450412437	0.337502495370206	-5.78842000875057
ENSMUSG00000097588	0.0485469036795818	7.0484476855377	1.18294172440128	0.236883269689323	0.376688420596699	-5.78852450888822
ENSMUSG00000021240	-0.0662083902987067	7.33287475935864	-1.38276813395547	0.166791993838481	0.289561931122272	-5.78888005194597
ENSMUSG00000063281	0.0619704844546014	6.72096512521614	1.25402691415329	0.209885408341168	0.344424638506213	-5.78981854061645
ENSMUSG00000044700	0.0502390134622299	7.42749245579875	1.50507457140198	0.132362209766468	0.243007439386144	-5.79020623542434
ENSMUSG00000029524	-0.0768752337745697	7.20250073293488	-1.25464828659261	0.209659668750319	0.344097327727112	-5.79022331956671
ENSMUSG00000088170	-0.0409919595408885	7.53906673111107	-1.6583923203571	0.0972952104765307	0.192735496377476	-5.79088338472794
ENSMUSG00000009630	-0.0671747030244259	6.95800808939918	-1.18355275129734	0.236641199152326	0.376349195736425	-5.79088482316069
ENSMUSG00000050299	0.0590765039721335	7.17327917861907	1.2097223631609	0.226437330900713	0.364594457772985	-5.79091514817723
ENSMUSG00000023952	-0.0625101974264588	7.20429035092301	-1.26485701988605	0.205976065970548	0.33945602412971	-5.79119369770266
ENSMUSG00000037455	-0.0587894521771011	7.0751867758332	-1.20757014587155	0.227264466503629	0.365261227899219	-5.79127181577807
ENSMUSG00000005823	-0.0684980260483155	7.15594410190988	-1.21998584084361	0.222522442662692	0.359529041014435	-5.79127613544364
ENSMUSG00000049658	-0.0634953114006196	6.80827500015408	-1.21540203516178	0.224264852722062	0.361674729223607	-5.79157371183204
ENSMUSG00000042439	-0.0385714785872695	7.25446504803751	-1.26739204969404	0.205068687546235	0.338301317711102	-5.79195465520051
ENSMUSG00000052981	-0.055427887729568	7.18773819758991	-1.27247133297081	0.203259383027651	0.336337178454282	-5.79316868246342
ENSMUSG00000047613	0.0622685793322804	7.04766421567889	1.17780597267674	0.238924821866599	0.379381900288358	-5.79369774744355
ENSMUSG00000020396	-0.0668926219641124	6.97608344422345	-1.17883335188939	0.238515430100775	0.378869693142363	-5.79503501098689
ENSMUSG00000059401	-0.072707278818088	7.10198471598271	-1.21411823564468	0.224754598512173	0.362272444392917	-5.79580413292139
ENSMUSG00000051703	-0.0660937603921603	7.0379842883693	-1.19554239380617	0.23192661994099	0.370426169118878	-5.79601190971655
ENSMUSG00000024764	-0.0358853275907984	7.44299833398945	-1.52174046777914	0.128131491817074	0.237269800688704	-5.79889773784992
ENSMUSG00000032396	0.0573423432715394	7.06320669594787	1.17235595467388	0.24110484666852	0.381963292907098	-5.79922264439478
ENSMUSG00000085886	-0.0703033692365151	7.14486684550286	-1.21268986140005	0.225300394675848	0.362942385516944	-5.79926178762899
ENSMUSG00000066621	0.0541114078808906	7.33674700081973	1.40001786956617	0.161564255023201	0.282591747062625	-5.80054896198997
ENSMUSG00000025188	0.0369727819996299	7.49559667541931	1.56638557916947	0.117315786960607	0.22150710965902	-5.80109895967466
ENSMUSG00000042249	0.0470190770978176	7.42907180554855	1.5036916051405	0.132718089227381	0.243558343729306	-5.8011367418495
ENSMUSG00000022748	0.0440815837944504	7.17087093113534	1.20945927485578	0.226538325032951	0.364667373826559	-5.80164611598751
ENSMUSG00000000326	-0.0520134009519078	7.10436285399278	-1.20624301804013	0.227775578138655	0.365713125294507	-5.80197569398367
ENSMUSG00000001552	-0.0640212230449828	6.85088929889721	-1.20624315932914	0.227775523680985	0.365713125294507	-5.80290431401402
ENSMUSG00000027359	0.054756560300584	6.9063120617315	1.18424829284234	0.236365859407059	0.376094048536365	-5.80291465007176
ENSMUSG00000007207	-0.0379983248491005	7.43558986716548	-1.55256604745129	0.120584259720264	0.226400276532008	-5.80292320779435
ENSMUSG00000042066	0.0666863314008372	6.96198371151653	1.17710670880705	0.23920374916196	0.379640621169642	-5.80313661482714
ENSMUSG00000038028	-0.050470222925588	7.08578470577929	-1.19197916762284	0.233320735648464	0.372020892497948	-5.80330792472914
ENSMUSG00000031955	0.0363675843217415	7.12377452828378	1.17771945602369	0.238959319790179	0.379390663921056	-5.80346396964976
ENSMUSG00000015697	-0.0740860177020011	7.11553008946648	-1.1896316906129	0.234242429925661	0.373283545004804	-5.80374674449508
ENSMUSG00000034910	-0.0617782068856885	7.06489156343068	-1.17575175077676	0.239744878075265	0.380407216550887	-5.80482370259488
ENSMUSG00000000282	0.0604738946710048	7.47855523792671	1.58521598994291	0.112974639589728	0.215449960889836	-5.80528294552823
ENSMUSG00000025228	-0.0306064159501371	7.20210621833304	-1.24601301481346	0.212812578915992	0.347702768397375	-5.80595049515516
ENSMUSG00000025781	-0.0441771202240693	7.23589838861971	-1.28428020298235	0.199097912511567	0.330869493602619	-5.80739193583596
ENSMUSG00000021546	0.0672266353807283	7.26980461430519	1.23758588230295	0.215922372913259	0.351185001660477	-5.80842268931215
ENSMUSG00000031904	-0.0511676487538102	7.35272950680435	-1.44208852434017	0.149334222637238	0.266178848572732	-5.80887692966256
ENSMUSG00000084433	0.0580144998956662	7.19486718915831	1.20162161500037	0.229561793978517	0.367761341706238	-5.80922848949714
ENSMUSG00000026974	-0.0643664186251147	7.27164081249325	-1.37155779244036	0.170256973856211	0.294335706024761	-5.80942696165638
ENSMUSG00000003992	-0.0631798812349622	7.35301507834948	-1.43784196844643	0.150535672821516	0.267919117533889	-5.80950656262338
ENSMUSG00000079469	-0.0594901257484777	7.14353749706786	-1.18407802259476	0.236433242284481	0.37615554842489	-5.80981643677376
ENSMUSG00000072761	-0.0655523118044465	7.29741364756874	-1.35423629597957	0.175716522490992	0.301279135105398	-5.81005680999465
ENSMUSG00000089665	-0.0455862699715572	7.20929304751273	-1.23145454745657	0.218205448798461	0.353844604918316	-5.81040861627039
ENSMUSG00000024190	-0.0629807501747548	6.98216858385326	-1.16511407165467	0.244023246009375	0.385141933303767	-5.8108915458759
ENSMUSG00000055733	-0.068357679244464	7.36389677045097	-1.40775532795768	0.159259930542069	0.279457312780696	-5.81145434242133
ENSMUSG00000030512	0.0583547080864069	7.15269335459088	1.17380709589558	0.240523021607366	0.381272236213057	-5.81174233281146
ENSMUSG00000037750	0.054745400784677	6.99649068376242	1.16402192301573	0.24446551428409	0.385600826895714	-5.81193944591289
ENSMUSG00000086784	-0.0375839678402352	7.17103952082994	-1.20367892665791	0.228765396349267	0.366749673166897	-5.81238489490279
ENSMUSG00000062444	-0.0842107662105569	7.19642177129635	-1.27737168946585	0.201524861115904	0.333927791637694	-5.81284624826856
ENSMUSG00000029017	-0.0537417407824243	7.10399039619072	-1.17520045072398	0.239965297395259	0.380564477419192	-5.81300794242288
ENSMUSG00000048721	0.0483164926925408	6.84221677615803	1.19438037970142	0.232380607582161	0.37101547737386	-5.81322564635849
ENSMUSG00000042492	0.0403377911959186	6.99963653429949	1.16109927274044	0.245651816301332	0.386733234610034	-5.81342567568861
ENSMUSG00000022095	-0.066392397485699	7.33626420849209	-1.40357143687208	0.160502844700904	0.281186035437472	-5.81385873454895
ENSMUSG00000039959	0.0480979253880527	6.84814481360979	1.20481539215073	0.228326308364072	0.366284527521434	-5.81505685751812
ENSMUSG00000002341	0.0421184125969845	7.25156643363965	1.22348641167304	0.221198339125264	0.357742885216547	-5.81541938732133
ENSMUSG00000024052	-0.0514414211139815	7.29200858552398	-1.34759101269373	0.177845355149307	0.304081414341743	-5.81587353679385
ENSMUSG00000036377	-0.0459613344051588	7.3260880778037	-1.34646001433202	0.178209577747973	0.304425860109142	-5.81685017973888
ENSMUSG00000004285	-0.0540845967727277	7.29952756600531	-1.37812516023989	0.168220593219417	0.29139243271085	-5.81693821279968
ENSMUSG00000019710	-0.0501556024035725	6.9451210769118	-1.16448879859208	0.24427638304117	0.385402073605086	-5.81740105264971
ENSMUSG00000040907	-0.0529068891717879	7.19287503651024	-1.24187329091591	0.214336160272377	0.349110832628425	-5.81823491216539
ENSMUSG00000059323	-0.0458868728644388	7.30369612720512	-1.33732568234399	0.181171539010207	0.307918705533121	-5.81856075866018
ENSMUSG00000038502	0.0681901649037053	7.11274859964457	1.17099593952263	0.241651034602579	0.382331394958826	-5.81912058870795
ENSMUSG00000050944	-0.0555676914371714	6.99523943449345	-1.15822586728288	0.24682206079813	0.388108866198549	-5.81925070365959
ENSMUSG00000053801	-0.063659139348597	7.16444035451599	-1.26839051416835	0.204712100237571	0.337883360603919	-5.81933071072991
ENSMUSG00000097745	-0.0250045079661216	7.55699531185301	-1.67671328815694	0.0936552725942232	0.187224740999171	-5.81938462946835
ENSMUSG00000030276	0.0475098010698929	6.73680142658807	1.23095332161756	0.218392850643328	0.354036552825959	-5.8194790889294
ENSMUSG00000029861	0.0618276888045406	7.43941216407755	1.52067672530873	0.128398347259345	0.237595924002734	-5.81950847924867
ENSMUSG00000031847	-0.0626771171176257	7.35935650852047	-1.41966632538404	0.155761403527268	0.275013930543356	-5.82003079675597
ENSMUSG00000032498	0.0511845067548942	7.4059116137816	1.41913035259988	0.155917566817443	0.275109215530828	-5.82026615940686
ENSMUSG00000042709	0.0653579474157242	7.29199946642127	1.32083422879762	0.186611483044189	0.315281653892699	-5.82028741737261
ENSMUSG00000035864	0.0489548190497127	7.4449960854732	1.51471654518786	0.129901547091116	0.239560362792298	-5.82034875804633
ENSMUSG00000020937	0.0508409107574446	7.41053163748892	1.46733846584236	0.1423410646499	0.256684465343869	-5.82052521885596
ENSMUSG00000028282	0.0704453426222242	7.0592523254584	1.15367876278239	0.248681920629221	0.390214502882686	-5.82092895267915
ENSMUSG00000022436	-0.0541223652415921	7.37206279028667	-1.47296670068638	0.140817119937686	0.25488424363669	-5.82106255403499
ENSMUSG00000020608	0.061073688245548	7.23996739736833	1.20252328565125	0.229212509345577	0.3673460854881	-5.82108793274446
ENSMUSG00000000826	0.0628105316388785	7.26278269278213	1.31579664223259	0.188297034397209	0.317392142954585	-5.8217862124396
ENSMUSG00000032526	0.038759385614191	7.37936482248184	1.41690598157651	0.156566939098034	0.275915246556934	-5.82275702658388
ENSMUSG00000062590	-0.0718363628952083	7.07063870107637	-1.17330033574686	0.240726091056933	0.381489395808219	-5.82330080832848
ENSMUSG00000024773	0.0571322200435622	7.35403409293508	1.37212313312122	0.170080951922601	0.294225663658919	-5.82427633336477
ENSMUSG00000009633	0.0463169063817306	7.03101481694177	1.15089057888471	0.249827182566378	0.391423824097537	-5.82458655135614
ENSMUSG00000024603	-0.0521150696729116	6.91803051546563	-1.16493591654845	0.244095351965788	0.385162871873701	-5.82482240723486
ENSMUSG00000061458	-0.0683877582352759	7.16914956708422	-1.2187184531957	0.223003233329258	0.360128078296119	-5.8256593166152
ENSMUSG00000022528	0.0646183705310746	7.06344113123007	1.1489460522014	0.250628086094702	0.392256174913549	-5.82589766342269
ENSMUSG00000021830	-0.0669662201563233	6.75424918520243	-1.21943578271654	0.222731019072365	0.359777236483084	-5.82591005666718
ENSMUSG00000026155	-0.0605631935241542	7.3191477648159	-1.35624793746011	0.175075851825575	0.300641795920833	-5.82623433836743
ENSMUSG00000019558	0.0700968697268216	6.93592139854662	1.16547225431247	0.243878321535643	0.385052458459314	-5.82634279769085
ENSMUSG00000087672	-0.0466276549743982	7.16388418959714	-1.17215586459156	0.241185149107766	0.3820442797482	-5.82653278270391
ENSMUSG00000022257	0.0726403066594159	7.04595323108279	1.15240155413403	0.249206084467427	0.390918530774929	-5.82661502281638
ENSMUSG00000037234	0.0553841212970632	6.77654897560891	1.21543573214545	0.224252008230409	0.361674729223607	-5.82678528372626
ENSMUSG00000053460	-0.0678635345762011	7.26161622446631	-1.27677032126118	0.201737137306669	0.334152657087413	-5.82697276824998
ENSMUSG00000025656	0.0738839723668496	7.17018802108711	1.19972407198401	0.230298091575	0.368454431736515	-5.82707026314198
ENSMUSG00000033350	0.0638997988703842	7.13337142226938	1.16170850389897	0.245404197190023	0.386434061652426	-5.82772468735677
ENSMUSG00000097217	0.0485691650000808	7.20969563043997	1.17763358994049	0.238993561778938	0.379399019135425	-5.82799077732443
ENSMUSG00000027763	0.0709290555827176	7.04856400430987	1.14794099433184	0.251042747249595	0.392623539241631	-5.82799511752669
ENSMUSG00000075704	-0.0406031053241485	7.38211227486665	-1.4711328326835	0.141312288018155	0.255540037839465	-5.82807373512978
ENSMUSG00000020455	0.0442421541165672	7.34524433268174	1.31159536434057	0.189711331267475	0.319405960513603	-5.82814754735589
ENSMUSG00000041685	0.0588309022384248	7.202118868194	1.17140213174152	0.2414878149101	0.38220000880114	-5.82858439518798
ENSMUSG00000048007	-0.0613516115496262	7.13585206466587	-1.18051016338664	0.237848315695657	0.377947584547583	-5.82871614038885
ENSMUSG00000017485	0.0545608361005012	7.31403968103278	1.26999518918454	0.204139958815889	0.337321764586346	-5.82878227321871
ENSMUSG00000055435	0.0743646958862882	7.11538844630008	1.1500068352895	0.250190953200336	0.391824130292538	-5.82890508456748
ENSMUSG00000006205	0.049296684298251	6.58619337719603	1.27536464014528	0.202233962888279	0.334806151003206	-5.82899243112257
ENSMUSG00000022546	0.057742217617025	7.08249153274919	1.14583456668243	0.251913358403876	0.393515056463853	-5.82920359984531
ENSMUSG00000052848	-0.0609159006131934	7.29140848447963	-1.36645417841354	0.171852197208659	0.296428058742525	-5.82923693436415
ENSMUSG00000021189	-0.0503697072633811	7.37745915641704	-1.35421551587962	0.175723149684144	0.301279135105398	-5.83004368238422
ENSMUSG00000026511	-0.059064040497316	7.08990191027929	-1.16654647422777	0.243444043524341	0.384635613238956	-5.83034604813973
ENSMUSG00000033701	0.0558646839761909	7.43790520153205	1.51757460684787	0.129179027106592	0.238736846820935	-5.83092085393424
ENSMUSG00000061755	-0.0617817788729358	6.84769919029356	-1.17235935823957	0.241103480873537	0.381963292907098	-5.83112773368505
ENSMUSG00000020327	-0.0390250682659774	7.49814992012342	-1.58690824586166	0.112590792785351	0.214905767480072	-5.83139380225441
ENSMUSG00000046727	0.0474277672035983	6.90480186447034	1.15651177366078	0.247522012702122	0.388929211509383	-5.83153442807106
ENSMUSG00000042594	0.0634391141213388	7.04915432511835	1.1440516578021	0.252651899316661	0.394527512625683	-5.83234027873608
ENSMUSG00000063063	0.0483940444474209	7.42932785707818	1.49822569685044	0.134131891243134	0.245293297968308	-5.83245061867039
ENSMUSG00000038368	0.0554321666394326	7.12456863453553	1.15214524191823	0.249311367482246	0.390989988389741	-5.83275255230442
ENSMUSG00000087739	0.0485937118982509	7.39534990779189	1.339095496658	0.180594809993999	0.307177764381114	-5.83333402515606
ENSMUSG00000018677	0.0634808447241415	7.1412371082418	1.15968784393548	0.246226158052839	0.387373638272327	-5.83344679425318
ENSMUSG00000059149	0.0396444407253451	7.4787216668928	1.56572970306686	0.117469320226716	0.221728422780877	-5.83508667824889
ENSMUSG00000050428	0.0465681099006314	7.36011092620608	1.35094926444336	0.176767142820604	0.302655283617662	-5.83516243013611
ENSMUSG00000042111	0.0372823042501311	7.44885843277615	1.47610117166631	0.139973863200518	0.2534947133012	-5.83527861643047
ENSMUSG00000032463	-0.0580236530134197	7.21987807953299	-1.19320278744814	0.232841324663075	0.371527850311417	-5.83528859595052
ENSMUSG00000030271	0.0451160940864632	7.42733352897727	1.44880424242867	0.147449148927976	0.263676904367317	-5.83538713305444
ENSMUSG00000025169	0.0415636676401441	7.27381197703789	1.20755594065102	0.227269932971818	0.365261227899219	-5.83578982010022
ENSMUSG00000073147	-0.0354952697709834	7.40127711160319	-1.38452101067845	0.166255028591236	0.288866733154142	-5.83599376707879
ENSMUSG00000001988	0.0368188266320697	7.37833583654325	1.40387314219757	0.160412972083773	0.281141449868909	-5.83631994571281
ENSMUSG00000022890	-0.0547962539269653	7.04925003072614	-1.14809929253707	0.250977405706775	0.39256824319153	-5.83642201577953
ENSMUSG00000055067	0.043193222838009	7.43595170261579	1.49593183945051	0.134728675565461	0.24610964427278	-5.83675420936423
ENSMUSG00000041297	0.0690989204365762	6.98529454223064	1.14586133471169	0.251902281670177	0.393515056463853	-5.83683866395823
ENSMUSG00000070371	-0.0499703326160601	7.3258167772349	-1.35062076788279	0.176872395618643	0.302773719068943	-5.83721839465051
ENSMUSG00000014075	-0.039121069290168	7.45122577543652	-1.47946311344926	0.139073736074143	0.252356667038487	-5.83736579596197
ENSMUSG00000030161	0.0562074639658752	7.34560218227354	1.42399569568719	0.154504329967781	0.273236618659758	-5.83762339347349
ENSMUSG00000038446	0.0694319403724144	7.36016260684825	1.33185584194288	0.182962638659942	0.310479178915874	-5.83766079092069
ENSMUSG00000059895	-0.0444072037017369	7.29601813633119	-1.31931400534147	0.187118963289208	0.31589445098418	-5.83829850028165
ENSMUSG00000021076	-0.065365410152185	7.30002058112175	-1.31669676470051	0.187995036388611	0.316964715569825	-5.83886184787672
ENSMUSG00000042032	0.0466561914433461	7.50942736540278	1.62423053116448	0.104383800984424	0.203206202394586	-5.83906998562968
ENSMUSG00000035984	0.0639700252773832	7.26935850134731	1.22244363827682	0.221592179834322	0.358283794335985	-5.83917036706429
ENSMUSG00000022180	0.0506108742446969	7.48788687695965	1.5807705284788	0.113987898563976	0.216908367441798	-5.83957479391595
ENSMUSG00000042978	-0.0529545757321754	6.88238884225417	-1.14994438154585	0.25021667469152	0.391824130292538	-5.83960500838959
ENSMUSG00000029798	-0.0312817145663926	7.51336948027579	-1.61831823341223	0.105651254512179	0.204977211629141	-5.83963614139539
ENSMUSG00000030557	0.0700573722243147	7.31723582675	1.26542636542904	0.205772023109649	0.339247868851722	-5.84057850453935
ENSMUSG00000031149	-0.0585771470318344	7.19406098499655	-1.20701834530515	0.227476879912943	0.365504088343183	-5.84143399319321
ENSMUSG00000005950	-0.0340926581834458	7.06343264086506	-1.14032683054064	0.254199714931287	0.396390351374631	-5.84145268437806
ENSMUSG00000018405	0.0509094043090901	7.37982265964491	1.41912050084686	0.155920438377539	0.275109215530828	-5.84242499606346
ENSMUSG00000027333	-0.0567623707498264	7.00299402496513	-1.13617071036821	0.25593452677739	0.398323207866094	-5.84268164716652
ENSMUSG00000091337	0.0288576705778212	7.58872180288268	1.69125319626637	0.0908449921572042	0.183032107928919	-5.8427087219599
ENSMUSG00000027651	0.0544227639631396	6.91771866537545	1.1454543012744	0.252070750674183	0.39371394271372	-5.84275055880586
ENSMUSG00000063802	-0.0509638652584163	7.27119981952685	-1.30675101709025	0.191351808228927	0.321012028874053	-5.84294723123652
ENSMUSG00000032216	0.0614738513366868	7.06798915738745	1.13669649505766	0.255714604783125	0.398217628859363	-5.84331202073751
ENSMUSG00000028180	0.0224344548326298	7.5024592731763	1.55287496242114	0.120510426868245	0.226294106219028	-5.84334518061099
ENSMUSG00000039670	-0.0254348605112913	7.4611289937144	-1.51540873536198	0.129726273631158	0.239477774165132	-5.843658733887
ENSMUSG00000005447	-0.0559230624249176	7.2528448598578	-1.27750628228695	0.201477373691163	0.333898814793236	-5.84368838371044
ENSMUSG00000071369	-0.0495816475427029	7.10889272728166	-1.17514036006692	0.239989331314761	0.380564477419192	-5.8438638353635
ENSMUSG00000019467	-0.0454726790659956	7.33179869554841	-1.36903175415063	0.171045138238415	0.295386222110187	-5.84421964948759
ENSMUSG00000016257	-0.0563025264351671	7.12794916455027	-1.15364037507645	0.248697663615424	0.390214502882686	-5.84427246196728
ENSMUSG00000005732	0.0579022048590287	7.00759125598854	1.13395948663671	0.256860862514574	0.399385084565416	-5.84448932881731
ENSMUSG00000087528	-0.0516348029429325	7.13629018086863	-1.16567116753056	0.243797865274824	0.384971855286213	-5.84478336959984
ENSMUSG00000057069	-0.0673108447967374	6.68496987777157	-1.18739583605462	0.235122694080019	0.374525649214699	-5.84499586517333
ENSMUSG00000032279	-0.06258833987527	7.18848360972695	-1.20235427773605	0.229277949953501	0.367405987856945	-5.8458517031592
ENSMUSG00000041911	0.0526394867321915	6.76530442110137	1.20814237313436	0.227044339352439	0.365122772485214	-5.8466926703726
ENSMUSG00000029189	-0.0256888836434443	7.36096662361511	-1.36879921562695	0.171117831134726	0.295472783594808	-5.84690135102526
ENSMUSG00000091515	-0.0508550477574685	7.19923025584242	-1.20001281807164	0.230185942135035	0.368320013985808	-5.84717542290673
ENSMUSG00000023118	-0.0602910261972962	7.18830837601544	-1.19316525047585	0.232856021148718	0.371527850311417	-5.84847595697104
ENSMUSG00000042109	-0.0492051889815377	6.76113147865087	-1.17206734349978	0.241220681413732	0.382054338382359	-5.84924039698681
ENSMUSG00000002820	-0.0591933022230808	7.0960085886291	-1.14660947547049	0.25159283500792	0.393227632421527	-5.84940830399395
ENSMUSG00000002308	-0.0551852006769655	7.32117296701619	-1.34811244085073	0.177677623135558	0.303913697686272	-5.84963897923931
ENSMUSG00000039231	-0.0593889058378441	7.25201755886067	-1.27895792822281	0.200965718538485	0.333296578047359	-5.85044905024946
ENSMUSG00000004366	-0.052441194019873	7.15654650314835	-1.18020791913576	0.237968465180993	0.3780467353658	-5.85070065977653
ENSMUSG00000018669	0.0479723120615487	7.48134548185346	1.50555122619188	0.132239723407171	0.242944142228116	-5.85081589814502
ENSMUSG00000028248	-0.0599725318617459	7.06438190758683	-1.12947373645687	0.258747198360239	0.401650868298561	-5.85155334049768
ENSMUSG00000037722	0.0447866790482827	7.46307890744776	1.45813592751389	0.144860059968458	0.260009309721286	-5.85170480469915
ENSMUSG00000090213	0.0589675536061636	6.91841371321462	1.14899670386602	0.250607201181158	0.392256174913549	-5.85267978123346
ENSMUSG00000067336	0.0663073206675202	7.18228879274091	1.15799307295101	0.246917041126977	0.388164973875407	-5.85270083209736
ENSMUSG00000032883	0.0551475985251804	6.86970464753042	1.15538983185079	0.247980910795234	0.389416586797553	-5.85289684979132
ENSMUSG00000011960	0.0564990528032405	7.15490087481128	1.14616332050209	0.251777342095234	0.393443418800526	-5.85415242647167
ENSMUSG00000032239	0.0614481673557723	7.14991388014767	1.14273411791787	0.253198637550829	0.395051431630968	-5.85575654222598
ENSMUSG00000056429	-0.064930087815771	7.00388791933401	-1.12634045028603	0.26007048238304	0.403369595469584	-5.85634911856364
ENSMUSG00000037416	0.0695365999001769	7.12350852140047	1.1344902539529	0.256638299037386	0.399181253534212	-5.85681016075712
ENSMUSG00000000531	0.0605828888104787	7.14448145967236	1.16200256337581	0.245284740797191	0.386294698245738	-5.85736063894731
ENSMUSG00000003438	-0.0622117341074588	7.03960649704116	-1.127134742865	0.259734585470233	0.40294409206971	-5.85736424620301
ENSMUSG00000027937	0.0507885076517232	7.28293520186969	1.24969554850538	0.211463849218034	0.346406996241555	-5.85758025272985
ENSMUSG00000032300	0.0719704818027358	7.37225622488803	1.39708190685521	0.162445186202029	0.283829224310285	-5.85875360846019
ENSMUSG00000059939	-0.0336099121841515	7.48093669467887	-1.53912276567829	0.123831735387972	0.230870229579789	-5.85888653768655
ENSMUSG00000067150	0.0633110472457554	7.30409557290768	1.24373653522383	0.21364944213409	0.348634986466348	-5.85910942336435
ENSMUSG00000033124	0.0518400911371311	7.02804109353417	1.1197265983397	0.26287908081697	0.406473712773801	-5.85938532405448
ENSMUSG00000027952	-0.0506398659064828	7.01247949657921	-1.1217668554755	0.262010452378495	0.40570559935414	-5.86004055602774
ENSMUSG00000053205	0.0460761250507113	7.24196817307847	1.17668720836377	0.239371192667474	0.379860321745767	-5.86010713439297
ENSMUSG00000029014	-0.057627315618932	7.15742646025365	-1.14742178647883	0.251257146621202	0.392911916335974	-5.86062538755342
ENSMUSG00000034648	0.0644142615622529	6.74642263640912	1.2083983912603	0.226945902316874	0.365009306281635	-5.86120469288794
ENSMUSG00000063439	0.0389400657453818	7.01065192515307	1.11663348033968	0.264199748216048	0.408033868543647	-5.86123747915904
ENSMUSG00000023092	-0.0482478495786021	7.3571388175881	-1.33960814497962	0.180428008417049	0.306933924921518	-5.86227081918938
ENSMUSG00000068206	-0.0617707895272508	7.21095781535122	-1.20156437927845	0.229583978442185	0.367761341706238	-5.86239957474071
ENSMUSG00000049796	0.0553463766600535	7.14032742493877	1.14845865363296	0.25082911450006	0.392383172067724	-5.86252715734374
ENSMUSG00000091896	0.0468444885368902	7.18806411111972	1.14886039188717	0.250663408691887	0.392264564498468	-5.86286505402751
ENSMUSG00000015461	-0.0668551778987254	7.03323787836621	-1.12129991682518	0.262209073730282	0.405837037049671	-5.86298536658367
ENSMUSG00000066149	-0.0395205029985375	7.26191607132227	-1.22696657415858	0.219887564109342	0.356018796601472	-5.86329252945423
ENSMUSG00000024431	0.0774908777187928	7.08357450699278	1.11611534368404	0.264421423536355	0.408259114393685	-5.86341406564545
ENSMUSG00000048728	0.0640110743108551	7.25359909391249	1.16600887444405	0.243661312563501	0.384802642229356	-5.86375259790827
ENSMUSG00000038587	0.0501955976374289	6.57195157651748	1.25582770581743	0.209231679025115	0.343610278700051	-5.86388066904693
ENSMUSG00000029089	-0.058316842506061	7.15164750096454	-1.17155948845093	0.241424605332378	0.382146165277656	-5.86402730108989
ENSMUSG00000075470	0.0652913454622492	7.17129192020402	1.1536727751318	0.248684376148165	0.390214502882686	-5.86411689990973
ENSMUSG00000071415	0.0261167539511451	7.31359246082346	1.23514546804741	0.21682902044982	0.352242900574394	-5.86412859963375
ENSMUSG00000024393	0.0328044796315661	7.18872073998914	1.15555174330485	0.247914648816629	0.389359234921702	-5.86466749790897
ENSMUSG00000000753	0.0559486327678806	7.11869128636127	1.11607393438282	0.264439145284024	0.408259114393685	-5.86470285077743
ENSMUSG00000029757	-0.0474066575130969	7.50056992099004	-1.61270458219421	0.106865958424905	0.20668380849777	-5.86481057540259
ENSMUSG00000000440	-0.0288102428394668	7.45271773394171	-1.49712930167971	0.134416880667018	0.245780139901201	-5.86512335627798
ENSMUSG00000003929	0.061514073503635	7.44206480203297	1.40766487141688	0.159286725327307	0.27946687322234	-5.86522188598378
ENSMUSG00000021468	0.0524285036820924	6.85553745502139	1.15205805731092	0.249347186589617	0.39099932528821	-5.86570853529421
ENSMUSG00000029270	0.052169295593977	7.3621797605794	1.32893893129959	0.183923131779769	0.311947356038443	-5.86581604535632
ENSMUSG00000040414	0.0437296402399765	7.43636488538617	1.44782677177436	0.147722383856861	0.26388067259572	-5.86583098822557
ENSMUSG00000058638	0.0629682477676665	6.82190120980167	1.17324709527631	0.240747432643409	0.381489395808219	-5.86596540612309
ENSMUSG00000025047	0.0529008704962086	6.96319545042148	1.1202260838379	0.262666243963051	0.40628808035172	-5.86648971287889
ENSMUSG00000031200	-0.0273475652411692	7.19821759443502	-1.15802451043145	0.246904213106903	0.388164973875407	-5.86686201497298
ENSMUSG00000028778	-0.0520698881973125	6.94128534645103	-1.1168200309143	0.264119967345805	0.407958779199066	-5.86693504820346
ENSMUSG00000025348	0.0506794769464083	7.07018928954289	1.11185413181328	0.266249370287977	0.410763228353783	-5.86695816587061
ENSMUSG00000089296	-0.0531567411203229	7.29738360911594	-1.29385761044585	0.195768826060286	0.326788916330647	-5.86702952895482
ENSMUSG00000046230	-0.0496341934318547	6.8044532485269	-1.1438160052156	0.252749627361857	0.394585991106776	-5.86751260076093
ENSMUSG00000008450	0.0588504553709015	6.90402225485792	1.11932726697203	0.263049326422438	0.40668892082222	-5.86804143262536
ENSMUSG00000087370	0.0632552956353027	7.21221766279531	1.16248618817472	0.245088365636216	0.386213011798572	-5.86814941541472
ENSMUSG00000025173	0.0545877389782543	6.9904420702962	1.11045210748401	0.266852699037771	0.411257861777811	-5.86864164951358
ENSMUSG00000037296	-0.0502274277340247	7.11525802697172	-1.14671367876444	0.251549755398809	0.393227632421527	-5.86881078003259
ENSMUSG00000028889	0.0568789962782503	6.95076625788698	1.11156696173419	0.26637287075454	0.410808531501759	-5.86903974930872
ENSMUSG00000003299	-0.0549804641470075	7.16327896423908	-1.16517818568351	0.243997300353933	0.385141933303767	-5.86917867660974
ENSMUSG00000028521	0.0542384772555584	6.79089578616726	1.18428431547676	0.23635160552335	0.376094048536365	-5.86945478608642
ENSMUSG00000020949	-0.0449434097643628	7.16707705279998	-1.16603545641439	0.243650566353573	0.384802642229356	-5.86952109341177
ENSMUSG00000020687	0.0635018266829563	7.35373840940642	1.30813110952801	0.190883397517438	0.320735288284054	-5.86996797478076
ENSMUSG00000004032	0.0351923837811299	7.1090996082392	1.11761216710643	0.263781384719023	0.407628173836337	-5.87013047767987
ENSMUSG00000022517	0.0425954746409669	7.10062340787837	1.12262454384711	0.261645889069797	0.405284900579956	-5.87021806416288
ENSMUSG00000024261	-0.0493373344186931	7.07562424606279	-1.12555496729449	0.260402949470527	0.403837409910937	-5.87022922920726
ENSMUSG00000043671	-0.0432799162022803	7.07733189144827	-1.12226117490894	0.261800297414736	0.405428139786341	-5.87027548354726
ENSMUSG00000030056	0.0516900378810066	7.37513377332324	1.34114613375653	0.179928276294588	0.306516939811602	-5.87102589445799
ENSMUSG00000032269	-0.0405397249840593	7.39002244210557	-1.43703848404774	0.150763824365863	0.268288703085208	-5.87120770964051
ENSMUSG00000029207	0.0656720788021268	6.88440005649589	1.1502653501376	0.25008450385178	0.391733228574719	-5.87132887305239
ENSMUSG00000032418	-0.0395649320443052	6.95544956606862	-1.11434025349576	0.265181835728729	0.40930919516158	-5.8718563458566
ENSMUSG00000042312	0.055628171069948	7.05214570103628	1.10712241168776	0.26828932427191	0.412937201195373	-5.87231915229317
ENSMUSG00000026643	-0.03835533000745	7.03634376980955	-1.11057594621166	0.266799370061411	0.411224082039556	-5.87282108065176
ENSMUSG00000047904	-0.0496157640354111	7.31553773703401	-1.31844340737195	0.187410044564095	0.316100528656677	-5.87301936193129
ENSMUSG00000027263	-0.061968821199275	7.08166989844836	-1.12147231423946	0.262135729056652	0.405817396627187	-5.8732450480012
ENSMUSG00000006736	0.0461991670251951	6.91346993887219	1.11918824450223	0.263108613267092	0.406732549875165	-5.87344205228644
ENSMUSG00000006273	-0.0390582311057788	7.437221959724	-1.52641842956788	0.126963072412764	0.235505886090664	-5.87502509520998
ENSMUSG00000068882	-0.0704820698352391	7.13554634151671	-1.13236093191841	0.257531984413065	0.400238454408339	-5.87592709167068
ENSMUSG00000086605	0.0524110702010567	7.16954325810389	1.14924958001738	0.250502952371901	0.392154089734895	-5.87634730413444
ENSMUSG00000002108	0.0471500763361554	7.00680403524218	1.10818391120232	0.267830755471826	0.412473856091888	-5.87662824723177
ENSMUSG00000049086	0.0482149076735263	7.40713379825854	1.36130001314454	0.173474549689638	0.298385444077995	-5.87812054873888
ENSMUSG00000017776	-0.0592951256337537	6.81624485248507	-1.13722826267963	0.255492313927478	0.39801349047341	-5.87814829948773
ENSMUSG00000029364	0.069450780338201	7.43783952047945	1.4986313076859	0.134026578078136	0.245165751290865	-5.87832287146087
ENSMUSG00000103901	0.0450986772883306	7.36836711464706	1.29508102829091	0.19534652562331	0.326222090834669	-5.88125858218511
ENSMUSG00000055436	0.039925809194405	7.35986062348435	1.28948756852537	0.197282746016759	0.328520187083619	-5.88243798352525
ENSMUSG00000054659	-0.0512808602334998	7.31140395591486	-1.27117577604632	0.203719768272719	0.336797475214855	-5.88252376929946
ENSMUSG00000090553	0.0389209608711809	7.3241696395628	1.26127934661253	0.207261602761812	0.34105943983882	-5.88275313041344
ENSMUSG00000059263	0.0706537243801719	7.15519805441415	1.12113011063362	0.262281329856192	0.405837037049671	-5.88323347717417
ENSMUSG00000102215	0.0442367213963912	7.4068526601309	1.41144525929699	0.158169814644229	0.278282233659928	-5.88349589812756
ENSMUSG00000038777	0.0543561415599099	7.21775905982064	1.16429460201814	0.244355039564613	0.385479717794905	-5.88350324734437
ENSMUSG00000032342	0.053167228439988	7.16341339973014	1.13219116123702	0.257603330721774	0.40030181671329	-5.88434059596984
ENSMUSG00000030852	-0.0368936961045527	7.43467170161744	-1.46178398749167	0.143857425919831	0.258777331704098	-5.88464041917052
ENSMUSG00000040511	0.0577401782695119	7.1368650773918	1.11241031815389	0.266010288711946	0.410491124447996	-5.88499901151175
ENSMUSG00000028184	0.0382501729179721	7.25074953136738	1.1895936706164	0.23425737899171	0.373283545004804	-5.88504396047182
ENSMUSG00000040138	-0.0751668360623254	7.22551766161489	-1.15491891211038	0.248173704333832	0.389625870864436	-5.88562786506953
ENSMUSG00000024383	0.057344966218845	7.3854277779584	1.31063557819472	0.190035524588232	0.319787286363642	-5.88572135163476
ENSMUSG00000049600	0.0473215634829991	7.27689861708039	1.21409540017867	0.224763316733944	0.362272444392917	-5.88580586862173
ENSMUSG00000024576	0.0428557777768921	7.09068975386777	1.09590626590462	0.273167681462273	0.418771813314295	-5.88719678431465
ENSMUSG00000004360	-0.0629533213589495	6.72222425463479	-1.16249932666736	0.245083032309921	0.386213011798572	-5.88737489196883
ENSMUSG00000020781	0.0442501675596159	7.16187816847399	1.12015398221734	0.262696959989101	0.40628808035172	-5.88742590269304
ENSMUSG00000064984	-0.0628031774304807	7.43098411231151	-1.50544843449624	0.132266130439914	0.242944142228116	-5.8882807484776
ENSMUSG00000022212	-0.0598014958830797	7.25355980748551	-1.266352958676	0.205440263454012	0.338828915235566	-5.8888492164503
ENSMUSG00000025218	0.0376740289171744	7.40832239892752	1.35965393303643	0.173995083117828	0.29909974109488	-5.88905524196034
ENSMUSG00000018574	0.061038422089946	7.17046861413355	1.12437982668766	0.260900893860934	0.404322265912328	-5.8892505775412
ENSMUSG00000027519	0.0574725144946315	6.83403246492842	1.13556771475378	0.256186905857243	0.398668604716869	-5.88934870750884
ENSMUSG00000035126	-0.0463531582811001	6.76966912063893	-1.14660620040124	0.251594189066809	0.393227632421527	-5.88935504185927
ENSMUSG00000035726	-0.0559963413851161	7.030314642927	-1.09288751335962	0.274490958391361	0.420413998973924	-5.8896286579421
ENSMUSG00000058886	-0.0434649697314038	7.49121159016491	-1.5590822593597	0.119034328177562	0.224068644788015	-5.88981115050731
ENSMUSG00000021720	-0.0463358566744647	7.41616223439219	-1.40847343270709	0.159047336563186	0.279196531279865	-5.89008263650996
ENSMUSG00000021018	-0.0582447823034808	7.14676316833784	-1.15663187934071	0.247472922182843	0.388929211509383	-5.89026238376523
ENSMUSG00000027534	-0.0343988252518086	7.00453156661459	-1.09099776405149	0.275321559553446	0.421382962084839	-5.89040064434084
ENSMUSG00000033669	-0.0542920641342297	7.31530232584727	-1.30599136364107	0.191609999348933	0.32132164870965	-5.89042673611037
ENSMUSG00000004897	0.0381900555972239	7.05952267910525	1.09016164869632	0.275689604144051	0.421896937165857	-5.89046712359822
ENSMUSG00000061979	0.0525417149385818	7.35230757053257	1.33163807950863	0.183034215731971	0.310560387812721	-5.89053114532425
ENSMUSG00000029455	0.0447984705882893	7.19100698292764	1.13181528548933	0.257761341698599	0.400452294472299	-5.89053507027269
ENSMUSG00000083992	0.0357757409648283	7.30835666500973	1.25196842807772	0.210634496934505	0.345396899071803	-5.89145815630649
ENSMUSG00000000384	-0.0562787563764182	7.19840505006123	-1.1653927259967	0.243910494305423	0.385056817972579	-5.89194618871677
ENSMUSG00000037907	-0.0660365835871017	7.14046487561949	-1.13744627472173	0.255401218819262	0.397918928570959	-5.89243798054777
ENSMUSG00000024381	0.0630489838673833	7.2850880441405	1.15940089029972	0.246343040931792	0.387495265154274	-5.89263695939546
ENSMUSG00000035314	0.0509075569315556	6.7284036436811	1.14950666660914	0.250396998849427	0.392035100327277	-5.89300647555355
ENSMUSG00000026587	0.0527208669596222	7.30166313942077	1.28250585210303	0.199719190174745	0.331733524202965	-5.89302463407077
ENSMUSG00000036995	0.0460514803446666	7.24480665693562	1.13438751234875	0.256681370601414	0.399200820137053	-5.89338225230522
ENSMUSG00000032479	0.0749619127502301	7.18643124850023	1.10413301612134	0.269583643869345	0.414588166984313	-5.89389241585831
ENSMUSG00000027895	-0.0368222349558085	7.56754010607802	-1.67856027256084	0.0932944651503421	0.186674482309075	-5.89393250832884
ENSMUSG00000044221	-0.0705421841134131	7.00733851472675	-1.0886503892221	0.276355687927305	0.422713970557354	-5.89506160293634
ENSMUSG00000051790	0.0504190162446623	7.41901830491024	1.44368570833857	0.148884240959448	0.265557558942928	-5.89533553370443
ENSMUSG00000063972	0.065868807972814	7.03025824715521	1.09287651278154	0.274495788514291	0.420413998973924	-5.89550272034464
ENSMUSG00000033111	0.0348597331346179	7.49850116928981	1.4945324670111	0.135093752033846	0.246604489908968	-5.89616066341186
ENSMUSG00000028343	-0.052448257327284	6.64758707648053	-1.19203434194978	0.233299103432919	0.372020892497948	-5.89673721778476
ENSMUSG00000028630	0.0588215355026191	7.33951944531537	1.29953666557944	0.193814172369538	0.324228871027599	-5.89707815049791
ENSMUSG00000032932	-0.0552071574227666	6.95811983458489	-1.08599446204384	0.277528938629353	0.423968362256184	-5.89778792127884
ENSMUSG00000001065	0.0501161976479354	7.00991400657271	1.08511781331642	0.277916940316452	0.424223417427728	-5.89815033194988
ENSMUSG00000042502	-0.0537835666221174	6.98893502648738	-1.08497805099328	0.277978832762392	0.424259603465288	-5.89817774212651
ENSMUSG00000002413	0.0742881615184556	7.24756797598866	1.1622483594558	0.245184921855953	0.386230417150539	-5.89891577927424
ENSMUSG00000004356	0.0637405101794171	7.14730880700849	1.10663532870869	0.268499925053495	0.413115644470603	-5.89915658212261
ENSMUSG00000019856	0.0502359917486341	6.89368373825037	1.10726599486741	0.268227264669186	0.412890223286183	-5.89918387323465
ENSMUSG00000047897	0.0256786807537868	7.48481128344679	1.51268823687712	0.130416205644045	0.24031090278562	-5.89974023389878
ENSMUSG00000017670	-0.0712382677370096	6.88666432921811	-1.08663708382658	0.277244750977073	0.42378146874394	-5.89981125965025
ENSMUSG00000025147	-0.0556731642349311	7.08756813835989	-1.10803297690286	0.267895926353039	0.412477180737855	-5.89982849613771
ENSMUSG00000097326	0.0585794141206817	6.89876369634033	1.10212768379491	0.270454291109451	0.415634179974754	-5.90037772916951
ENSMUSG00000027001	-0.0525606406297019	6.85716035623702	-1.11098853803928	0.266621747544118	0.410998695260519	-5.900397736017
ENSMUSG00000074088	0.0606875174153565	7.304969668058	1.24971766990068	0.211455765966662	0.346406996241555	-5.90042130322923
ENSMUSG00000054409	0.0516579646693316	7.1902039257335	1.13812200488764	0.255119012247053	0.397604344105255	-5.90048850752
ENSMUSG00000103983	-0.0443180343804475	7.04537570701782	-1.08357233983966	0.278601860852278	0.42493600951817	-5.90129268245063
ENSMUSG00000068735	-0.0469408182708495	7.1576144566944	-1.14869286896811	0.250732497922262	0.392278903298071	-5.90174248180385
ENSMUSG00000025855	-0.0408061612086001	7.54718982505692	-1.67269499152123	0.094444112348965	0.188513846451082	-5.90192591242047
ENSMUSG00000024246	-0.0408592708921462	7.41439673484197	-1.3849006481185	0.166138904339512	0.288741608338364	-5.90197305568819
ENSMUSG00000022671	0.0333348629255319	7.45773515676651	1.45640524817236	0.145337589417695	0.260743796343244	-5.90253934968038
ENSMUSG00000071064	-0.0414655207648149	7.46367863421688	-1.46971029832871	0.14169731168177	0.256087963078097	-5.90295849317665
ENSMUSG00000100419	0.0462162840860909	7.41790419849091	1.39440187830943	0.163252485102254	0.284745741401374	-5.90315135380874
ENSMUSG00000068264	0.0510387011204179	7.30015711617396	1.20957670266473	0.226493242966928	0.364639638086943	-5.90346107756613
ENSMUSG00000051335	-0.0506855312635777	6.91595261325094	-1.08000018114408	0.280189358019479	0.426440255195422	-5.90483597253984
ENSMUSG00000032718	0.043189432182035	7.52946958670023	1.59051725831618	0.111775612397776	0.213808628190008	-5.9048914435496
ENSMUSG00000037503	0.0506361589373423	7.04723612658134	1.07887961579726	0.280688610798572	0.426852746262621	-5.90612784912559
ENSMUSG00000037470	-0.0387870315919709	6.80878588683476	-1.12000816077267	0.262759088994563	0.406336167389182	-5.90634160284323
ENSMUSG00000043301	0.0523950770792929	7.22178877966447	1.1578761200991	0.246964767675232	0.388193389170865	-5.90635811785484
ENSMUSG00000020134	-0.0543228698066907	6.97145085698379	-1.08005769119448	0.280163751482843	0.426440255195422	-5.90636299095016
ENSMUSG00000040524	0.0485708188181846	7.23488413542276	1.1410080254142	0.253916159003615	0.396076534454346	-5.90678983229748
ENSMUSG00000028309	0.0401765520069342	6.98664382555106	1.08055177574797	0.279943824256735	0.426215204927222	-5.9075211534617
ENSMUSG00000020697	0.0467827836552974	7.12050074280289	1.07932298125594	0.280491003100232	0.42670093104674	-5.90770080163226
ENSMUSG00000082860	0.083374247088714	7.17135726876195	1.09379003624532	0.274094877335539	0.419947353315024	-5.90780196588526
ENSMUSG00000011831	-0.0329918026217708	7.41676867897446	-1.41118035862503	0.158247885400643	0.278352991490692	-5.9078478309998
ENSMUSG00000024807	-0.0400657938860292	6.88815848588362	-1.08158196387101	0.279485643786206	0.425913868984868	-5.90805997802603
ENSMUSG00000030257	0.0532766419961197	7.21773415273384	1.13427275615119	0.256729484884898	0.399228223792978	-5.90823874776624
ENSMUSG00000086920	0.0607138996216472	7.30057611160776	1.17536893372108	0.23989791981631	0.380556305189063	-5.90868207172838
ENSMUSG00000021728	-0.0619975860751518	7.04849314581498	-1.0956663248306	0.273272700256081	0.418883759718137	-5.90881646534494
ENSMUSG00000031379	-0.0361250070872945	7.39500594011642	-1.37039154668541	0.170620522242993	0.29480848319985	-5.90907015736446
ENSMUSG00000069744	0.0538893556426681	7.30313444920679	1.24136354738061	0.214524308635259	0.349365872453391	-5.90929859101051
ENSMUSG00000024875	0.0460359618333355	7.43730767868297	1.35554450141244	0.175299684663393	0.300947216314338	-5.90963936810601
ENSMUSG00000093536	-0.0644606266434193	7.14890128661565	-1.11125891106854	0.266505394965132	0.410882108173127	-5.90966037449054
ENSMUSG00000073062	0.0437248999473319	7.49744954261401	1.47697151379317	0.13974040857831	0.253180380446614	-5.90991599809133
ENSMUSG00000021302	-0.0737849930294878	7.12242462347677	-1.09498876530663	0.273569407497581	0.419289473537618	-5.91053286708918
ENSMUSG00000031505	-0.0586451142116324	7.14972960746042	-1.10190963806064	0.270549075267056	0.415682254828811	-5.91064386651749
ENSMUSG00000053925	0.0533588769203348	7.3409537370201	1.22660937796891	0.220021841845107	0.356192154499337	-5.91084743551365
ENSMUSG00000057895	0.0639311042376942	7.10222583606486	1.07225434453057	0.283652755377865	0.429962009193818	-5.91095727471202
ENSMUSG00000026491	-0.0430627326282158	6.73986147648562	-1.12915353385687	0.258882215353386	0.401669348590487	-5.91141247567909
ENSMUSG00000026360	-0.0359514126871678	6.56288443489627	-1.19571478997855	0.231859320119284	0.370363862738124	-5.91145549973411
ENSMUSG00000031576	-0.0564235361625753	7.3653897041765	-1.45002372983032	0.147108804413868	0.263287555350152	-5.91167513284346
ENSMUSG00000035773	-0.0545421653232516	7.43620848020618	-1.53756022503819	0.124213583857583	0.231442401056514	-5.91218931341678
ENSMUSG00000022377	0.0454068958869422	7.23000180305454	1.15151567238139	0.2495701019682	0.391255152073725	-5.91230849366461
ENSMUSG00000052534	0.0462155228184518	7.32809469401	1.24908046053957	0.211688694449898	0.346645201718332	-5.91378280122112
ENSMUSG00000020840	0.0347970009232741	7.44391069750378	1.43303502877627	0.151904547150936	0.269599344486078	-5.91408797661117
ENSMUSG00000051379	0.0506005628894171	7.13846046215806	1.07848249586269	0.280865687161816	0.426973243883244	-5.9145902126309
ENSMUSG00000023892	0.0646463793650698	7.04233604224291	1.06695435341459	0.286039182815728	0.432377898790383	-5.91516933991054
ENSMUSG00000041718	-0.0448365775940429	7.11442399326438	-1.0939440801141	0.274027312711396	0.419892974955242	-5.91519253660566
ENSMUSG00000027367	-0.0430321973720931	7.29019890449043	-1.26591375465498	0.20559746860323	0.339045479147687	-5.9160221020464
ENSMUSG00000049303	0.0513395781939501	6.99279048692932	1.06531171744272	0.286781559293452	0.433100031638006	-5.91608556201954
ENSMUSG00000086502	-0.029760826680719	7.26943291183189	-1.16648864210452	0.243467409632694	0.384635613238956	-5.91610561840788
ENSMUSG00000103046	0.0526925985753772	7.24764460868017	1.11881654078737	0.263267173526765	0.406929614617758	-5.9162037088542
ENSMUSG00000039000	-0.0492991804630494	6.99116698455832	-1.06703963692578	0.286000675099722	0.432377898790383	-5.91663165043131
ENSMUSG00000019373	0.0644687032850841	7.09273741638993	1.07025486055442	0.284551474133345	0.430825476969325	-5.91663470970197
ENSMUSG00000003604	0.0495404518079514	7.08337268668672	1.06638535229272	0.286296191251932	0.432616543844678	-5.91710375123318
ENSMUSG00000065499	-0.0542732325465272	7.12399056705216	-1.11165045158507	0.266336961014548	0.410808531501759	-5.91780127571337
ENSMUSG00000027540	-0.0496115185384207	6.98111887908894	-1.06569103582441	0.286610013872328	0.432890897740716	-5.91797190646979
ENSMUSG00000018415	0.0851816270646077	6.72636074273394	1.1670797190047	0.24322866910055	0.384397602108208	-5.91819135428849
ENSMUSG00000023330	-0.0493279602761252	7.36937594014074	-1.34611516411013	0.178320742451357	0.304496564519782	-5.91865073143436
ENSMUSG00000074305	0.065148764600889	7.1169492132901	1.07505270817733	0.282398191601058	0.428606205012874	-5.91895329621918
ENSMUSG00000063480	-0.0523803515379004	7.01715356086235	-1.07097825158384	0.284226105461097	0.430482204152786	-5.91924069353756
ENSMUSG00000032908	0.0740406467872159	6.99544849157995	1.06670920957065	0.286149891128088	0.432445385507206	-5.91926674814359
ENSMUSG00000020116	0.0689171694509092	7.3599273901454	1.24420978410296	0.213475274484817	0.348481083984443	-5.91940205452033
ENSMUSG00000029152	-0.0578126173072091	7.00521604134508	-1.06709100689953	0.285977481915932	0.432377898790383	-5.91949635514422
ENSMUSG00000005615	0.0525231820114751	6.97133879545449	1.07858967526523	0.280817888235213	0.42695015593722	-5.92020919255215
ENSMUSG00000053907	-0.0374577200261301	6.97173565209904	-1.06782538900528	0.285646052526	0.431983148858772	-5.92043543710542
ENSMUSG00000021629	0.0473021978579213	7.17900296728481	1.09847310636099	0.272045939260963	0.417506266203381	-5.92065804372996
ENSMUSG00000085573	-0.061830164813399	7.10736219821213	-1.07638222644258	0.281803461925751	0.427802750873368	-5.9208886605625
ENSMUSG00000022849	0.0632789188914327	7.23183022308742	1.15573927770987	0.247837916183403	0.389332133270112	-5.9211707900186
ENSMUSG00000030047	-0.053600290759662	7.1792924728173	-1.14030652157192	0.254208172177009	0.396390351374631	-5.92122603038183
ENSMUSG00000052563	0.0572947471599496	6.95088515517488	1.07042791161334	0.284473615854297	0.430757411376874	-5.92125037309883
ENSMUSG00000074170	0.0473540004501505	6.93553435404859	1.08088025118077	0.27979767802508	0.426138639935883	-5.92127538617038
ENSMUSG00000021023	-0.0336266396203815	7.3544984056196	-1.28618020452852	0.198434206740941	0.330101732484421	-5.92152536848529
ENSMUSG00000042082	0.0410943206830812	7.38101944667924	1.31328174376283	0.189142699331611	0.318612483228185	-5.92200805943122
ENSMUSG00000042388	0.0707585087685141	7.09322960694342	1.07963127915062	0.280353650652008	0.426561727299231	-5.92228523890918
ENSMUSG00000026816	0.0388779431190072	7.22706743718953	1.12353330244054	0.261260000987239	0.404778518697279	-5.92428788514294
ENSMUSG00000044465	0.0650617751324747	7.17301086420205	1.13798110511212	0.255177838605946	0.397618217451684	-5.92445066546555
ENSMUSG00000025958	0.0537082972699983	7.05836873148708	1.05672847824186	0.290681840211973	0.43754650592042	-5.92515567321761
ENSMUSG00000023286	0.0382818950762207	7.15784029237485	1.08352744384766	0.278621774944739	0.42493600951817	-5.92522634144045
ENSMUSG00000087403	0.057802138409091	7.16768860038484	1.10242626672555	0.270324534497475	0.415529467501219	-5.92573284215448
ENSMUSG00000034647	0.0628521035417222	7.14198208828009	1.07351893574488	0.283085346424908	0.429400226554848	-5.92589141762125
ENSMUSG00000034957	0.0565122252014776	7.14010845742025	1.08009128828017	0.280148793007326	0.426440255195422	-5.92693579047824
ENSMUSG00000037872	0.0394546520902219	7.02947739097006	1.05525409550242	0.291355384964183	0.438256910444607	-5.92696526133733
ENSMUSG00000052384	-0.0465307188593904	6.92796902075556	-1.05669955447092	0.290695043423145	0.43754650592042	-5.92726953502193
ENSMUSG00000046312	0.0558413101664428	7.03630318041909	1.05585165440327	0.291082274745846	0.437978294560696	-5.92731720714876
ENSMUSG00000052253	0.0596507721975543	7.24673302331278	1.16688909302349	0.243305646422651	0.38447284525834	-5.92742750837814
ENSMUSG00000021662	0.0564926661709535	7.0178636631723	1.05416919047094	0.291851673714993	0.438682217253351	-5.92765006793745
ENSMUSG00000028156	-0.0498273477664357	7.33747536574926	-1.26144075013389	0.207203481778448	0.341006660395153	-5.92784209143004
ENSMUSG00000040265	0.0600942225324506	7.19736674673053	1.1028214175698	0.270152877557597	0.415365998001651	-5.92808432286344
ENSMUSG00000069662	0.0313326894358452	7.42561073937148	1.34294955378241	0.17934361009372	0.305764623433648	-5.92842713448743
ENSMUSG00000032288	-0.0473513166988146	6.98034522425382	-1.05477092905386	0.291576338849806	0.438469725272417	-5.92897067602733
ENSMUSG00000044864	0.0538819682682599	7.07668092736933	1.05522678845979	0.291367869577594	0.438256910444607	-5.92916576581651
ENSMUSG00000018849	-0.0543403191348606	7.08576406999546	-1.07827803737437	0.280956885082454	0.427029558835563	-5.92947161170279
ENSMUSG00000078779	-0.056901508559803	7.21647789080299	-1.12938116420955	0.258786227462624	0.401650868298561	-5.92950552036935
ENSMUSG00000027573	-0.0636522237747386	7.25690099210681	-1.18033570314626	0.237917662680201	0.378011898035096	-5.92965090917451
ENSMUSG00000016427	0.0551593230915195	7.04036127130162	1.05764264530523	0.290264746367941	0.436999316863971	-5.92985195722614
ENSMUSG00000038544	-0.0462999603397893	7.00250933545588	-1.05439800578988	0.291746955115136	0.438575167799674	-5.93051971005514
ENSMUSG00000003731	-0.0475046755946638	6.85979550508595	-1.06459402529775	0.28710632276847	0.433440495581735	-5.93081276520412
ENSMUSG00000088984	-0.0523675192458937	7.41812843324548	-1.4544689074453	0.145873293282372	0.261469490094855	-5.9308885098241
ENSMUSG00000029397	0.0510134397703155	6.9881908048004	1.05199842893562	0.292846391493136	0.439823902423786	-5.93094277809914
ENSMUSG00000028995	0.0562166161271147	7.14797166751854	1.06573483982792	0.286590208129271	0.432890897740716	-5.93109414929892
ENSMUSG00000006920	-0.0484392719682321	7.26765128622369	-1.21707492003491	0.223627823666918	0.360914135533443	-5.93140885130455
ENSMUSG00000036898	0.0648552310845165	7.38398513667688	1.2554624176202	0.209364167727209	0.343784733962702	-5.93157880681553
ENSMUSG00000041046	-0.0387518754761027	7.43944832972328	-1.48185829119917	0.138435174983564	0.251349205366296	-5.93181759279708
ENSMUSG00000071669	0.0607359460598333	7.03669300599812	1.05096926946392	0.29331878247691	0.440280841571625	-5.93183726796331
ENSMUSG00000032249	-0.0692082203047519	6.88985819978298	-1.06107251023681	0.288703444022568	0.435249365401136	-5.9326268683861
ENSMUSG00000037669	0.0570132739414264	7.09374069387764	1.05163229223777	0.293014392071295	0.4400257422571	-5.93298986257926
ENSMUSG00000036093	0.0500332395071519	7.204090868636	1.08552372442791	0.277737239564451	0.424187580538707	-5.93320912836832
ENSMUSG00000060923	-0.0519735023095151	7.19562223337771	-1.08916759358569	0.276127607986894	0.422517840552175	-5.93331873717951
ENSMUSG00000030584	-0.053302363649153	7.35221196569302	-1.35850247569667	0.174359897033694	0.299608842625688	-5.93352888510913
ENSMUSG00000027828	0.05651388336398	7.40757220083066	1.30086630765832	0.193358605403908	0.323563015108439	-5.93379723655053
ENSMUSG00000021263	0.0580399154888553	7.16816953978598	1.08310655791794	0.278808510464062	0.42512939890467	-5.93380493648194
ENSMUSG00000035521	-0.053648754180097	7.25727766950645	-1.18125700659702	0.237551611032019	0.377613609960077	-5.93401007595845
ENSMUSG00000043019	0.0691266234411261	7.17562775041239	1.08082119366346	0.279823950239878	0.426138639935883	-5.93405219912728
ENSMUSG00000063511	-0.0730254489296156	7.15449057163753	-1.09206016327288	0.274854392501543	0.420859469338249	-5.93468266087241
ENSMUSG00000024247	0.0302722986282609	7.47848889779287	1.44055346721136	0.149767678703034	0.266661015854769	-5.93485368967148
ENSMUSG00000057230	0.0537853454317352	7.39693873971674	1.38699304524327	0.165499972452107	0.287822215640672	-5.93504229060712
ENSMUSG00000020792	0.0304396792467472	7.19702906445862	1.10543595863649	0.26901898248734	0.413793011544994	-5.93515070417405
ENSMUSG00000025354	0.0251822836235798	7.04382532688526	1.04678863740058	0.295242976852487	0.441890431445922	-5.93533841629597
ENSMUSG00000037339	0.040677548603167	7.36140763465505	1.26494362113624	0.205945020215216	0.339447589658518	-5.93610245278555
ENSMUSG00000060708	0.0591604092053908	7.03879942738456	1.04904445270536	0.294203658252952	0.441074876388408	-5.93657115648908
ENSMUSG00000027506	0.039450960723868	7.41041560048159	1.32665439730529	0.18467799747681	0.312984380966524	-5.93658172444464
ENSMUSG00000039656	-0.0651817579937788	7.00876598304758	-1.0496771637315	0.293912591350836	0.440818380795641	-5.93671852659118
ENSMUSG00000096472	-0.0551641190064194	7.17549436391192	-1.15131587226062	0.249652253137024	0.391274780843416	-5.93693366117369
ENSMUSG00000031428	-0.0651502345663966	7.05748703002153	-1.07180505160543	0.283854533799587	0.430168255180482	-5.93725161532983
ENSMUSG00000032036	0.0426734048102464	7.06192374278598	1.04525692363941	0.295950081735658	0.442707777660333	-5.93733717047852
ENSMUSG00000026496	-0.0573222550705292	7.01532183302324	-1.04741573722152	0.294953807477559	0.441671651320623	-5.93772150741268
ENSMUSG00000025290	-0.0607264636105409	7.10891430786253	-1.05249605248873	0.292618162336448	0.43963242842653	-5.93825899561746
ENSMUSG00000032594	0.0581207354901938	7.02065428343945	1.04942819241325	0.294027102900352	0.440939614108981	-5.93839765873532
ENSMUSG00000097397	0.0432314728985803	6.85142269313141	1.07294135518563	0.283344405320783	0.429594088530364	-5.93848284615328
ENSMUSG00000022656	0.0503614351632393	6.95369381978958	1.06014152941772	0.289126673143785	0.435686740883797	-5.93848290442998
ENSMUSG00000059878	0.0624427897038364	7.3926427718135	1.24790562809018	0.212118634378388	0.34703627780816	-5.93910769854465
ENSMUSG00000036764	-0.0361462674093476	7.51893763928416	-1.54949671351772	0.121319777539272	0.227422469579631	-5.93978667350427
ENSMUSG00000046844	-0.0460565206855152	7.21289793170097	-1.16217266831749	0.245215657344287	0.386232361158735	-5.93991135925847
ENSMUSG00000047242	0.0526243359050538	7.21351631297597	1.07131020423613	0.284076883289348	0.430305976631279	-5.94010274916061
ENSMUSG00000098403	0.0635567118023408	7.17242322244404	1.06072243732411	0.288862540114866	0.435439076014257	-5.9405282609498
ENSMUSG00000025371	-0.0403762346539756	7.47003962889769	-1.48258061862684	0.138243044603423	0.25112778409158	-5.94053431141714
ENSMUSG00000073179	-0.0419553625839324	7.02247324807585	-1.0446236111321	0.296242777061671	0.442993767823117	-5.94093090465091
ENSMUSG00000058291	0.0796611511063601	7.01980226146889	1.04480902556301	0.296157064816289	0.442916186037795	-5.94108704964238
ENSMUSG00000015335	-0.037293923087554	7.37105917943947	-1.27593218969372	0.202033260250717	0.334558492689399	-5.94112629976829
ENSMUSG00000022299	0.0616854284735577	7.35451587489215	1.24205995248043	0.214267292529702	0.349103136819412	-5.94156588161404
ENSMUSG00000038611	-0.0480732921362854	6.87745945825225	-1.06506931403087	0.286891221705263	0.433165710363892	-5.94160795963182
ENSMUSG00000002733	-0.0547790529419974	6.87033644054314	-1.06441263466151	0.287188443293087	0.43346450306584	-5.94163720811935
ENSMUSG00000026627	0.0455453069204648	7.31345614366933	1.19197361994188	0.233322910808177	0.372020892497948	-5.94177029539246
ENSMUSG00000040720	0.0406662580457251	7.07564323366572	1.04144446571178	0.297714995991811	0.444839617384705	-5.94199718357443
ENSMUSG00000001036	0.0529108212633815	6.90898562334823	1.07156304032797	0.283963261860233	0.430283220402104	-5.94207937696249
ENSMUSG00000030515	-0.0449971759086045	7.06406925661862	-1.04873730386558	0.294345026023634	0.441118921924265	-5.94235175457251
ENSMUSG00000022336	0.0615817320794125	7.34828278167891	1.2295466479455	0.218919405499197	0.354714462474688	-5.94251783487034
ENSMUSG00000017715	0.0556176940259521	7.35112868020278	1.30938223874968	0.190459487672445	0.320336024230171	-5.94253999947865
ENSMUSG00000052676	0.0566610667735121	7.33953317823103	1.20049434763146	0.229999001702009	0.368200896341735	-5.94339570563662
ENSMUSG00000020859	0.0709669804787074	7.16954077216465	1.06126176916084	0.288617456960254	0.435199194279525	-5.9434496408165
ENSMUSG00000031432	-0.0580832399915199	7.27403200388023	-1.24204514715503	0.214272754289017	0.349103136819412	-5.94366769128392
ENSMUSG00000023064	0.0305753477241355	7.08335088712767	1.039281818292	0.298719278784395	0.445933044224094	-5.94366839429083
ENSMUSG00000007812	0.0640318318618656	7.21097018391973	1.08907112574189	0.276170139221552	0.422533535431642	-5.94399918207103
ENSMUSG00000048921	-0.041584394597967	7.37621930266911	-1.31328691381657	0.189140957970656	0.318612483228185	-5.94420549094522
ENSMUSG00000002679	-0.0646763562687269	6.88138786771146	-1.05068455251779	0.293449559706597	0.440325688903011	-5.94482512512341
ENSMUSG00000021715	0.0368544464947265	7.41580966288542	1.30406220816672	0.192266832879218	0.322258017674397	-5.94517103876166
ENSMUSG00000018362	0.0604131606227192	7.17141354130266	1.07313278041752	0.283258528668342	0.429513627209397	-5.9452977433552
ENSMUSG00000090946	0.0478644367477079	7.40668431284756	1.30685785498294	0.191315516698552	0.320992277920984	-5.94531930443137
ENSMUSG00000097083	0.0410757207440486	7.47472773422441	1.49078997035275	0.136073873488004	0.248084608101295	-5.94534533418442
ENSMUSG00000027560	-0.0537592681408654	7.1432207801656	-1.08081110987828	0.279828436260983	0.426138639935883	-5.94540456396072
ENSMUSG00000041408	0.0797607627009498	7.16936680038923	1.05829190756697	0.289968761617622	0.436654132401416	-5.94580431139094
ENSMUSG00000042541	0.0514522172813994	7.07099657391256	1.03874392590355	0.298969414306997	0.446204693582672	-5.94612265163144
ENSMUSG00000034573	0.0433296236286225	6.80197642229892	1.1027463434019	0.270185484669929	0.415367351491159	-5.9463970775191
ENSMUSG00000027080	-0.0521335743858513	7.17400207709252	-1.09590806322521	0.273166894904814	0.418771813314295	-5.94658922212674
ENSMUSG00000026502	0.0569138985099311	7.25394516850133	1.12049663406269	0.262551008925071	0.406158313700465	-5.94784361349815
ENSMUSG00000025220	0.0583343477310194	7.12403297630508	1.05892564506453	0.289680050340542	0.436346199163793	-5.94806885755127
ENSMUSG00000022681	0.0371557000567941	7.41974411595578	1.35473068457659	0.175558906977952	0.301116938089784	-5.94810692957368
ENSMUSG00000025465	0.0435760396683547	7.42727553123103	1.34456083862326	0.178822430018377	0.305140332515287	-5.94855491769958
ENSMUSG00000011658	-0.0612101473774098	7.27234750831961	-1.16235221944925	0.245142752394012	0.386213011798572	-5.94861887520491
ENSMUSG00000028622	-0.0703021306424718	7.1462295635885	-1.08620891461521	0.277434078872698	0.423872909394487	-5.94890601448965
ENSMUSG00000002688	-0.0413837851396481	6.90179194134911	-1.05504772818346	0.291449743757942	0.438329700778745	-5.94918752417484
ENSMUSG00000033972	0.0408915588943239	7.29280431512375	1.1391070903061	0.254707997646243	0.39712243720193	-5.949457775753
ENSMUSG00000034771	-0.0484824604061256	7.35103267855468	-1.28119535318298	0.200178961592277	0.332286416275655	-5.94946328350839
ENSMUSG00000025946	-0.0337765309283844	7.08710048364904	-1.03803366527686	0.299299920218411	0.446494365941138	-5.94958409123232
ENSMUSG00000015882	0.0591950131870957	7.41387400122964	1.29905659898847	0.19397884811607	0.324462895047347	-5.94990309050968
ENSMUSG00000026727	0.0432266834148853	7.07578123049902	1.03156022675258	0.302323445144429	0.449648212296722	-5.95051154415567
ENSMUSG00000038860	0.0367591143484711	7.31030012887974	1.20008672507959	0.23015724278028	0.368319107991617	-5.95083978162195
ENSMUSG00000068758	-0.0386660867550122	7.48712994668074	-1.48246598905325	0.138273520958923	0.25114829861185	-5.95112156945292
ENSMUSG00000027599	-0.0409542230084838	7.19865178476601	-1.10998302190259	0.267054769021607	0.411472406264668	-5.95162089141763
ENSMUSG00000097090	0.0544430374431162	7.22129392559016	1.08793044421764	0.276673387528331	0.423006888884842	-5.95180611509969
ENSMUSG00000052446	0.0480286573580182	6.98323365046972	1.04355530407514	0.296736950916719	0.44363139904096	-5.95224588864522
ENSMUSG00000022434	0.0481926420676908	6.78563409853591	1.08669398290522	0.277219597967111	0.42378146874394	-5.95282795019631
ENSMUSG00000027797	0.048621147627089	7.25378028330941	1.14990639203937	0.250232321522755	0.391824130292538	-5.95291265703362
ENSMUSG00000035478	0.0508987986420006	7.34539667621578	1.23603963871703	0.216496506201894	0.351835957842936	-5.95343423020397
ENSMUSG00000027457	0.0617091772181757	7.26606459566719	1.19510360049196	0.232097978162634	0.370654638949159	-5.95397945541947
ENSMUSG00000033454	0.047195925953714	7.03499763867189	1.02853211336584	0.303744728657555	0.451072494923977	-5.95439161125589
ENSMUSG00000046691	0.0451495859566666	6.86790991694313	1.0492965541121	0.294087660545066	0.440979916602451	-5.95466928551241
ENSMUSG00000036304	0.0353250567015087	7.18376377844103	1.06385749575866	0.287439868451596	0.433712582744721	-5.95487799050504
ENSMUSG00000024535	-0.0459146365218892	7.32828946094035	-1.2622689528644	0.206905434242939	0.340687453793052	-5.95496464253913
ENSMUSG00000000126	-0.0277688997467953	7.61993205991717	-1.68693971886976	0.0916715346403349	0.184215461475252	-5.95501520380791
ENSMUSG00000020546	-0.0588618807102472	7.155415017267	-1.07962242852891	0.280357593131376	0.426561727299231	-5.95504004355556
ENSMUSG00000040855	0.055686441319919	7.17270544393208	1.08088900219381	0.279793785208722	0.426138639935883	-5.95533728623237
ENSMUSG00000001416	0.0331772847095682	6.74854043172993	1.09438090419304	0.273835780794415	0.41964860612905	-5.95677869618951
ENSMUSG00000041879	0.0584367360688924	7.07014455383186	1.02673876756153	0.304588548570201	0.451707439723728	-5.95714958816092
ENSMUSG00000049624	0.0371041228729441	7.47148188914878	1.44911935562233	0.147361146929569	0.263559034918294	-5.95742453819781
ENSMUSG00000032890	0.0723037405947746	7.25184838564882	1.16936288704093	0.242308025692553	0.383173894476011	-5.95749810918144
ENSMUSG00000001663	-0.0456324684256915	7.2373916439293	-1.16615709088995	0.243601397813717	0.38480085668161	-5.9579454727589
ENSMUSG00000024427	-0.0501452077370823	6.93262124660087	-1.02852738061931	0.303746953502122	0.451072494923977	-5.95825555487267
ENSMUSG00000037593	-0.0433601845534213	7.40691767520738	-1.39142515387874	0.164152699650297	0.285984548821544	-5.95831098009152
ENSMUSG00000023809	-0.0466230914532515	7.06853817415198	-1.04715323990977	0.295074827595439	0.441764951867779	-5.95856560744321
ENSMUSG00000024947	-0.0519147909876763	7.03214983463929	-1.03204141255251	0.302098002646765	0.449541606120873	-5.95881967966754
ENSMUSG00000003198	-0.0469992853216734	7.08030483244596	-1.02909710690418	0.303479205348941	0.450777145045193	-5.95900279979018
ENSMUSG00000003421	-0.0291531179207283	7.3356665119606	-1.24324035646199	0.2138321586719	0.348773235292024	-5.95936251072208
ENSMUSG00000029312	0.0540946900332662	7.0323542758988	1.03079247741026	0.302683378568245	0.449947696465897	-5.95986936991735
ENSMUSG00000022568	0.0611388637054038	7.13288569941716	1.03005539823557	0.303029201426066	0.45031308797617	-5.95987157993941
ENSMUSG00000089824	-0.0698535684039499	7.29888072778008	-1.20897024236568	0.226726139835517	0.364832087113262	-5.96058166886508
ENSMUSG00000092060	0.0482802590110625	7.01327083879267	1.02163931485473	0.306996484010623	0.454211031438573	-5.96062193528561
ENSMUSG00000009687	-0.0466500252807744	7.18455140969096	-1.08247303453689	0.279089747909953	0.425459126646146	-5.96125558560064
ENSMUSG00000039219	0.0523761088412833	7.45480742594155	1.34744770925842	0.177891473374114	0.304120549675359	-5.96173029317699
ENSMUSG00000061080	0.0465037402610662	7.40802983463019	1.36715619873196	0.171632107273165	0.296087435554128	-5.96174715499104
ENSMUSG00000038271	0.0499827558852921	7.0822483005242	1.02127152691823	0.307170637831827	0.454404292711218	-5.96203450914608
ENSMUSG00000030393	0.0583506719421543	7.07991727095063	1.02802481883797	0.303983267351171	0.451218700245072	-5.96209836109055
ENSMUSG00000041729	0.0368632613632265	7.30794477087443	1.17060533203691	0.241808065138749	0.382521893281356	-5.9623752503969
ENSMUSG00000022516	-0.044372877856083	7.08171748222495	-1.04769646544956	0.294824419106757	0.441578914877665	-5.96242530657527
ENSMUSG00000073102	-0.0490158938495266	7.00392358120824	-1.02284980323387	0.30642375926308	0.453626634731655	-5.96254273453727
ENSMUSG00000002329	0.0422134235972695	7.45734326760209	1.44458524402221	0.148631267017618	0.26517859741001	-5.96292995521814
ENSMUSG00000019803	0.0510989858139537	6.85330405341248	1.07072615297624	0.284339466413514	0.430604082624144	-5.96295381736528
ENSMUSG00000015165	0.0501067465238441	7.33483199642535	1.18220670864735	0.237174692795147	0.377106033285652	-5.9640553430268
ENSMUSG00000039474	-0.0521846135163901	7.32470580943547	-1.26853828422014	0.204659364616755	0.337881513437901	-5.96408513607113
ENSMUSG00000001376	-0.0559713369454853	7.16814766186712	-1.07740767020932	0.281345333995496	0.427439521404128	-5.96438663070841
ENSMUSG00000034832	0.0535255852569252	7.2232732271769	1.08582305334934	0.277604774484336	0.42403473428409	-5.96459456755326
ENSMUSG00000019494	-0.0403509706624146	7.30780388960716	-1.25881709412148	0.208149720959599	0.342262766491217	-5.96551768933428
ENSMUSG00000079662	0.0388964654344939	7.33140213809914	1.24186007113471	0.21434103824223	0.349110832628425	-5.96565437942076
ENSMUSG00000021670	0.0459062864103581	7.26917575713974	1.20041949063863	0.230028055751657	0.368202384875987	-5.96633214706161
ENSMUSG00000102555	-0.0284436793633898	7.14257424592633	-1.04165565575198	0.297617045380687	0.444794789740177	-5.96658265793807
ENSMUSG00000028910	-0.0456777497995668	7.35972935487843	-1.28272848936189	0.199641157534442	0.331645988382301	-5.96670437099055
ENSMUSG00000041552	0.057984893264635	7.29335578398404	1.18939833978777	0.234334191695562	0.373360501116989	-5.96686831145809
ENSMUSG00000000804	-0.0574496995850522	6.80458292602939	-1.05068891044589	0.293447557712255	0.440325688903011	-5.9671986016647
ENSMUSG00000030465	0.0593168282969767	7.15678949059548	1.0596353443779	0.289356963093266	0.435933413212547	-5.96791503992928
ENSMUSG00000036779	-0.0523388262944344	7.10903888739651	-1.03152197860479	0.302341369756191	0.449648212296722	-5.96815328260956
ENSMUSG00000079477	-0.0612477009953762	7.17059998545322	-1.06605717140607	0.286444496083616	0.432779106490906	-5.96825355364967
ENSMUSG00000023004	0.0609890370257755	7.28543873209279	1.21625269040572	0.223940764050831	0.361330106353646	-5.9683412681878
ENSMUSG00000048895	0.0496335105470669	7.17789725624943	1.09170754596742	0.275009388264037	0.420954391576379	-5.9706913476845
ENSMUSG00000095098	0.0680101904882173	7.27100411119032	1.17436019775505	0.240301519876485	0.380967243669525	-5.97082116738117
ENSMUSG00000010048	-0.0414778018679396	7.22616456492635	-1.09881053405327	0.271898713942617	0.417364047712129	-5.97102467850422
ENSMUSG00000018678	0.0418732569248377	7.36570529877368	1.1984018840358	0.230812127840497	0.369141507169287	-5.97177119351486
ENSMUSG00000033487	-0.0578031153886984	6.86735934562826	-1.03487701171953	0.300771756571772	0.447771643966071	-5.97204656718636
ENSMUSG00000091510	-0.0519686785042257	7.36675644343868	-1.3090677254042	0.19056598634675	0.320350525584444	-5.97217566433264
ENSMUSG00000005873	0.0481516056397764	7.02090505749551	1.01000030153494	0.312539484108663	0.460236887004952	-5.97249981042495
ENSMUSG00000047181	-0.0333545902370096	7.09162589034799	-1.02832802526684	0.3038406794647	0.45110934175004	-5.97258636917925
ENSMUSG00000015357	-0.0439960635144168	7.24233666369327	-1.12119108765462	0.262255381261124	0.405837037049671	-5.97262403843518
ENSMUSG00000025364	-0.0496348684298678	7.17266245208542	-1.05139274577512	0.293124342162161	0.440140370178577	-5.9729190114157
ENSMUSG00000022124	0.0677959053243846	7.15177453877922	1.01886573205367	0.308311436225809	0.45578289555875	-5.97308963163745
ENSMUSG00000026640	0.0757899519167866	7.20349692298892	1.08541170257504	0.277786824806913	0.424213823675738	-5.97315118683823
ENSMUSG00000031169	-0.0614463286819236	7.32304361675935	-1.23603589481542	0.216497897676649	0.351835957842936	-5.97338787880265
ENSMUSG00000010067	0.0473746904355981	7.17331007061806	1.03303072287062	0.30163484808902	0.448913683359947	-5.97339202414062
ENSMUSG00000093994	-0.0626461831016609	7.45808772078959	-1.46496336279033	0.1429879538199	0.257567183738323	-5.97339465386302
ENSMUSG00000021178	-0.0589343035367644	7.06962435116636	-1.03554923070002	0.300457920993929	0.447507975159558	-5.97433352815336
ENSMUSG00000045665	0.0332383264650229	7.43549765441483	1.39589820026187	0.162801379183344	0.28422398403365	-5.97459211865723
ENSMUSG00000090641	0.0652557745658715	7.15884394573184	1.03132836062859	0.302432117734597	0.449681009129057	-5.97510648331116
ENSMUSG00000019797	-0.0537478190229441	6.95387834082412	-1.01599033761249	0.309678585781379	0.457132719284661	-5.97541438943339
ENSMUSG00000041133	-0.0465398743859797	7.03999278113097	-1.00879173059436	0.313118813774984	0.460912020456723	-5.97544037802623
ENSMUSG00000036686	-0.0769990860690282	7.13764481144901	-1.07715744568659	0.281457077806461	0.427449026412332	-5.97573772998132
ENSMUSG00000041771	0.0533772369154866	7.19263782341883	1.06383029707441	0.287452190687133	0.433712582744721	-5.97647369711753
ENSMUSG00000025321	0.0488640810519136	7.20239908371104	1.03613905913428	0.300182730564008	0.447352567847922	-5.97659321944547
ENSMUSG00000026197	-0.041807996031233	7.33393117523287	-1.28663624432348	0.198275144687921	0.329920970291594	-5.97725840070835
ENSMUSG00000005882	0.0406246907144734	7.19754814957312	1.07821429915347	0.280985319381388	0.427029558835563	-5.97844978343254
ENSMUSG00000030942	-0.0577791261598364	7.15988049999922	-1.04866588289547	0.294377904636767	0.441118921924265	-5.9784885318466
ENSMUSG00000033157	-0.0607183734066483	7.40992898521611	-1.33569176554755	0.181705196175301	0.308745545532388	-5.9785193410518
ENSMUSG00000068615	0.0385440952436102	7.30968097286351	1.15133630291655	0.249643851862948	0.391274780843416	-5.97875303233876
ENSMUSG00000031993	0.0475684538807748	7.34596357668781	1.25802216853254	0.2084370338746	0.342606107656781	-5.9788883243015
ENSMUSG00000023017	-0.0483461332741584	6.96395223475518	-1.00497288680224	0.314954025137858	0.462936802189833	-5.97918352924539
ENSMUSG00000031610	0.0406189857123334	6.91464667712585	1.01244198457836	0.311371217135658	0.458958790220675	-5.97945218932385
ENSMUSG00000005069	-0.0586326312134489	6.88919290020824	-1.00831602883548	0.313347035715597	0.461118257119917	-5.97963064619043
ENSMUSG00000005802	0.0483160835324306	7.34334900185669	1.20617313193939	0.227802515794127	0.365713125294507	-5.98045597169604
ENSMUSG00000032593	-0.0604462595343103	7.18337580644837	-1.08084141029937	0.279814956516913	0.426138639935883	-5.98056387293785
ENSMUSG00000002957	0.0403187949127615	7.43734669513616	1.40669892116133	0.159573069195679	0.279894241949335	-5.98084864315778
ENSMUSG00000079470	-0.0703861430122235	6.91242654272006	-1.0180144148147	0.30871579103947	0.456079003373837	-5.98107094240245
ENSMUSG00000029686	-0.0650740071269986	7.28071734720472	-1.15215281193523	0.249308257570294	0.390989988389741	-5.98146109272103
ENSMUSG00000039128	-0.0399038653412758	7.24394605374595	-1.10855041418531	0.267672551039149	0.412278710377004	-5.98170906135197
ENSMUSG00000097637	-0.0435483276130419	7.10930119438863	-1.01800396786335	0.308720755262675	0.456079003373837	-5.98249514866247
ENSMUSG00000070063	0.0373702944824741	7.39091564705725	1.31343812107354	0.189090034055049	0.318605756222484	-5.98265631861585
ENSMUSG00000058267	-0.0527827020934346	7.00564711148497	-1.01090139675151	0.312108003132786	0.459710267674137	-5.98272603223334
ENSMUSG00000030518	0.045915498008636	7.4685723225985	1.48414425265308	0.137827840910478	0.250512577148406	-5.98320807444332
ENSMUSG00000002221	-0.0411123734617531	7.07953666756231	-1.02039665918454	0.307585165449546	0.454914706966274	-5.98331133521587
ENSMUSG00000051527	0.0584654493439096	7.00047156822072	0.998934041493021	0.317870499229109	0.465521751315165	-5.9833546320282
ENSMUSG00000039756	-0.0562082811233342	6.77173999061107	-1.05969310406856	0.289330678955808	0.435933413212547	-5.9833765057232
ENSMUSG00000001924	-0.0492901637611318	6.99526245666993	-1.0009050923708	0.31691663582511	0.464686440392635	-5.98348188344225
ENSMUSG00000062328	0.03418017247043	7.35209660879886	1.2318167413792	0.218070101150873	0.353764276641468	-5.98350787402029
ENSMUSG00000002808	0.0620005061983653	7.19481559284424	1.10357875653639	0.269824091984738	0.41490920980317	-5.98375137656116
ENSMUSG00000027663	0.0556611068091941	6.91322539461667	1.0028706638733	0.315967296217415	0.463932047100643	-5.98389777334473
ENSMUSG00000047710	-0.0550589238101047	7.32403037087713	-1.23169602108914	0.218115206208692	0.353764276641468	-5.98483073473709
ENSMUSG00000029560	0.0658087819699835	7.14636168308104	1.00626895233791	0.314330387393529	0.46222772455982	-5.98508678476224
ENSMUSG00000056698	0.0278507656792222	7.41138504048383	1.29753980978365	0.194499822675327	0.325168136695873	-5.98513827234003
ENSMUSG00000022096	0.0636272782891494	7.07184396056258	0.997124571754831	0.318747822732808	0.466418519639871	-5.98516490662236
ENSMUSG00000028842	-0.0418929933209844	6.68522651693077	-1.09826830444136	0.27213532436303	0.417580364106985	-5.98587772491062
ENSMUSG00000031816	-0.0502773850822047	7.37203225043404	-1.3110545618466	0.189893951538519	0.319590129006594	-5.98670314487563
ENSMUSG00000001158	-0.0484493890939017	6.97712689632309	-0.997589179141898	0.318522406124701	0.46619288328503	-5.98670988334373
ENSMUSG00000028541	-0.0595885169661896	7.33304528969539	-1.30810319554564	0.190892863298912	0.320735288284054	-5.98701364030197
ENSMUSG00000061650	-0.0427926949368569	7.10922774408704	-1.03661338434228	0.299961551300181	0.447124744349536	-5.9873858422186
ENSMUSG00000021215	-0.0514811149208745	7.21318747547133	-1.0880571348767	0.276617463027778	0.422970780887605	-5.98742529612615
ENSMUSG00000037169	-0.0486420139498787	7.11195352003068	-1.00002178207318	0.3173438694251	0.465121949420358	-5.98756755715474
ENSMUSG00000022194	-0.0628790261136087	7.19100780265722	-1.06696064400584	0.286036342331016	0.432377898790383	-5.98768656728865
ENSMUSG00000078515	-0.0633776139702569	6.726592711091	-1.06022617326622	0.28908817630367	0.435678876961857	-5.98778737119711
ENSMUSG00000076492	0.0390412582227473	7.47428273441884	1.4413647668089	0.149538471523236	0.266418325596987	-5.9878852114272
ENSMUSG00000072704	0.0508131572477941	7.31763694493592	1.16051719505668	0.245888562682753	0.387059403948851	-5.98882821987845
ENSMUSG00000041132	-0.0528293876176313	7.33604565249199	-1.26789588745028	0.204888692680223	0.338132202769378	-5.98888662663471
ENSMUSG00000073542	0.0558946096152173	7.14164196361411	1.00173111428001	0.31651745270672	0.464302447783073	-5.98947818858492
ENSMUSG00000039621	0.0651546914269687	6.81063303261113	1.06050009117725	0.288963619469456	0.435541297040539	-5.98949728250029
ENSMUSG00000031916	-0.0476602121379974	6.96848959481151	-0.993910869274188	0.320309895843536	0.468014581211237	-5.98987893160416
ENSMUSG00000004561	-0.0772383214654093	7.03504233590121	-1.00180170156473	0.316483356027814	0.464302447783073	-5.98990225640679
ENSMUSG00000022354	-0.0457837502810143	7.32563754948723	-1.22996301852502	0.218763452131196	0.354549531480764	-5.99038295523668
ENSMUSG00000061143	-0.0475859444561921	6.91031378426024	-1.01591732415799	0.309713353196986	0.457132719284661	-5.99070245704716
ENSMUSG00000035776	-0.0583916871984016	7.10349435733375	-1.02712303566756	0.30440760865285	0.451592567986755	-5.99108450163517
ENSMUSG00000024228	0.0576869990617643	7.24758320277897	1.04505367841558	0.296043993603224	0.442797665286577	-5.99159191121173
ENSMUSG00000039254	0.0514774646650089	7.21159224506681	1.0408552356197	0.297988396696121	0.445154369565046	-5.99169726890352
ENSMUSG00000003527	0.0542860961686404	7.4683528597144	1.41031671706542	0.158502618040983	0.278547232656859	-5.99197491418408
ENSMUSG00000032402	-0.052622331677874	7.15817055895283	-1.07138813726984	0.28404185786133	0.430305976631279	-5.99228758234512
ENSMUSG00000022378	0.0534760108821839	7.36718736087859	1.21580787939968	0.224110189497224	0.361514366793698	-5.99245826234699
ENSMUSG00000049036	0.0521621901860616	7.2454204852273	1.10539899139767	0.269034991924152	0.413793011544994	-5.99255456405324
ENSMUSG00000069520	0.0342126331222854	7.39536981452541	1.2684509747769	0.204690522088096	0.337883360603919	-5.99279021023802
ENSMUSG00000024201	0.0416364140249197	7.17455352682461	1.04015863151639	0.298311834925	0.445543072717699	-5.99302050461727
ENSMUSG00000041658	-0.0562912400381297	7.22354594941977	-1.10746878999206	0.26813962925293	0.412803860086943	-5.99396326752217
ENSMUSG00000036850	-0.0572142040319825	7.06613033616765	-1.00473336380714	0.315069367233433	0.462979847893775	-5.9942087407059
ENSMUSG00000022159	-0.0511791832847193	7.38765045070502	-1.32389678754001	0.185592230940593	0.314086541814147	-5.99427373792624
ENSMUSG00000001786	0.0617147700925651	7.23703858305832	1.04996747228825	0.293779104991049	0.440668657486574	-5.9942943335937
ENSMUSG00000006442	0.0296226760127398	7.35485225487535	1.23169173624358	0.218116807290707	0.353764276641468	-5.99485259133963
ENSMUSG00000073481	0.055381872556997	7.41791708223201	1.3022156943417	0.192897078294286	0.323080680855425	-5.99505434037449
ENSMUSG00000031224	-0.052264945011002	7.26460446544803	-1.16770441507803	0.242976528458836	0.384045479968982	-5.99617459466492
ENSMUSG00000031932	0.0476340067442047	6.82407286909207	1.03907066749361	0.298817453347392	0.446028742358233	-5.99626172708871
ENSMUSG00000020457	-0.0353803938239814	7.32966923127496	-1.25612308315386	0.209124591166758	0.343520595678193	-5.99643470553974
ENSMUSG00000048911	0.0586627369595032	7.18741543202126	1.06133600827876	0.288583732203329	0.435199194279525	-5.99657213314391
ENSMUSG00000032265	-0.0599788833469503	6.81200418996709	-1.04155449394813	0.297663961858054	0.444814129510974	-5.99673350693212
ENSMUSG00000028121	0.0523660842648317	6.89622723013419	1.01810902294875	0.308670837180233	0.456079003373837	-5.99693579697899
ENSMUSG00000015804	0.0470621557855786	6.89450018231203	0.990226146808842	0.322107065792976	0.469706583355051	-5.99727113231068
ENSMUSG00000078202	0.0338624247373076	7.30871043450011	1.15609097160855	0.247694059959114	0.389152842071849	-5.99730107705437
ENSMUSG00000053390	-0.0430829959791987	7.0195020297558	-0.985798448412266	0.324275301253957	0.471657445264317	-5.99739599481451
ENSMUSG00000030815	-0.0644158975710809	7.00951649325251	-0.988259812553291	0.323068805091254	0.470592062277375	-5.99758704433211
ENSMUSG00000004113	0.0477986906437158	7.38141484831169	1.32275934259175	0.185970302968677	0.314604368324837	-5.99780618449041
ENSMUSG00000035722	-0.0617313277240132	7.088781076822	-1.00188391928095	0.316443644392499	0.464302447783073	-5.99798152590148
ENSMUSG00000047787	0.0571529623921316	7.30897805491571	1.18637931388309	0.235523676228322	0.375073101712832	-5.99808018413366
ENSMUSG00000044067	-0.0565154152474676	7.06276214018956	-0.994344059809012	0.320099045018595	0.467925044370639	-5.99839824477444
ENSMUSG00000052560	0.038580541923551	7.43822471361396	1.33052755210625	0.183399561628856	0.311139958642606	-5.99908649352132
ENSMUSG00000029203	-0.0507720666385119	7.17847898151695	-1.05552680342088	0.291230724301984	0.438151303443068	-5.99940800158612
ENSMUSG00000051726	-0.045544310294364	6.93728954164416	-0.983737763854408	0.325287648955961	0.472679087310734	-5.9997378278173
ENSMUSG00000015932	0.050399026852662	7.31502509977303	1.12085583706599	0.262398068114816	0.40596968893396	-6.00000799772523
ENSMUSG00000023068	0.0365640361780102	7.01556484035097	0.980782615068242	0.326743003338268	0.473985529053142	-6.00035411379609
ENSMUSG00000040028	0.0597494367560563	6.70523622643031	1.07318356593708	0.283235748371108	0.429513627209397	-6.00062984662677
ENSMUSG00000078307	0.0426495801888107	7.20317688654074	1.02602034623964	0.304927022393707	0.452106973632889	-6.00087595963949
ENSMUSG00000046909	0.0504324520538573	7.11688337626972	0.994757783388903	0.319897754297676	0.46768301499332	-6.00099896037726
ENSMUSG00000033554	-0.0515040885249665	7.29898940933408	-1.13323332205244	0.257165577816734	0.399802140363329	-6.00118922085148
ENSMUSG00000064767	-0.0468099764436776	7.01812376472223	-0.982016155821389	0.326134994398515	0.473470763657724	-6.00131592692661
ENSMUSG00000028274	-0.0529788079575102	6.73801640415543	-1.04901248472784	0.294218369653221	0.441074876388408	-6.00158810910387
ENSMUSG00000028545	0.0432164729346489	7.45700046805289	1.4003190728315	0.161474083900479	0.282540883921797	-6.00176640042016
ENSMUSG00000057265	-0.0347165925395423	6.99699781839098	-0.981605393460678	0.326337376325224	0.473554525698274	-6.0018698650203
ENSMUSG00000067925	-0.0349445014173071	7.20544801653807	-1.05591206777106	0.291054672816428	0.437978294560696	-6.00218583917632
ENSMUSG00000051007	-0.0423742662603805	7.45202386240781	-1.44873915589681	0.147467330719332	0.263676904367317	-6.00222768142708
ENSMUSG00000002835	0.0284524067804695	7.44832526553828	1.34108302233086	0.179948762556674	0.306516939811602	-6.00283275578144
ENSMUSG00000013629	0.0534358055340114	7.07474365188851	0.980125673535759	0.327067108441065	0.474254049807924	-6.00294495356371
ENSMUSG00000030533	0.0459527756362279	7.10107679162382	0.990101075164813	0.322168182953318	0.469743384700394	-6.00315869866723
ENSMUSG00000050812	-0.0559292335309269	6.7493562973758	-1.05645675483759	0.290805893252187	0.437663036493578	-6.00322257287724
ENSMUSG00000056820	-0.0576629219181868	7.1971407041983	-1.14300569025499	0.25308587605738	0.394969637542403	-6.00364283416754
ENSMUSG00000074872	-0.0456052916880267	7.14266752398438	-1.03996932159462	0.298399773377307	0.44560851295263	-6.00375751644234
ENSMUSG00000024290	0.0644673375199307	7.02254481415566	0.985397372694015	0.324472175775288	0.471736782370913	-6.00395495424678
ENSMUSG00000026646	0.052813237147082	7.18849633558509	1.00275951700448	0.316020928509283	0.463932047100643	-6.00430667808978
ENSMUSG00000087497	0.0374266806593804	7.25966226967841	1.09199488184494	0.274883082975204	0.420859469338249	-6.00474152471263
ENSMUSG00000078941	0.0405782299910555	6.61875542204634	1.1088638853939	0.267537289252891	0.412118859971626	-6.00478519385577
ENSMUSG00000087479	0.0357832034832981	7.53303020841926	1.53002036659341	0.12606907820247	0.234079757740284	-6.00482903287445
ENSMUSG00000020528	-0.0480799387745128	7.1099861596972	-0.993345685662933	0.320585129394433	0.468169780987141	-6.00494755144892
ENSMUSG00000028822	0.0493317188745799	7.17346821871434	1.03651317506148	0.300008270129049	0.447143473648624	-6.00530530287728
ENSMUSG00000077148	0.0462384021206228	7.30910656574837	1.08346556379589	0.27864922408444	0.42493600951817	-6.00587051323572
ENSMUSG00000032939	0.0588024018834021	7.24363078593834	1.02761131542248	0.304177795885526	0.451405089972036	-6.00628700988635
ENSMUSG00000022382	0.0488173783429806	7.40666944599593	1.34675309132644	0.178115143039398	0.304343964065752	-6.0071092283254
ENSMUSG00000035299	-0.0404389729197794	7.06941616608789	-0.980684700683711	0.326791296608136	0.474003063947897	-6.00731592478817
ENSMUSG00000022208	-0.0414749292535079	7.25854585192511	-1.13640730547336	0.255835548967523	0.39826385339867	-6.00741872584704
ENSMUSG00000064210	-0.0332689729949109	7.17444239230505	-1.00302221081181	0.315894179096284	0.463902029470393	-6.0075384087364
ENSMUSG00000026577	0.05535120578066	7.17428243687606	0.999905995253749	0.317399900406468	0.465121949420358	-6.00788884444464
ENSMUSG00000023036	0.0376058789974882	7.168261866781	1.00677861460937	0.314085371968703	0.461971204338193	-6.00795346343459
ENSMUSG00000041559	0.0651379668460192	7.16062791673815	1.00469176585251	0.315089401522574	0.462979847893775	-6.00808302027503
ENSMUSG00000022756	-0.0556227853047897	7.30559287576599	-1.26195403102233	0.207018729312785	0.340831137344439	-6.00823445617055
ENSMUSG00000031226	0.0640638971288752	6.94039048694652	0.982625789228567	0.325834779501308	0.47318238612226	-6.00833509399648
ENSMUSG00000037110	0.0343772940135887	7.40097186559289	1.30941228034283	0.190449317457459	0.320336024230171	-6.0088058814931
ENSMUSG00000028578	-0.0443053672552125	7.13294506153318	-0.993851015376324	0.320339036223182	0.468014581211237	-6.00931020865999
ENSMUSG00000027598	-0.0532733832169479	6.83817949351767	-1.01827149742626	0.308593646153592	0.456079003373837	-6.00935043030089
ENSMUSG00000020925	0.0572509552211038	6.88508756419076	0.993265758629475	0.32062406479764	0.468169780987141	-6.00963137410654
ENSMUSG00000024137	-0.0677227463016905	7.0455069729927	-0.985838033954483	0.324255874268186	0.471657445264317	-6.00982192362126
ENSMUSG00000023206	0.044913574115002	7.20293095698153	1.01188903929862	0.311635531056185	0.459141612940308	-6.01009984338158
ENSMUSG00000025237	0.0432509314308396	7.07515818965628	0.989760954815139	0.322334423491451	0.469933437900899	-6.01031026842426
ENSMUSG00000056394	0.0407153701759331	7.46895077085012	1.34613379143455	0.178314736494207	0.304496564519782	-6.01076122833656
ENSMUSG00000086939	0.0606634965914132	7.18953708480129	1.02718932042361	0.304376404440205	0.451592567986755	-6.01088824856551
ENSMUSG00000029993	-0.0345268889123194	7.37929608343932	-1.28803817861287	0.197786748361309	0.32919197934735	-6.01102481720811
ENSMUSG00000031295	0.0528129933996393	7.31448194867201	1.1516082943724	0.249532025294791	0.391242308402324	-6.01129854261065
ENSMUSG00000028312	-0.0632669817840803	6.82173169351431	-1.03015902022383	0.302980568187596	0.450291928563061	-6.01219825247453
ENSMUSG00000002767	0.0423074143341369	7.42788714558645	1.34935042478926	0.177279862802757	0.303312593284591	-6.01317387343768
ENSMUSG00000049252	0.0467877971726995	7.08086931621073	0.976547273282218	0.328836193869504	0.476335854186717	-6.01346946873412
ENSMUSG00000010376	-0.0456780719090393	7.27063520989108	-1.1556048665359	0.247892910928195	0.389359234921702	-6.01385368943965
ENSMUSG00000085440	-0.0320584154269836	7.2523344637113	-1.09845201199576	0.272055144896199	0.417506266203381	-6.01394173677958
ENSMUSG00000017802	-0.0508218774956797	6.74749106049319	-1.04865584609413	0.294382525271334	0.441118921924265	-6.01414994914645
ENSMUSG00000090963	-0.0375906091714686	7.28750301147168	-1.11127187866002	0.266499815358241	0.410882108173127	-6.0141741406201
ENSMUSG00000029135	-0.0420755258463936	6.63340786075631	-1.07417011146953	0.282793470878367	0.429056915139596	-6.01459052792061
ENSMUSG00000026972	-0.0350521634693086	7.4349522959016	-1.37867737513363	0.168050202028874	0.291135800577216	-6.01507538488951
ENSMUSG00000035242	0.055271256390947	7.22145535649818	1.073825791096	0.282947779670818	0.429241289855197	-6.01508557548955
ENSMUSG00000022419	0.0405420322488297	7.46951213245327	1.41138896666172	0.158186402604429	0.278282233659928	-6.0153346779023
ENSMUSG00000041939	-0.0270403969386077	7.32560961612648	-1.18932458004105	0.234363201925605	0.373361284936726	-6.01548094197762
ENSMUSG00000006435	0.0552428609849898	6.99938875320583	0.966235362296582	0.333968817268066	0.481851416759259	-6.01553929226572
ENSMUSG00000055540	0.0487076096631718	7.30556196279537	1.14601352593394	0.251839310698621	0.393493287464655	-6.01577037260372
ENSMUSG00000021340	0.0535067415379631	7.02207630861658	0.96525904719838	0.33445742973835	0.482237518737277	-6.01594524629028
ENSMUSG00000034587	-0.03186964673292	7.51169860429007	-1.49064222785237	0.136112678108406	0.248118515983743	-6.01625554255932
ENSMUSG00000029538	-0.0625782146491076	6.95394687193625	-0.970053662976742	0.33206231241437	0.479841036879572	-6.01627635412779
ENSMUSG00000023971	0.0562976937882196	6.88563513432033	0.981824424388845	0.326229449996646	0.473508732038481	-6.01636543438081
ENSMUSG00000021930	0.0557406890223335	7.34675532445073	1.16163942368868	0.245432265707297	0.386434061652426	-6.01662004611999
ENSMUSG00000015869	0.0499718628463768	7.01078598154698	0.96597603390762	0.334098557364339	0.481891734966814	-6.01691232650633
ENSMUSG00000096188	0.0655947640400472	7.0913747933494	0.985631482499563	0.324357249724758	0.471657445264317	-6.01713322747753
ENSMUSG00000029121	-0.0491917791774146	7.44253786384626	-1.42581806742053	0.153977498614387	0.27259951478831	-6.01751744748162
ENSMUSG00000094411	0.0468731342106521	7.40952335296274	1.31673462147239	0.187982342989379	0.316964715569825	-6.01771446897429
ENSMUSG00000104241	-0.0349275816588257	7.35980056018554	-1.19328623182532	0.232808656855541	0.371527850311417	-6.01801563269215
ENSMUSG00000021125	0.0552145110667945	7.03284891189955	0.963131106048029	0.335523988103534	0.483509086653986	-6.01814486734936
ENSMUSG00000029319	0.0547908128619117	7.32390702601275	1.20496750853325	0.22826758184583	0.366235193814412	-6.01844773711185
ENSMUSG00000025785	0.0459065883993572	7.16066844796406	0.991985146186069	0.321248319840414	0.468800063908466	-6.01863031523671
ENSMUSG00000017404	-0.0448847527764249	7.2559961507379	-1.06447268315301	0.287161255935463	0.43346450306584	-6.01900863176158
ENSMUSG00000017299	0.056955352971447	7.18299186722952	1.00617553418857	0.314375310935588	0.462241865540063	-6.01904235312187
ENSMUSG00000046822	-0.0438563793618068	7.16018706659353	-1.01466282712397	0.310311120173558	0.457756978626729	-6.01937621006912
ENSMUSG00000101013	0.0404510697924829	7.04262390459478	0.960729235266345	0.336730473212346	0.484540546060263	-6.01940073939788
ENSMUSG00000027748	0.0258140735723309	6.88827095341592	0.982525105443571	0.32588434898975	0.47318238612226	-6.01959384374904
ENSMUSG00000030780	-0.0512800460408878	7.41080493995469	-1.38859166451083	0.165013067625147	0.287242531757536	-6.0206065430995
ENSMUSG00000071533	0.0608341379427166	7.46721258028219	1.30238273718268	0.192840001445455	0.32305326921611	-6.02087466314801
ENSMUSG00000021646	0.0301605921519714	7.52935483357725	1.46657503301906	0.142548749588916	0.256952805950447	-6.02104274424747
ENSMUSG00000035530	0.0362138400002623	6.78514898136933	1.01537547098849	0.309971452454951	0.457358982930263	-6.02110365310286
ENSMUSG00000024370	0.05435506950601	7.03101168689158	0.959258266150791	0.337470732804495	0.485086389314498	-6.02120123273042
ENSMUSG00000024122	0.0726927455214277	6.76004319653824	1.0187260891867	0.308377739126926	0.455829441193374	-6.02123614353588
ENSMUSG00000035247	0.0505609646760314	6.92321964242594	0.972929441666556	0.330631068951266	0.478247923401831	-6.02139482395736
ENSMUSG00000027014	0.0408989187834212	7.25226450787463	1.02942789212034	0.303323821777628	0.450602050523806	-6.02201964324003
ENSMUSG00000031826	-0.0557702261009396	6.95294922175416	-0.961176117374842	0.336505788533578	0.484455868118403	-6.0227368595868
ENSMUSG00000022812	0.0599646225966808	7.13109247764645	0.979034592584793	0.327605859477106	0.474974076663817	-6.0229232699757
ENSMUSG00000031217	0.0503187394103097	7.12422871004079	0.98816188907661	0.323116748624824	0.470592062277375	-6.02334293190343
ENSMUSG00000026111	0.042669069467669	7.0807683406501	0.963910129252293	0.335133275210177	0.483158775360824	-6.0236502752558
ENSMUSG00000035007	0.0373560607131731	6.85959707165445	0.981206498362652	0.326533989387233	0.473734817049829	-6.02377672506863
ENSMUSG00000078676	-0.0583559603418902	7.01966870665422	-0.959569395071116	0.337314071194742	0.484967693837202	-6.02388572424917
ENSMUSG00000086924	-0.0278569282253072	7.48420639354827	-1.41070962340936	0.158386691130512	0.27844750373045	-6.02427438533653
ENSMUSG00000040128	0.0562892823362651	7.13409381234977	0.967503035878581	0.333335077273243	0.481096111967953	-6.02431297961286
ENSMUSG00000021660	0.0377228807217138	7.17923445516011	0.984846223892821	0.324742843055613	0.472025458119693	-6.02436631979793
ENSMUSG00000064302	0.0599596133893874	7.32651757147394	1.14409424858697	0.252634239201655	0.394527512625683	-6.02463521158302
ENSMUSG00000020882	-0.0454752290477947	7.20269320225395	-1.08527388408982	0.277847836917024	0.424223417427728	-6.024711572069
ENSMUSG00000038967	-0.0265680063269613	7.2761150226083	-1.13650173357952	0.255796053097523	0.398261200422677	-6.02501041454234
ENSMUSG00000033186	0.0329576090333017	7.3918604265741	1.22922046892734	0.219041633014794	0.354824679464202	-6.02536012226221
ENSMUSG00000026820	-0.0528995196006123	7.12579697358069	-1.01750639370054	0.308957255639194	0.456325405102474	-6.02572062693678
ENSMUSG00000035248	0.0444690583891472	7.32191961079233	1.12246428250389	0.261713982034229	0.405342417223722	-6.02712573164582
ENSMUSG00000020530	-0.0434838651916687	7.30148111241722	-1.14656985164032	0.251609217598162	0.393227632421527	-6.02718208811151
ENSMUSG00000055963	0.0326069358439565	7.60033300368443	1.60414181654889	0.108740094164931	0.209416071277129	-6.02775275591968
ENSMUSG00000038375	0.0541919468695609	6.82243437329019	1.02162068865111	0.307005302260918	0.454211031438573	-6.028415062553
ENSMUSG00000032571	0.0373533610449357	7.25575090685004	1.03579211905095	0.30034457861142	0.447390058388977	-6.02899790708704
ENSMUSG00000085156	0.0479359132797033	7.32499158499246	1.13648410885761	0.255803424561128	0.398261200422677	-6.02901047585698
ENSMUSG00000051166	-0.0385168500458271	7.05541659698688	-0.959319089180269	0.337440103129029	0.485086389314498	-6.02935722970243
ENSMUSG00000037259	0.0455379753163614	7.22859662639684	1.06829717978825	0.285433268645293	0.431761103767092	-6.03130961737897
ENSMUSG00000079511	0.0384873921744493	7.50945441361159	1.44538684173608	0.148406112664385	0.264812979010784	-6.03143639011308
ENSMUSG00000027935	0.0461782156489221	7.07910190858623	0.949040710427282	0.342641518618465	0.490611840874892	-6.03153612397896
ENSMUSG00000050714	-0.0224746803221594	7.07546190754612	-0.950035148219781	0.342136050600155	0.490177847937977	-6.0323064215929
ENSMUSG00000061360	0.0355300395534606	7.08197623819993	0.958369476322163	0.337918519501359	0.485570108364811	-6.03238323722174
ENSMUSG00000006527	0.0549929236580375	7.21736914082012	1.03733066295142	0.299627288657197	0.446677347198818	-6.03261149767693
ENSMUSG00000004798	0.0665691717273322	7.07217562500027	0.946992086108422	0.343684328975094	0.491167614126157	-6.03272906204759
ENSMUSG00000010392	0.0568204812302282	7.09205105425842	0.946774422612798	0.343795245150246	0.491175901815063	-6.03295549531726
ENSMUSG00000041417	-0.0446143893651643	7.30354618826556	-1.13537739871441	0.256266597029439	0.398745220859213	-6.03295750845216
ENSMUSG00000005034	-0.0551529985846555	7.30660546745973	-1.20015653476969	0.230130136821528	0.368319107991617	-6.03321913761552
ENSMUSG00000029012	-0.0343510065179844	7.32862934099754	-1.15126716636819	0.249672282246096	0.391274780843416	-6.03344456994266
ENSMUSG00000044876	-0.0518803567825117	7.26761516727268	-1.14037527430103	0.254179542330127	0.396390351374631	-6.03365778541432
ENSMUSG00000041124	-0.0502074265960548	6.78952107837208	-0.999744640063835	0.317477993426415	0.46517719718467	-6.03418163009001
ENSMUSG00000021537	-0.0408559636596371	7.39487336221728	-1.25585369165543	0.20922225637101	0.343610278700051	-6.03419019418958
ENSMUSG00000034071	0.0543267885561853	7.1390478344808	0.977600531374082	0.328314842150569	0.47584389609601	-6.03436108265658
ENSMUSG00000042156	-0.040258411862216	6.96882275483386	-0.947121630095981	0.343618327271067	0.491167614126157	-6.03481411132319
ENSMUSG00000070056	-0.0441970336107573	7.07485929575233	-0.974198052241828	0.330000966511126	0.477441999509743	-6.03488935603807
ENSMUSG00000060671	0.0448733492999978	7.39424611245777	1.30371672395678	0.192384636997617	0.322331669768722	-6.03491083839558
ENSMUSG00000070730	0.0494543728233348	6.82363000910446	0.986274042358004	0.324041949110031	0.471477794815351	-6.03491564981381
ENSMUSG00000002052	-0.0488850431528345	7.178253598729	-1.01641672443971	0.309475601174351	0.456884818513149	-6.03498212455664
ENSMUSG00000032641	0.0284680015803405	6.89350317387906	0.963495808851764	0.335341037801798	0.483351851469904	-6.03513880230979
ENSMUSG00000003346	0.0571322752975805	7.2614685307371	1.07732335982298	0.281382981472426	0.427439521404128	-6.03524014523915
ENSMUSG00000056724	0.0360765808212413	7.30933082085226	1.11162598662365	0.266347483270537	0.410808531501759	-6.03564893672178
ENSMUSG00000034509	0.0349020770791766	7.34826954835292	1.23754808717581	0.2159363934744	0.351185001660477	-6.03587202836795
ENSMUSG00000033728	-0.0428632581058093	7.44099378420852	-1.40211256299322	0.160937954219331	0.28179747179878	-6.03601861867909
ENSMUSG00000041468	-0.0315183083573842	7.11579193286483	-0.956800324474625	0.338710015117203	0.486440491214834	-6.03628598204234
ENSMUSG00000052135	0.0707583424740665	7.32309062020307	1.18494247606046	0.236091283396442	0.375794174130847	-6.036505125912
ENSMUSG00000022995	0.051801294317654	6.8523019523919	0.990623808530986	0.321912795815792	0.469527888014745	-6.03709826319202
ENSMUSG00000003234	-0.0780733697462779	7.11753499341528	-1.00996853520028	0.312554702288499	0.460236887004952	-6.03724555323221
ENSMUSG00000057561	-0.0368730100998995	7.07468434640061	-0.950277647820067	0.342012861591836	0.490108623463257	-6.03734128994872
ENSMUSG00000071644	0.0553061440331808	7.01525334061825	0.942325294161021	0.346067424356058	0.49381086862883	-6.03735687230635
ENSMUSG00000029815	-0.0293663183476873	7.36915876164677	-1.22731469835039	0.219756753341919	0.355851009864244	-6.03757304341917
ENSMUSG00000032966	-0.0462537597965262	7.13204130678868	-0.981816238218439	0.326233483271242	0.473508732038481	-6.03762626159401
ENSMUSG00000026131	0.0630656208946005	7.19586686472234	0.963804027104742	0.335186472646728	0.483182261604379	-6.03763700678902
ENSMUSG00000026313	-0.0377848131012506	6.76277571423937	-1.00412882938163	0.315360603728789	0.463274351887041	-6.03784189182866
ENSMUSG00000028106	0.0589063613312462	7.16108968958527	0.972211215676958	0.330988147508811	0.47865865759255	-6.03797472870946
ENSMUSG00000032417	-0.0388448791556577	7.34946492042347	-1.22147926552912	0.221956856812836	0.358748045604154	-6.03863944938781
ENSMUSG00000030779	0.0442038438403314	7.16273157198922	0.963307061085709	0.335435713614052	0.483435090558694	-6.03913921233523
ENSMUSG00000015095	0.0441486653227381	7.37993811339101	1.26428557235823	0.206181009935219	0.339708253469908	-6.03924210684109
ENSMUSG00000086292	-0.0397621111006501	7.31141599527001	-1.16234822841055	0.24514437275024	0.386213011798572	-6.03924339323651
ENSMUSG00000017428	-0.0550852003306765	6.90864864755838	-0.9495273277481	0.342394113704528	0.490493898306126	-6.03933399702235
ENSMUSG00000029036	-0.067909723870418	7.18002390827454	-1.02942132232594	0.30332690736834	0.450602050523806	-6.03955197041661
ENSMUSG00000024054	-0.0602923409186484	6.7927612070792	-0.999233620693863	0.317725400775205	0.465442648198387	-6.04076479373057
ENSMUSG00000020623	-0.0445438146720987	7.35050902622736	-1.20783597044386	0.227162188900467	0.365222568719749	-6.0408281136403
ENSMUSG00000001942	0.0666737557082158	7.19994747766543	0.995537767310644	0.319518490616499	0.467180710202278	-6.04084698307342
ENSMUSG00000006958	-0.0554601729422837	7.21584619708028	-1.07859443186821	0.280815767055325	0.42695015593722	-6.04162650040925
ENSMUSG00000039414	0.0499620545692174	7.16654598749442	0.98902070611655	0.322696428138853	0.470199403137882	-6.04190050271499
ENSMUSG00000042363	0.0314509976344732	7.16010839792498	0.971212737802301	0.33148497257214	0.479262228356411	-6.04218233905331
ENSMUSG00000003500	-0.075889628422841	7.03334592925137	-0.957997940402201	0.338105818407924	0.485732620936743	-6.04238513061175
ENSMUSG00000027220	-0.0368983557553957	7.4720903371356	-1.46782171608595	0.142209720987295	0.256553626452482	-6.04239425583236
ENSMUSG00000020392	-0.0507295476287624	7.20474152102917	-1.04433359590556	0.296376876815506	0.443143681049407	-6.04258921606099
ENSMUSG00000016528	0.054350510030309	7.20793560116607	1.01086204430481	0.312126838478109	0.459710267674137	-6.042629500852
ENSMUSG00000037936	0.0374395586358514	6.88627341803884	0.960860709316417	0.336664360291513	0.484522590292888	-6.04269296460477
ENSMUSG00000030545	-0.0369689976485192	7.0504915899531	-0.944002339006667	0.345209832769497	0.492855739434924	-6.04361778811555
ENSMUSG00000044600	0.0515179849622687	7.36228836084701	1.24261959737136	0.214060910342322	0.348958465720542	-6.04421710520955
ENSMUSG00000039117	0.0429864992701834	7.01095593564302	0.93632478569279	0.349147015448215	0.496959417943904	-6.0446164929686
ENSMUSG00000005198	0.0428865127475291	7.43392795524087	1.29106742179832	0.196734448918264	0.327833699527556	-6.0449699787125
ENSMUSG00000049038	-0.0569484696904352	6.87892792132652	-0.948996865971822	0.342663815533151	0.490611840874892	-6.04523002277125
ENSMUSG00000031931	0.0456184673898887	7.37893361573281	1.1783190515161	0.238720307417324	0.379103137397817	-6.04558869581503
ENSMUSG00000078651	0.0436492309487617	6.75525958903821	1.00210010569707	0.316339240703906	0.464295217409814	-6.04570226642383
ENSMUSG00000009535	0.0619063039212859	7.30363839413361	1.12127503520997	0.262219660523641	0.405837037049671	-6.04606896116541
ENSMUSG00000025612	-0.0488099615660387	6.97121255090701	-0.944401098282863	0.345006118588835	0.492618617577166	-6.04640566657496
ENSMUSG00000028443	-0.0303994409794601	7.29494497787875	-1.0981634149042	0.272181110830945	0.417601676198141	-6.04660335734209
ENSMUSG00000090397	-0.0452812324879606	7.41354689357768	-1.30203324851507	0.192959432373019	0.323129302715217	-6.04779264810125
ENSMUSG00000047617	0.0338442915177284	7.40360584700085	1.23903657737252	0.215384715484957	0.350592651389911	-6.0478127160704
ENSMUSG00000009549	0.0355761005499939	7.11374311497239	0.947206398059639	0.343575143003228	0.491167614126157	-6.04796385943472
ENSMUSG00000103731	0.057449173010987	6.99565249116991	0.942870606150004	0.345788418957475	0.493466533790197	-6.04835898255785
ENSMUSG00000022048	-0.0506241256886879	6.85164815226394	-0.957863540386973	0.338173588645602	0.485776675723966	-6.04844335719816
ENSMUSG00000005362	0.0459156247841266	7.40037808665004	1.26160984704455	0.207142603116178	0.340949328639301	-6.04878904939334
ENSMUSG00000033161	-0.0521273955449892	7.2188827925902	-1.06864652650788	0.285275777744485	0.431622614380077	-6.04888620818124
ENSMUSG00000044934	0.0388646473056093	7.36820246194731	1.15403941429463	0.248534049718981	0.390119981041388	-6.04893672314688
ENSMUSG00000042757	0.0487193298716626	7.15430332228665	0.942127510121924	0.346168654737851	0.493901485159977	-6.04910887589493
ENSMUSG00000056832	-0.049587080710201	7.1921748768333	-1.0265294863796	0.304687122612248	0.45180244752968	-6.04929954994327
ENSMUSG00000104394	-0.0547580064362192	6.72285223062791	-1.01808663963916	0.308681472409072	0.456079003373837	-6.04947667686984
ENSMUSG00000021706	-0.0417369224081741	7.07048062660906	-0.931300414167249	0.351738979548867	0.499425223678256	-6.04980219674643
ENSMUSG00000028957	-0.0461135077357717	7.32242366800958	-1.12945895350612	0.258753430681167	0.401650868298561	-6.04984610217054
ENSMUSG00000027397	-0.0619374518259557	7.00624695148543	-0.935180011238126	0.349736509872641	0.497471155719039	-6.05009479602081
ENSMUSG00000057572	0.0290455104333374	7.37542098939706	1.158654570358	0.246647216489697	0.387880523517492	-6.05047190968459
ENSMUSG00000041957	-0.0512991850089346	6.93001212850279	-0.929443514992779	0.352699990685791	0.500167707761956	-6.05074699899194
ENSMUSG00000052921	0.038550560252113	7.51535466142843	1.43458564027745	0.151461946811019	0.269126435284883	-6.05077543934714
ENSMUSG00000059436	-0.0668393593609746	6.99877799306309	-0.930291550138113	0.352260896462565	0.499978280191663	-6.05094417741301
ENSMUSG00000008036	-0.0439928503641669	7.12560018274733	-0.974567793023799	0.329817467518895	0.477326932222275	-6.05094658501409
ENSMUSG00000056089	0.0556169050905897	7.31301743762063	1.12653521007535	0.259988092960239	0.403289586852541	-6.05131594614044
ENSMUSG00000071748	0.0470455784240853	7.52890758575469	1.40967587763317	0.158691835393868	0.278796767173447	-6.05135284237368
ENSMUSG00000031157	-0.0553490793262705	7.09417905453568	-0.946981400895102	0.343689773373795	0.491167614126157	-6.0515549609616
ENSMUSG00000024253	0.0388541789223948	7.46075000526535	1.32169965643993	0.186323041116783	0.314966100131193	-6.05166633301285
ENSMUSG00000027782	-0.047599531704603	7.13245061490593	-0.958899822190957	0.337651276755295	0.485292624358362	-6.05187398249241
ENSMUSG00000025786	0.0489100906211037	7.22135518710996	1.00525152570314	0.314819881742595	0.462791589015726	-6.05197476476589
ENSMUSG00000031021	0.0581870798922299	6.9858055211811	0.92561644441409	0.354685871291424	0.502005127237549	-6.05236799889228
ENSMUSG00000042751	-0.058213361798515	7.28036743919203	-1.19870866342121	0.230692786466478	0.369040806502826	-6.05285966517253
ENSMUSG00000064918	0.0403203784684543	7.43401676624763	1.28305496276076	0.19952677141627	0.331498031901245	-6.05306797244979
ENSMUSG00000074259	0.0463392433534304	7.44965041000199	1.35714334491952	0.17479124252999	0.300231821989323	-6.05323034967548
ENSMUSG00000067203	0.0338058951004143	7.16641575652231	0.941478812433825	0.346500805412465	0.494213808090205	-6.05351795879444
ENSMUSG00000054720	0.0568812043412121	6.76878900335859	0.989565022885053	0.322430214501119	0.470020751391677	-6.05412537710975
ENSMUSG00000062949	0.030367743544752	7.14711538558128	0.938496969280491	0.348030199292888	0.495854975420882	-6.05429797640861
ENSMUSG00000101111	0.0199478502736952	7.48370665589014	1.37649878600379	0.168723180239531	0.292185697843378	-6.05472603426655
ENSMUSG00000029376	-0.0527991994917629	6.98597639026249	-0.928764708556136	0.353051711445707	0.500514017641863	-6.05517222807318
ENSMUSG00000001053	0.0548799328870828	7.25108721288439	1.07324567562616	0.283207890204378	0.429513627209397	-6.05561526589641
ENSMUSG00000049119	0.0509722179955938	7.04216378980798	0.927739374520718	0.353583404624483	0.501040581593651	-6.05576474347732
ENSMUSG00000043065	-0.037584109903432	6.91248761208091	-0.939893569523869	0.347313346264988	0.495047591593702	-6.055866620314
ENSMUSG00000066026	0.0357732333915166	6.63138635677998	1.05467323077778	0.291621030338918	0.438486565889183	-6.05607680520841
ENSMUSG00000005267	0.0557436470093915	6.95205605597416	0.937694768619386	0.348442381468869	0.496280206504617	-6.05612955170084
ENSMUSG00000024507	0.0425375920873279	6.97659557596809	0.93242308090286	0.351158765144613	0.498900765412183	-6.05618863980382
ENSMUSG00000048330	0.0518534607554724	7.17234283013001	0.974800937615547	0.329701793961595	0.477272875557851	-6.05675547136921
ENSMUSG00000104077	-0.0331852606283416	7.41670548743401	-1.27189827843052	0.203462928430279	0.336542850159092	-6.05747516671763
ENSMUSG00000037254	0.0492762984135169	7.26848228108448	1.01553976661468	0.30989317901873	0.457295029273356	-6.05759365069552
ENSMUSG00000024033	0.0268120638306755	7.2262241801294	0.976868615736912	0.328677075846174	0.476210743357471	-6.05766494478912
ENSMUSG00000024902	-0.0340160840823023	7.23354671541468	-1.02009730774531	0.307727088401228	0.455073200197546	-6.05777949766111
ENSMUSG00000007877	0.0440136599779173	7.3202512745424	1.203631983506	0.22878354636035	0.366749673166897	-6.05802098257947
ENSMUSG00000028069	0.0590223666113419	7.16582527775632	0.936155155214467	0.34923432574414	0.497029654597487	-6.05822233309069
ENSMUSG00000054942	0.0479082624128599	7.2602603847091	1.03812613849867	0.299256875808584	0.446494365941138	-6.05850347422321
ENSMUSG00000041671	0.0507920636597978	7.29040439779966	1.09760252189221	0.272426041825429	0.417879524262275	-6.05919647172273
ENSMUSG00000020423	0.0497834775440458	6.85921171538292	0.965561108628939	0.334306209056645	0.482072572857098	-6.05950905911871
ENSMUSG00000025816	-0.0580609457582462	7.17899142021073	-1.01689684562652	0.309247141202815	0.456599027024614	-6.05995767468976
ENSMUSG00000030189	-0.0377441587979135	7.23236312666709	-0.983826773649225	0.325243878869895	0.472679087310734	-6.06029373850606
ENSMUSG00000040111	-0.0480966893493155	6.98827757544433	-0.921817266916967	0.356664248660202	0.503824810472525	-6.06087093496106
ENSMUSG00000000957	0.0406988635907961	7.0468861572788	0.918042473916844	0.358636802311919	0.505520350545612	-6.06155467417844
ENSMUSG00000060227	0.0566527879079795	7.21853902395329	0.983233979853888	0.325535454254924	0.472862550438862	-6.06167540042014
ENSMUSG00000055137	0.0439383180977213	7.14096842200831	0.935036353611653	0.349810530060302	0.497471155719039	-6.06178072827259
ENSMUSG00000029729	0.0664822172359347	7.13841662440938	0.933562312108946	0.350570610490673	0.498408013900997	-6.06217157725804
ENSMUSG00000066057	-0.0314250819585853	7.38465903797948	-1.2517236643885	0.210723695634488	0.345453872182159	-6.06227426481519
ENSMUSG00000083192	0.032196123780813	7.31938361614159	1.14301959389486	0.253080103969268	0.394969637542403	-6.06236340229947
ENSMUSG00000046364	0.0400216273369622	7.0709284193943	0.914639425806281	0.360420966711829	0.50706715748843	-6.06245396117169
ENSMUSG00000079235	0.0395561428762816	7.38294892804425	1.14697051690561	0.251443595639404	0.393156521451221	-6.06392267775225
ENSMUSG00000030638	0.0563000801176088	6.9249419424432	0.953161629332465	0.340549984696887	0.488547052339649	-6.06395266118091
ENSMUSG00000018548	0.0436660924605974	7.2669212212607	1.05802636847874	0.290089790625719	0.436786145931214	-6.06397326610676
ENSMUSG00000050796	0.039754560916573	7.44669877165767	1.35971066594004	0.173977123299082	0.29909974109488	-6.06414075436586
ENSMUSG00000020385	-0.0334613903688634	7.22330913511665	-0.966639732573097	0.333766578636667	0.481612702249668	-6.06446963631487
ENSMUSG00000055675	0.0515893676368337	6.76999724056938	0.993370058861551	0.320573256926304	0.468169780987141	-6.06461553605979
ENSMUSG00000027297	-0.0500206028260202	7.23094754603535	-1.06956125467082	0.28486368261145	0.431102611125465	-6.06481130025349
ENSMUSG00000022664	0.0623623098605943	7.28418259854396	1.00827946097063	0.31336458398991	0.461118257119917	-6.06488065858667
ENSMUSG00000065485	0.0551040919254318	7.27510020004633	1.02809981863169	0.303947993307974	0.451217499533734	-6.06490116354897
ENSMUSG00000062785	0.0624484367182401	7.13468705655437	0.94827065192752	0.34303326359791	0.490926047991237	-6.06495150915402
ENSMUSG00000017929	-0.0422304410904184	7.09097389433711	-0.941394852736382	0.346543809869043	0.494221302702125	-6.06524160039593
ENSMUSG00000020448	-0.0484178164774436	6.93162152821455	-0.918338264121685	0.358481987025779	0.505356538617584	-6.06568039950276
ENSMUSG00000032187	-0.0551820185006715	7.07041944457024	-0.921222910045523	0.356974381044979	0.503943951306636	-6.06579310957589
ENSMUSG00000067851	0.0380653563756903	6.88884689872932	0.931246491333943	0.351766863118622	0.499425223678256	-6.06605720614556
ENSMUSG00000026097	0.0226133603935912	7.45977090542487	1.30792966345031	0.190951716717875	0.320751844402158	-6.06662741297151
ENSMUSG00000041477	0.0415138893066667	7.45714938992448	1.26900522575625	0.204492789231184	0.337691674648671	-6.06769613613474
ENSMUSG00000041762	0.0425585229147663	6.84502971617184	0.975758668539719	0.329226896194301	0.476786894446303	-6.06795563649585
ENSMUSG00000004896	-0.0537613004795006	7.10060104157399	-0.923961632779012	0.355546741670065	0.502625844071319	-6.06800660770925
ENSMUSG00000040451	0.0641132159169944	7.01156921979809	0.910513466111077	0.362591601903483	0.509340048510773	-6.06819682277165
ENSMUSG00000029250	0.0497847132728939	7.17840044539152	0.946749151156387	0.343808124368564	0.491175901815063	-6.06822363907007
ENSMUSG00000064043	-0.0537805257385386	6.78442931939001	-0.956532746113698	0.33884510296434	0.486527756965249	-6.06886996299281
ENSMUSG00000073423	-0.0439163156000406	7.47502471468301	-1.4082622068932	0.159109847379633	0.279252862335327	-6.06948535691198
ENSMUSG00000039782	-0.0461640075687413	7.39053759643144	-1.20537126278584	0.228111759430104	0.366074914741226	-6.0695239881545
ENSMUSG00000050592	-0.0622528320141695	7.17748159408233	-0.98772530828059	0.323330555923434	0.470704285349672	-6.06996609567177
ENSMUSG00000027099	-0.0492596201863416	7.20818162237288	-1.00436037961836	0.315249032727097	0.463162421329048	-6.07011724136341
ENSMUSG00000078238	0.0442393413411466	7.43836287125969	1.25476210560248	0.209618338285496	0.344097327727112	-6.07018291371447
ENSMUSG00000026213	-0.0606341725001043	7.25656875927947	-1.06965635943753	0.284820859991711	0.431102611125465	-6.07030795107168
ENSMUSG00000034075	-0.0316675509631859	6.93599861562943	-0.912145196846017	0.361732184115976	0.508521795650129	-6.07036109976377
ENSMUSG00000056602	0.0471539696466756	7.19498197618767	0.962227979768636	0.335977310972462	0.483949274425292	-6.07036906955574
ENSMUSG00000031613	0.040572659545437	7.16669254353921	0.927271390732188	0.353826248646182	0.501276187347237	-6.07040140224498
ENSMUSG00000030020	0.057198367622604	7.15056086101306	0.949240860371415	0.342539744985179	0.490589523516243	-6.0704845485532
ENSMUSG00000030884	-0.0539458947558913	7.2883123300448	-1.1552097839631	0.248054609634187	0.389485601982583	-6.07056199089987
ENSMUSG00000095567	0.0650362904718431	7.15631342071472	0.939804512713939	0.347359029661463	0.495047591593702	-6.0708591330893
ENSMUSG00000003528	-0.0248026816335543	7.42792821378582	-1.26534468154481	0.20580128806642	0.339253395034698	-6.07103023704499
ENSMUSG00000046287	0.0426158001928973	7.46392689365691	1.37336220819397	0.169695636334539	0.293714340414038	-6.07117631796944
ENSMUSG00000022416	0.0548507491121697	7.21392208619201	0.996877113520415	0.318867926297343	0.466489986711903	-6.07148320562878
ENSMUSG00000015214	-0.0398833683738706	7.13527230886558	-0.946322028799628	0.344025847481156	0.491433321901068	-6.07169968644605
ENSMUSG00000020580	-0.0579015809354493	6.77302078039233	-0.960362041528747	0.336915164153969	0.48471174969112	-6.07266870670361
ENSMUSG00000039323	0.0479078435131717	7.18187292623791	0.943142135873973	0.345649545992972	0.493348991423395	-6.07267281674116
ENSMUSG00000048004	0.0361542582210532	7.52525142312302	1.46703992476045	0.142422252342215	0.256795500298069	-6.07307401070896
ENSMUSG00000034024	0.0497318697635487	6.98407818610977	0.903714360939014	0.366186379759067	0.512574797798109	-6.0733622246074
ENSMUSG00000085609	0.0529887274904981	6.84326353421047	0.945005326796014	0.344697582495943	0.492285453260269	-6.07359272822841
ENSMUSG00000003068	0.0337188071291736	7.223541244816	0.95733465603269	0.338440359487548	0.486106548152603	-6.07377816116148
ENSMUSG00000039206	0.0435995293076985	7.2770342257699	1.054480808527	0.291709066207964	0.438568568534068	-6.0743262043875
ENSMUSG00000031652	-0.0417458126900634	7.04169855297105	-0.905571931374585	0.365202056376992	0.511853690406549	-6.07482856779233
ENSMUSG00000042834	0.0390198869084397	7.19373393270056	0.935625457960328	0.349507054823137	0.497201604014399	-6.07560451238562
ENSMUSG00000029752	-0.0503863166117355	7.24666399045354	-1.0923352857944	0.274733501634481	0.420728857573825	-6.07562375522587
ENSMUSG00000043384	-0.0518460169266506	7.33960629834063	-1.18569196212543	0.235795086434166	0.375413993870376	-6.07622833632573
ENSMUSG00000026082	0.0623624292387186	7.34668816880637	1.18587899443458	0.235721212268192	0.375342022745703	-6.07632964807872
ENSMUSG00000053641	0.0515747874337524	7.34977369773724	1.13089712478617	0.258147601612601	0.400957219161487	-6.07639348837244
ENSMUSG00000030905	-0.0598766411664826	7.18585368900067	-1.07658581587198	0.281712465928975	0.427714206649906	-6.07689695768004
ENSMUSG00000062202	-0.0523757852753679	7.10170362768829	-0.970357053594491	0.331911129567738	0.479735645901172	-6.07750968077631
ENSMUSG00000025470	0.0403281283502492	7.39349285193217	1.24328050212837	0.213817370943354	0.348773235292024	-6.0779602896307
ENSMUSG00000033615	-0.0488368029763544	7.0370867464178	-0.905696037923366	0.365136351483875	0.511832967885042	-6.07855669514288
ENSMUSG00000004270	0.0313109286711057	7.34148823678227	1.06600099986399	0.286469885185624	0.432779106490906	-6.07888851287853
ENSMUSG00000021156	-0.0472973732624542	7.24323490148069	-1.00188406265993	0.316443575142476	0.464302447783073	-6.07895374725331
ENSMUSG00000024072	-0.0440145675762187	7.10016077144431	-0.904477563395005	0.365781759894378	0.512282285038211	-6.0789550688775
ENSMUSG00000092981	-0.0508600921468476	7.31090580330914	-1.09713229030571	0.272631498980433	0.418145687049184	-6.07958747031526
ENSMUSG00000047777	0.0526840791082552	7.29413954302197	1.11632307721831	0.264332533133448	0.408190790726952	-6.08012430122261
ENSMUSG00000022269	-0.0381669892329759	7.10378901206482	-0.92458064221507	0.355224564749148	0.502550248724427	-6.08105239030444
ENSMUSG00000041623	-0.0381684252650185	7.19166331754066	-0.977369678874915	0.328429065807377	0.475956755540201	-6.08105882547397
ENSMUSG00000051586	0.0450523503409759	6.87182933638352	0.927027975240354	0.353952602379566	0.501400938146859	-6.08129143084634
ENSMUSG00000038775	-0.0462881416617469	7.28991926225212	-1.16395880450202	0.244491091475298	0.385600826895714	-6.08142324163993
ENSMUSG00000030604	0.0595997025416937	7.19734168808633	0.931829689862042	0.351465364700375	0.499282178239726	-6.0815099177914
ENSMUSG00000103663	0.0532623670966057	7.43905606912911	1.31569156996845	0.188332310270029	0.317410737133783	-6.08182924316992
ENSMUSG00000035566	-0.0480364075877153	7.26301372725784	-1.04856106255236	0.294426163096223	0.441131801946013	-6.08210079355104
ENSMUSG00000039156	-0.0503681412223704	6.96106909920308	-0.894738163126956	0.370966144844787	0.517274338940031	-6.08221428364539
ENSMUSG00000034796	-0.0415766429873337	7.33585138551545	-1.15998592496745	0.246104783905132	0.387306627104939	-6.08260997823719
ENSMUSG00000047824	0.0347945733280604	6.93027236738213	0.89596009095083	0.370313208433393	0.516722388212853	-6.08291626414755
ENSMUSG00000028016	-0.0422922197341693	6.89107321128643	-0.923970540104541	0.355542104351673	0.502625844071319	-6.08310534596944
ENSMUSG00000031189	0.0478025984436297	7.42665026687077	1.27827197486471	0.201207375149579	0.333570590788691	-6.08347467109885
ENSMUSG00000020705	-0.0467413217584021	7.30704336589732	-1.08475059466212	0.278079579751798	0.424314435677219	-6.08363794663566
ENSMUSG00000035437	-0.0549836365750025	7.34111380376569	-1.15966335785141	0.246236130285847	0.387373638272327	-6.08376787606814
ENSMUSG00000033106	0.0291724364462302	7.23380379404991	0.989168406806427	0.322624176732654	0.47019878902192	-6.08380216947926
ENSMUSG00000024644	0.0472425107361607	7.51369299087427	1.43400990208527	0.151626168390246	0.269218525504093	-6.08387462371687
ENSMUSG00000026926	-0.0334182708574557	7.38509719591006	-1.23714819758384	0.216084777546917	0.351382673909357	-6.08396101603612
ENSMUSG00000029430	-0.0363195739748932	7.06805461461567	-0.916724578267049	0.359327094057114	0.506111922043651	-6.08427194807783
ENSMUSG00000014956	0.0274091679830422	7.37583744231279	1.16250951361779	0.245078897163251	0.386213011798572	-6.08439064637871
ENSMUSG00000042529	-0.0436248218624682	7.07635289257305	-0.923508816276972	0.355782536601348	0.502850585035609	-6.08457127630936
ENSMUSG00000045314	0.052340013869026	7.25615377528688	1.03957448365685	0.298583239644351	0.445780792955165	-6.08474156115182
ENSMUSG00000065676	0.0495269224117187	7.43199467418971	1.27191357223733	0.203457494238212	0.336542850159092	-6.08563688335549
ENSMUSG00000045284	0.0408097388567521	7.37179726249896	1.19312496371912	0.232871794962992	0.371527850311417	-6.08603841982692
ENSMUSG00000042705	-0.0301329472989114	7.23377163995569	-0.968153469700192	0.333010211560859	0.480733232964469	-6.08625188160649
ENSMUSG00000036667	-0.0396771549136083	7.10568152946555	-0.924748916200889	0.355137014760922	0.502480687047443	-6.08626093030341
ENSMUSG00000097268	0.0515695341925131	7.38832430287034	1.25163817014331	0.210754858556775	0.345461701292764	-6.08645977511371
ENSMUSG00000025025	-0.0551776430396282	6.9821758224109	-0.894278702932603	0.371211841921132	0.517451600769959	-6.08647246448745
ENSMUSG00000031657	0.0368078023707072	7.35484353515096	1.11033216470511	0.266904357283501	0.411289059034322	-6.08647581866926
ENSMUSG00000041439	-0.0415932825553904	7.13849254548797	-0.935894836741812	0.349368340914348	0.497112305102777	-6.08701496577458
ENSMUSG00000038759	-0.0513354679140994	6.89088312784449	-0.908134775069331	0.363846725967382	0.510669430629097	-6.08704205374199
ENSMUSG00000074781	0.0369673436318614	7.09352020922937	0.905430855873098	0.365276753997003	0.511903582030482	-6.08728691227324
ENSMUSG00000030766	-0.0329719929717642	7.37977066047661	-1.136223987638	0.255912236304955	0.398323207866094	-6.08755645300148
ENSMUSG00000028278	0.0463346950962942	7.1240013121352	0.9043612424374	0.365843410647746	0.512313823104106	-6.08857377430497
ENSMUSG00000026663	0.0490133018116969	7.08925867443863	0.894770614552941	0.370948795210796	0.517274338940031	-6.08944072569258
ENSMUSG00000059363	0.038602485745634	7.42275122354231	1.24340755535143	0.213770575523352	0.348773235292024	-6.08950276272959
ENSMUSG00000028743	-0.0479309678011024	7.18641610638371	-0.954675128152947	0.339783881026482	0.487561554041255	-6.0899704929437
ENSMUSG00000041203	-0.0480721525288246	7.06849412804123	-0.896791059563412	0.369869588978121	0.516379363977298	-6.09013888500855
ENSMUSG00000028959	0.0418501555984863	7.22394457065931	0.9745052250197	0.329848514804073	0.477326932222275	-6.09037364189894
ENSMUSG00000021730	0.0390204489900086	7.22388423888393	0.971151753264589	0.331515333027472	0.479262228356411	-6.09071666473794
ENSMUSG00000028256	-0.0344941395542699	7.31157306466277	-1.03194349558888	0.302143869087804	0.449558760552054	-6.09071803450488
ENSMUSG00000037428	-0.043840778313875	6.97300570025409	-0.885525855176365	0.375911714048587	0.522722906035487	-6.09093999303121
ENSMUSG00000027351	-0.0438956211454951	6.88484096013045	-0.897335766189143	0.369578972160665	0.516164700610991	-6.09154819589278
ENSMUSG00000036923	-0.0382419081556975	7.24508009044574	-1.06955559651523	0.284866230434341	0.431102611125465	-6.09191513743539
ENSMUSG00000002007	0.0388006809413	7.24866949202028	0.952347510333296	0.340962533381948	0.489085294953047	-6.09198989050473
ENSMUSG00000047003	0.0398489360206229	7.0357007576188	0.883972537405373	0.376749596566013	0.523534790694683	-6.0920812171632
ENSMUSG00000022350	-0.0398010208054496	7.13362199062667	-0.902522753892418	0.366818681064621	0.513350098610157	-6.09244762647
ENSMUSG00000011877	0.0556100811445193	7.28227292955317	1.04815062543451	0.294615176157436	0.441316005292122	-6.09273207549971
ENSMUSG00000035504	0.0566277369691122	7.41058835341423	1.28589872201338	0.198532431558036	0.330139285400459	-6.09304642351615
ENSMUSG00000019874	0.0384979534162282	7.07696304929479	0.880060722252527	0.378864787016151	0.525935509661271	-6.09305958158208
ENSMUSG00000023980	-0.0445366558879687	6.97513993850105	-0.888256017874428	0.374441815526615	0.521121744325974	-6.09308461718509
ENSMUSG00000031010	0.0532703268141965	6.99294704262919	0.879300075199113	0.379276930231278	0.526340213121464	-6.09322795577606
ENSMUSG00000032293	0.0568449928527643	7.36974453698613	1.11123721278952	0.266514731332584	0.410882108173127	-6.09340319392281
ENSMUSG00000028149	0.0386698846217826	7.4225578556676	1.27975432359179	0.200685419776504	0.333000445591127	-6.09346590746143
ENSMUSG00000054079	0.0525311219024553	7.15441117001409	0.896456340749738	0.370048241635448	0.516489507408453	-6.09404762413326
ENSMUSG00000028680	-0.0545183785363488	6.96827458439837	-0.880532740582076	0.378609170873758	0.525636401386982	-6.09427829714529
ENSMUSG00000049904	-0.0383002129231311	7.07207051601155	-0.886915529141962	0.375163079545546	0.521995544061085	-6.09435577290258
ENSMUSG00000101249	0.0313576886049898	7.39959374965363	1.16829400515747	0.242738725984887	0.383715938250922	-6.09565601505583
ENSMUSG00000063931	-0.0396664636517388	7.07115257014309	-0.894178622755512	0.371265373349865	0.517471124017505	-6.09572914398757
ENSMUSG00000026356	0.0474635661539571	7.21956609048493	0.926800120953252	0.354070904339086	0.501460004284651	-6.09576823278036
ENSMUSG00000033208	0.0381869779693096	6.64447478271398	1.01560649193276	0.30986139358756	0.457295029273356	-6.09589054767453
ENSMUSG00000050043	-0.0400666415950681	7.22096590356078	-1.01995766763048	0.30779330680785	0.455119716820463	-6.0961105570727
ENSMUSG00000025007	-0.047157200413749	6.94165141591504	-0.878865931017222	0.379512287229	0.526451055244865	-6.09611143781607
ENSMUSG00000017307	0.0435035424400549	7.25048168289381	0.990372112501436	0.322035748176337	0.469654897529755	-6.09624911670925
ENSMUSG00000092083	0.0495831228431101	7.38905393130887	1.22432734649444	0.220881095719906	0.357362247301657	-6.09645955703365
ENSMUSG00000039640	-0.0470586306426144	7.18450842954623	-0.958076666497827	0.338066125394747	0.485728897461372	-6.09676299457086
ENSMUSG00000055553	0.0308565518762052	7.56356794930678	1.46958582893209	0.141731038930995	0.256113562689384	-6.0967926352425
ENSMUSG00000050295	0.0588687749618471	7.0923259048958	0.876974832166689	0.38053853195517	0.527420120723807	-6.09684522596031
ENSMUSG00000021179	-0.0361002038828211	7.31663923682733	-1.08842762671108	0.276453962677077	0.422770152945718	-6.09697105052741
ENSMUSG00000062797	-0.0511729606538482	7.14998637952427	-0.959707907522366	0.337244341569669	0.484920694105449	-6.09716963675263
ENSMUSG00000021534	-0.0426088520587289	7.4101926662295	-1.29182773496862	0.196470976111757	0.327543361677718	-6.09763726641067
ENSMUSG00000058569	0.0460817132980083	7.17620581490311	0.955633758806558	0.339299213020644	0.486966158393584	-6.09799191429588
ENSMUSG00000025085	0.0298983883661688	7.28087842912354	0.999062249496445	0.317808397535956	0.465512143716798	-6.09811759036473
ENSMUSG00000041096	-0.0582160316682447	7.13136040483889	-0.911503701775849	0.362069901296394	0.508815797367035	-6.09834148402053
ENSMUSG00000009030	-0.0570701612885536	7.27275007134663	-0.989086297418598	0.32266434124575	0.470199403137882	-6.09872483297705
ENSMUSG00000001783	-0.0331891590239168	7.24777232907133	-1.02580337071268	0.30502929634925	0.452207399819316	-6.0994209803192
ENSMUSG00000021091	-0.0218802489353633	6.79035127065876	-0.935909448831598	0.349360817564702	0.497112305102777	-6.09946485853078
ENSMUSG00000022023	0.059602710732384	6.97290793335475	0.873280636847617	0.382548178306079	0.529085226112739	-6.09948431984475
ENSMUSG00000044786	0.0387097761957218	6.82821675087217	0.947754349759424	0.343296077644062	0.491093263250084	-6.09950146868371
ENSMUSG00000019761	0.0318393294176795	6.98184308347713	0.875241330065197	0.381480749929109	0.528150358349453	-6.09960588645388
ENSMUSG00000064841	-0.0515678981481855	7.01325136611382	-0.874875541958228	0.381679751159312	0.528226192410219	-6.0998167134473
ENSMUSG00000039717	-0.0525849460330647	7.2012682596845	-0.977131962839972	0.328546712413555	0.476074549963282	-6.10008558104683
ENSMUSG00000026116	0.0282413122528427	7.12049531516104	0.883972575846739	0.376749575815925	0.523534790694683	-6.10012258770659
ENSMUSG00000042873	-0.0357116734915737	7.09287021868774	-0.907894753535578	0.363973524892217	0.510719658337143	-6.10017401704239
ENSMUSG00000006676	-0.0547453659562249	7.01229899836569	-0.874865929206892	0.381684981683522	0.528226192410219	-6.10018672832381
ENSMUSG00000022788	0.0552073904431456	7.22125554274243	0.943105326638543	0.345668369869142	0.493348991423395	-6.10064199103894
ENSMUSG00000001103	-0.0429859580822693	7.50852015625282	-1.46973053057347	0.141691829969482	0.256087963078097	-6.10104267986678
ENSMUSG00000026958	-0.0625766104600558	7.10232466399746	-0.905876294282563	0.365040932728449	0.511832967885042	-6.10123088712249
ENSMUSG00000013698	-0.0453219337464965	7.07540595631532	-0.878781884690304	0.379557860560363	0.526451055244865	-6.10161848902066
ENSMUSG00000039662	-0.0341410078531146	6.74235514309474	-0.951009068540528	0.341641474168631	0.489790865069614	-6.10171451881613
ENSMUSG00000040693	0.0334696123233877	7.21756117960072	0.921520337115703	0.356819163882937	0.503943951306636	-6.10198020794061
ENSMUSG00000031696	0.0398640083665889	7.18858595546116	0.933537300406839	0.350583516652481	0.498408013900997	-6.1020703245016
ENSMUSG00000040003	0.045804416921432	7.15569449910174	0.905260305335852	0.365367071001393	0.511929891339875	-6.10209206415351
ENSMUSG00000035863	-0.0474168691388837	7.2369082369683	-1.04337129918187	0.296822122922313	0.443708065003302	-6.10210447783732
ENSMUSG00000028452	-0.056761811188184	7.1227320895953	-0.909485736639407	0.363133553599564	0.510046613424042	-6.1022550143068
ENSMUSG00000035150	0.0666516387791223	7.27434382849734	0.978867771203855	0.327688282843058	0.474988374555062	-6.10237304066928
ENSMUSG00000021285	0.0423637016419551	6.92193748103963	0.874313461794476	0.381985666115018	0.528524005312312	-6.1023850591919
ENSMUSG00000036315	-0.0416880420871113	7.137281221225	-0.905247727281103	0.365373732407561	0.511929891339875	-6.10241905332209
ENSMUSG00000025537	0.0473221211679817	7.01911358404274	0.873971130743956	0.382172055196895	0.528676727244056	-6.10246145892066
ENSMUSG00000010086	-0.0590677415913081	7.11841987648055	-0.921903940825398	0.356619036848982	0.503815304891214	-6.10246561401547
ENSMUSG00000083863	-0.0238558014262624	6.98879506048794	-0.868609161811677	0.385098763244027	0.531630943082273	-6.10340139867653
ENSMUSG00000021112	0.0668510167508947	6.97760825002184	0.881768606301622	0.377940405077804	0.524930594449248	-6.10345189151076
ENSMUSG00000026470	0.0321040798993248	7.29771445812313	1.00781122952386	0.313589337198599	0.461345275042595	-6.10368426691508
ENSMUSG00000041298	0.043099113355094	6.9032680592622	0.885687060005847	0.375824823746354	0.522657594273133	-6.10373419976933
ENSMUSG00000084686	0.0536558284071758	7.30583903061386	0.958798376778352	0.337702384869369	0.485312801614685	-6.10425222991924
ENSMUSG00000057278	0.032814301132527	7.0274559812978	0.869355885064649	0.384690362067043	0.53126225951284	-6.10439757645275
ENSMUSG00000028974	-0.0385751960679679	7.29308387771859	-1.11362832123523	0.265487235864742	0.409732275367347	-6.10444238915854
ENSMUSG00000004319	0.0552725492458421	7.3293378471244	1.05240603070243	0.292659440910124	0.439643993160682	-6.10514682198986
ENSMUSG00000022217	-0.0462360102633106	7.33503713802389	-1.13807516966095	0.255138565141174	0.397604344105255	-6.10517398550735
ENSMUSG00000061207	-0.0592746724448885	7.15022803560396	-0.924030569825425	0.355510852764217	0.502625844071319	-6.1052896915899
ENSMUSG00000024150	-0.0449212279760367	7.16918331761387	-0.965958789161144	0.334107185937502	0.481891734966814	-6.10584327668144
ENSMUSG00000041268	0.0378574091666719	7.33896651062646	1.13477693364536	0.256518143083113	0.399041769159235	-6.10622789886253
ENSMUSG00000048271	0.0326787067529706	7.1760956700682	0.906962917373886	0.364466058549498	0.51131479195564	-6.10682424853236
ENSMUSG00000062031	0.0375049012951001	7.23736566890019	0.938253763049044	0.348155129368334	0.495978993872712	-6.10693586613217
ENSMUSG00000025403	-0.042296659571897	7.29482737636946	-1.02376154299145	0.305992850932705	0.453189547251052	-6.10694456351418
ENSMUSG00000048814	-0.0472795355483653	7.26883572491173	-1.08510476085749	0.277922720079256	0.424223417427728	-6.10702903952474
ENSMUSG00000025821	0.0378132690842188	7.17307770825302	0.89633835418611	0.370111228507696	0.516522354079817	-6.10748438790153
ENSMUSG00000005986	-0.0532539128674232	7.33736605947301	-1.19261755990009	0.233070527979005	0.371788016310499	-6.10796255715095
ENSMUSG00000026568	0.0541342825012094	6.91961839859484	0.863909926743926	0.387674968460556	0.534383812263729	-6.10797919733529
ENSMUSG00000064741	-0.0319520583653645	7.33162845990603	-1.10113449731731	0.270886212202001	0.416102580094872	-6.1081932962455
ENSMUSG00000026223	0.033012490547387	7.24598892433084	1.03105050742748	0.30256237809337	0.449823603679128	-6.10869104021371
ENSMUSG00000004815	0.0528261231119718	7.23185595328669	0.960674698169669	0.336757900137667	0.484540546060263	-6.11016021862281
ENSMUSG00000026740	-0.0368492745169586	6.84053858658638	-0.90058012356955	0.367850955834951	0.514409817751675	-6.11051857634679
ENSMUSG00000033294	-0.0467397890422996	7.35101510630527	-1.16941482523666	0.242287111178452	0.383173894476011	-6.11071142024382
ENSMUSG00000027474	0.0665023642497626	7.36489874610486	1.12399126418145	0.261065684953184	0.404529760611562	-6.11099546561716
ENSMUSG00000067929	0.0488261792525915	7.1596359107953	0.87814997515459	0.379900615365653	0.526870641564315	-6.11128416557576
ENSMUSG00000037720	0.0460059058638018	6.96268147298759	0.868769003437849	0.385011319663893	0.531630943082273	-6.11149872190072
ENSMUSG00000035048	0.0432868161076065	7.2436578740508	0.939748259953743	0.347387887562736	0.495047591593702	-6.11157049045647
ENSMUSG00000104063	0.0374175499495619	6.97672031805757	0.864654377758938	0.387266148010879	0.534312194094048	-6.11214158354832
ENSMUSG00000020205	-0.0333784371084862	6.90582508646376	-0.884309633502378	0.376567664127055	0.5234285555943	-6.1122209016849
ENSMUSG00000038685	0.0393876856410635	7.47541826305922	1.32066640093434	0.186667457262149	0.315335529093684	-6.11269981917611
ENSMUSG00000029165	-0.04207422798875	7.3506035533432	-1.1092181520829	0.267384480932776	0.411931939794293	-6.11274129765442
ENSMUSG00000020029	0.0445161673945345	7.07820816624198	0.854241328491299	0.393008416262538	0.539462134705035	-6.11381469679765
ENSMUSG00000038180	-0.0592039964684865	7.1403949117723	-0.914695499051626	0.3603915233157	0.50706715748843	-6.11427660438321
ENSMUSG00000017418	0.0412161118822034	6.97274689653758	0.860651886200659	0.389467237742825	0.536444510944668	-6.11447572340772
ENSMUSG00000026103	0.04124136353634	7.41646655408486	1.28221507365574	0.199821139330344	0.331818665158912	-6.11452610068849
ENSMUSG00000045435	0.0347310540883923	7.14096400351186	0.889219629294703	0.373923864555986	0.520566911395892	-6.11482186388149
ENSMUSG00000045903	-0.0352059820377146	6.8371923173121	-0.900860449325378	0.367701884735943	0.514256284046893	-6.11487815067282
ENSMUSG00000025813	-0.0336739131247841	6.99646234971496	-0.854725974742461	0.392740018701119	0.539363508322149	-6.11487928900732
ENSMUSG00000009621	-0.0388140814443672	6.90331312196176	-0.872127792112144	0.383176656932401	0.529729177915713	-6.11498723593243
ENSMUSG00000029151	-0.0344689741086652	7.46800598959005	-1.39532762117749	0.162973284313717	0.284410322345398	-6.11536759396213
ENSMUSG00000047766	-0.0361127750471351	7.09785102531736	-0.875502664544034	0.381338614055864	0.528081778635432	-6.116698249139
ENSMUSG00000005683	0.0252382951517856	7.21942056983858	0.944844322582012	0.344779778568813	0.492349134055726	-6.11735282688798
ENSMUSG00000003437	-0.0572888044947826	6.99123503396285	-0.854048465852677	0.393115254694471	0.53948269543606	-6.11746315340037
ENSMUSG00000000325	-0.049191490479255	7.0051833710049	-0.852899282311724	0.393752222706123	0.539677983633643	-6.11760581986822
ENSMUSG00000087141	0.0503436194549538	7.05464478275991	0.856629603624411	0.391686863191677	0.53876490995014	-6.11792808463776
ENSMUSG00000053192	-0.0517148760449784	7.32937147968954	-1.14388209788547	0.252722215255276	0.394585991106776	-6.11829902891692
ENSMUSG00000079334	0.0261333208982455	7.24566882933487	0.9257794108815	0.354601163719988	0.501971229661585	-6.11892141846304
ENSMUSG00000021710	0.0319440808267055	7.49463974405939	1.37063921810712	0.170543268168217	0.294713894780663	-6.11945821484167
ENSMUSG00000007411	0.0359609855159038	6.95920944900595	0.856324634506717	0.391855467590924	0.538826991040896	-6.11965042048137
ENSMUSG00000086382	0.0429831195661894	7.54026974103147	1.47167378231339	0.141166085640088	0.255392723336815	-6.11969401437267
ENSMUSG00000022184	0.0467816112590622	7.1551887652386	0.856538407580139	0.391737276973515	0.53877764787659	-6.12009473402525
ENSMUSG00000001985	0.0304800035388029	7.19689758924386	0.924421401317173	0.355307427526392	0.502600745295289	-6.12041179881024
ENSMUSG00000042476	0.03632166248698	7.37983698813791	1.09771292235711	0.272377820182697	0.417854513924522	-6.12133157219142
ENSMUSG00000000489	0.0644394983642185	7.38307303190903	1.20791828442117	0.227130524759794	0.365216510704399	-6.12193692900895
ENSMUSG00000038564	-0.051841744503184	7.01221535962871	-0.847704985246371	0.396639100424044	0.542729927313239	-6.12207428504835
ENSMUSG00000020149	-0.0274643431065673	7.26965481032942	-1.00949466397306	0.312781775982309	0.460519456945612	-6.12253434873889
ENSMUSG00000028416	-0.0536406547510042	7.17193256211108	-0.903869978988272	0.366103854541855	0.512574797798109	-6.12256874277069
ENSMUSG00000032175	-0.0480550462097131	7.27163605503737	-1.03166953209843	0.302272224186119	0.449648212296722	-6.12294308962595
ENSMUSG00000023921	0.0415684967203118	6.96197775870911	0.852425496142035	0.39401501417715	0.539925116768605	-6.12325327226386
ENSMUSG00000103793	-0.0366819086532963	7.23959554908225	-0.987879455666384	0.32325505458543	0.47064670536393	-6.12342014855221
ENSMUSG00000017561	0.0433019241099721	6.91516910999099	0.897127067848215	0.369690302009884	0.516265112950763	-6.12407492424286
ENSMUSG00000056579	0.0346895358336203	7.38798696171108	1.12919736300822	0.258863731419526	0.401669348590487	-6.12421010786557
ENSMUSG00000019256	0.0465937270297028	7.458979400804	1.2420174219017	0.214282982545126	0.349103136819412	-6.12434153995023
ENSMUSG00000039257	-0.0423479760695509	7.28555071272342	-1.07910878629041	0.280586457853916	0.42674696865979	-6.12453749613979
ENSMUSG00000038346	-0.0377882994531564	7.22751477557126	-0.952149315837237	0.341063015386742	0.489122247501722	-6.12462974922583
ENSMUSG00000058709	-0.0375126828237962	7.06718504868388	-0.855444467254352	0.39234232141953	0.539184373906759	-6.12463992666626
ENSMUSG00000027160	-0.0449933395421276	7.06105575730095	-0.843340878577089	0.399074425832637	0.545373943945813	-6.12475981692018
ENSMUSG00000047428	-0.0538714415111672	7.13155296996572	-0.917051446692379	0.359155808003582	0.505979537112116	-6.12498596575435
ENSMUSG00000074476	0.0221682905240783	7.11034758740681	0.848854110930636	0.395999343024175	0.54219027388334	-6.12550664465789
ENSMUSG00000034575	-0.0502721568998226	7.22175023507961	-1.01235945670719	0.311410656973425	0.458965250601833	-6.1255786215317
ENSMUSG00000005625	-0.0449599426270773	7.13391123078378	-0.894396424433367	0.371148880537588	0.517418927057619	-6.12561981137126
ENSMUSG00000032374	0.0188009909663176	7.35198190602952	1.07712290170604	0.281472506622419	0.427449026412332	-6.12587058296858
ENSMUSG00000036450	-0.0498537929105707	6.89877302496823	-0.852541128729287	0.393950867311519	0.539893724991355	-6.12587296060384
ENSMUSG00000069806	0.0292398576642467	7.41510976508365	1.19486452023156	0.232191381968991	0.370758576989637	-6.12587750201369
ENSMUSG00000057469	0.0376356515613558	6.7202122945158	0.926845992192004	0.354047085980429	0.501460004284651	-6.12606702919752
ENSMUSG00000054091	0.0321404362930382	6.98074915647643	0.842534238608226	0.399525543085873	0.545876477779195	-6.1260781027998
ENSMUSG00000057054	0.0285732574992998	7.49977198789952	1.36594611730969	0.172011610841388	0.296552185301814	-6.12657338291659
ENSMUSG00000074282	-0.0388634798336946	7.29469563570375	-0.982492887139114	0.325900212012253	0.47318238612226	-6.12695400391538
ENSMUSG00000025860	0.0475664955378097	7.42121206577762	1.181413861592	0.23748932917893	0.377560449011603	-6.12699371774219
ENSMUSG00000008226	-0.0444604838892007	7.13943158699306	-0.874735073006804	0.381756187996521	0.528268894752189	-6.12718841449691
ENSMUSG00000096916	0.0477824839014387	7.22587429771584	0.898068884158864	0.36918805661872	0.515749410664606	-6.12751053719653
ENSMUSG00000074345	0.0496999809905292	7.16980270868302	0.886638318312675	0.37531234281786	0.522067984364528	-6.12781002966452
ENSMUSG00000066415	0.061518062422925	7.31960121237516	0.981259899193014	0.326507663967764	0.473734817049829	-6.12795983898966
ENSMUSG00000018923	0.0268770349998562	7.30084534760571	1.02249163552534	0.306593147215526	0.453755085162295	-6.12821402352722
ENSMUSG00000041592	0.0313730635103155	6.86966757521295	0.872055497901992	0.383216089523351	0.529729177915713	-6.12829209245828
ENSMUSG00000028803	-0.027874912489839	7.28272960849714	-1.01206330764239	0.311552212908543	0.459122193989041	-6.12858718327742
ENSMUSG00000030275	0.0317532685319399	7.29167217251785	1.02503705802018	0.30539068900042	0.452538189065477	-6.1287009555365
ENSMUSG00000020562	0.0306801121814591	7.36078198608454	1.03737327107911	0.299607440450393	0.446677347198818	-6.12875377080644
ENSMUSG00000085058	0.0270703910914332	7.26109415046039	0.985581917345717	0.324381579373657	0.471657445264317	-6.12889491336542
ENSMUSG00000033632	0.0392184504901216	7.32928415061865	1.0242467426221	0.30576369877889	0.45293712880892	-6.1289232989971
ENSMUSG00000041609	-0.0509397791357449	7.1839702667406	-0.959748345092865	0.337223986327303	0.484920694105449	-6.12896264608298
ENSMUSG00000006476	-0.0382273362142831	7.189064218531	-0.940122737570951	0.347195807705791	0.494935487204292	-6.12930713714737
ENSMUSG00000046668	0.058774877399963	7.2623361720432	0.980375669854267	0.326943747011254	0.474171655685314	-6.12934859788193
ENSMUSG00000020211	-0.0397890399347842	7.24314117248499	-0.960846703829183	0.336671402680599	0.484522590292888	-6.12950964197304
ENSMUSG00000036501	0.0437696147269122	6.79167918782055	0.898819586048138	0.368788031552893	0.515444956666006	-6.12974936208393
ENSMUSG00000078427	-0.0464698395927492	6.85271329977866	-0.879863853988656	0.378971430166538	0.526027773933452	-6.12978490365877
ENSMUSG00000034601	-0.031019636955997	7.20747852799726	-0.898893443454106	0.368748689878561	0.515444956666006	-6.12990333013604
ENSMUSG00000050074	0.0353188946721481	7.2962473162908	1.03866755778255	0.299004939025391	0.446206846200891	-6.13017025694832
ENSMUSG00000080485	0.0259319378716807	7.34759060538234	1.07285089229454	0.28338499466773	0.429605876585215	-6.13029566998724
ENSMUSG00000005514	0.0324681956325046	7.10682084097215	0.844291458566142	0.398543203239671	0.544761705660239	-6.13041406944946
ENSMUSG00000006423	-0.0527090477949299	7.21224856196873	-0.916943074384143	0.359212591724805	0.50600508401777	-6.13053543592813
ENSMUSG00000022247	0.0404346475184116	6.96186860995805	0.845478844470409	0.397880242602695	0.54402591500308	-6.13063291886037
ENSMUSG00000020869	-0.0448332030711036	6.90638604913602	-0.838861414716779	0.401583463705243	0.547843159044446	-6.13068392448336
ENSMUSG00000094910	0.0358689600404638	7.08705189930806	0.855832517867258	0.39212763072898	0.539051247099475	-6.13086268985825
ENSMUSG00000005803	0.0395035026957951	6.93011140575209	0.86268904537747	0.388345993305317	0.535142830462912	-6.13096986355083
ENSMUSG00000028931	0.039419880599965	7.32314364687421	1.09923650860887	0.271712932088994	0.417176698359225	-6.13130274704931
ENSMUSG00000026933	-0.0380781721549921	6.87664126745435	-0.851195700539158	0.394697631174718	0.54074731972995	-6.13137159247276
ENSMUSG00000005225	0.0525265074369461	7.03024214660382	0.834002745187649	0.404315581492754	0.55041068866623	-6.13161311079819
ENSMUSG00000043415	0.0434519115030909	6.82373754501074	0.884867504446087	0.376266697538996	0.523105405562338	-6.13204877241537
ENSMUSG00000037514	-0.0382882139512137	6.78465519550342	-0.877500458181028	0.38025311892711	0.527136153430085	-6.13210386292726
ENSMUSG00000025731	-0.0333937098184443	7.2215219886414	-0.940655252244022	0.346922782735913	0.494648046699479	-6.13226692408495
ENSMUSG00000056260	0.0393619370183167	7.42563223135609	1.16260250343885	0.245041152453266	0.386213011798572	-6.13238660426831
ENSMUSG00000033545	-0.0408520400856043	6.96534629153529	-0.834581527359692	0.403989539357156	0.550138449060109	-6.13243000293835
ENSMUSG00000071180	0.0313463962896998	7.22699484578943	0.892769870646664	0.37201940263354	0.518466895814169	-6.13248721177445
ENSMUSG00000103941	-0.0320778612708148	7.17542948485944	-0.896541978848823	0.37000252809374	0.516480765305816	-6.13268262333319
ENSMUSG00000029772	0.0562151833521423	7.00505023551764	0.832491780752544	0.405167486530311	0.551169236664051	-6.1329176162181
ENSMUSG00000047013	0.0502598197017194	7.3010909007947	1.11206351951182	0.266159345792938	0.410672734840441	-6.13313826853431
ENSMUSG00000031851	0.0236772287775322	7.41096130272668	1.2088463457399	0.226773740442332	0.364832087113262	-6.13317377894476
ENSMUSG00000036782	0.0426741867656304	6.57655857953177	0.99747287604435	0.318578823859046	0.466223335788356	-6.13361884931463
ENSMUSG00000032590	0.0447714057497697	7.14882838044089	0.854608133491425	0.392805269071709	0.539396536887645	-6.13364536003479
ENSMUSG00000002812	-0.0436743201994423	7.18519640981658	-0.880689752462054	0.378524166424239	0.525574120991211	-6.13371873833804
ENSMUSG00000023827	-0.044106445680101	6.95598449129903	-0.839190782949207	0.401398655995562	0.547692673714841	-6.13372272073128
ENSMUSG00000033285	0.0367524205688605	7.11276224096052	0.840343923528459	0.400752034125578	0.54715253214851	-6.13385219233306
ENSMUSG00000024943	0.0427427951595796	7.21823658329583	0.86654339230734	0.386229963405661	0.532994906810047	-6.13394988624361
ENSMUSG00000039737	0.0434359402258053	7.26613231530796	0.949410563250411	0.342453468433413	0.490525252596306	-6.13413777807927
ENSMUSG00000030697	-0.0390461640231914	6.84025530747735	-0.869607317607109	0.384552907116129	0.53123869510502	-6.1349865177748
ENSMUSG00000027896	-0.0493092405392153	7.33350106543213	-0.983683577094358	0.325314296879558	0.472679087310734	-6.13510120432477
ENSMUSG00000039835	0.069689695767865	6.87977307692281	0.879007124386211	0.379435734028712	0.526448985788882	-6.13512151115005
ENSMUSG00000003226	0.0431533055407334	6.76796452018521	0.905914622281941	0.365020645799581	0.511832967885042	-6.13516687533463
ENSMUSG00000026514	0.0472071344151193	7.50569442599212	1.44624101297201	0.148166478222496	0.264457468696512	-6.13529166843994
ENSMUSG00000027306	0.0454884067714945	6.79094707946943	0.932525633393408	0.351105794427255	0.498879646260215	-6.13531215228318
ENSMUSG00000045733	-0.0281456187614255	7.62259586153226	-1.57705635456298	0.114839950597327	0.217959500321862	-6.13586373330475
ENSMUSG00000031214	0.0466743791354061	7.21793015621598	0.896980506321929	0.369768497519571	0.516319237364145	-6.13588989374743
ENSMUSG00000022477	-0.0564674008179873	7.20731395128521	-0.920837758333942	0.357175441944775	0.504079377106285	-6.13608445113715
ENSMUSG00000002428	-0.0472572177995803	6.81987755629354	-0.881039610554509	0.378334799499521	0.525366906560005	-6.13622573704946
ENSMUSG00000042029	0.0576070061777081	6.87164154696865	0.877863610453919	0.380056005433161	0.526982155445915	-6.13632515202825
ENSMUSG00000036199	0.0336644510202015	7.28424682570484	1.00141510442404	0.316670128547424	0.464468443081209	-6.13663935068499
ENSMUSG00000055692	-0.0477766622467675	7.25638098514702	-1.01699671346455	0.309199634286936	0.456580375827269	-6.13678622509107
ENSMUSG00000022296	0.0403590635393467	7.23565674880591	0.981698265798747	0.326291611139146	0.473540602265126	-6.1368104830883
ENSMUSG00000032869	0.0434783544029331	7.52190056910921	1.43397574464284	0.151635915602443	0.269218525504093	-6.13686732650856
ENSMUSG00000024068	0.0429457082373803	7.1042143688144	0.829689013200402	0.406750569009877	0.552608337907221	-6.1370954205245
ENSMUSG00000042323	0.0396349379909875	7.02656085965386	0.828122829399024	0.4076367995006	0.553350459919459	-6.13739394676122
ENSMUSG00000074622	0.06073452589259	7.32150292122371	1.06995145337369	0.284688016403138	0.430982367107989	-6.13760284300222
ENSMUSG00000039191	0.0505700113600449	7.02539047360388	0.830825366306989	0.40610828012856	0.552053809426419	-6.13764103001335
ENSMUSG00000038530	-0.045160016706963	7.02405343299503	-0.837413445871908	0.402396521177379	0.548596819249635	-6.13806724299461
ENSMUSG00000026273	-0.0460876569230919	7.02384189951854	-0.834928722199394	0.403794031580433	0.549986627283711	-6.13811363525086
ENSMUSG00000021592	0.046920437587767	6.93015318412206	0.854755156329807	0.392723861457929	0.539363508322149	-6.13835477680328
ENSMUSG00000022639	0.0483232839151633	6.79413817653794	0.915014267033157	0.360224170724232	0.507048149996951	-6.1389439414274
ENSMUSG00000025036	0.027137945832866	7.4781342848772	1.24700968365024	0.212446936758636	0.347278723441636	-6.13904170205708
ENSMUSG00000028064	-0.0454853030901203	7.18946485683587	-0.936596331522916	0.349007277292537	0.49683710278543	-6.13922985602978
ENSMUSG00000029534	-0.0231168330826472	6.88555436176142	-0.847744978756027	0.396616824200984	0.542729927313239	-6.13930067685879
ENSMUSG00000030706	-0.046814270383492	7.3207940318107	-1.10677664206065	0.268438813500554	0.41307016294655	-6.13933064802633
ENSMUSG00000054843	0.0354231964324434	7.36566635527414	1.15400531923525	0.248548026418134	0.390119981041388	-6.13966194711684
ENSMUSG00000033906	0.0476256601632405	7.32608866616343	1.04673292748407	0.295268675090813	0.441890431445922	-6.13978362100986
ENSMUSG00000045216	0.048008787548012	7.26062987940988	0.993904713351214	0.320312892827059	0.468014581211237	-6.13996053105812
ENSMUSG00000024293	0.033960858327732	7.27049126331043	0.92864910000545	0.353111635646935	0.500534596566661	-6.14057688347223
ENSMUSG00000020817	-0.052932232214312	6.84961364362097	-0.853157280969539	0.393609165148505	0.539651397017931	-6.1407462557556
ENSMUSG00000037816	-0.0380776592867003	7.2342751609244	-0.90380273675725	0.366139512090089	0.512574797798109	-6.14145636699525
ENSMUSG00000023156	0.0253685758618785	7.21597371842272	0.922624112466489	0.356243512600743	0.503393423310192	-6.14259648320662
ENSMUSG00000027889	-0.0610582478555131	6.98940800699132	-0.824925800597741	0.409449418943024	0.554746123647114	-6.14275071490885
ENSMUSG00000073293	-0.0330235697019896	7.38748000441583	-1.15091364708589	0.249817692079017	0.391423824097537	-6.14301508630223
ENSMUSG00000048118	-0.0532090456823875	7.05280001589939	-0.825869222771375	0.408914028718495	0.55442237613738	-6.14350686043163
ENSMUSG00000028789	0.0322159225899448	7.51970828692848	1.42586334524791	0.153964426609513	0.27259951478831	-6.14365776716509
ENSMUSG00000018697	-0.0321607023517512	7.1379146333628	-0.854796290901605	0.392701086778179	0.539363508322149	-6.14369997193103
ENSMUSG00000074886	-0.0512454397228215	7.19321951818311	-0.93120229462875	0.351789718338611	0.499425223678256	-6.14377151620263
ENSMUSG00000015961	-0.0373404622159184	7.3472319598087	-1.11737645096083	0.263882105513684	0.407687576750667	-6.1444219458328
ENSMUSG00000074909	-0.0393890254508982	6.89373608241319	-0.833681234714041	0.404496764213141	0.550565945752045	-6.14461778821852
ENSMUSG00000023960	0.050038220467556	7.25540255995006	0.988056326508857	0.323168437469411	0.470592062277375	-6.14462867791176
ENSMUSG00000031833	-0.0433061979502884	6.88267043679335	-0.835884814724681	0.403255942289714	0.549539585349947	-6.14469217622032
ENSMUSG00000024050	0.035456011160611	7.48622244647592	1.31932977834659	0.187113692723944	0.31589445098418	-6.14482980882248
ENSMUSG00000024883	-0.0499214177022074	7.389064657061	-1.27094745487245	0.20380098243105	0.336889199745872	-6.14503085623237
ENSMUSG00000033526	-0.0460913449658138	7.16121469679171	-0.926319179764043	0.354320691060028	0.501759490249637	-6.14508133013711
ENSMUSG00000036097	-0.020628189598515	7.15952176121664	-0.857998755022301	0.390930460646375	0.538029830955694	-6.14508516972568
ENSMUSG00000050705	-0.0591253640553084	7.1765292702618	-0.898333795797942	0.369046862858752	0.515641571883328	-6.1452890011208
ENSMUSG00000021661	-0.0469904608435634	7.26249275168037	-0.993939522411316	0.320295946433394	0.468014581211237	-6.14559120989102
ENSMUSG00000018882	-0.0388887780563509	7.13768335802799	-0.879642120124445	0.379091565085924	0.526138743782987	-6.14560284989506
ENSMUSG00000086316	-0.0356417710392147	7.09735931059216	-0.849207840273194	0.395802535401992	0.541977491212518	-6.14562411897298
ENSMUSG00000021431	-0.0374898588601811	6.7242463762949	-0.935083620150345	0.349786174682645	0.497471155719039	-6.14566716970873
ENSMUSG00000038039	-0.0468454208547326	7.11767237792518	-0.838777450341211	0.401630584080405	0.547843159044446	-6.14589124558876
ENSMUSG00000069808	0.0414782558326792	7.00182822788391	0.826820434550491	0.408374640094803	0.553977907794132	-6.14602513963818
ENSMUSG00000073434	0.0509149735872843	7.21966121802886	0.921333710145049	0.356916553236441	0.503943951306636	-6.14603044521218
ENSMUSG00000055239	0.0523829149634256	7.11988522201592	0.851077401790783	0.394763332418022	0.540780741657084	-6.14611640384833
ENSMUSG00000036306	-0.0329679143159805	7.00668550322814	-0.820894335906195	0.411741961993258	0.556987576608363	-6.14636766903043
ENSMUSG00000022802	0.0418519535224879	7.17302533368246	0.858382830748484	0.390718433334751	0.537828380740044	-6.14669900491649
ENSMUSG00000027167	0.0521826155968652	7.2281072881457	0.896751983475903	0.369890442665681	0.516379363977298	-6.14678300773109
ENSMUSG00000037465	-0.0492283954965576	7.24431211165892	-0.995578012126099	0.319498929742166	0.467180710202278	-6.14713793861882
ENSMUSG00000025231	-0.0382685136550895	6.99967851042091	-0.815534147452242	0.414801868461347	0.560254581014595	-6.14718229175468
ENSMUSG00000024180	0.0341636922136299	7.38441972372528	1.17184506631557	0.241309919574821	0.382146165277656	-6.14723135761731
ENSMUSG00000034667	0.0438695649349228	7.21389568205298	0.914619690901705	0.360431329635452	0.50706715748843	-6.14748240664107
ENSMUSG00000097039	0.0555258174522884	7.18563247699867	0.881489060776599	0.378091612210667	0.525084903687499	-6.1476814951003
ENSMUSG00000027185	-0.0590326348844563	7.26071924221478	-0.968604644048603	0.332784988126321	0.480620084340848	-6.1479262304909
ENSMUSG00000025423	0.0484817258541188	7.01772183981284	0.817335779728197	0.413771895062702	0.559203326123271	-6.14816694797965
ENSMUSG00000009907	0.0491643139845399	7.42315926257895	1.16880428612162	0.242533043854078	0.383483407021448	-6.14854465777195
ENSMUSG00000034780	0.0423047991094183	7.16205803947468	0.845499064522165	0.39786895877409	0.54402591500308	-6.14857052246271
ENSMUSG00000098813	-0.0443540400440083	7.27251882449271	-0.972778727007602	0.330705978689427	0.478303432722269	-6.14864968995614
ENSMUSG00000021684	0.0264325083712951	6.88602864115268	0.845872445586938	0.397660627614352	0.543922081189399	-6.14881625932067
ENSMUSG00000004500	-0.0437245483084681	6.87829944466232	-0.825225289442015	0.409279414445656	0.554688001441256	-6.1488967186005
ENSMUSG00000086040	-0.043349419854847	6.77808010780392	-0.89235739684388	0.37224035730584	0.51866440590124	-6.14896200021065
ENSMUSG00000026709	-0.0282964808262696	7.4418738080166	-1.28203691901275	0.199883620495097	0.331841424623998	-6.14914096331926
ENSMUSG00000028360	-0.0368578376268802	7.25973675526735	-0.961172485278367	0.336507614300621	0.484455868118403	-6.14926677755844
ENSMUSG00000036817	0.0434039258597112	7.38551640452964	1.1586586882357	0.246645537455804	0.387880523517492	-6.14927824070966
ENSMUSG00000040701	0.0614891155979675	7.29551736686636	0.991897476381609	0.321291084912356	0.468800063908466	-6.14932335909047
ENSMUSG00000027582	-0.0498942956320061	7.14407793495194	-0.864557834930008	0.387319150331232	0.534317229347004	-6.14949376284082
ENSMUSG00000028998	0.0391912181209033	7.07323104187182	0.83210594329822	0.405385199532015	0.551408107249158	-6.15006060187057
ENSMUSG00000013584	0.045460819474938	7.38974665420137	1.12493153253668	0.260667036599193	0.404055510674477	-6.15009038024678
ENSMUSG00000003549	-0.0556296728925245	7.2076759968599	-0.916058616352261	0.35967623119645	0.506496817215562	-6.15018937438727
ENSMUSG00000037085	0.0568791089623275	7.26780127473064	0.996905146102945	0.318854319227981	0.466489986711903	-6.15081274969089
ENSMUSG00000042901	-0.0408317764595942	7.03024005881684	-0.814093554541634	0.415626529358441	0.560678260933613	-6.15095751620189
ENSMUSG00000039704	0.0423392925293706	7.15347285541815	0.850160197056528	0.39527295780832	0.541308950170138	-6.15115958167278
ENSMUSG00000024736	-0.0475526421239731	7.19952377619789	-0.975873741895117	0.329169866094377	0.476766443954816	-6.15182052715941
ENSMUSG00000097613	0.0312924755509467	7.27876217120445	0.95610059253946	0.339063350192527	0.486734361921114	-6.1521833869383
ENSMUSG00000028557	0.0270539851385179	7.3746732787689	1.11839843646896	0.26344560603142	0.407157345551098	-6.15230684511925
ENSMUSG00000032253	0.0445796681626476	7.19894132907275	0.853567211865134	0.393381927515069	0.539532820105825	-6.15274342618054
ENSMUSG00000057329	0.0386486711165315	6.84397390643682	0.850964032362586	0.394826302203115	0.54081041519598	-6.15299152233757
ENSMUSG00000039789	0.0469413059395549	7.2032209434833	0.868545421219063	0.385133636806318	0.531630943082273	-6.15341384895174
ENSMUSG00000055065	0.0485498370423043	7.20734094688866	0.853413558044688	0.393467093362984	0.53954240146042	-6.15394453746632
ENSMUSG00000061371	0.0247779957130776	7.14607870881414	0.833081957896399	0.404834607904992	0.550773634697304	-6.15430303103948
ENSMUSG00000030092	0.0333361929672513	7.01826339909388	0.805249712162707	0.420710332093081	0.565264744228511	-6.15439969659055
ENSMUSG00000038056	0.0330625894680132	7.03127454145073	0.805313278282859	0.420673661871805	0.565264744228511	-6.1545578373812
ENSMUSG00000041936	0.0427599292564524	7.3553589904292	1.08627173916798	0.27740629359398	0.423872909394487	-6.15484793920798
ENSMUSG00000057914	-0.0456665506408074	7.20134942084799	-0.921325573136679	0.356920799831083	0.503943951306636	-6.15499795950549
ENSMUSG00000024101	-0.0393373046552794	7.33016141799217	-1.1002696567032	0.271262702644846	0.416534283723472	-6.15522662962055
ENSMUSG00000034738	-0.0315716580401419	6.76239233247442	-0.869391841728267	0.38467070317807	0.53126225951284	-6.15525962993503
ENSMUSG00000002658	-0.0531789209161992	7.04207663118907	-0.812548784597873	0.41651190118914	0.561583296639363	-6.15540949924125
ENSMUSG00000037885	0.0348568310853423	7.04601743771514	0.807067445105184	0.419662453532586	0.564378103918707	-6.15550849548949
ENSMUSG00000002881	0.0547951901016512	7.21032326621792	0.835071480880641	0.403713659636226	0.549986627283711	-6.15560400122702
ENSMUSG00000027751	0.0354509288470348	7.11508094522821	0.812311953146039	0.416647737468465	0.561650759775241	-6.15610201528339
ENSMUSG00000039579	0.0417005982881378	7.54066750024963	1.44862348934537	0.147499646167086	0.263698670984499	-6.15650049636547
ENSMUSG00000033287	-0.045570162640411	7.06741267494634	-0.826578067669891	0.408512034994794	0.554106875481956	-6.15654080205603
ENSMUSG00000036918	-0.0546309364951973	6.96235476169776	-0.806407748669754	0.420042574850754	0.564580860950466	-6.15670416293476
ENSMUSG00000040459	0.0421070464964934	7.3187337880415	0.992749014448362	0.320875864525464	0.468380735685959	-6.15727585931331
ENSMUSG00000036309	-0.0245804001287668	7.13183634431326	-0.844321984950636	0.398526150922084	0.544761705660239	-6.15740394672413
ENSMUSG00000027427	0.0436466286718558	7.37789887666191	1.0612189194147	0.288636923612062	0.435199194279525	-6.158048360976
ENSMUSG00000088464	0.0390426829641637	6.92792080056172	0.813744348472444	0.415826576544441	0.560890329705319	-6.15811474294288
ENSMUSG00000027195	0.036177199815195	6.86484769356763	0.842274227367933	0.399671020983369	0.546018262205392	-6.15836272410988
ENSMUSG00000057101	-0.0480950769073427	6.76543246357452	-0.860689909263982	0.389446291973486	0.536444510944668	-6.15856988517598
ENSMUSG00000034538	-0.0440427540056865	7.0679671019698	-0.800631936398774	0.423379267069556	0.5679763668895	-6.15907051901241
ENSMUSG00000031358	0.036415777336293	6.9834438935932	0.81058645664183	0.417638196385201	0.562638327544254	-6.15918358047952
ENSMUSG00000006576	0.0446826707742165	7.27568877505732	0.990954287538386	0.321751404876697	0.469397079635137	-6.15966877054248
ENSMUSG00000024726	0.0401626971804721	7.16989896465647	0.824454387228177	0.409717101300144	0.55491552068168	-6.16001411258577
ENSMUSG00000071648	-0.0344390308844664	7.14956714162088	-0.816147716885174	0.414450927427358	0.559842296933448	-6.16003270749021
ENSMUSG00000088615	0.0437588455343194	7.2641833945577	0.947693406296737	0.343327108272096	0.491093263250084	-6.16007369391806
ENSMUSG00000015176	0.0463248615643836	6.68895871157018	0.921213016090549	0.356979545097597	0.503943951306636	-6.16009446175137
ENSMUSG00000060373	0.0367839007993114	6.91876591019477	0.808900837568373	0.418607103795992	0.563537707238779	-6.16021508187009
ENSMUSG00000032261	0.0235967011704332	7.08805219099173	0.807773471726523	0.419255860623177	0.564005109666938	-6.1604850843921
ENSMUSG00000019590	0.0363666093728661	7.31331346132616	1.08630600355114	0.277391140358601	0.423872909394487	-6.1606237433568
ENSMUSG00000015759	-0.039292685114332	7.1089266214298	-0.814406367072747	0.41544737896356	0.560678260933613	-6.16085599716754
ENSMUSG00000040464	0.0473107468722027	7.32693534482692	0.954477766243471	0.339883719072848	0.487644673983751	-6.1615524213769
ENSMUSG00000031429	-0.0396398552318979	6.97492504429435	-0.797249049960052	0.42534074856974	0.56952751497444	-6.1615890763473
ENSMUSG00000103037	0.0295086543671639	7.31885885134687	0.989339257551486	0.322540614077062	0.470129338621342	-6.16167290565705
ENSMUSG00000068114	0.0313352329956853	6.94190846405761	0.812408903866885	0.416592127567633	0.561633625179225	-6.16178388255871
ENSMUSG00000045594	0.0317576333149363	7.54956004226311	1.45673107773525	0.145247594427647	0.260633430132505	-6.1618418759461
ENSMUSG00000029992	-0.0459188615007999	7.14218239632428	-0.835791284378709	0.403308562241804	0.549554090015581	-6.1620864604567
ENSMUSG00000049285	0.0285980246605968	7.55545461855869	1.44254851355108	0.149204521541719	0.265983877454273	-6.16223656919141
ENSMUSG00000020827	0.0265126634501804	6.97329980250696	0.796450815943962	0.425804357262785	0.569770098659483	-6.16245853405832
ENSMUSG00000001017	0.0234668089132608	7.31122594333789	0.961086114394484	0.336551032732728	0.484455868118403	-6.16356809044268
ENSMUSG00000039841	0.0542502771458455	7.07998142754029	0.794550511337855	0.426909227093541	0.57095674748275	-6.16362275362235
ENSMUSG00000000632	0.0344956427303353	7.32211093717749	1.00469659887836	0.31508707381136	0.462979847893775	-6.16435724503523
ENSMUSG00000022438	-0.0439156159236891	6.95125645824888	-0.81546447753676	0.414841728410899	0.560254581014595	-6.164563583982
ENSMUSG00000034327	-0.0405324074053715	7.24512444937212	-0.941736042600511	0.346369072364345	0.494079744540641	-6.16481256861216
ENSMUSG00000057894	0.0228484009664403	7.22849092491034	0.859820408797511	0.389925445177055	0.536906176720446	-6.16481490456095
ENSMUSG00000005378	-0.0599756446199775	6.89398714755492	-0.798355676756541	0.424698515455945	0.569162960830098	-6.16517774828178
ENSMUSG00000038910	-0.0445033811833913	6.81885169242279	-0.822112397853557	0.411048493977081	0.556279396645435	-6.16527910085919
ENSMUSG00000024691	0.0427684871184217	6.98080538319215	0.801737509296687	0.422739378413674	0.567350481003774	-6.16568176040285
ENSMUSG00000085795	0.0275190295404855	7.31116740540864	1.00637973277271	0.314277120032908	0.462201309309238	-6.16569946612204
ENSMUSG00000051034	-0.0483154356617597	7.0417317823398	-0.792603039884813	0.428043252805128	0.572005947302719	-6.16571969667214
ENSMUSG00000026718	-0.0380080368808926	7.13151123779757	-0.828009849166511	0.407700774242522	0.553350459919459	-6.16579169149638
ENSMUSG00000037349	0.0429482485576385	7.21850471908177	0.875189099511468	0.381509161236693	0.528150358349453	-6.16620883894886
ENSMUSG00000067825	0.0337158075348896	7.32456867773931	1.04849080882472	0.294458510327392	0.441131801946013	-6.16639136616788
ENSMUSG00000052656	0.040037397651739	7.13353294539851	0.799793220636035	0.423865080939979	0.568403189644388	-6.16665016457772
ENSMUSG00000061518	-0.036281752774598	7.24259065564994	-0.92577316764499	0.354604408627039	0.501971229661585	-6.1667167299301
ENSMUSG00000086155	-0.0432841412109237	7.00394837499168	-0.790712927064474	0.429145553495303	0.573127979838876	-6.16686694743711
ENSMUSG00000074748	0.0596056435170311	7.13790967559789	0.816488836531344	0.414255894481909	0.559636587612956	-6.16699515313601
ENSMUSG00000029265	-0.0265783077065009	7.19813700106379	-0.864146649882237	0.38754494177982	0.534332763217189	-6.16716298123035
ENSMUSG00000004892	0.041195372231364	7.24496492647022	0.873548937439239	0.382402003713602	0.528938936356944	-6.16732939370862
ENSMUSG00000036990	0.0393626438141546	7.5582331454075	1.39881573990116	0.16192451499816	0.283108406831719	-6.16750357191136
ENSMUSG00000002728	-0.040319738828086	7.22454005494965	-0.947907437109179	0.343218137950531	0.491083263611842	-6.1676282381514
ENSMUSG00000031148	-0.0438256110946158	7.04365616074477	-0.789488173859203	0.429860701489626	0.573614953001956	-6.16768896721429
ENSMUSG00000030929	0.0535265197282637	6.98221494526176	0.797018461821688	0.425474642244422	0.569561760354189	-6.16779691912313
ENSMUSG00000048874	0.0402007008517788	6.91590481281099	0.814177378373277	0.415578518261973	0.560678260933613	-6.16816135170717
ENSMUSG00000035109	0.0392363348157723	7.03112757939887	0.78661011342669	0.431543957791282	0.574919435780921	-6.16851336039764
ENSMUSG00000000127	-0.0432735212915452	6.82028007204243	-0.85725920555751	0.391338922500966	0.538342878363208	-6.16893041919753
ENSMUSG00000030707	0.0377547277176093	7.3006975490768	1.04013691912762	0.298321919908597	0.445543072717699	-6.16921761622918
ENSMUSG00000026199	-0.0501425291704907	7.34642000732384	-1.07542752354591	0.282230440399867	0.428401266749572	-6.16954980077203
ENSMUSG00000103928	-0.0345137393444661	7.00610126484726	-0.788434195083819	0.430476686169279	0.57403765788874	-6.16957573682286
ENSMUSG00000003809	0.0408415169968324	7.12096086239387	0.802774819424817	0.422139514737435	0.566835951481282	-6.16966041821461
ENSMUSG00000033237	0.0380214155908014	6.99755913869582	0.787839097011745	0.430824710003017	0.574315966129672	-6.16968233535318
ENSMUSG00000041120	0.0398337447041657	7.23156953989824	0.915479082567195	0.359980230915214	0.506813763108075	-6.16978459383008
ENSMUSG00000033819	-0.0574712774247166	7.25633646980289	-1.02842075628493	0.303797080031111	0.451095766334049	-6.17014008167479
ENSMUSG00000032112	-0.0338328197179161	7.12609504117518	-0.833127465455471	0.404808946993275	0.550773634697304	-6.17015219183635
ENSMUSG00000044708	0.0532299453541363	6.92682195268784	0.829827683533927	0.406672157377688	0.552608337907221	-6.17153925671978
ENSMUSG00000033763	0.0371927928942943	6.8787278687324	0.839582382651699	0.401178996825352	0.547507080833682	-6.1717967670857
ENSMUSG00000029310	-0.0244444776112891	7.25964449702603	-0.920239887874071	0.357487689783913	0.504335003733942	-6.17248209891244
ENSMUSG00000021928	0.0418676385563623	7.26345043070219	0.931607190050997	0.35158037197045	0.499337191347052	-6.17249881393481
ENSMUSG00000029144	-0.0216521209386391	7.26733302587603	-0.911443126776411	0.362101801410683	0.508815797367035	-6.17286777017995
ENSMUSG00000071014	-0.0390991220616836	7.30615577369899	-1.08875939886413	0.276307605505946	0.422694457967264	-6.1729370104468
ENSMUSG00000037111	0.0455546401813889	6.83553139142482	0.839347519771817	0.40131072928369	0.547629775670426	-6.17306595122179
ENSMUSG00000097347	0.0546790925260332	6.97124985822381	0.803405710949236	0.421774922128451	0.566462585197546	-6.17336348446651
ENSMUSG00000034612	0.0310276888219096	6.97944642076595	0.785678793211484	0.432089465069586	0.575357534244409	-6.17379392719601
ENSMUSG00000097140	0.0339544070703637	6.96152203271332	0.790135089731616	0.429482873365872	0.573357468447359	-6.17394802230779
ENSMUSG00000091586	0.0290199474251009	7.18845495267407	0.799782846051702	0.423871092308139	0.568403189644388	-6.17422872384617
ENSMUSG00000022176	-0.0205074479840848	6.7743975579395	-0.853048449445235	0.393669507251054	0.53965250271492	-6.1744534461321
ENSMUSG00000018334	0.0302067991272175	7.03867045699561	0.779075347498366	0.435968780485579	0.579403438647569	-6.17470554355445
ENSMUSG00000015971	-0.053414201289657	7.16093180620173	-0.853543734005132	0.393394939887723	0.539532820105825	-6.17474540323148
ENSMUSG00000028436	-0.0371336142480851	6.6022742446285	-0.930074082957933	0.35237346324415	0.49999288799444	-6.17481900067683
ENSMUSG00000039361	0.0420282807579495	6.88937197579848	0.829792992039827	0.406691772959858	0.552608337907221	-6.17581834761183
ENSMUSG00000037894	0.0357379044736499	7.10186245674	0.790257002333452	0.429411692514503	0.573357468447359	-6.17627827160977
ENSMUSG00000035840	0.0511215106262464	7.09695753914813	0.776176544674277	0.437678059502711	0.581144133368103	-6.17688921428631
ENSMUSG00000034659	-0.0286509471241754	6.86801573122568	-0.795057261575421	0.426614430465592	0.570737392566475	-6.17717782162798
ENSMUSG00000028289	-0.0411529984229304	6.86577825824437	-0.816553600403186	0.414218872293062	0.559636587612956	-6.17728206570834
ENSMUSG00000024856	0.0333965738838149	6.78860485365454	0.84141811038408	0.400150248905162	0.546615928491901	-6.17754495841218
ENSMUSG00000063887	0.0492005009375012	7.3575722924885	1.06852952066399	0.28532851924023	0.431652527604933	-6.17773959209503
ENSMUSG00000066640	-0.0495200947354331	7.27646326560396	-1.0398630116458	0.298449164182925	0.445631439037734	-6.17797290522202
ENSMUSG00000028796	-0.0278607194364913	7.22545503995036	-0.855731971685951	0.392183251498816	0.539051247099475	-6.17822310019689
ENSMUSG00000020526	0.0526226848814293	7.29428712325454	1.01088684470795	0.312114968121061	0.459710267674137	-6.17868221469012
ENSMUSG00000030922	0.0389295972925199	7.38460777635565	1.13514247186383	0.256364991867481	0.398850917828765	-6.17878345733872
ENSMUSG00000034413	-0.0342882445960386	7.34023696596147	-1.10808634559645	0.267872881406936	0.412477180737855	-6.1788343160809
ENSMUSG00000020402	-0.0355922366516088	7.2396145974478	-0.966776964651157	0.333697962406319	0.481566768499066	-6.17887005717563
ENSMUSG00000048379	0.0473591233287118	7.0138627794673	0.780948570282789	0.43486628541212	0.578349188197428	-6.17907556549894
ENSMUSG00000026585	-0.0399208775134561	7.20413344967951	-0.889071618683524	0.374003392934136	0.520622266910548	-6.17908255877536
ENSMUSG00000040918	-0.042652718466889	7.21100473003815	-0.927821778060435	0.353540655068763	0.501034234267183	-6.17922096020382
ENSMUSG00000042043	0.0425029119168938	7.19348764606896	0.858820241515316	0.390477047776047	0.537552629809044	-6.17944237167881
ENSMUSG00000025265	0.0321660597973876	7.08123936604536	0.78680759451062	0.431428337449605	0.574876370441957	-6.18002650377504
ENSMUSG00000028104	-0.0335429196372949	7.07140930518774	-0.793391962318938	0.427583646779859	0.571566786159068	-6.18021503196797
ENSMUSG00000098516	-0.0357026199967114	7.28354868803219	-0.90580059980053	0.365080999726677	0.511832967885042	-6.18052516800624
ENSMUSG00000025968	-0.0442629439164008	7.26525921675813	-0.956128964928917	0.339049018734285	0.486734361921114	-6.18054456028186
ENSMUSG00000034209	-0.0373095381567676	7.28855313884225	-0.999930331648622	0.317388123120913	0.465121949420358	-6.18075603322751
ENSMUSG00000020163	-0.0450576678411672	7.27646125765012	-0.994050714182372	0.320241817916276	0.468014581211237	-6.18078924653986
ENSMUSG00000019951	0.0592491332531893	7.35896309976984	1.03301599212672	0.301641740950004	0.448913683359947	-6.18095880847076
ENSMUSG00000031007	-0.0273589212454368	7.24576994143224	-0.911188882155478	0.362235711376822	0.508949338199758	-6.1810755041819
ENSMUSG00000031016	-0.039334751229652	6.93229765991481	-0.774095257145275	0.438907665705107	0.582245329760994	-6.18111981346944
ENSMUSG00000060882	0.0523107594400853	7.23397884196544	0.876777590935594	0.380645667189455	0.527501908804787	-6.18117237740011
ENSMUSG00000033319	0.036411410870004	6.90925572600986	0.80215462845201	0.422498103530068	0.567231436194291	-6.18128948277356
ENSMUSG00000056962	-0.0293535675576786	6.96905014456943	-0.772103383680741	0.440086303734209	0.583276967856678	-6.18163947024105
ENSMUSG00000039372	0.0475647881568815	6.89236973244981	0.780113940035452	0.435357312420124	0.578884616514753	-6.18178226209762
ENSMUSG00000034252	-0.0511929017154413	6.98466097952364	-0.774879869189985	0.438443890912403	0.5818659320654	-6.18200493205194
ENSMUSG00000022223	0.0308014168842412	7.47915764655639	1.32168333207047	0.186328478881461	0.314966100131193	-6.18208947491843
ENSMUSG00000036959	0.0328735147468828	7.2082420174295	0.857968847548971	0.390946973868127	0.538029830955694	-6.18210411030494
ENSMUSG00000020261	-0.0440995833574878	7.16735755833888	-0.890586877916761	0.373189715801912	0.519765931838153	-6.18245416022992
ENSMUSG00000040640	0.0505276615041135	7.44031734142378	1.22872597165802	0.219227027107048	0.355037139891821	-6.18258959473577
ENSMUSG00000025404	-0.0394756734041959	7.11663850531436	-0.800276485053002	0.42358511726301	0.568136088024518	-6.18263182845125
ENSMUSG00000063704	0.0338005758649116	7.05678940156931	0.767656210153807	0.442724344211238	0.586061386694998	-6.18270066348869
ENSMUSG00000025762	0.0572504104413438	7.37355859033604	1.02544576070043	0.305197909698232	0.452303716749972	-6.1827869714821
ENSMUSG00000029120	0.0530319303881157	7.20669470882975	0.909015404160452	0.363381742669784	0.510285720801545	-6.18288170523679
ENSMUSG00000082229	-0.0239928196644321	7.27556921991424	-0.960290939678092	0.336950934459126	0.48471174969112	-6.18300469791644
ENSMUSG00000017713	-0.042258126940963	7.40597928669828	-1.13703754099648	0.255572024434994	0.39809029671659	-6.18302607767524
ENSMUSG00000054715	-0.0310912217865607	6.81189090534007	-0.830391735392212	0.406353305252181	0.552265905985836	-6.18303065123849
ENSMUSG00000074415	0.0295935860710248	7.20225921731227	0.797719512952284	0.425067645123992	0.569461692587994	-6.18305372389525
ENSMUSG00000034040	0.0457059144214336	7.50033132538699	1.38159026853903	0.16715354552393	0.289966108122339	-6.18322062070236
ENSMUSG00000099481	-0.0277582549347244	7.43598570571735	-1.17846169010041	0.238663473294841	0.379058861139883	-6.18345730621586
ENSMUSG00000034620	-0.0373127575803291	7.3764324655486	-1.07444621776417	0.282669773769409	0.428918947402539	-6.18350291928738
ENSMUSG00000048495	0.0253365975590283	7.2795869179834	0.914637996597259	0.360421717192273	0.50706715748843	-6.18350361704266
ENSMUSG00000053110	-0.0282603692612682	6.92588487214741	-0.788476998564503	0.430451660233193	0.57403765788874	-6.18376169783335
ENSMUSG00000029629	0.0440351883615699	7.28260765293169	0.914384173686056	0.360555015656355	0.507186662186849	-6.18419242496435
ENSMUSG00000022551	0.0383150177311338	7.32811987395026	1.05029324409351	0.293629360765412	0.440533146490099	-6.18439446705771
ENSMUSG00000040998	0.0485966654873105	7.26680963933146	0.928750863853073	0.353058887329866	0.500514017641863	-6.18509532891077
ENSMUSG00000043298	0.041906075202057	6.83919794614537	0.845838322763303	0.397679664004348	0.543922081189399	-6.18521255855283
ENSMUSG00000040146	0.0352074347159963	6.84629811175432	0.828311478159111	0.407529991007291	0.553350459919459	-6.18534540344591
ENSMUSG00000040048	-0.0346557140090944	6.97005020904981	-0.765599625586282	0.443947351740655	0.587205367648884	-6.18554914484513
ENSMUSG00000072893	-0.0500271350536359	7.25797246996529	-0.946117862147755	0.344129951326543	0.491528400912841	-6.18604967163586
ENSMUSG00000036009	0.0389640762611316	7.31884674909267	0.919124567408692	0.358070643826879	0.504885392458967	-6.18608168250227
ENSMUSG00000087523	-0.0344337325371127	7.25841726132525	-0.925926589341788	0.354524673504486	0.501971229661585	-6.18672015252151
ENSMUSG00000026956	-0.0377937012994547	7.39221281522589	-1.18112554139804	0.237603820338798	0.377650748558401	-6.18679713412303
ENSMUSG00000053199	0.0641242566911435	7.38820777170436	1.16001962477954	0.246091064484568	0.387306627104939	-6.1868153828133
ENSMUSG00000020230	-0.045000975366662	7.18539585350644	-0.908866911980674	0.363460122339599	0.510341046940158	-6.18689039632311
ENSMUSG00000038279	0.0421132426345929	7.21020717816815	0.860228748339533	0.389700378004404	0.536652713667157	-6.18689913901899
ENSMUSG00000053870	-0.0379662555170857	7.10792564994369	-0.778748468382628	0.436161331954392	0.579541678468172	-6.18738562840848
ENSMUSG00000007817	0.0358156816583648	6.95253840174516	0.771989869347373	0.440153527473381	0.583307013025763	-6.1876052580867
ENSMUSG00000016637	-0.0229182565765971	7.33675731489644	-1.0376826177802	0.299463363327104	0.446649255372304	-6.18765624299295
ENSMUSG00000035674	-0.0532957749334511	7.12105931555396	-0.808541281183858	0.418813950815982	0.563700240987235	-6.18769084753655
ENSMUSG00000038876	-0.0431309048258752	7.144148013679	-0.83183179536136	0.405539932988659	0.551503978673265	-6.18844550652934
ENSMUSG00000058076	0.0167161788347006	7.28439282690268	0.929939407375946	0.352443186315575	0.500020177204542	-6.18857765277629
ENSMUSG00000033096	0.0486083579089653	7.50233988385493	1.36815838535151	0.171318278162416	0.295774461822952	-6.18871050175394
ENSMUSG00000028926	0.0388304807382882	7.41302535751741	1.19854077744366	0.230758090970732	0.369100174341945	-6.18880065510315
ENSMUSG00000003344	0.0325118817866858	7.54411533837862	1.40921241347614	0.158828786602735	0.278887670896326	-6.18889222221381
ENSMUSG00000031834	0.0362564847121485	7.30300062126989	0.99354646702522	0.320487335030237	0.468169780987141	-6.18936510037315
ENSMUSG00000039740	0.0345919925229081	7.48460868735441	1.32088851147261	0.186593381254485	0.315281653892699	-6.18961682412955
ENSMUSG00000021779	-0.0542783716603408	7.4178071838238	-1.23487066940135	0.216931283315232	0.352321592998762	-6.18964289942485
ENSMUSG00000031843	-0.0360194348550484	7.04945936844616	-0.759932479995167	0.447327450215178	0.59076750827878	-6.19007743147648
ENSMUSG00000021786	0.0340216274404481	7.43470087181977	1.16388705129147	0.244520169942577	0.385600826895714	-6.19048892804731
ENSMUSG00000037509	0.043055315625133	7.24926469579322	0.937903090309946	0.348335312987155	0.496181690526366	-6.19060941740519
ENSMUSG00000058503	-0.0455163507198826	7.21093864409014	-0.867828270865977	0.385526135021605	0.532079713230324	-6.19070807482794
ENSMUSG00000025578	0.0446879769284125	7.26199440268593	0.882168562901693	0.377724131987822	0.524724465396851	-6.19078334246256
ENSMUSG00000026856	0.0374529353862885	7.2169525821514	0.853007142268127	0.39369241165828	0.53965250271492	-6.19080092750203
ENSMUSG00000053536	-0.0364348996351334	7.08290019495757	-0.781767301632308	0.434384922878902	0.577767693826129	-6.1911500254774
ENSMUSG00000042742	0.0273529429026027	7.20594140269582	0.820304943648519	0.412077764366613	0.557269093181252	-6.19121325390624
ENSMUSG00000042328	0.040926629612299	6.91165647366685	0.772553864120428	0.439819585122096	0.583041515635731	-6.19132031175477
ENSMUSG00000050373	0.0531623557604739	7.3307209973089	1.02282167948495	0.30643705755933	0.453626634731655	-6.1917794343173
ENSMUSG00000014867	-0.0361662093501618	6.88876573073411	-0.773302011140729	0.439376830382387	0.582674870521981	-6.19182560010584
ENSMUSG00000020363	0.0314034872113043	7.19502754804526	0.79790875063299	0.424957821680039	0.569393900464136	-6.19188386612043
ENSMUSG00000075229	-0.0383611231473369	6.97273229890425	-0.759686970221165	0.447474211503975	0.59076750827878	-6.19191753377483
ENSMUSG00000021764	-0.0420599801248569	7.11859071726178	-0.833228730702513	0.4047518487939	0.550773634697304	-6.19204894609185
ENSMUSG00000034730	-0.0530567941403071	7.20058841549079	-0.933183522049004	0.350766100309335	0.498505187282871	-6.1922023386229
ENSMUSG00000024778	0.0368736718138569	6.70011625874132	0.889366706963172	0.373844847830303	0.520512256492005	-6.19223897225597
ENSMUSG00000053293	0.0353240004443798	7.06909919285416	0.762578932641528	0.445747187956848	0.589038418143402	-6.19229127374771
ENSMUSG00000079104	0.0334344031234464	6.95413421787694	0.773246815597232	0.439409486454592	0.582674870521981	-6.19248879854256
ENSMUSG00000006095	-0.0319958182135531	7.23147198320197	-0.924209125415213	0.355417906629453	0.502625844071319	-6.19253303695824
ENSMUSG00000031445	0.0526427448741202	7.2546244031128	0.969133471490054	0.332521126016855	0.480344983097502	-6.19255520718112
ENSMUSG00000021578	0.0437014947883201	6.8898668036488	0.788421007089983	0.430484396971559	0.57403765788874	-6.19260685967613
ENSMUSG00000062110	-0.0452709788938739	7.24297979088795	-0.974388997271894	0.329906193972021	0.477357636105404	-6.19273810663395
ENSMUSG00000019929	0.0469865641456328	7.32751013151549	0.962490017271292	0.335845741056772	0.483841045639212	-6.19295975939844
ENSMUSG00000055782	0.0450492170519379	7.20293363565826	0.818605950216267	0.413046663414551	0.558348675004988	-6.19313024167659
ENSMUSG00000020988	0.03350156536745	6.92321320174689	0.758084286306434	0.448432939394817	0.591405665614682	-6.19325931936547
ENSMUSG00000010797	-0.0355543345088973	7.09882765333795	-0.784725167745896	0.432648451114741	0.575867580519946	-6.19334206195485
ENSMUSG00000069919	0.0312737339286491	7.49044091433562	1.24501569323888	0.213178915299643	0.348170952981901	-6.19359686940692
ENSMUSG00000087556	-0.0447375994312305	7.06569616301609	-0.758537343256924	0.448161801831358	0.59122675429022	-6.19374501709535
ENSMUSG00000015994	0.0348653159728816	6.742339442584	0.869535539494903	0.384592144225892	0.53123869510502	-6.19375755614893
ENSMUSG00000027879	-0.0331646623073709	6.98970292209312	-0.754098626616186	0.450822218433795	0.593751732628646	-6.19387817045625
ENSMUSG00000033429	0.046117627265744	7.23549894125039	0.930536357382553	0.35213420498406	0.499852652244532	-6.19438645379677
ENSMUSG00000036932	-0.0412588024068539	6.99755113880464	-0.752928265597313	0.451525180312459	0.594465774401721	-6.19519160358417
ENSMUSG00000097876	0.042629506080524	7.44072642010439	1.20763903522632	0.227237957758205	0.365261227899219	-6.19533126440139
ENSMUSG00000068663	-0.0406916424188672	7.19696864169012	-0.906545813017821	0.364686659202467	0.511564036484105	-6.19563066013745
ENSMUSG00000043207	0.0335891921142899	6.89129841734915	0.800822870556399	0.423268716813318	0.567886251334286	-6.19582888192172
ENSMUSG00000040824	0.047059043052478	7.30528221988278	0.99254061715235	0.320977449172135	0.468476785346889	-6.19611606454937
ENSMUSG00000042121	0.0368849174099202	7.33998198051426	0.974618558390064	0.329792278290219	0.477326932222275	-6.19635748800258
ENSMUSG00000040212	0.0286261608774332	7.31369469511104	0.92887096888966	0.35299663844698	0.500514017641863	-6.19660425536019
ENSMUSG00000003848	-0.0464579026273961	7.06457808209114	-0.772682941906236	0.439743178382115	0.582999259886445	-6.19698481997481
ENSMUSG00000024008	0.045011480988931	7.07910018810375	0.775241715639773	0.438230102779505	0.581641170477421	-6.19709620010012
ENSMUSG00000040462	-0.0426249081045862	7.26337439002077	-0.90162857834143	0.367293603437007	0.513849952575048	-6.19726713160296
ENSMUSG00000002396	0.0486980247311513	7.37987668119412	1.07490256118934	0.282465409885705	0.428658530917312	-6.19759529152058
ENSMUSG00000031451	0.0276348597104947	7.37151724573917	1.03587003044874	0.300308227767586	0.44738681360187	-6.19763602629934
ENSMUSG00000039943	-0.0335919515820784	6.98666044200521	-0.748964257647659	0.453910711325366	0.597186115231805	-6.19775106029548
ENSMUSG00000035686	0.0307731954594832	6.95512949967423	0.766980604569486	0.443125899918754	0.586450561787096	-6.19776626007046
ENSMUSG00000020132	0.0384608710819094	7.06360208078662	0.746360194591921	0.455481692163416	0.598651371730092	-6.19811578220216
ENSMUSG00000097839	-0.038203052464044	6.93582319106867	-0.759758347112492	0.447431540870445	0.59076750827878	-6.19813616957485
ENSMUSG00000091537	-0.0354747691816666	7.1788215173393	-0.854237548208893	0.393010510223459	0.539462134705035	-6.19842800539428
ENSMUSG00000061461	0.0367088543096754	7.07276547373909	0.759635855928606	0.447504770144124	0.59076750827878	-6.19846477756114
ENSMUSG00000025789	0.0391927411754223	6.86765632390895	0.796881591289039	0.42555412934536	0.56960992346278	-6.19863679435587
ENSMUSG00000032006	0.0434792373271904	7.00168470234669	0.749358296972123	0.453673261566342	0.596933702555432	-6.19880650572577
ENSMUSG00000103567	0.0328181656710091	7.22481970948274	0.877716306288557	0.380135952305064	0.527029533789887	-6.19896271753095
ENSMUSG00000032735	-0.0306978364158335	7.10152307367773	-0.774581293001072	0.438620342505647	0.582041103191154	-6.19903358263775
ENSMUSG00000091931	-0.0445271653675228	6.90468322059695	-0.759834244939233	0.447386170063561	0.59076750827878	-6.19921043751041
ENSMUSG00000024645	-0.0327889655996589	7.02919729826734	-0.746550472570741	0.455366797574707	0.59857866270569	-6.19997396104975
ENSMUSG00000015981	-0.0434695440537691	7.33753676645897	-1.16285969064806	0.244936781020509	0.386211289548417	-6.20023076001605
ENSMUSG00000104494	0.0365617858805001	7.07149115498943	0.744253706329191	0.456754732256448	0.599824708190786	-6.2003348863808
ENSMUSG00000027999	-0.025763882041054	7.2833029743545	-0.891018303593984	0.372958245753237	0.519498814065473	-6.20065405019782
ENSMUSG00000058258	0.041819867028968	7.31096240156367	0.927931466324757	0.353483755732589	0.501007830469964	-6.20109827722631
ENSMUSG00000065817	0.0480126218951451	7.17890600380043	0.811403512429994	0.417169022162064	0.562179808352624	-6.20136117017589
ENSMUSG00000067942	0.0464548076851452	7.41060486217884	1.06789779119745	0.285613391215518	0.431983148858772	-6.20140905465213
ENSMUSG00000030731	-0.0327699452722969	7.30984447572946	-1.0298917306871	0.303106026613833	0.450376132156203	-6.20160604009202
ENSMUSG00000026788	0.0396781940130184	7.11714754684927	0.758633198486955	0.448104448018251	0.59121066546961	-6.20177470951203
ENSMUSG00000008604	0.051041593647259	7.18834699670135	0.846263979476721	0.397442238597159	0.543710949604389	-6.20180786339068
ENSMUSG00000032202	0.0269495595010092	7.22394715285574	0.798150200905956	0.424817720912757	0.569264442394044	-6.20214492139715
ENSMUSG00000000295	-0.0344181879037917	7.47545055795873	-1.30176113660954	0.193052458936446	0.323243738636136	-6.20262422228869
ENSMUSG00000054808	0.0320753275753622	6.95656049757875	0.746817830021951	0.455205388056383	0.598468461582061	-6.20272698452137
ENSMUSG00000059291	0.0284745709783367	7.40805797999535	1.08063263251421	0.279907844418965	0.426209990594683	-6.20287912360637
ENSMUSG00000040543	0.0547140821317749	7.47614193925741	1.34341984248539	0.179191375690154	0.305544867222649	-6.20309804643279
ENSMUSG00000047767	-0.0485126574709351	7.24950135421223	-0.930050328462125	0.352385760580866	0.49999288799444	-6.20332295672026
ENSMUSG00000002486	-0.0312580067152579	7.12665512283609	-0.759199696118643	0.447765576209164	0.590942230214756	-6.20394977626903
ENSMUSG00000052605	0.0393391692451459	7.33172330594898	1.06402791766772	0.287362667725853	0.433677469264193	-6.20499554674455
ENSMUSG00000027655	0.0350488786651288	7.47064548524989	1.23459673127205	0.217033260491836	0.352399782507642	-6.20564635006315
ENSMUSG00000040782	-0.0365042291174245	6.74950168253732	-0.839909155527716	0.400995756095437	0.54737112280278	-6.20567880072998
ENSMUSG00000022339	-0.0385371096001998	7.27178158877011	-0.901420008964671	0.367404435734005	0.513950087897168	-6.20575492286987
ENSMUSG00000041423	0.0334266714134603	7.16962827912715	0.749422093288367	0.453634824230928	0.596933702555432	-6.2059183774059
ENSMUSG00000022536	-0.0476964027103204	7.22559968424605	-0.89264998628494	0.372083614107493	0.518501189557775	-6.20606192353388
ENSMUSG00000029843	0.0478217328853905	7.30620804982764	0.920807988940154	0.357190985442637	0.504079377106285	-6.20610686601001
ENSMUSG00000020272	0.030859025323771	7.23954186482228	0.84053416274926	0.40064541794541	0.547104254587955	-6.20623332640411
ENSMUSG00000034892	0.0275385382700755	7.29902764410177	0.930113091600514	0.352353269659946	0.49999288799444	-6.20642243485096
ENSMUSG00000028522	0.0482024124591049	7.46368668177639	1.15966470265574	0.246235582591814	0.387373638272327	-6.20660789507613
ENSMUSG00000022214	0.0382694134028627	7.31695577233343	0.968918098002764	0.332628571789843	0.480447182466089	-6.20673444070496
ENSMUSG00000021033	0.0309655672069606	7.5226017688482	1.35016961575737	0.177017024308169	0.302942076110138	-6.20674214588404
ENSMUSG00000022898	-0.0345746732006535	7.13181952644178	-0.771572013403787	0.440401034549355	0.583575945781392	-6.20692727505921
ENSMUSG00000018372	0.030757931219676	6.84915280506394	0.794029319249812	0.427212548968061	0.571233561758831	-6.20743889467713
ENSMUSG00000070814	0.043077383382113	6.94446386770527	0.766836532157457	0.443211558317603	0.586450561787096	-6.20756132197433
ENSMUSG00000038612	0.0321713536390718	6.73215462343011	0.855300147366331	0.392422185211464	0.53920982879812	-6.20761143873802
ENSMUSG00000024170	-0.0412255662876539	7.27363045325235	-0.961140439058173	0.336523723436573	0.484455868118403	-6.20801792554403
ENSMUSG00000017400	0.0345239461378464	7.01534685052914	0.732414716151319	0.463946624330463	0.607216755546778	-6.20811173621545
ENSMUSG00000040354	-0.0471548597308606	7.25908088596586	-0.946998722875683	0.343680947394436	0.491167614126157	-6.20861171008398
ENSMUSG00000034544	-0.0429809855996446	7.33885082627289	-0.992876081503587	0.320813935157977	0.468342555652122	-6.20888843855382
ENSMUSG00000020297	-0.0448674023285829	7.09304421840328	-0.797212351470656	0.425362056326006	0.56952751497444	-6.20889161598794
ENSMUSG00000021196	-0.0452954281856313	7.24573087516866	-0.975698290600816	0.329256821928584	0.476786894446303	-6.20925254220198
ENSMUSG00000040860	-0.0328067273478947	7.22609587864392	-0.840613886532084	0.400600743241464	0.547104254587955	-6.20955993140931
ENSMUSG00000040390	0.0406680020820334	7.19364842543536	0.80997276129329	0.41799080030297	0.562995611342577	-6.20983311258182
ENSMUSG00000026600	0.0455234743501221	6.78626850243463	0.828249080098323	0.40756531747536	0.553350459919459	-6.20985907097322
ENSMUSG00000022498	-0.0399256468884195	6.92459139033888	-0.735314539015971	0.462179243961258	0.605630133314062	-6.21027252896483
ENSMUSG00000023110	-0.0277630388569348	7.33967558163427	-1.01506922461845	0.310117388674355	0.457522746509426	-6.21058777387639
ENSMUSG00000027335	0.0433300601224138	7.30632023900199	0.985672770464624	0.324336983940425	0.471657445264317	-6.21060105956095
ENSMUSG00000013736	-0.0395249158507394	7.00281943909565	-0.731447955367754	0.464536680085192	0.607685273348855	-6.21079049294305
ENSMUSG00000046215	0.0446128029510149	7.27069835044549	0.943872139921402	0.34527636419604	0.492896975254013	-6.21096128100254
ENSMUSG00000045174	0.039879485704156	7.5039217253469	1.36252686711555	0.173087344238614	0.297852196473704	-6.21175079243421
ENSMUSG00000041236	-0.0473270185587094	7.47750415246122	-1.35855144722915	0.174344369857972	0.299608842625688	-6.21192895511419
ENSMUSG00000066568	0.0321725391194088	6.85839579038054	0.787918049058004	0.430778528064154	0.574312880795917	-6.21228893946002
ENSMUSG00000004151	0.0366448537136721	7.19389110308679	0.797442647174377	0.425228353111405	0.569470607616606	-6.21240045800117
ENSMUSG00000035725	-0.0329813614832961	6.9814712991025	-0.734686590480254	0.462561646112801	0.6060099140307	-6.21296174183988
ENSMUSG00000002910	-0.03479426622562	6.99799868818182	-0.729244953269997	0.465882826169113	0.609020265622169	-6.21310534148165
ENSMUSG00000012483	-0.0480212010099557	7.26143216025611	-0.922372212005616	0.356374834495183	0.503524642047371	-6.21318390708138
ENSMUSG00000073639	0.0307056910053118	7.51593772107508	1.31957197336921	0.187032776786971	0.315871144697501	-6.21319610075954
ENSMUSG00000030376	-0.028751358007594	7.43793393200679	-1.25196381453344	0.210636177985737	0.345396899071803	-6.21339719441989
ENSMUSG00000032353	0.0319188793258869	7.44682213921152	1.22238354362948	0.221614892035809	0.358283794335985	-6.2138957399891
ENSMUSG00000043773	0.0279495150634705	6.98099208324371	0.724360156886619	0.468875401046083	0.611560727842818	-6.21393527252398
ENSMUSG00000045624	-0.0408465142099974	7.19083841928194	-0.794825390807889	0.42674930411318	0.57085949621434	-6.21429062974526
ENSMUSG00000041488	0.041489986086729	7.43878080471135	1.19691766775078	0.231390128040348	0.369975519822207	-6.2143945502662
ENSMUSG00000020630	0.0379320205542122	7.29208399931861	0.903727400965866	0.366179464106345	0.512574797798109	-6.21463638685918
ENSMUSG00000025784	0.0248812161921963	7.2352924524147	0.816564020243231	0.414212915986972	0.559636587612956	-6.2146905661405
ENSMUSG00000027620	-0.0302304065511017	7.17951492497788	-0.765866021192821	0.443788823182226	0.587076969556822	-6.2149904242632
ENSMUSG00000030839	-0.0359591736632607	7.31595915436817	-1.05888707958709	0.289697614049166	0.436346199163793	-6.21500065376555
ENSMUSG00000020151	0.0273145607455199	7.50781012337958	1.30922567717491	0.190512496158793	0.320350525584444	-6.21500968602716
ENSMUSG00000021917	-0.0299939017643087	6.98347209084275	-0.727832005207209	0.466747348679618	0.609785080222888	-6.21513659608658
ENSMUSG00000032648	0.041027189286349	7.27366352215481	0.952221052946361	0.34102664342536	0.489122247501722	-6.21535815080473
ENSMUSG00000020848	0.028482899471034	6.75034310092029	0.808294030776769	0.418956224909891	0.563734570734627	-6.21546964194833
ENSMUSG00000032583	0.0434329793408921	6.89564441200301	0.746527528649811	0.455380650821011	0.59857866270569	-6.21553386913296
ENSMUSG00000038704	-0.0413045463316051	7.00220469895562	-0.727628737933388	0.466871792447524	0.60988679971293	-6.2155670616129
ENSMUSG00000036111	0.0246224841021601	7.26745187437108	0.919896843978139	0.357666927780558	0.504479144419637	-6.21569517688745
ENSMUSG00000062997	0.0362540984296542	7.24275341467056	0.821908479394795	0.411164540633371	0.556378931883421	-6.21581386301681
ENSMUSG00000012405	-0.0344978801069606	7.41373617618847	-1.17021584338851	0.241964717389295	0.382723460198218	-6.21606519595889
ENSMUSG00000024012	-0.0333411139329076	7.40112453657651	-1.21406784713703	0.224773836373638	0.362272444392917	-6.21617582019975
ENSMUSG00000018189	-0.0417312051672765	7.29594754853279	-0.96834707729545	0.332913551797748	0.480699704437644	-6.21632434495029
ENSMUSG00000020720	-0.0535321762909708	7.08012047005881	-0.763214069486205	0.445368405976631	0.588668669464519	-6.21685872273519
ENSMUSG00000008153	-0.0453715458614843	7.16201944870503	-0.853375021654559	0.393488454716169	0.53954240146042	-6.21712261664475
ENSMUSG00000031887	0.0243014083914108	7.09436459514041	0.722593817742437	0.469960127476665	0.612576462457636	-6.21745489889956
ENSMUSG00000055480	0.0407902854782494	6.93399610607372	0.72606490851315	0.467829811503065	0.610682069381666	-6.2175709176256
ENSMUSG00000028478	-0.0350609186805446	7.18025547179911	-0.834936248796478	0.403789793929937	0.549986627283711	-6.21840789154421
ENSMUSG00000025737	0.0504525016309101	7.24840481315392	0.90871345350052	0.36354113452239	0.5104000571761	-6.21885420209303
ENSMUSG00000073987	0.0295550144915655	6.9780271883862	0.734196771471308	0.462860053972747	0.606172568099303	-6.21891731411739
ENSMUSG00000027827	0.0327742086079041	6.7995450501209	0.789178408726782	0.430041686682864	0.573739504947728	-6.21894525816438
ENSMUSG00000047260	-0.0306221220983076	7.03856192191173	-0.730605103560529	0.465051449470254	0.608176363646445	-6.21910652119712
ENSMUSG00000042197	-0.0297976968638656	7.07749072272568	-0.730310273558593	0.465231590943167	0.608351177449854	-6.21919445869252
ENSMUSG00000072966	0.048406503977124	7.3072979715861	0.98363753031244	0.325336942847313	0.472679087310734	-6.21941505647536
ENSMUSG00000031095	-0.0377029155669835	7.29818160477062	-0.938510070204895	0.348023470424816	0.495854975420882	-6.21955590394341
ENSMUSG00000042699	-0.0410878276210696	7.01596336279056	-0.719136207846908	0.472087489106175	0.61447664668938	-6.21955599650296
ENSMUSG00000028932	-0.0444025173819327	7.08840816129325	-0.747842568505869	0.454587029635629	0.597835599396249	-6.22015922169787
ENSMUSG00000044857	0.0383872040085169	7.09847945163307	0.723846835844286	0.469190493692823	0.611816926636099	-6.22025223531091
ENSMUSG00000041629	-0.035854847168415	7.18099766002578	-0.806731057696879	0.419856256835938	0.564498537925707	-6.22056444366399
ENSMUSG00000041341	0.0382087387946823	7.06125790096932	0.718286228247159	0.472611267119857	0.614991224444207	-6.22066627571232
ENSMUSG00000054871	0.0281244045508338	6.73765137125705	0.825271167838554	0.409253375337535	0.554688001441256	-6.22110058052056
ENSMUSG00000027881	-0.0469454949900063	6.84710537557557	-0.783171490697759	0.433560065270625	0.576846379524698	-6.22137920078504
ENSMUSG00000087120	-0.0249518267542568	7.49988901665994	-1.28021931240525	0.200521894653515	0.332771282140172	-6.22175384692792
ENSMUSG00000028252	-0.0362982974039818	7.31765433726788	-0.940589696118368	0.346956386559832	0.494648046699479	-6.22207794385988
ENSMUSG00000037029	0.0387845315950663	7.07233809005439	0.713097401821684	0.475815678240407	0.6180823930284	-6.22214748587786
ENSMUSG00000026966	0.0386134878678872	7.04312641445716	0.714913076908824	0.474693036767361	0.617025539848916	-6.22298568410741
ENSMUSG00000027951	-0.0370674853985067	7.06956657036691	-0.755573621013162	0.44993716593146	0.592851990375874	-6.22338195130389
ENSMUSG00000020038	0.0431395276267237	7.01113083192028	0.7123565022579	0.476274198335205	0.618521168257688	-6.22362724376744
ENSMUSG00000031812	-0.0480574269328722	7.21216372737431	-0.838043086884072	0.402042846511294	0.548285931929777	-6.22363143979232
ENSMUSG00000014361	0.0278415299423127	6.87264033596259	0.751727878945254	0.452246820511634	0.595296136551208	-6.22367679467401
ENSMUSG00000062234	0.0422753928149113	7.21861325407334	0.847901209539409	0.396529811524909	0.542729927313239	-6.22390198204729
ENSMUSG00000045095	0.0271670534855835	7.0930042127266	0.71647235557961	0.473730088931704	0.616018506584612	-6.22399142689256
ENSMUSG00000027309	0.0279990638232901	7.18129550117759	0.738105106738176	0.460482006949056	0.603889655912756	-6.22410990771144
ENSMUSG00000043398	-0.0258976556830337	7.43644930854	-1.24747474109297	0.212276479207959	0.347130110640844	-6.22454070743707
ENSMUSG00000027011	-0.0365390950743185	7.28107008051249	-0.918583694542292	0.358353561747783	0.505229897738743	-6.22472201064541
ENSMUSG00000031511	-0.0292356751813836	6.84215735174842	-0.743758715273031	0.457054166259975	0.600055469782951	-6.22575706742436
ENSMUSG00000051537	-0.0387345544694764	7.2275465464261	-0.908128540903036	0.363850019012238	0.510669430629097	-6.22599022308463
ENSMUSG00000022779	-0.0473151014842701	7.26477886364761	-0.877853436179533	0.380061527018051	0.526982155445915	-6.22622842495953
ENSMUSG00000043262	0.0399966743144473	7.50967663182451	1.29023928039263	0.197021720754773	0.328237245236016	-6.22630821948366
ENSMUSG00000022285	-0.0431723113485436	7.10569406810127	-0.747190089316914	0.454980700686339	0.598233135822593	-6.22649514977081
ENSMUSG00000085830	0.0429299327767731	7.36520840248699	1.04571043406713	0.295740603777101	0.442495541102835	-6.22654420589577
ENSMUSG00000045896	0.0401721368668095	7.18722736580132	0.807693564037274	0.41930186694297	0.564009045722528	-6.22674352090973
ENSMUSG00000028137	-0.0470287494414361	7.39959732334289	-1.1534862440703	0.248760880515054	0.39026692003632	-6.22719555786417
ENSMUSG00000045498	0.0458834664262575	7.26360351670792	0.883924556832532	0.376775496327933	0.523534790694683	-6.22742174865395
ENSMUSG00000025856	-0.0346019278872536	7.00156556576125	-0.707008919654297	0.479590825477288	0.621379410984239	-6.22746940670361
ENSMUSG00000016510	0.0413152918277913	7.06287090355904	0.710359127872587	0.477511517968523	0.619704678156612	-6.22762541960927
ENSMUSG00000040852	-0.0346206410462484	6.9020279489789	-0.737426243294801	0.460894573792005	0.604255398550541	-6.2277895916853
ENSMUSG00000065470	0.0377745442940496	7.2139980430434	0.765838102074925	0.443805435968825	0.587076969556822	-6.22804465105459
ENSMUSG00000048878	-0.0235596680661665	6.77880924553337	-0.789320936756913	0.429958406923254	0.57368685929874	-6.22878956071252
ENSMUSG00000001666	-0.0174995826354944	7.16405447106062	-0.765276904850669	0.444139441966774	0.58737497954236	-6.22938892407236
ENSMUSG00000053835	0.0333086499628044	7.16051812432316	0.741084569502112	0.458673738354134	0.601879982212321	-6.22944360136302
ENSMUSG00000022361	0.0499563340752402	7.10232313066451	0.703119009146361	0.482011285554707	0.623191967620433	-6.22955304059484
ENSMUSG00000035885	0.0273983131651399	7.08172187962581	0.718670368567345	0.47237451092174	0.614744244233342	-6.23101760543575
ENSMUSG00000052917	0.0380995624654359	7.0979645045342	0.705924752050826	0.480264771063459	0.621737010062574	-6.23145886259375
ENSMUSG00000026349	-0.0240145978395025	7.14893767720093	-0.731533965363327	0.464484167558917	0.607685273348855	-6.23222074751711
ENSMUSG00000017679	-0.0339971501227847	7.01341629606761	-0.708862226949711	0.478439959680941	0.620540514379124	-6.23222953567738
ENSMUSG00000031093	0.0346343289147555	6.78196998712197	0.809813824937129	0.418082147132113	0.563000335803936	-6.23227434968499
ENSMUSG00000092730	-0.0404355779157779	7.21869102845481	-0.817554276712747	0.413647085765802	0.559102585881259	-6.23273270415684
ENSMUSG00000017167	-0.0433044831219354	7.01430507339976	-0.704104142187129	0.481397668191971	0.622772556518704	-6.23293494241041
ENSMUSG00000027273	-0.0310391248440816	7.3429410288212	-1.04294810409604	0.297018073107405	0.443950292627258	-6.23318388696092
ENSMUSG00000054364	-0.0294295761647456	7.11812567432639	-0.723304472235298	0.469523540817869	0.612190239656163	-6.23328275941248
ENSMUSG00000032307	-0.0284699312495373	7.4266074413543	-1.16497140303011	0.244080988081458	0.385162871873701	-6.23335056572434
ENSMUSG00000019945	0.035314620669646	7.17880359124595	0.728891588693727	0.466098951381323	0.609120330553432	-6.23371020502257
ENSMUSG00000039934	-0.0306507759313126	7.00269902008855	-0.699963551468178	0.483979610464329	0.625556428097442	-6.23444973337165
ENSMUSG00000020708	-0.0377040249828458	7.24854735382061	-0.905673702202699	0.365148175988871	0.511832967885042	-6.23459268978463
ENSMUSG00000086228	0.0388218653954056	7.09035517862653	0.708397906517154	0.478728151351396	0.620729816528917	-6.23463898813639
ENSMUSG00000035356	0.0297634934818198	6.98037308903202	0.706659250765611	0.479808131965479	0.621379410984239	-6.23475816655881
ENSMUSG00000035152	-0.0378055469829652	6.94483336895592	-0.696895650221528	0.485897492302873	0.626859476668231	-6.23487004813666
ENSMUSG00000059173	-0.038705498934184	7.48429830481511	-1.29374980562113	0.19580607028613	0.326809417667773	-6.23555601206138
ENSMUSG00000035285	-0.0374983259363457	7.15232529929031	-0.797652225851354	0.425106698960131	0.569461692587994	-6.23559852021357
ENSMUSG00000035139	0.0303060939855166	6.88034066214142	0.738351968562187	0.46033203243185	0.603753453075313	-6.23567637481913
ENSMUSG00000022604	0.0362027866536883	6.88554053855314	0.758166307219832	0.448383846053843	0.591400494916071	-6.23576217441764
ENSMUSG00000002326	0.0261237402358514	6.99224440325343	0.695689244810708	0.486652795180633	0.627710186650724	-6.23627326156485
ENSMUSG00000029822	-0.0342530042356417	7.02644882162046	-0.698390719417324	0.484962344500864	0.626136515499394	-6.23661684700171
ENSMUSG00000071862	0.0412936060778462	7.00763915314899	0.691530012882041	0.489261654370023	0.630137133229405	-6.23704419721786
ENSMUSG00000069114	0.0444846302152699	7.3563739308475	0.950441695105223	0.341929542200455	0.490046291352902	-6.23731513446482
ENSMUSG00000028101	0.0344572558899596	7.5917403806314	1.44799133289542	0.14767635658025	0.263846061312701	-6.23797093749857
ENSMUSG00000029570	-0.0417230103801192	7.18684695201498	-0.790722839823021	0.429139768141121	0.573127979838876	-6.2382312739623
ENSMUSG00000027395	0.0435583866940732	7.24718710143169	0.848501622530073	0.396195519007708	0.542402147322902	-6.23830109622351
ENSMUSG00000078484	-0.048792190485015	7.25139099406982	-0.854224277121495	0.393017861351713	0.539462134705035	-6.23832864927244
ENSMUSG00000003762	-0.0456994266078583	7.05060908333516	-0.699421952348376	0.484317889418181	0.625710463418648	-6.23850539105015
ENSMUSG00000025262	0.0398959413687017	6.92823905726572	0.704593202169602	0.481093201693564	0.622563229867761	-6.238511432656
ENSMUSG00000004933	-0.0438133883205385	7.1453397935498	-0.760616475315192	0.446918714639864	0.59036018686965	-6.23865376428129
ENSMUSG00000031065	-0.0334366930292109	7.21629354382396	-0.814507703850873	0.415389352316058	0.560678260933613	-6.23867699193323
ENSMUSG00000045106	0.0256188967573951	7.10585182069249	0.699668254209217	0.484164035135438	0.625671261276592	-6.23873444575811
ENSMUSG00000071112	-0.0316471535076817	7.19920187217527	-0.794161292999492	0.42713573139137	0.57120132741326	-6.2395479178571
ENSMUSG00000018442	0.02482305371844	6.82732475000408	0.761112522995322	0.446622424070835	0.590087877276756	-6.23977398061256
ENSMUSG00000035954	0.0313225369677923	7.151109468647	0.731652752277516	0.464411648851966	0.607685273348855	-6.24002889217379
ENSMUSG00000075706	-0.0330656274553931	7.43106456168857	-1.16852836004054	0.242644247872505	0.383612908241376	-6.24031664103754
ENSMUSG00000024528	-0.0333087247964237	7.00773621296933	-0.688156780183568	0.491383019320159	0.632067841318484	-6.24035126858548
ENSMUSG00000052305	0.023833301520348	7.44310192803235	1.13208521698345	0.257647860856074	0.400323498021329	-6.24039290469927
ENSMUSG00000060950	0.0340927862777161	7.35184745047617	1.04706103708081	0.295117344105988	0.441764951867779	-6.24048924967084
ENSMUSG00000103649	-0.0236942181887576	7.27556794168088	-0.914096687463378	0.360706030223929	0.50728533837072	-6.240502865806
ENSMUSG00000029246	-0.0459398179214148	7.24191138297712	-0.857435432739187	0.391241566646599	0.538291932129085	-6.24080444614331
ENSMUSG00000030166	-0.0290795897356455	7.23294276823549	-0.79898457032663	0.424333788530233	0.56890711310167	-6.24102166930999
ENSMUSG00000062376	0.0289735933289101	7.43574182596538	1.18989925609431	0.234137245089505	0.37318295747648	-6.24108464472194
ENSMUSG00000022403	0.0349590890243361	6.88953379987043	0.716517071860832	0.4737024898086	0.616018506584612	-6.24146589733144
ENSMUSG00000086794	-0.0325212177837679	7.41301912847638	-1.10098244416261	0.270952379427512	0.416155390833527	-6.24193695784726
ENSMUSG00000060279	0.0390685249704052	7.21511826418705	0.821425386113981	0.411439538736817	0.556693513966763	-6.24228505471567
ENSMUSG00000043284	-0.0315055016327062	7.08254502358205	-0.717829431588816	0.472892888455184	0.615235386629759	-6.2423424436656
ENSMUSG00000047714	0.0373202792864911	7.25027789865061	0.80827246579154	0.418968635292386	0.563734570734627	-6.24241471468853
ENSMUSG00000037640	0.0423967030819501	7.39130470710805	1.00868821225186	0.313168468253947	0.460933286833128	-6.24252324927268
ENSMUSG00000046818	-0.041767737546242	6.89134539745174	-0.722044208583685	0.470297930624732	0.61273396406068	-6.24296436363626
ENSMUSG00000001794	-0.0310028119871921	7.15909101536428	-0.72522819718866	0.468342837099339	0.61101588672691	-6.24328627007036
ENSMUSG00000064289	0.027700585436655	6.96187495204094	0.703922208285017	0.481510958728224	0.622857570563177	-6.24346139644096
ENSMUSG00000027698	0.0367916641309645	7.31762900264276	0.949174899236099	0.34257328322529	0.490589523516243	-6.24351913531176
ENSMUSG00000045671	-0.0407192243241798	7.03699809902856	-0.706055781303928	0.480183292593335	0.621693005007114	-6.24354046918421
ENSMUSG00000065258	0.0226105370077976	7.3683920745819	1.01458176295062	0.310349773385391	0.457762419238569	-6.24409488852937
ENSMUSG00000025016	0.0462670296855485	7.47516313788423	1.16248639235864	0.245088282750936	0.386213011798572	-6.24437282166127
ENSMUSG00000059534	0.034678218507568	7.18450868370331	0.787981954011108	0.43074114982413	0.574312880795917	-6.24452857116443
ENSMUSG00000078485	0.0205671397740188	7.30833603280555	0.875859085104711	0.381144814718489	0.527869238791332	-6.24467165728881
ENSMUSG00000027248	-0.0344555348155913	6.62396708165519	-0.83127951181735	0.405851757766469	0.551813398346517	-6.24487313281537
ENSMUSG00000014226	-0.0292067157553619	6.74162734155991	-0.769744993534134	0.441484163728743	0.58477445078275	-6.24504095570771
ENSMUSG00000022867	0.0485888991990473	7.11799014230116	0.681638318623595	0.495496320192244	0.635797101240503	-6.24510374889313
ENSMUSG00000003273	-0.0462021667456272	7.25896652285021	-0.888395870059061	0.374366616033155	0.521072478960883	-6.24532984560377
ENSMUSG00000051518	0.036306900221093	7.03697034603671	0.684801413226338	0.493498040288657	0.633956075507076	-6.24559540791495
ENSMUSG00000060260	0.0215640506275436	7.108011389848	0.697670957731766	0.485412425012537	0.626542390640258	-6.24565895064832
ENSMUSG00000029439	-0.0346803023561559	7.27965597763821	-0.853662703254249	0.393329005040577	0.539532820105825	-6.24587554422675
ENSMUSG00000038172	0.0369757733051896	7.3512093258183	1.02057957441587	0.307498466407282	0.454837862637457	-6.24591202658907
ENSMUSG00000058900	0.0408722075849965	7.22995704685283	0.772894409262434	0.439618018151597	0.582892353012022	-6.24623550155522
ENSMUSG00000023106	-0.0399834408947628	7.35499193883404	-0.999681275100014	0.317508664378415	0.46517719718467	-6.24643060968085
ENSMUSG00000032064	0.0402979409743525	6.80116497338411	0.79011848742368	0.4294925674506	0.573357468447359	-6.24713671954925
ENSMUSG00000048834	-0.0397493531995226	7.35932835337928	-1.04760843989136	0.294864986220675	0.441589155753955	-6.24715307453744
ENSMUSG00000004951	-0.026937644739796	6.63312177118354	-0.835682705048479	0.403369653876836	0.549580134098817	-6.24743145822838
ENSMUSG00000020668	0.034272077763533	7.10344185056112	0.724261426328029	0.468935995879119	0.611560727842818	-6.2475098184775
ENSMUSG00000040722	0.0337181912830617	7.43205982548616	1.21197382921803	0.225574353770968	0.363294309210175	-6.24752953646201
ENSMUSG00000031552	0.0290233278455476	7.35456878204997	0.996041570945699	0.319273674844014	0.466927049939435	-6.2485951964321
ENSMUSG00000030322	0.0335397219644449	7.24394724285176	0.764130645373135	0.444822103437352	0.588124720076935	-6.24889737233653
ENSMUSG00000033767	-0.0282077039642257	6.89141430737835	-0.70693370016767	0.479637567115962	0.621379410984239	-6.24920387075473
ENSMUSG00000003131	0.0394540592985235	7.2270621895996	0.794566169976954	0.426900116066898	0.57095674748275	-6.24937743883792
ENSMUSG00000085028	-0.0424075949138487	7.08962949202952	-0.696983163387636	0.485842726995971	0.626859476668231	-6.24941277926437
ENSMUSG00000027715	-0.0333759718057758	6.91077134771042	-0.717900720920164	0.472848931532042	0.615235386629759	-6.24957511786695
ENSMUSG00000002265	0.0331057988371155	7.24146744954647	0.803485995443689	0.421728538919611	0.566458400691038	-6.24987781140652
ENSMUSG00000034826	-0.0323492845882649	7.37726000159032	-0.996726801081238	0.31894089472979	0.466544602659488	-6.25169736310823
ENSMUSG00000032199	0.0472894220053499	7.3007742801883	0.948691883939421	0.342818938543928	0.490780267186124	-6.25171406417064
ENSMUSG00000034974	-0.0377787889319903	7.04256592659546	-0.676032797174057	0.499048188101022	0.639051311113212	-6.25173484941307
ENSMUSG00000032556	0.0351700817881184	6.85342620738576	0.737418371168182	0.460899359144952	0.604255398550541	-6.25177019316252
ENSMUSG00000034009	-0.0391864272309732	7.50232638360426	-1.32644787755438	0.184746349502458	0.31305969553277	-6.25238232880232
ENSMUSG00000074874	0.0256665127635625	7.05382778317088	0.667086001840667	0.504745127939688	0.644569178207802	-6.25297482506547
ENSMUSG00000073563	0.0381582015869997	6.9473896570227	0.673128461005166	0.500893792007547	0.640775994231269	-6.25433860728992
ENSMUSG00000066152	-0.0315482456291081	7.07161013616667	-0.667958022437969	0.504188358023043	0.644172341488989	-6.25449795474496
ENSMUSG00000042616	-0.0406121624788671	7.36374613288593	-1.05388731383273	0.291980710850072	0.438775420850453	-6.25465886687614
ENSMUSG00000041544	0.0201426789950245	6.98566801144879	0.666550031650172	0.505087496329917	0.644908892891338	-6.25477512794542
ENSMUSG00000031901	-0.0402334632763308	7.24066131703432	-0.817274252939783	0.413807044262317	0.559203326123271	-6.25482004083672
ENSMUSG00000032786	-0.0451720179411463	7.13551913081425	-0.713063627356269	0.47583657495671	0.6180823930284	-6.25483643654474
ENSMUSG00000007594	0.0435787294504051	7.16469085096624	0.743934948309729	0.45694754530001	0.599975655708328	-6.25496582665422
ENSMUSG00000068250	-0.0273812267797711	7.09073326784422	-0.681766640451282	0.49541516906571	0.635791397013878	-6.2552163697688
ENSMUSG00000032621	-0.0374184980743468	6.85971021444636	-0.729673547353911	0.46562076374504	0.6087992648507	-6.25523899174535
ENSMUSG00000036555	-0.0282831574690405	7.33326842622639	-0.9406348714191	0.346933229648291	0.494648046699479	-6.25528911691834
ENSMUSG00000029394	-0.0269310142419972	7.04979346546152	-0.6649030413878	0.506140330308884	0.645909855190945	-6.25564876681913
ENSMUSG00000020034	0.0342140679116296	6.97204506708803	0.672717727390575	0.501155090557672	0.641001209382632	-6.25648559356194
ENSMUSG00000018567	-0.024645100519991	7.14160785285251	-0.705204871660448	0.48071255175187	0.622132139930356	-6.2568619297578
ENSMUSG00000023027	-0.0521474531472848	7.25361387650533	-0.785223817646555	0.432356105598706	0.575654035848496	-6.25714258421184
ENSMUSG00000065259	0.0428797130325966	7.27888464507335	0.914645008333953	0.360418035325065	0.50706715748843	-6.25790924231141
ENSMUSG00000020659	0.0359998136155024	7.34888582288429	0.925260108732348	0.354871133853598	0.502187072221484	-6.25860628898683
ENSMUSG00000073700	0.049926595150847	7.35662946590764	0.98677388247556	0.323796818424331	0.471173496366716	-6.25864281044848
ENSMUSG00000046201	-0.0362730752834661	7.18351978896905	-0.754647222082024	0.450492925278149	0.59346481965602	-6.25875582618637
ENSMUSG00000022564	-0.0369431684846653	7.47712612109464	-1.30996021822797	0.1902638899453	0.320094829125756	-6.25878616207249
ENSMUSG00000031400	0.0294147846244579	6.8910621031166	0.715417031941259	0.474381696860371	0.616682074798528	-6.2589691141815
ENSMUSG00000054693	-0.0359826374223475	7.05468748040172	-0.661348147064549	0.508416717066831	0.647557940675148	-6.2591523333959
ENSMUSG00000027523	0.0350031450760708	7.21868972831522	0.788658737925991	0.43034541198141	0.574027726302661	-6.25942925376132
ENSMUSG00000040599	-0.0311474816820851	6.87573906499283	-0.690656177938238	0.489810719441879	0.630665021531577	-6.25995666073226
ENSMUSG00000057455	-0.0295698943329459	7.36531120764199	-1.05076306725831	0.29341349212151	0.440325688903011	-6.2602197138558
ENSMUSG00000002227	-0.0190801387866228	7.27426629949065	-0.843855738868016	0.398786648155571	0.545037561087037	-6.26047828012779
ENSMUSG00000023191	-0.0315980746923499	7.17688650162637	-0.734712299058912	0.462545986881006	0.6060099140307	-6.26057876597891
ENSMUSG00000040651	0.037339466379315	7.29395504305304	0.798569232585157	0.424574643176318	0.56911346661865	-6.2613021098862
ENSMUSG00000023150	0.0311773252522807	6.57277300924974	0.884288443130158	0.376579099079034	0.5234285555943	-6.26153052907124
ENSMUSG00000026509	0.0335661151744606	6.71916275749933	0.812734884213619	0.416405180836892	0.56149723220894	-6.2615396642193
ENSMUSG00000058740	0.0425956811270494	7.35650591470469	1.00563424064389	0.314635694903772	0.462572770093226	-6.26186818626231
ENSMUSG00000021254	0.0241523701288697	7.1547895041964	0.708992923953094	0.478358856539968	0.620525328115249	-6.26196429417273
ENSMUSG00000028664	0.0352791997959816	6.91426234012324	0.675344591110587	0.499485191953746	0.63942484751936	-6.26211529159711
ENSMUSG00000068732	0.0436381273011559	6.96874629466166	0.66133142553499	0.508427437421223	0.647557940675148	-6.2624566610133
ENSMUSG00000003531	-0.0342269203971677	7.46470657819619	-1.27246532819219	0.203261515118414	0.336337178454282	-6.26290709861883
ENSMUSG00000028423	0.0462385328622039	7.30549045365106	0.876717838166324	0.380678126671832	0.527501908804787	-6.26307145151722
ENSMUSG00000040009	-0.0321918225253022	7.33598510798566	-1.01276998785467	0.311214497865966	0.458779439934831	-6.26309691501341
ENSMUSG00000047414	-0.0355819689779455	7.10637369817783	-0.684208088228521	0.493872543231286	0.634335263022073	-6.26332101386564
ENSMUSG00000038486	-0.0337275250153359	7.43690114179508	-1.20873831672935	0.226815250590506	0.36484399320935	-6.26363913922925
ENSMUSG00000032740	0.0345198856482654	7.18960968597975	0.683322605124523	0.494431737321322	0.634928916626851	-6.26440937172596
ENSMUSG00000018900	0.0285327144397156	7.41692632588151	1.0255003667157	0.305172158926575	0.452303716749972	-6.26454033171077
ENSMUSG00000102171	0.022533716492589	7.28949587386582	0.845400441347588	0.397923997400999	0.544028923765025	-6.26515532503896
ENSMUSG00000004961	-0.0412239535948817	7.35637290374333	-1.06518166901413	0.286840389203654	0.433138912970501	-6.26521752793321
ENSMUSG00000065282	-0.029013071375533	7.07843944351433	-0.661323176850311	0.508432725786317	0.647557940675148	-6.26570948775769
ENSMUSG00000049950	0.0280114192136613	6.92098147744614	0.670685377631695	0.502449083378563	0.642138168644294	-6.2657923115469
ENSMUSG00000033966	-0.0452991936729035	7.34320429306217	-1.02568147847809	0.305086761668529	0.452241381766801	-6.266193906302
ENSMUSG00000063919	0.0340195509212373	7.35846817504663	1.0008872979351	0.316925238792074	0.464686440392635	-6.26624430789652
ENSMUSG00000002459	0.0340020135119454	6.89525200799587	0.692098041106812	0.488904917647852	0.629911617950186	-6.26624871958641
ENSMUSG00000032435	-0.0378211897738225	7.02307348648291	-0.664410005823479	0.506455726380716	0.646037196852077	-6.26659594699848
ENSMUSG00000026839	0.0352241629315397	7.3525684595521	1.00719079817308	0.313887310460168	0.461731760510621	-6.26685274752587
ENSMUSG00000038976	0.0534132386572876	7.29877494351035	0.904984677390262	0.365513062440107	0.512070306416895	-6.26690292492695
ENSMUSG00000063428	-0.0380836460348286	6.84819641802741	-0.71581933884625	0.474133235020764	0.616481508877927	-6.2672432107614
ENSMUSG00000027581	-0.0351827711265393	7.32689867077507	-1.03165075096018	0.30228102469788	0.449648212296722	-6.26733492181037
ENSMUSG00000034621	0.0418521492350701	7.22294643760162	0.712065351396602	0.476454448969326	0.618639457096739	-6.2674682638077
ENSMUSG00000037992	-0.0480242709925518	7.33676769479942	-1.03602273758334	0.300236988252562	0.447367794300489	-6.26785171051668
ENSMUSG00000048481	-0.0294799730266684	7.10191969790908	-0.68575644859113	0.492895547658981	0.633515463376338	-6.2679536663496
ENSMUSG00000021994	-0.0471685966085129	7.37046037878796	-0.998546279805494	0.318058372551469	0.465669896381552	-6.26844835486981
ENSMUSG00000036943	-0.0445031156304898	7.29665939886379	-0.899487776820069	0.368432201001945	0.515112598837833	-6.26892749387741
ENSMUSG00000036902	0.0359226752586475	7.28538953664716	0.805300097357805	0.420681265570612	0.565264744228511	-6.26897407049204
ENSMUSG00000012422	0.0222658186902134	7.42271643948789	1.07728312296181	0.281400949815321	0.427439521404128	-6.2692074411358
ENSMUSG00000022763	-0.0455662015943492	7.31524681012386	-0.950436986808364	0.341931933356917	0.490046291352902	-6.26936614657013
ENSMUSG00000038582	-0.027293716980588	6.58604161562536	-0.826925910907373	0.408314855401328	0.553977907794132	-6.26983114401606
ENSMUSG00000020459	-0.035615745076476	7.38935247882942	-1.03138061491237	0.302407624573323	0.449681009129057	-6.27024907423571
ENSMUSG00000073591	0.0392608749225074	7.28810103212099	0.854244409602445	0.393006709589138	0.539462134705035	-6.27024907436513
ENSMUSG00000034586	0.0348889784613062	7.05467980893408	0.650001875247356	0.515718101422477	0.65382986215263	-6.27029627267219
ENSMUSG00000019970	-0.0297416305022153	6.98478691289023	-0.646639460881108	0.517892239565024	0.655476140795175	-6.27038567500105
ENSMUSG00000005881	-0.0247232817419487	7.35457937307775	-1.02704880787119	0.304442554652902	0.45159323878493	-6.27041771654206
ENSMUSG00000068457	-0.0326167939319655	7.46316881660463	-1.17355975730282	0.240622120297102	0.381383147570176	-6.27070966862332
ENSMUSG00000040466	-0.0288846436133614	7.14106207093569	-0.681722138617686	0.495443311360799	0.635791397013878	-6.27090182018229
ENSMUSG00000027384	-0.0282914932656668	7.08781887580697	-0.692036417695776	0.4889436119967	0.629911617950186	-6.27103509490331
ENSMUSG00000041625	-0.0314369229868712	7.37966331252853	-1.03807145751878	0.299282328196778	0.446494365941138	-6.27104205903086
ENSMUSG00000031028	-0.0371233956338006	7.22842297100804	-0.866117378807664	0.386463497391551	0.533260972581174	-6.27113579644949
ENSMUSG00000004099	-0.0286322706467041	7.16614028640443	-0.710408382189396	0.477480985106927	0.619704678156612	-6.2713164999959
ENSMUSG00000055447	0.0472411585980739	7.02500334157733	0.638192748982382	0.523374732117436	0.660563192218401	-6.27150590169212
ENSMUSG00000029447	0.0310695362705591	6.87792393560685	0.658625465492279	0.510163818652291	0.64920924512012	-6.27166071725599
ENSMUSG00000015484	-0.0386039102440625	6.83869162093291	-0.694474447166289	0.487413993114714	0.628382471477877	-6.272019009883
ENSMUSG00000032737	0.0339890194452614	7.13349940556756	0.650898854598948	0.515138915805002	0.653444306338445	-6.27243911354858
ENSMUSG00000011256	-0.039930880169309	7.02483501890946	-0.638745974012629	0.523014741806029	0.660370935620573	-6.27292598704519
ENSMUSG00000073448	-0.0280691679583462	7.40916283767522	-1.02296630178582	0.306368677073395	0.453626634731655	-6.27343891717473
ENSMUSG00000098239	0.0251460320681653	7.23705016728661	0.763568769355596	0.44515695047415	0.588448585986225	-6.27349735518535
ENSMUSG00000032540	0.0341144738254311	6.84358231086853	0.728756982325025	0.466181294114478	0.609132520973406	-6.27352173913979
ENSMUSG00000036499	0.0490333313810813	7.31266325970879	0.823526371281913	0.410244360061066	0.555478246139154	-6.27360860360019
ENSMUSG00000030741	-0.0468384585374171	7.17099346447989	-0.752982072783721	0.451492848141938	0.594465774401721	-6.27368400873712
ENSMUSG00000043252	-0.0342427866832136	6.96589803606483	-0.637663015689345	0.523719555220749	0.660870979946993	-6.27370351203023
ENSMUSG00000041774	-0.0331951911875779	7.19886435495423	-0.793309346147952	0.427631763366946	0.571572745890766	-6.27392613441247
ENSMUSG00000075701	-0.0231377460514244	7.0810161893133	-0.646261626904931	0.518136843185235	0.655595588187986	-6.27406368686403
ENSMUSG00000031917	-0.0361895642172536	7.42147376000617	-1.20994186854868	0.226353091935477	0.364503650629676	-6.27427151200281
ENSMUSG00000040181	0.038773995280919	7.21292377343754	0.684752517580064	0.493528897156135	0.633956075507076	-6.27447752240736
ENSMUSG00000036989	-0.0432285744920708	7.4430237638236	-1.18655025360053	0.235456212702701	0.375011281837441	-6.27485727182076
ENSMUSG00000020087	0.0422733619192099	7.15302552883494	0.699390159457869	0.48433775101471	0.625710463418648	-6.27489205116892
ENSMUSG00000010154	-0.0431291242289236	7.28783067833687	-0.92436450375114	0.355337037767583	0.502600745295289	-6.27491406207088
ENSMUSG00000052566	-0.0462791358297832	7.29368038021747	-0.894590369498273	0.371045166707737	0.517329427320309	-6.27503286792995
ENSMUSG00000032308	-0.0291678048997062	7.32987673773236	-0.937146772165016	0.348724128202729	0.496627465074527	-6.2751168587608
ENSMUSG00000035637	-0.0265036546930766	7.47098296765549	-1.21959294389889	0.222671410882931	0.359725334560628	-6.27540560881278
ENSMUSG00000030223	0.0305350500970576	6.70079019619402	0.768312606291486	0.442334405333696	0.585665880376611	-6.27562361201548
ENSMUSG00000024063	0.0568917710685755	6.65801342432565	0.824407040998777	0.409743991630751	0.55491552068168	-6.27594890176046
ENSMUSG00000040220	-0.0539767015410835	7.27704224279041	-0.842943496606164	0.399296625261143	0.545620646896868	-6.27599278646844
ENSMUSG00000060121	0.0339308551009543	7.0769733519597	0.634198197163297	0.525977805068946	0.663337002597307	-6.27603491535028
ENSMUSG00000021103	-0.048327982746172	7.41954307526255	-1.08122676278795	0.279643563315266	0.426104926783457	-6.27629826003573
ENSMUSG00000030495	0.0322158102222865	7.09106751854198	0.644946190237211	0.518988901582535	0.656448688360896	-6.27633458367403
ENSMUSG00000044364	0.0282163160929008	7.42343827396455	1.1383722647262	0.255014550770813	0.397505714810274	-6.27644377331206
ENSMUSG00000030469	0.0404288366785481	6.93602135106894	0.655510089193942	0.512166752962449	0.650739100052959	-6.27649969399327
ENSMUSG00000051435	0.040432456210028	7.41048339117357	1.04084391251366	0.297993652220292	0.445154369565046	-6.27661024383348
ENSMUSG00000029125	-0.0360443351123214	6.94188216011053	-0.642118364657725	0.520823039323941	0.658294577218482	-6.27670485185734
ENSMUSG00000032174	-0.0456917787690756	7.22524915574956	-0.85508955523573	0.392538740450698	0.539313379156316	-6.27694340028815
ENSMUSG00000027777	-0.0378572297826727	7.26561974326018	-0.948371719222673	0.34298183222075	0.490906105546525	-6.27724003751969
ENSMUSG00000051306	0.0297102100541293	7.29323804510852	0.792230719337518	0.42826025709441	0.572120743457145	-6.27734061051944
ENSMUSG00000002014	0.031712743163145	7.21381294489644	0.759016465584032	0.447875166484884	0.591011141323404	-6.27744117289884
ENSMUSG00000097391	-0.0370538984916058	6.88100574880372	-0.653165731552228	0.513676685566161	0.65215818148101	-6.27775517712268
ENSMUSG00000033739	-0.0397856110184849	7.26385682103952	-0.853805507889867	0.393249869046767	0.539532820105825	-6.27828863251179
ENSMUSG00000086213	-0.0346646523549277	7.5676265050118	-1.44259476057292	0.149191486235678	0.265983877454273	-6.27847166366323
ENSMUSG00000025491	0.0174210592893456	7.26745569813557	0.759572016414167	0.447542938214859	0.59076750827878	-6.27862547075251
ENSMUSG00000040447	0.0336683354525924	7.19257683437679	0.728899798219841	0.466093929630571	0.609120330553432	-6.27864455285063
ENSMUSG00000064254	-0.0268232970543298	6.9970512872777	-0.628084604072779	0.529974542333545	0.666522894860063	-6.27864605635569
ENSMUSG00000030850	-0.0471609643525479	7.3308293817901	-0.956705114928578	0.338758078017732	0.486456154152479	-6.27893843712717
ENSMUSG00000068205	-0.0482345647652398	7.35686962682326	-1.07663935701366	0.281688538580129	0.427714206649906	-6.27894792101327
ENSMUSG00000032567	-0.0383262811759373	6.91863129273731	-0.652840163026717	0.513886557894851	0.652298120608821	-6.27919347791743
ENSMUSG00000047485	0.0346634047042773	7.16260256389549	0.719080266792161	0.4721219515008	0.61447664668938	-6.2792366289269
ENSMUSG00000090115	-0.0300670530832221	7.30134831056005	-0.820563272266302	0.411930563337372	0.557185136399719	-6.27928035710874
ENSMUSG00000033342	0.0274746930804772	7.11666958275004	0.649494301907207	0.51604599463704	0.654027475720553	-6.27947764213962
ENSMUSG00000021365	-0.0297470887441875	7.00185074317377	-0.632670790512419	0.526974895111349	0.664082715063796	-6.27977914948149
ENSMUSG00000021725	-0.025743156984916	7.02741665469662	-0.626113907614322	0.53126615917911	0.667613798237199	-6.27985772054453
ENSMUSG00000031558	0.0443604941085924	7.27353429365876	0.860236764261953	0.389695960607162	0.536652713667157	-6.28003939669207
ENSMUSG00000020894	-0.0456836551566768	7.43221552106952	-1.18360165402671	0.236621832920365	0.376349195736425	-6.28006070493446
ENSMUSG00000026173	0.0333181947560339	6.66679821584569	0.804588507400527	0.421091881262575	0.565719333965073	-6.28006239743555
ENSMUSG00000094786	0.0242659312709455	6.87249472167826	0.670685707530432	0.502448873189409	0.642138168644294	-6.28030272068274
ENSMUSG00000030443	0.0294139663363238	7.16223358305091	0.663809747378057	0.50683985269113	0.646298563497836	-6.28046394424075
ENSMUSG00000048826	0.027956898725197	7.48103390269788	1.25321969073216	0.210178928861112	0.344765941524057	-6.28046519366666
ENSMUSG00000026626	-0.0367146334649648	6.84037097890244	-0.698326772894094	0.485002322309758	0.626136515499394	-6.28089476326884
ENSMUSG00000103009	0.0390141144740115	7.41787679176074	1.10687085692093	0.268398075198129	0.413056024508511	-6.28102534350679
ENSMUSG00000038383	-0.0274545501975529	6.9587615557294	-0.632059874620115	0.527373970598888	0.664263403994226	-6.28140355219086
ENSMUSG00000028496	-0.0322951130916493	6.85685525830156	-0.675523745113924	0.499371411417522	0.639390759733809	-6.28171531972499
ENSMUSG00000098424	-0.0372247744051233	6.75265452484701	-0.733418395560978	0.463334477469603	0.606597497903204	-6.28186698711622
ENSMUSG00000034557	0.0352592612200651	7.10653365290568	0.632497607183491	0.527088009953091	0.664098685732248	-6.28199163736291
ENSMUSG00000041781	-0.0300176104671337	7.12724745780103	-0.658191879995244	0.510442333255043	0.649311215213274	-6.28201530742113
ENSMUSG00000014177	0.0348139504813467	6.98912180911709	0.627046511830729	0.530654720808585	0.667242758819246	-6.28228092699725
ENSMUSG00000045349	0.0439368518996988	7.0288147518477	0.623282250573788	0.533124850799664	0.668871159239981	-6.28260437992462
ENSMUSG00000034687	0.0368728063547374	7.16627258906534	0.711858380925882	0.476582606502693	0.618728136839181	-6.28265168680144
ENSMUSG00000045438	-0.0472535275843473	7.4173380455528	-1.17158981059758	0.241412426382971	0.382146165277656	-6.28267514194531
ENSMUSG00000032373	0.0296750389306979	6.8621531945664	0.667334710196875	0.504586298962244	0.644429209444318	-6.28268351666009
ENSMUSG00000051590	0.0241429747241222	6.82496026370505	0.711802410472427	0.47661726703507	0.618728136839181	-6.28281059161315
ENSMUSG00000069755	-0.0380948673001189	7.46445210995713	-1.19602621914324	0.231737779915927	0.37026007013172	-6.28293354993372
ENSMUSG00000038738	0.0296607820587749	7.21977044798429	0.762518693110177	0.445783123049559	0.589038418143402	-6.28331160523373
ENSMUSG00000066406	0.0266460756389586	7.13334991977642	0.671158040881152	0.502147982047598	0.641941351524963	-6.28340165289506
ENSMUSG00000003824	0.0296365854247069	7.13382800315741	0.638008748511047	0.523494491658085	0.660650654018474	-6.28341834755566
ENSMUSG00000037172	0.0317445395108429	6.90876604354624	0.65581236583919	0.511972234031892	0.650688330059754	-6.28360648916644
ENSMUSG00000020680	-0.0340385776735559	7.07191530866815	-0.624242245074052	0.532494344770438	0.668528573238835	-6.28395840983165
ENSMUSG00000020594	0.0379312201616706	7.18051836840309	0.664374989036146	0.506478130637364	0.646037196852077	-6.28405447358699
ENSMUSG00000069917	0.0270790639150853	7.40554975010135	0.992963322211047	0.320771420699334	0.468332713259248	-6.28522205099403
ENSMUSG00000045287	-0.0348775722505943	7.21298624457422	-0.825457046243705	0.409147886799077	0.554626297684559	-6.28533598044667
ENSMUSG00000075703	0.0326832041215743	7.11048805864284	0.638343826268883	0.523276411652864	0.660563192218401	-6.2853631129664
ENSMUSG00000028647	-0.0131926857570246	7.30204836932649	-0.823900535110826	0.410031727749964	0.555247763725954	-6.2858180655692
ENSMUSG00000042035	0.0357316413035393	7.34072744735236	0.951549957590597	0.341366997528823	0.489504570826655	-6.28622040275657
ENSMUSG00000084842	-0.0193267725460808	7.25741940053518	-0.797435402452834	0.425232558819122	0.569470607616606	-6.28626687541259
ENSMUSG00000028641	0.0321246105997828	7.33550656127098	0.931729524597479	0.351517135877376	0.499301545286602	-6.28647447343768
ENSMUSG00000087620	-0.0269411774298813	7.05684941575872	-0.622919679695426	0.53336307862723	0.668918552931553	-6.2865182118086
ENSMUSG00000026102	0.0262071300128168	7.49982369905456	1.24793115977608	0.212109284137373	0.34703627780816	-6.28671586712813
ENSMUSG00000004677	-0.0290551851182981	7.12673382250667	-0.651335262937653	0.514857246241214	0.65321359315728	-6.28673861913384
ENSMUSG00000020476	-0.027642129363735	7.23634811423865	-0.797596734609735	0.425138907986179	0.569461692587994	-6.28691128907282
ENSMUSG00000021916	0.0256932239984904	7.00325295079016	0.614779324076947	0.538725845273656	0.673510195408967	-6.28747885804778
ENSMUSG00000033365	0.0298077899828533	7.25710599488213	0.74972732032817	0.453450950108604	0.596782169839559	-6.28752133500538
ENSMUSG00000024570	0.0310587076389544	7.39648654127819	1.06268658158116	0.287970668326195	0.434344699277252	-6.28768983078017
ENSMUSG00000021610	-0.0234066970016373	7.07955736698854	-0.650116247387202	0.51564423176344	0.65382986215263	-6.28793832883387
ENSMUSG00000020541	0.0280285788618331	7.48244213651312	1.1752986076842	0.239926042089102	0.380556305189063	-6.28802750995877
ENSMUSG00000049327	0.0247880517403951	6.80870441936002	0.710364010276731	0.477508491307525	0.619704678156612	-6.28821637366007
ENSMUSG00000049184	-0.0347616078458515	6.99325422480226	-0.612997221611574	0.539903470487761	0.674338507501027	-6.28829998652329
ENSMUSG00000026109	0.0375395829091945	7.01745170431246	0.612497240335969	0.540234092801542	0.674558392270652	-6.28834151650137
ENSMUSG00000025630	-0.0289260543253258	7.29497992329488	-0.897967266311822	0.369242226257207	0.515749410664606	-6.28867922793415
ENSMUSG00000027387	-0.0301792641617	7.15050382848655	-0.679460987947051	0.496874352538604	0.637190618418592	-6.2887621200851
ENSMUSG00000036941	-0.0292733573245014	7.46186111934275	-1.17097751547159	0.241658439755903	0.382331394958826	-6.28898695591585
ENSMUSG00000080364	0.0516097045940507	7.39479721286814	1.02689083955898	0.304516934052204	0.451652396126822	-6.28901070906035
ENSMUSG00000092713	0.0438256154648711	7.36703107523481	1.03597064231379	0.300261289987656	0.447367794300489	-6.28907477736296
ENSMUSG00000097944	-0.0256453233745226	7.39261928226864	-0.993323744386615	0.320595817490822	0.468169780987141	-6.28916031280083
ENSMUSG00000066189	-0.0418633753213404	7.39055171347763	-1.14245353881923	0.253315175563823	0.395186162831455	-6.28943408493746
ENSMUSG00000017692	-0.0328979527917221	6.95347900616478	-0.612080360274822	0.540509840253341	0.674773989567725	-6.28965445340465
ENSMUSG00000030688	0.0239827717380985	7.20389726266924	0.706989279708908	0.47960302956475	0.621379410984239	-6.28973484760598
ENSMUSG00000000168	-0.0530373399002952	7.20588408518286	-0.745366363905877	0.456082057089034	0.599139704135022	-6.28984475394472
ENSMUSG00000093629	0.0340178868146728	6.99285831031707	0.610140613558544	0.541793820765617	0.675887480413698	-6.28994535139334
ENSMUSG00000029712	-0.0512786220758468	7.22244086798777	-0.83365112246554	0.404513736036428	0.550565945752045	-6.28996469597127
ENSMUSG00000054752	-0.0283505525645653	7.24002416324862	-0.736357138091622	0.46154472178343	0.605040902932678	-6.29027436313418
ENSMUSG00000005682	0.0398973113308863	7.44259021255773	1.07960149975122	0.28036691593415	0.426561727299231	-6.29037218268005
ENSMUSG00000048264	-0.0249345956099516	7.05419521444381	-0.614942212307203	0.538618271933156	0.673510195408967	-6.29116077152404
ENSMUSG00000020948	-0.0320899281566813	7.01398794200838	-0.608077780368229	0.543160944579857	0.677024063601116	-6.29123359538493
ENSMUSG00000071291	-0.0304622517215156	7.31253155115108	-0.786971981625	0.431332106518415	0.5748167689881	-6.2921631406465
ENSMUSG00000022773	-0.0352997468263609	7.53489312646139	-1.40335041707095	0.160568706696719	0.281263782188045	-6.29239306363638
ENSMUSG00000050830	0.0272001673596662	7.09136969950549	0.616541336195427	0.537562763804829	0.672634206607362	-6.2925328364015
ENSMUSG00000037916	-0.0343727687777386	7.38475135548152	-1.10063677703658	0.271102840637971	0.416337641012589	-6.2927273333741
ENSMUSG00000088901	-0.0377129159405474	7.26320165362786	-0.741658250349456	0.45832602287209	0.601544289868813	-6.29282600958786
ENSMUSG00000031134	0.0219053842239543	7.17476787586436	0.631829985520728	0.527524183572255	0.664263403994226	-6.29291405863022
ENSMUSG00000047514	-0.0368018540681776	6.88000546613616	-0.622218518952393	0.533823930166777	0.669181084173155	-6.29296424514951
ENSMUSG00000024384	0.0219290128701504	6.95766412372134	0.62291371107828	0.533367000767834	0.668918552931553	-6.29296709172461
ENSMUSG00000021559	-0.0300270617932705	6.94983931598507	-0.605555392778495	0.54483496570082	0.67835659352315	-6.2929760619997
ENSMUSG00000043411	0.0249413815336563	7.45805839001859	1.12346719635707	0.26128805847164	0.404778518697279	-6.29304055395367
ENSMUSG00000038861	0.0329227587100052	6.90628723969774	0.631524479989621	0.527723839221446	0.664450904316904	-6.29326942690593
ENSMUSG00000039218	0.0401375591652311	7.28461684770219	0.792342565965586	0.428195061382854	0.572092024045752	-6.2932886689459
ENSMUSG00000075376	0.0339199396220646	7.24338173428052	0.725047633283957	0.468453589865553	0.611099481717798	-6.2934589799614
ENSMUSG00000047045	0.0320044255341818	7.07931937956273	0.611597763745094	0.540829144091596	0.674979519013076	-6.29381942943752
ENSMUSG00000047909	0.0411635036688862	7.41192765246184	1.02713379511847	0.304402543389156	0.451592567986755	-6.29408042448509
ENSMUSG00000032436	-0.0284702919991977	7.18516987054812	-0.672697807414358	0.501167764989354	0.641001209382632	-6.29427215816795
ENSMUSG00000038095	-0.0306520194470945	6.78543519733579	-0.686606691620124	0.492359496145229	0.633137267806044	-6.29429198885352
ENSMUSG00000025940	-0.0275269378537324	6.85621532751304	-0.629117682712919	0.529298089048656	0.66598467869534	-6.29459556193545
ENSMUSG00000097929	0.0301173501106158	6.59441231896433	0.800877062782446	0.423237342770311	0.567886251334286	-6.29486286181536
ENSMUSG00000021901	0.0344033694661707	6.99168598516054	0.60164844325255	0.547432922036019	0.680690646338262	-6.29516191791017
ENSMUSG00000044150	0.0276016453534824	7.40281546442067	0.987322487720432	0.323527911574164	0.470834528493658	-6.29521175073237
ENSMUSG00000026471	0.0318681719216105	7.31369754044017	0.785920260381331	0.431947990831525	0.575286174564224	-6.29532641668847
ENSMUSG00000005506	-0.0429230591815744	7.25787100373423	-0.847699384598773	0.396642220022385	0.542729927313239	-6.29577488645311
ENSMUSG00000024870	0.0393675174109118	7.40490605748409	1.09189819432795	0.274925579839414	0.420875314693359	-6.29581302358557
ENSMUSG00000026946	-0.0335360111201455	7.15493453694247	-0.622330660503542	0.5337502094357	0.669181084173155	-6.29594604918303
ENSMUSG00000093930	-0.0366452438215692	7.33199919294603	-0.950452457485931	0.341924076456104	0.490046291352902	-6.29598074098661
ENSMUSG00000003345	-0.0335111598189899	7.12984972420038	-0.661508244924388	0.508314082590514	0.647557940675148	-6.29647947477945
ENSMUSG00000019577	-0.0283825137692828	6.78341736981807	-0.701594555056243	0.482961671966295	0.624302350847426	-6.29669493029193
ENSMUSG00000025175	-0.0401403806422556	7.02681679517211	-0.60220149831959	0.547064791679705	0.680362140464586	-6.29673696489271
ENSMUSG00000024059	-0.0366145774895354	7.09715548439502	-0.61270917881918	0.540093932000596	0.674447706767627	-6.29692475854184
ENSMUSG00000001467	0.0208549534578557	7.12582912857032	0.633924500468325	0.526156403125739	0.663498326885203	-6.2969737310464
ENSMUSG00000042292	-0.0288905469433667	7.14262204451449	-0.680813436976725	0.496018147398306	0.636279598837803	-6.29700285653337
ENSMUSG00000026141	0.039352243421634	7.40337028724384	1.10235749946713	0.270354415228795	0.415529467501219	-6.29707061077395
ENSMUSG00000020926	0.0366030662350223	7.38984870835488	1.05839087076879	0.289923664270741	0.436636444568336	-6.29723124968283
ENSMUSG00000036036	-0.0381693692250167	7.16203210961721	-0.659337802528789	0.509706420060892	0.648753300742485	-6.29783749371723
ENSMUSG00000022680	0.0318387693057876	6.81576915049587	0.685179470123893	0.493259492548583	0.633796539266379	-6.29793012552762
ENSMUSG00000026309	-0.0236185907320277	7.07104561919574	-0.602334066526214	0.546976568442618	0.680321876333116	-6.2979347569646
ENSMUSG00000003810	-0.0304172541453172	7.06783337020069	-0.615044985214592	0.538550405017007	0.673510195408967	-6.29799584254831
ENSMUSG00000033623	-0.0330985435903717	7.00087873623324	-0.596238009041933	0.551040723790532	0.683294672841982	-6.29805195784853
ENSMUSG00000024949	-0.0325516151602319	6.77460758334154	-0.696911622959239	0.485887496393333	0.626859476668231	-6.29812817737589
ENSMUSG00000031776	-0.0241712953555631	7.11233483881562	-0.623362287746157	0.533072269489171	0.668869288111196	-6.29832347033823
ENSMUSG00000031781	-0.0345338557051615	7.10882111804846	-0.672242203136175	0.50145769750801	0.641246745045406	-6.29841934477913
ENSMUSG00000014245	0.0216295034086418	7.19510078334357	0.682816014337072	0.494751808223227	0.63521532541517	-6.2984605327972
ENSMUSG00000060572	0.0165662794219319	7.20445197922234	0.648840295199136	0.516468643456144	0.654306897631879	-6.29873964130461
ENSMUSG00000027953	0.0268683047559053	7.369578610982	0.929607059410766	0.352615283980752	0.500101754726032	-6.29880832134347
ENSMUSG00000053477	-0.0398877908149267	7.09190083410097	-0.599268151798489	0.549018714373961	0.68171624194193	-6.29890665234156
ENSMUSG00000014349	0.0313860724833246	7.17911191513007	0.714326357945227	0.47505564900557	0.617396380446316	-6.29907222659934
ENSMUSG00000055371	-0.0334357499843003	7.19099815101404	-0.674028933955542	0.500321186253864	0.640231157309705	-6.3001050870891
ENSMUSG00000032192	-0.0224958485456499	7.13316993280924	-0.665478355687548	0.505772431035864	0.645503282035634	-6.30022194077246
ENSMUSG00000073295	-0.0222137607904012	7.31446963211022	-0.886622052723801	0.375321102111132	0.522067984364528	-6.30069474569649
ENSMUSG00000087623	0.0338334497129038	7.37464561465566	0.954665909308177	0.339788544078247	0.487561554041255	-6.3008483945994
ENSMUSG00000020903	0.0327942121555562	7.23228096305494	0.758961445485483	0.447908077009686	0.591011141323404	-6.30089306861262
ENSMUSG00000017264	-0.039758621077044	7.3009157176476	-0.822784090284297	0.410666382397959	0.555877199995252	-6.30186817597827
ENSMUSG00000030854	-0.0257548989342222	6.64807432761743	-0.746015814023384	0.455689679233899	0.598804504720487	-6.30219531770138
ENSMUSG00000032878	-0.0315463494904629	7.32809654120122	-0.925736283365042	0.354623579524901	0.501971229661585	-6.30241406085205
ENSMUSG00000070284	0.029938251945981	6.87410469685322	0.618818829757701	0.536061291256858	0.671332927600419	-6.30248464522172
ENSMUSG00000078517	0.030716976795242	7.42179328157576	1.07138252796509	0.284044378752396	0.430305976631279	-6.30249776785327
ENSMUSG00000030861	-0.0375352859197049	7.26705583410868	-0.732934897928537	0.463629307801457	0.606922797493918	-6.30274978064416
ENSMUSG00000029651	0.0561045801249547	7.33757932235398	0.996270928618222	0.319162262629345	0.466816259897596	-6.30294311056696
ENSMUSG00000001576	-0.0302202340255429	7.15891102938314	-0.724242996822357	0.46894730727269	0.611560727842818	-6.30337921282859
ENSMUSG00000019146	0.0292247343895857	7.18785404158823	0.676255024563993	0.498907119382799	0.639046277953195	-6.30340186788485
ENSMUSG00000026807	0.0313254277805202	7.43389397218286	1.03508560913259	0.300674346350781	0.447728451140175	-6.30346159323173
ENSMUSG00000025151	-0.0383322518615516	7.12347446802562	-0.645725340816603	0.518484128715892	0.65597160931083	-6.30352868418279
ENSMUSG00000050323	-0.0303093934888725	7.11130106088987	-0.647940583652364	0.517050371042118	0.654790429259374	-6.30352929426965
ENSMUSG00000029145	0.0445940009464856	7.14063341306696	0.636349608909925	0.524575002970572	0.661794270913319	-6.30364224111092
ENSMUSG00000031990	0.0297834386521929	6.9346353131349	0.62311077360712	0.533237513330912	0.668918552931553	-6.30370871079706
ENSMUSG00000097504	-0.0329260616948757	7.06949204235733	-0.586642325795089	0.557467976651078	0.689240792361499	-6.30376615023569
ENSMUSG00000026781	0.0438049658383814	7.15009628629179	0.596477923115104	0.550880496050578	0.683260136381952	-6.30379586436742
ENSMUSG00000053550	-0.0229415866178959	7.04613685417021	-0.598493008789483	0.549535617321226	0.682074355514742	-6.30380337937982
ENSMUSG00000033467	0.0322829739344828	7.14174363796059	0.675328021283861	0.499495716130499	0.63942484751936	-6.30425612675559
ENSMUSG00000029334	-0.0306080881050894	7.12180015391895	-0.646306323497435	0.51810790421642	0.655595588187986	-6.30449448566316
ENSMUSG00000014668	0.0364078396066203	7.23592706472675	0.697134868625323	0.485747798522931	0.626859476668231	-6.30506130837318
ENSMUSG00000037958	0.0327023420152033	7.07849783334764	0.583491095737279	0.559586625646833	0.690946722905625	-6.30528322325041
ENSMUSG00000002763	0.0342758980834867	7.11250051005429	0.618185487629458	0.536478619686751	0.671598593319845	-6.30536776888293
ENSMUSG00000071379	-0.0280390170661926	7.08212660795761	-0.619756972398179	0.535443421060102	0.670771975858126	-6.30546298861715
ENSMUSG00000044477	-0.025152461639788	6.81087422885426	-0.64949079523933	0.516048260326406	0.654027475720553	-6.30548929399668
ENSMUSG00000055494	0.0288176104032161	7.0750676838525	0.601232419673872	0.547709920799893	0.680970397256619	-6.3055184749474
ENSMUSG00000028830	-0.0254764121873032	7.49308691851107	-1.23083156703322	0.218438390561864	0.354066535747917	-6.30571433698631
ENSMUSG00000021731	-0.0285064990906729	7.02316851034417	-0.582679432705805	0.560132958670934	0.69131072258328	-6.30577955777563
ENSMUSG00000020521	-0.0244393939129903	6.94695727951594	-0.599410038123949	0.548924123680927	0.68171624194193	-6.30602615057374
ENSMUSG00000014748	-0.0387344366332938	6.93647665953531	-0.599402313337629	0.548929273321023	0.68171624194193	-6.30602644195572
ENSMUSG00000025157	-0.0447163247051714	7.38129754053258	-1.05393591249221	0.291958460681416	0.438775420850453	-6.30609637350728
ENSMUSG00000040446	0.0291405842719561	6.92650672599249	0.591107555929419	0.554472598013591	0.68638003528687	-6.30619996592092
ENSMUSG00000081809	-0.022929150970632	7.32879692369286	-0.872756456652648	0.382833859164753	0.529424409441739	-6.30696855239689
ENSMUSG00000033295	0.027896053493115	6.97370142528024	0.578545864847448	0.56291928161606	0.694014430258731	-6.30701317163177
ENSMUSG00000030084	0.043394816403338	7.28504960644762	0.876123402788339	0.381001134262256	0.52778842494223	-6.30729880649113
ENSMUSG00000028051	-0.0404695084011495	7.28200929552381	-0.901641839262699	0.36728655738155	0.513849952575048	-6.30865529896377
ENSMUSG00000022962	0.0324862748725092	6.91080393426933	0.609763609925828	0.542043548146001	0.676108434863514	-6.30887978580737
ENSMUSG00000030930	0.0363287398376642	7.24609653763059	0.813237337488158	0.416117125506652	0.561224416105191	-6.30899849738113
ENSMUSG00000026520	0.0249659832154583	7.22459314711231	0.739447967214476	0.459666516942541	0.603061833832222	-6.30911429019702
ENSMUSG00000026020	0.0518735275042062	7.33297573091237	0.901078469700421	0.367585972296428	0.514149097147953	-6.30918740162471
ENSMUSG00000063018	-0.0286041334196243	6.84853750073519	-0.614370121291298	0.538996135227404	0.673590817334591	-6.30952077898946
ENSMUSG00000041649	-0.0415390807563005	7.24096106681558	-0.798475496464455	0.42462901187024	0.569128073649179	-6.30964614205086
ENSMUSG00000025132	-0.0278124474350676	7.27506868449112	-0.827717890756317	0.407866122596653	0.553502758546751	-6.30988086368077
ENSMUSG00000070880	0.0259239129690663	6.81380739582704	0.650187835736345	0.515597997713168	0.65382986215263	-6.31007912965557
ENSMUSG00000023025	0.0389854792562572	7.34051347944086	0.830817168366274	0.406112911593786	0.552053809426419	-6.31057009745742
ENSMUSG00000042404	0.0308256044310609	7.16505585222143	0.653589217274053	0.513403759330929	0.651938119996171	-6.31068928964267
ENSMUSG00000012640	-0.0409855795238272	6.95197298936007	-0.582288935774405	0.560395895529837	0.691554629491623	-6.31069541967398
ENSMUSG00000028797	0.028390906787255	7.39745131327862	0.97034709304015	0.331916092313842	0.479735645901172	-6.31092875956026
ENSMUSG00000025733	-0.0361234699198354	7.05152749725663	-0.603318373085537	0.546321739561644	0.679950626906228	-6.31102849601718
ENSMUSG00000020290	0.0210325610079058	7.14268067989972	0.595567905190228	0.551488377210087	0.683655509367907	-6.31147117703582
ENSMUSG00000020152	0.0326147979070903	7.08915259211634	0.585635473706606	0.558144483140002	0.689881757295025	-6.31189374552542
ENSMUSG00000032534	0.0291436485029362	7.36987480393237	0.854993631271694	0.392591837904791	0.53932973156868	-6.31224749703666
ENSMUSG00000022197	-0.0283426172354941	7.09586143713291	-0.610132080642049	0.541799472338166	0.675887480413698	-6.31230727340703
ENSMUSG00000077426	-0.0317821007381696	7.2370386756795	-0.685504406711303	0.493054512235049	0.633626564206161	-6.31234688316541
ENSMUSG00000005716	0.0286268985260216	7.0348219281801	0.569171429758474	0.56926300141053	0.698849367480534	-6.31250079136207
ENSMUSG00000024571	-0.0302735434858921	7.41274251504096	-1.08518039622739	0.27788922909821	0.424223417427728	-6.31309624556067
ENSMUSG00000026281	0.0249176412295498	6.99002641132426	0.575413406452899	0.565035230202535	0.695836820036835	-6.31316882303025
ENSMUSG00000038459	-0.0308614785406194	6.96052874613433	-0.570424032855504	0.568413386682443	0.698223687225233	-6.31338230451925
ENSMUSG00000059811	-0.0249256994749754	7.13757544911135	-0.615091090964064	0.538519960108473	0.673510195408967	-6.31364119548754
ENSMUSG00000014980	-0.0292410659048619	7.14086758759393	-0.628075668329486	0.529980395317236	0.666522894860063	-6.3137703919059
ENSMUSG00000029536	0.0271269802577248	7.13382073590263	0.576910386165424	0.564023556191327	0.694917786340754	-6.31381625665478
ENSMUSG00000051022	0.0306837969047224	6.96675557823848	0.594188910021695	0.552410157618805	0.684344604801798	-6.31462885218381
ENSMUSG00000064293	-0.031191756058643	7.25731981263428	-0.806958805165381	0.419725038647071	0.564404293957215	-6.31476761451944
ENSMUSG00000036112	-0.0183740690232979	7.15276107968797	-0.594971027054229	0.551887263713347	0.684085216486947	-6.31521698465413
ENSMUSG00000027660	-0.038135565546817	6.82628090464157	-0.615476231510317	0.538265674832348	0.673385018146689	-6.31524150615956
ENSMUSG00000024563	-0.0423131165299191	7.32922552743063	-0.959820271293827	0.337187782463131	0.484920694105449	-6.31537181655416
ENSMUSG00000022412	0.0261594405017149	6.8872342524016	0.583503783412638	0.559578087584362	0.690946722905625	-6.31540229079052
ENSMUSG00000078578	0.0231733785860158	7.44626755334127	1.08858408502211	0.276384936447521	0.422713970557354	-6.31564894071888
ENSMUSG00000065563	-0.0301221872897104	7.00964897835628	-0.56978320230948	0.568847972996936	0.698564775595698	-6.31568704316917
ENSMUSG00000079316	-0.0263572472767475	7.12531097577061	-0.577689121731243	0.563497624097215	0.69446586601532	-6.31580572625027
ENSMUSG00000021573	0.0374911940487497	7.11708334347019	0.594515830293306	0.552191561493398	0.684215093285113	-6.31590932265227
ENSMUSG00000020485	0.0347922378714056	6.87526844809906	0.580820673457709	0.561385068907008	0.692579468726965	-6.31605474701554
ENSMUSG00000062867	0.022430816586505	7.01399278046087	0.561141688720949	0.574723763845329	0.703006962184719	-6.31648504300787
ENSMUSG00000042211	-0.0324239778412387	7.32732259127502	-0.803861617923381	0.421511568199123	0.566225061652259	-6.31665742575625
ENSMUSG00000022503	-0.0370670125520256	7.24608199840883	-0.741450716868704	0.458451794560938	0.601649047152346	-6.31710726000965
ENSMUSG00000088625	0.0242087090157019	7.44783109593096	1.07813931074259	0.281018775011764	0.427029558835563	-6.31722870157406
ENSMUSG00000101939	0.0206200456360683	7.57738604573431	1.35040982587506	0.176940007665812	0.302849860159604	-6.31736402510525
ENSMUSG00000021000	-0.0286962478208279	7.00371182733695	-0.565026809163433	0.572078526742506	0.700950123735413	-6.31764033097437
ENSMUSG00000102472	-0.0298571874679396	6.9603525956503	-0.56101822086237	0.574807923423136	0.703044220240629	-6.31781789814571
ENSMUSG00000048644	-0.0405495014854607	7.4027811325831	-1.12520948185402	0.260549274309833	0.403972877799334	-6.31783118265712
ENSMUSG00000029062	-0.035085384224387	7.1251983526039	-0.581663304381671	0.560817282263525	0.692009411818479	-6.31787015907246
ENSMUSG00000063524	-0.0359605307184898	7.38142164428537	-1.08425665145948	0.278298447097707	0.424598912644585	-6.31811773023279
ENSMUSG00000073889	0.0345569760549855	7.05311834007022	0.565899348401759	0.571485243294817	0.700485423201549	-6.31831128167272
ENSMUSG00000083798	0.034464773996147	7.06574494462626	0.561706523218029	0.574338829249403	0.702733079675999	-6.3185540513149
ENSMUSG00000059689	0.0304556158790854	7.43275904017496	1.04544536032938	0.295863030148171	0.442628132864799	-6.31887260238861
ENSMUSG00000030314	0.0391414045316854	7.50933288190061	1.2502282067255	0.211269275731944	0.346218219787535	-6.31908029139931
ENSMUSG00000030264	0.026840123361259	7.02744701685097	0.55605037191878	0.578198992898723	0.706098614495402	-6.31909929954303
ENSMUSG00000044018	-0.033247863262349	7.10229295554842	-0.606217147273443	0.544395534294513	0.678133348121754	-6.31922990480489
ENSMUSG00000036769	-0.0270880837683425	7.09689730405598	-0.56711470533946	0.570659349006382	0.699669619515973	-6.31950591919771
ENSMUSG00000041161	-0.0292345392520836	7.27339218257731	-0.779323664426899	0.435822539644309	0.579326702104101	-6.31981830064426
ENSMUSG00000025478	-0.0387801843472095	7.34740594141033	-0.988029489764711	0.323181578974632	0.470592062277375	-6.31991461999657
ENSMUSG00000010066	0.0185366820905646	6.91008046940104	0.59468417071947	0.552079016781994	0.684193344160343	-6.32022742637926
ENSMUSG00000022120	-0.0394182686024216	7.35824101203342	-0.976670424851479	0.328775207433981	0.476300211986908	-6.3204620668057
ENSMUSG00000077563	0.0324169185205614	7.19472263945539	0.633747414545236	0.526271975298435	0.663535837847625	-6.32048287255384
ENSMUSG00000033530	-0.0341225360156701	7.50758248193312	-1.30652514497156	0.191428550913929	0.321058492001685	-6.32050250317462
ENSMUSG00000033751	0.0377502639348348	7.11853045773453	0.578217613288355	0.563140833224373	0.69415683914636	-6.32055225869989
ENSMUSG00000028961	0.0338592360275101	7.3759228928543	0.91402935169659	0.360741406983761	0.50728533837072	-6.32057202198918
ENSMUSG00000055912	-0.0320811763427189	7.48480908624589	-1.17735449768004	0.239104883122125	0.379529719912083	-6.32130736938806
ENSMUSG00000077212	0.0362896196059781	7.46544431278535	1.19585702838293	0.231803803695867	0.370320365831153	-6.32142072309511
ENSMUSG00000014905	0.0333533975337286	7.16162227746863	0.596435998857291	0.550908493709737	0.683260136381952	-6.32163003695509
ENSMUSG00000061079	-0.0317934857762872	6.82125789435475	-0.641276613829561	0.521369646178084	0.658794653775068	-6.32165900878087
ENSMUSG00000004768	0.0250850352403598	6.98484454523145	0.567238937564398	0.570574959199771	0.699669619515973	-6.32175597032993
ENSMUSG00000040297	0.0451985777578434	7.28708815729282	0.708507353655241	0.478660211804592	0.620703198588126	-6.32190818338771
ENSMUSG00000050840	0.0286986848424782	7.00051996288143	0.555788668740319	0.578377892950352	0.706157173785881	-6.32251987974795
ENSMUSG00000022426	-0.027608581736863	7.02644771927986	-0.570874066182472	0.568108286551623	0.698108079323049	-6.32252989599639
ENSMUSG00000028251	0.0440003865400156	7.37518198568389	0.946900979855866	0.343730751787288	0.491172560838154	-6.32283030147042
ENSMUSG00000036138	0.0358259312352702	7.11073012546988	0.567339451788662	0.570506685165224	0.699669619515973	-6.32288755173056
ENSMUSG00000005699	0.0249456886196988	7.06411994308317	0.572489658013873	0.567013642019165	0.697289367021878	-6.32318179120421
ENSMUSG00000025738	0.0372704568466844	7.40059278239774	1.08401990313123	0.278403392379918	0.424709533096934	-6.32325876106218
ENSMUSG00000068394	0.0234647855886836	6.77153670555653	0.663435557769705	0.507079387143975	0.646541033939319	-6.32328874584934
ENSMUSG00000041164	0.0330883244538143	7.15392722564593	0.617179564284371	0.537141789144672	0.672300220218169	-6.32342229124984
ENSMUSG00000028948	0.0294426906635561	7.1541357961022	0.606144289151838	0.544443906363256	0.678133348121754	-6.32390365342953
ENSMUSG00000054675	0.0292543215630925	7.11275987822174	0.570641494477542	0.568265948773734	0.698108079323049	-6.32399401484612
ENSMUSG00000031617	0.0371481765339201	6.89500216386863	0.612760984445771	0.540059674270158	0.674447706767627	-6.32467192487512
ENSMUSG00000033419	-0.0254558030865448	7.4737273562447	-1.23463884975305	0.217017579073394	0.352399782507642	-6.32471870469508
ENSMUSG00000048385	0.0373390437058241	7.10776849630351	0.57071762158915	0.568214339290555	0.698108079323049	-6.32507912664603
ENSMUSG00000030061	-0.032356368286047	7.0919968017499	-0.559746702653003	0.575674969291068	0.703710242573171	-6.32514081536658
ENSMUSG00000034729	-0.0230257326842649	7.26933434366067	-0.745843754236826	0.455793613978262	0.598880970915637	-6.32529532554675
ENSMUSG00000034987	-0.0309898391737464	7.02481930534532	-0.55379834717684	0.579739325981094	0.707126032877172	-6.32544803518672
ENSMUSG00000047423	-0.0307797091061826	7.48431158111553	-1.26181113335782	0.207070152478046	0.340872933011767	-6.32566663858165
ENSMUSG00000022055	-0.0251303804724516	6.91364206518559	-0.550634176041801	0.581906793160938	0.709439209907514	-6.3257139273504
ENSMUSG00000028100	-0.0333578641039578	7.41314831273019	-1.1430860545275	0.253052514142932	0.394969637542403	-6.32595726832637
ENSMUSG00000024359	0.0368838903455151	7.06753624495903	0.544312620354579	0.58624838374471	0.712841445155172	-6.32603081463301
ENSMUSG00000054934	0.0386696931002435	7.32692447945	0.920923817343287	0.357130510338194	0.504079377106285	-6.32632967369436
ENSMUSG00000075590	0.0347986952302204	7.39520670236159	0.898414107908686	0.369004064396787	0.515636803403003	-6.32713265738319
ENSMUSG00000058690	0.044880512805805	7.26013717556695	0.699137643988321	0.484495517702542	0.625798693828006	-6.3272143553051
ENSMUSG00000042719	-0.0258750652013866	7.01976499163486	-0.54493092048452	0.585823078170721	0.712522829748335	-6.32723129168029
ENSMUSG00000019952	0.0243222045280156	7.03042133830693	0.545190196913321	0.585644774231918	0.712372143848766	-6.32724280887832
ENSMUSG00000050627	-0.0343488324918226	7.40895813731627	-1.1389588532112	0.254769818260282	0.397171524251442	-6.32750922620207
ENSMUSG00000068739	-0.0310542626443322	7.16080759618579	-0.638247010919969	0.523339417584788	0.660563192218401	-6.32783356889249
ENSMUSG00000028351	0.0337010657156913	7.25964467694547	0.811647289826178	0.41702909920353	0.562106966619234	-6.32795424206616
ENSMUSG00000015711	-0.0408520084907469	7.4535169906365	-1.21930195520143	0.222781786259814	0.359814846498086	-6.32795678438464
ENSMUSG00000031438	0.0168601762041458	7.02699915633112	0.540609626085972	0.588798527762334	0.71474736443806	-6.32796163928009
ENSMUSG00000024176	-0.0264499915526493	7.14790279645717	-0.563697243640094	0.572983127947389	0.701719805212748	-6.32822929760118
ENSMUSG00000045034	0.0354579907976333	7.0975278193406	0.56125260623482	0.574648163949746	0.702980168419928	-6.32843859732619
ENSMUSG00000032475	-0.0299185618890991	6.94272705737328	-0.547856153993645	0.583812863823617	0.710870350928087	-6.32850873111164
ENSMUSG00000027404	-0.0247419039949959	7.16390340546836	-0.658376134229649	0.510323967424467	0.649286820361625	-6.32862519301991
ENSMUSG00000022009	0.0533496941348206	7.27263240101671	0.779883969586597	0.435492664111993	0.57900578435607	-6.32871815808036
ENSMUSG00000034168	0.0344948875672202	7.24056676662198	0.754986525264807	0.450289327551557	0.59325630233521	-6.32894953380767
ENSMUSG00000040811	0.0303696278619743	7.46704370642642	1.10642146548793	0.268592429278732	0.41320941058956	-6.32918303234433
ENSMUSG00000048617	0.0369422392450911	7.35021348617897	0.875224946264794	0.381489661913706	0.528150358349453	-6.32931468524811
ENSMUSG00000030123	0.0221590087547465	7.18284284235907	0.610414174778323	0.541612649649817	0.675828517843634	-6.32957766775711
ENSMUSG00000021752	0.0282797584863941	7.16978402556494	0.626792132604604	0.53082146267201	0.667388321262073	-6.32963022819668
ENSMUSG00000034021	0.0364471440841623	7.14973167887136	0.588580905051245	0.556166565826747	0.688021608221088	-6.32967304855454
ENSMUSG00000054027	0.0307212935621903	7.08367914564844	0.576096973032964	0.564573160741573	0.6955294834317	-6.32988140186301
ENSMUSG00000009292	0.0380223581279129	7.22757490570438	0.733633169144343	0.463203544967123	0.606541181108719	-6.33000396332714
ENSMUSG00000037104	0.040071612810868	6.94691343472379	0.542880093823613	0.587234315215104	0.713576355559322	-6.33025992142148
ENSMUSG00000000876	-0.0176413490508409	7.54052627044154	-1.28496050705169	0.198860083435753	0.330623421483791	-6.33044238887778
ENSMUSG00000008489	-0.0282896416494642	7.23113734231681	-0.704414650077772	0.481204347947045	0.622645515252295	-6.33051193865789
ENSMUSG00000031967	0.0373329708651831	7.37055801655933	0.876011722982599	0.381061838231846	0.527810155113344	-6.3308853649931
ENSMUSG00000038347	0.0217281576722685	7.3176537513467	0.870684139518201	0.383964562355027	0.530595741012457	-6.33118038426655
ENSMUSG00000033863	-0.0273998820527099	7.10494313532304	-0.571057732042948	0.567983792786651	0.698108079323049	-6.33132217271028
ENSMUSG00000034424	-0.0312638771530276	7.21054448141401	-0.676018151473032	0.499057485855597	0.639051311113212	-6.33137421506318
ENSMUSG00000040331	0.0260983586678556	7.01155932352124	0.536856062929847	0.591388712981417	0.716562797811449	-6.33183048820732
ENSMUSG00000005687	0.0199868562386083	7.09274524283753	0.542131835672102	0.587749606416005	0.714069956124567	-6.33201082375996
ENSMUSG00000006586	0.0423811678956394	7.25957928196402	0.730628606284627	0.465037090948368	0.608176363646445	-6.33209113680997
ENSMUSG00000056596	0.0435604555154416	7.3376446361459	0.933605770112098	0.350548186663133	0.498408013900997	-6.33221371310925
ENSMUSG00000008429	-0.0253598848227607	7.07784820643605	-0.537115937920225	0.591209214881224	0.71641653081909	-6.33238670120555
ENSMUSG00000020923	-0.0217275071118701	7.01776948892526	-0.53299108847862	0.59406123887728	0.719135435911359	-6.33247467345807
ENSMUSG00000006818	-0.0306779131769499	7.1230225184461	-0.591550205201418	0.554176088314782	0.686077857987435	-6.33258021282512
ENSMUSG00000034152	-0.0292168000853543	7.18207758347444	-0.650930139618652	0.515118720956828	0.653444306338445	-6.33276575774121
ENSMUSG00000079084	0.0221635494043282	7.19635151956279	0.598743317023477	0.549368673418658	0.681996460496593	-6.33276667408798
ENSMUSG00000028041	-0.0389751524409272	7.28846527348148	-0.814132696138287	0.415604110135664	0.560678260933613	-6.33350181878446
ENSMUSG00000034708	0.0341660524136662	7.23346236982299	0.647843813574316	0.517112960000798	0.654806351903515	-6.33352363282987
ENSMUSG00000051768	-0.0363186788357392	7.1749400253781	-0.602948609427819	0.546567686378108	0.680131560694059	-6.33355264001148
ENSMUSG00000018547	-0.0357629268441411	7.14099814171383	-0.664185200251489	0.506599569367789	0.646118028462065	-6.33382483395043
ENSMUSG00000044647	0.0380922916531103	7.21615266032006	0.717330412581251	0.473200646009001	0.615452300571214	-6.33395422399835
ENSMUSG00000014873	0.0287867046767945	7.24682938323211	0.640996194376686	0.52155180742059	0.658897641874975	-6.33404867705084
ENSMUSG00000037493	0.0323872021421856	7.48053145337932	1.22073206327483	0.222239706399312	0.359160873494605	-6.33418516174532
ENSMUSG00000057506	0.0262619163335582	7.05404887533375	0.542494131211438	0.587500083907548	0.713833048586322	-6.33479452607172
ENSMUSG00000061119	0.0296672729389691	7.33673624126117	0.782561413643328	0.433918329235519	0.57726438028162	-6.33489606095611
ENSMUSG00000028629	0.0269920077084116	7.13733563859509	0.58037926432164	0.561682612838943	0.692750708175925	-6.33505601312387
ENSMUSG00000020225	0.0222655278090604	6.88171439069835	0.563238411714821	0.573295462538646	0.701850027637549	-6.3351693063101
ENSMUSG00000028019	-0.0263332103984917	6.95237234184719	-0.548736837241716	0.583208290117388	0.710530702979419	-6.33531585597349
ENSMUSG00000054611	0.0337768026418859	7.17426900465705	0.614214335004759	0.539099054317993	0.673655132111403	-6.33559769228147
ENSMUSG00000029775	0.027687922014489	7.4783046203804	1.19650666547017	0.231550366833306	0.370096130213849	-6.33565556109263
ENSMUSG00000038290	-0.0282780248195751	7.31160746178935	-0.860862086703291	0.389351453147512	0.536397897990868	-6.33580515717436
ENSMUSG00000038482	-0.0245332755662675	7.02228579163539	-0.526937829901167	0.598257969749153	0.72231997743275	-6.33582077882697
ENSMUSG00000030754	0.01966192318553	6.9994885537316	0.525401082887252	0.599325536806857	0.722972701182967	-6.33589460323372
ENSMUSG00000039497	0.0284579539404168	7.14404322654834	0.588047149201664	0.556524739912241	0.688334614542377	-6.33600678495505
ENSMUSG00000025270	0.0275980785693655	7.32358133266895	0.768529586263162	0.442205549385857	0.585665880376611	-6.33615723417935
ENSMUSG00000007038	0.0407306209125107	7.23542876267328	0.765192650756984	0.444189599601631	0.58737497954236	-6.33639671644119
ENSMUSG00000029407	0.0288324413780972	6.97978711789424	0.526441714700933	0.598602523017773	0.722361897995085	-6.33646411780439
ENSMUSG00000092827	0.0380253126018513	7.26137689308452	0.726389349368585	0.467630965953384	0.610573911066292	-6.33651818202344
ENSMUSG00000042460	0.0319797166622982	7.16420779425445	0.580711365470414	0.561458743848386	0.692605095115713	-6.3365775364747
ENSMUSG00000040712	-0.0281816813446678	7.08590929025496	-0.564104378736276	0.572706051896348	0.701456416075122	-6.33658429653488
ENSMUSG00000037843	-0.0419890384603869	7.28466305688637	-0.87264152887226	0.382896512860806	0.529455127415892	-6.33676834796462
ENSMUSG00000030727	0.0251857449392956	7.280850877278	0.729009653917429	0.466026734011218	0.609120330553432	-6.33683276349067
ENSMUSG00000018481	0.0322878646017175	7.16218326399856	0.558087269874469	0.576807461886843	0.70489716148815	-6.33720412405386
ENSMUSG00000053768	0.0232845069895378	6.90408622903605	0.564394891899541	0.572508381878947	0.701345535282041	-6.33720501199901
ENSMUSG00000041351	-0.0235022645608272	7.13988040042965	-0.587224241568802	0.557077168105191	0.688887719357057	-6.33722559465698
ENSMUSG00000056268	0.041413169256912	7.32359551631617	0.779649677347458	0.435630584410047	0.579130342312788	-6.33755135720153
ENSMUSG00000030059	0.0361897217677614	7.10989330959422	0.525321015056902	0.599381183004108	0.722972701182967	-6.33828642880391
ENSMUSG00000096862	-0.0311455601092367	7.03758569186087	-0.522466266579084	0.601366727189098	0.72442889145746	-6.33836890424593
ENSMUSG00000059005	0.0371393337153494	7.29236548371857	0.712288810382087	0.476316102839444	0.618521168257688	-6.33847854668067
ENSMUSG00000079480	-0.0314675639961255	6.99787666249009	-0.527143869794675	0.598114900987522	0.722306086498352	-6.33862729758365
ENSMUSG00000028634	0.0220933118075797	7.05792386827587	0.530852114882923	0.595542652680012	0.720395861488193	-6.33877079079631
ENSMUSG00000050555	-0.0248248136174993	6.9027773892717	-0.548434196889524	0.583416014517168	0.710544705209582	-6.33907978044701
ENSMUSG00000038068	0.0395748906783506	7.36120144974397	0.920553097953591	0.357324089152758	0.504212866478541	-6.33919065771665
ENSMUSG00000063334	0.0436889949246586	7.23560563586871	0.686084726210538	0.492688541868056	0.633373761796601	-6.3392316484923
ENSMUSG00000032030	-0.0485365099648423	7.27004909475404	-0.719165513795436	0.472069435778284	0.61447664668938	-6.33924116433824
ENSMUSG00000027602	0.0434103418495742	7.34856934933583	0.972033651851725	0.331076464911654	0.47873349664495	-6.33928793435912
ENSMUSG00000038503	0.0328273971649899	6.90396890250242	0.526511533645531	0.598554028139302	0.722361897995085	-6.33984581736165
ENSMUSG00000005686	0.030191887490667	6.97355060335099	0.537656060847446	0.590836227061853	0.71629112739085	-6.33985554155938
ENSMUSG00000057193	0.0315572527317807	7.43379543434199	0.962451224117754	0.335865217137883	0.483841045639212	-6.34007453989011
ENSMUSG00000044317	0.0302942439627412	6.81837069139254	0.624022461907799	0.532638660820265	0.668581528998936	-6.34035530388994
ENSMUSG00000029695	0.030443991333561	6.8374741567909	0.593149260006293	0.55310560464327	0.685011690094569	-6.34086900136789
ENSMUSG00000036061	0.0190665350646357	7.0736685856606	0.523586271357685	0.600587383751695	0.723889709821137	-6.34107013587196
ENSMUSG00000034285	-0.0353915450693369	7.32410138727869	-0.948162456612603	0.343088327762758	0.490951184508693	-6.34185914891331
ENSMUSG00000001150	-0.0373536344150178	7.27025994460483	-0.786540359993458	0.431584801012442	0.574919435780921	-6.34191613576197
ENSMUSG00000078619	0.0258641034659908	7.21567978886564	0.608031976444488	0.54319132020059	0.677024063601116	-6.34227857334352
ENSMUSG00000027004	-0.0210660832625695	7.08411828503187	-0.546018290985871	0.585075464262604	0.711811911358239	-6.34245065686308
ENSMUSG00000046603	0.0275258738152209	7.1971477262281	0.57348191307396	0.566341840995845	0.696724993640068	-6.34269093347167
ENSMUSG00000031479	-0.0211844646639339	7.24378235535243	-0.679467964252623	0.496869933975407	0.637190618418592	-6.34305645960811
ENSMUSG00000031532	0.0311624820772005	7.10725864336167	0.571996905918831	0.567347399107473	0.697634277178081	-6.34314261505179
ENSMUSG00000047409	0.0284082092619728	7.40171350636381	0.961700605056211	0.336242208180318	0.484277556600299	-6.34328468654776
ENSMUSG00000039197	-0.0321217887959921	7.00427662125164	-0.511295581889627	0.609164580199889	0.730729584384914	-6.34389821530741
ENSMUSG00000028911	-0.0468887602924477	7.34405748692514	-0.824594478328787	0.409637542590351	0.554886157019438	-6.34412291697252
ENSMUSG00000059482	-0.0202286374979801	7.18181900685894	-0.595794952297176	0.551336681570909	0.683596915913093	-6.34416125426311
ENSMUSG00000035151	0.0155525897862843	7.06726261689736	0.507537490142257	0.611798046793217	0.733150120966865	-6.34449503171649
ENSMUSG00000030960	0.0313611249572574	7.25519340906247	0.642952423868199	0.520281718525004	0.657737375331147	-6.34475736597221
ENSMUSG00000071528	-0.0260941316979544	7.03198411084217	-0.51692723393029	0.605227698079825	0.727540264737955	-6.34488763697849
ENSMUSG00000034875	0.0251155561953871	7.30251833992396	0.830441520696347	0.406325169354639	0.552265905985836	-6.34527956422247
ENSMUSG00000050144	0.0408695544033666	7.2668449788773	0.789997228236115	0.429563374525631	0.573393525620877	-6.34559485762935
ENSMUSG00000020335	0.037200493625261	7.25359533610799	0.624050694911336	0.532620121096807	0.668581528998936	-6.34571150067222
ENSMUSG00000032637	-0.0357172587784582	7.27833546355272	-0.75776466835027	0.44862427477003	0.591538826194907	-6.34583109426017
ENSMUSG00000030621	-0.0253664696333811	7.00378402864614	-0.508593609534676	0.611057466488312	0.732530386527331	-6.34584366835848
ENSMUSG00000060301	0.0400631784441403	7.2968733607507	0.676143433977109	0.498977953820467	0.639051311113212	-6.34594399220809
ENSMUSG00000078713	0.0236945952157761	7.06147236690581	0.529270822214898	0.596638909384339	0.721255457216968	-6.34602584039219
ENSMUSG00000019132	0.026260211299145	7.30101843746568	0.708191033788089	0.478856582433089	0.620834856131313	-6.34604720580625
ENSMUSG00000020287	0.041782543102542	7.36758495826988	0.907839276654404	0.364002836231583	0.510719658337143	-6.34620607701192
ENSMUSG00000044250	0.0281460869090431	7.63071400171013	1.43659430648512	0.150890062873871	0.268476855551063	-6.34623141368244
ENSMUSG00000020250	0.0207984139253767	6.67997927923243	0.706623863422455	0.479830126904242	0.621379410984239	-6.34628899499149
ENSMUSG00000027428	0.0211921535519348	7.15980457361921	0.536105281148374	0.591907425699738	0.716859576064845	-6.34636561748464
ENSMUSG00000032128	0.0243068812140512	7.09957096295436	0.528587522189028	0.597112902334239	0.721628553250241	-6.34644269180036
ENSMUSG00000024942	-0.0397254578289621	7.38510879988892	-1.01346379389093	0.310883170310836	0.458394240985411	-6.34674085256184
ENSMUSG00000021785	-0.0302109509035109	7.33357056145059	-0.861232493149707	0.389147473412813	0.53617330266476	-6.34685116033202
ENSMUSG00000006728	0.0220629628991347	7.22119644601158	0.584209094647386	0.559103553891978	0.690675950892034	-6.34696533534802
ENSMUSG00000015766	0.0277197195482355	6.71418338269727	0.685465927603209	0.493078783694804	0.633626564206161	-6.34701579472134
ENSMUSG00000015023	-0.0230377269990312	6.81347649009781	-0.600931726505574	0.547910172879315	0.68115468458228	-6.34711941661413
ENSMUSG00000022193	0.0267264988685358	7.23948814041692	0.738485941197982	0.460250652264457	0.603707197620105	-6.34734824326255
ENSMUSG00000059486	-0.0250243673567283	6.6566554764557	-0.660615560278652	0.508886497586096	0.647898670271046	-6.34762010135816
ENSMUSG00000000223	-0.0409657575574638	7.21350574870869	-0.697762818921181	0.485354969895339	0.62653000057876	-6.3477197326893
ENSMUSG00000006134	-0.0270087202502252	6.95278742656961	-0.508109955597458	0.611396568758132	0.732869792911689	-6.3477642862354
ENSMUSG00000022476	0.0235854873417685	7.11791917820069	0.53672521702908	0.591479098956942	0.716600926329531	-6.34794145238755
ENSMUSG00000026594	0.0303990238979033	7.06735959909736	0.50920407006592	0.610629575933317	0.732218575574189	-6.3479497633552
ENSMUSG00000040133	0.0220217712778608	6.84539600687987	0.549388317605242	0.582761248163568	0.710250443209592	-6.34819263798389
ENSMUSG00000034532	0.0244552076700195	7.55911344428809	1.2928092331312	0.196131238045374	0.327185287794244	-6.34833203980822
ENSMUSG00000020430	-0.0266013603595363	7.1283546025188	-0.531846147527017	0.594853994279593	0.719762337625548	-6.34836912189858
ENSMUSG00000000959	0.0254344766752039	7.50001740237085	1.20099162886179	0.229806059505419	0.367937010033625	-6.34909307726085
ENSMUSG00000013921	0.0211890388658311	7.14504606736463	0.548558512122085	0.583330683628115	0.710544705209582	-6.34922983205309
ENSMUSG00000002781	-0.027101833158965	7.39070108037505	-1.0134647999735	0.310882690024505	0.458394240985411	-6.34925696793842
ENSMUSG00000063317	-0.0241918780260679	6.73469908214156	-0.622206395008154	0.533831900634313	0.669181084173155	-6.34933058233096
ENSMUSG00000018401	-0.0252586156674557	6.76003831371011	-0.585223973404054	0.558421086147735	0.690080216785092	-6.34957887609389
ENSMUSG00000022216	-0.0286308765513485	7.14775040741348	-0.589749092326598	0.555383052542746	0.687312120605883	-6.34961792437449
ENSMUSG00000020647	0.0342220074594817	7.17438975912097	0.568296449406313	0.56985684202149	0.699148655210474	-6.34997399551789
ENSMUSG00000019487	0.0240101482135886	6.8871213853805	0.541354640387344	0.588285046681067	0.714389002054404	-6.35080681366483
ENSMUSG00000034341	-0.0355850434673979	7.42869660450405	-1.15073219141823	0.249892351549005	0.391479079392076	-6.35081387685935
ENSMUSG00000016409	-0.033194766350416	7.12847598389137	-0.523996605583	0.600301971371544	0.723812249879927	-6.35085478040483
ENSMUSG00000039801	0.024119653057034	7.25387260772338	0.657528267124094	0.510868760398044	0.649601771373768	-6.35090414391194
ENSMUSG00000027342	-0.0183404385153665	7.17026059350641	-0.538467063706803	0.590276383571849	0.715877574221643	-6.35096337340269
ENSMUSG00000055633	0.0334946479650027	7.42983065790059	1.0694175862101	0.284928380162226	0.431146827679595	-6.35114475580842
ENSMUSG00000036502	0.0236876673700532	7.14372241245639	0.528263281368806	0.597337882286676	0.721700586461532	-6.35132470886753
ENSMUSG00000041264	0.0279855491913725	6.88433368488526	0.523102445706783	0.600923992675494	0.724158472069761	-6.35145979285164
ENSMUSG00000001962	-0.0311332613974624	7.37369384504884	-0.905969441802124	0.364991631167943	0.511832967885042	-6.35155639698815
ENSMUSG00000021048	0.0173677688451637	7.04099086149329	0.492766469379184	0.622197235751074	0.741660040991134	-6.35197287684047
ENSMUSG00000038390	0.0381908834262656	7.30695192755712	0.878842889713054	0.379524780824838	0.526451055244865	-6.35197922373469
ENSMUSG00000038708	-0.0226712568825898	6.84825294270024	-0.576980903540029	0.563975921366657	0.694917786340754	-6.35202626796878
ENSMUSG00000028434	-0.024524992379229	7.20512625644281	-0.647984192712476	0.517022166853616	0.654790429259374	-6.35205726305808
ENSMUSG00000038736	-0.0371111749969852	7.37038700861116	-0.882117173376179	0.377751916159893	0.524724465396851	-6.35206770617386
ENSMUSG00000014402	-0.0274652536830198	7.06359035615151	-0.497586477479299	0.618795387872728	0.73903203959403	-6.3523926842153
ENSMUSG00000030722	0.0214722715456208	7.38622026574953	0.855408045498928	0.392362475573609	0.539184373906759	-6.35246719829317
ENSMUSG00000029458	-0.0300787798815039	6.97020422914335	-0.494735308037484	0.620806695099623	0.74048845228173	-6.35293760126253
ENSMUSG00000048039	0.0271996961518202	7.07094122647635	0.489727002540385	0.624346582985057	0.743356262681008	-6.35299738905143
ENSMUSG00000028389	0.0428280777559538	7.188723192184	0.562863573019847	0.573550681451362	0.702096822960377	-6.35312163225385
ENSMUSG00000040455	-0.0308777741974264	7.11139638746341	-0.51684590093418	0.605284473768364	0.727541712318712	-6.35315726032703
ENSMUSG00000006235	0.02442762764775	6.85434998259175	0.547270038780235	0.584215383452244	0.711095927868797	-6.35325357092484
ENSMUSG00000030411	0.0439120124592574	7.37311323738931	0.975088229303142	0.329559291738232	0.477119346172392	-6.35355308835997
ENSMUSG00000020133	-0.0293334604981617	7.11543854011478	-0.549024038400549	0.583011194678043	0.710356683175891	-6.35360595732806
ENSMUSG00000039182	-0.0311305898995595	7.16208578241172	-0.600136042856017	0.548440247431412	0.681490102446093	-6.35364057713548
ENSMUSG00000002324	0.0254172262117311	7.26764174296134	0.698898353953584	0.484645047106794	0.625798693828006	-6.35369758306346
ENSMUSG00000038206	0.0185446046181363	7.2097248947342	0.574259998801106	0.565815309535558	0.696168194485134	-6.3538460973912
ENSMUSG00000061322	0.0263202914107321	6.93749944813123	0.530566144018293	0.595740838519757	0.720502453385742	-6.35400308441427
ENSMUSG00000021504	0.0423237956335702	7.42470474533368	1.06362481871793	0.287545293208101	0.433803062765667	-6.35422943909437
ENSMUSG00000040549	-0.0242044146360296	6.93203951006615	-0.51593888392385	0.605917791947663	0.728035584818172	-6.3543844431227
ENSMUSG00000049680	0.0230028074787985	7.23530750518657	0.71348898032037	0.475573440102284	0.617863201133185	-6.35449366634295
ENSMUSG00000064427	0.0413595124047683	7.34198447274108	0.933355044955507	0.350677570464128	0.49848468124246	-6.35455469445876
ENSMUSG00000013822	0.0243785362241109	7.12824099381139	0.543352244430865	0.586909274354807	0.713247583760617	-6.35459555896629
ENSMUSG00000021115	0.0206476985388973	7.37276376183541	0.86419754109132	0.387516991860012	0.534332763217189	-6.35477190801123
ENSMUSG00000031715	-0.0268819957786883	7.10977301314846	-0.506620494782427	0.612441391577812	0.733651999134113	-6.35479370154159
ENSMUSG00000032118	-0.0236461284247325	6.98467971190095	-0.495678060366677	0.62014133225935	0.740031931632432	-6.3562738135744
ENSMUSG00000029406	-0.0312310536574065	7.10853986700323	-0.569963818758464	0.568725469887133	0.698541500306065	-6.35630280945443
ENSMUSG00000045318	0.0267713335847057	7.11775514986634	0.540158183572341	0.589109773052853	0.714992597460642	-6.35640587625924
ENSMUSG00000030432	0.0251175689682208	7.18999684652944	0.533065426649457	0.594009783952845	0.719135435911359	-6.35642011399792
ENSMUSG00000087687	-0.0277323142726171	7.21934779403139	-0.622380222950481	0.533717629219638	0.669181084173155	-6.35672013920984
ENSMUSG00000032489	0.0233290715759917	7.01138107911413	0.483646239968981	0.628656166836266	0.746857217442866	-6.35674219224925
ENSMUSG00000030763	0.0341748686915384	7.25632576736092	0.783455226487154	0.433393501494272	0.576683374485518	-6.35690358871626
ENSMUSG00000006288	0.0351305539387976	7.29167425885768	0.739473007659432	0.45965131810946	0.603061833832222	-6.35694339151741
ENSMUSG00000019564	0.0291447457454375	7.11947670731408	0.534560728189631	0.592975208929203	0.718019925573541	-6.35720426374927
ENSMUSG00000027852	-0.0284279170412836	6.95360540846555	-0.525921261057534	0.598964076140589	0.722731583855539	-6.3573601084538
ENSMUSG00000039244	0.0214557206536359	7.32428302856174	0.859098587167584	0.390323489659784	0.537397741784193	-6.35736674616846
ENSMUSG00000048439	-0.0226005762996957	7.48118261186622	-1.12967307714073	0.258663168796861	0.401615062368182	-6.3580253611389
ENSMUSG00000015189	0.0354894084268818	7.27889854091034	0.712364723845585	0.47626910891737	0.618521168257688	-6.35837653284187
ENSMUSG00000006651	0.0192423822355847	7.14365112141739	0.517865742283174	0.604572731364294	0.72722034169619	-6.35839862717757
ENSMUSG00000019822	0.0285406649217839	7.23986496383289	0.582660889159707	0.560145443413034	0.69131072258328	-6.35850366763887
ENSMUSG00000070867	-0.0329529208138126	7.18958563505897	-0.693733743364022	0.487878436964639	0.628795481073149	-6.35868593219162
ENSMUSG00000027933	-0.0281724119905604	6.9925064267295	-0.480239281024651	0.631076317914691	0.748441992403218	-6.35886266806644
ENSMUSG00000025450	0.0244466304089688	7.54511783843289	1.24537079996485	0.213048425253977	0.348001245592647	-6.35935475994404
ENSMUSG00000008167	0.0307771974718909	7.29255630834541	0.748537074662311	0.454168212777583	0.597404826854628	-6.35949500118658
ENSMUSG00000007783	-0.0440401988056385	7.28062281098565	-0.829647397192232	0.406774102689573	0.552608337907221	-6.35951324306714
ENSMUSG00000091784	0.0202852240554261	7.05378836952344	0.474599930486873	0.635090959637065	0.751501341609586	-6.36009347876843
ENSMUSG00000017765	0.026644585303254	7.08693526827073	0.476033203853882	0.634069591523268	0.750631982297009	-6.36020455551578
ENSMUSG00000024944	0.0238358709344331	7.28580411909516	0.722016488938681	0.470314971344774	0.61273396406068	-6.36044342024465
ENSMUSG00000028696	0.0297195946981752	7.34896442558855	0.889853216820685	0.373583546537092	0.520203764227144	-6.36063929607046
ENSMUSG00000030232	0.0292761972963369	6.85922354180186	0.541801860127591	0.587976911946629	0.71419076357684	-6.3608291025157
ENSMUSG00000033902	-0.0290246820854367	7.27126755486035	-0.734178803636901	0.462871002389912	0.606172568099303	-6.36127202491098
ENSMUSG00000040618	-0.0307810660820058	7.19094665236126	-0.63185398821123	0.52750849883517	0.664263403994226	-6.36150783611928
ENSMUSG00000042671	0.0200930612308445	7.04547116832606	0.478307768454656	0.632450139832873	0.74959598322397	-6.3615614900702
ENSMUSG00000024186	-0.0346861303027897	7.28666543142916	-0.772387804303381	0.439917894338165	0.583112794641617	-6.36177478733862
ENSMUSG00000026641	0.0179084955374806	7.24605836893901	0.676399930063374	0.498815145591979	0.638990986897278	-6.3622673830267
ENSMUSG00000043629	0.0311970936979566	7.29598988949016	0.691970488725656	0.488985011703921	0.629911617950186	-6.36259427107665
ENSMUSG00000024194	-0.0377423480722356	7.24882559967113	-0.678859513279081	0.497255385613307	0.637486084120267	-6.36269355896879
ENSMUSG00000021113	-0.0174828501287703	7.01189720896691	-0.472502968014861	0.636586532695361	0.752678985265426	-6.36285091266295
ENSMUSG00000015672	-0.0271397829779545	6.89119298792994	-0.50178319979373	0.615840075772088	0.736510301635898	-6.36331800058527
ENSMUSG00000034371	0.0367999795791389	7.41160668509795	1.00324985388036	0.31578436862466	0.463792792689482	-6.36335002199897
ENSMUSG00000042444	0.0242007532943855	7.25330413651597	0.641008913231583	0.52154354450863	0.658897641874975	-6.36361927224648
ENSMUSG00000025867	0.0215077081194721	7.01224402321401	0.467667972260155	0.640040538886013	0.755310143780032	-6.36369736367388
ENSMUSG00000035671	0.033139005920944	6.78966939107719	0.560169111609824	0.575386860889411	0.7036549093367	-6.36399446955359
ENSMUSG00000070934	-0.0351396561454909	7.45330266454757	-1.20521647326262	0.228171488978735	0.366125889656772	-6.3644143837764
ENSMUSG00000047412	0.0343836637448875	7.25352336222713	0.618499035848293	0.536271992774786	0.671532561397178	-6.36443564033655
ENSMUSG00000004934	-0.0226030143003415	7.32431864719748	-0.78724069658667	0.431174829689495	0.574665669377468	-6.3646095050757
ENSMUSG00000014554	0.0228518654099386	7.13816719930997	0.499367095126628	0.61754072841165	0.738004857723899	-6.36467998977115
ENSMUSG00000038453	0.0197618902133216	7.07292869701207	0.467686863894183	0.640027027892197	0.755310143780032	-6.36500689055798
ENSMUSG00000001248	-0.0404711757174443	7.09610928843005	-0.520011403661908	0.60307651241637	0.725820711578885	-6.36508114537878
ENSMUSG00000020482	0.0224670720397038	6.72556307919785	0.614851627135585	0.538678094136812	0.673510195408967	-6.36520941233846
ENSMUSG00000001334	0.0186560535970894	7.20831140569919	0.570805326450407	0.568154883587709	0.698108079323049	-6.36539544371025
ENSMUSG00000031309	0.0181779714165176	6.97232576354344	0.467697467796083	0.640019444203858	0.755310143780032	-6.36541852523859
ENSMUSG00000044707	-0.0336422221894068	7.32705824260839	-0.792426160069382	0.428146337919446	0.572085308842762	-6.36548664800382
ENSMUSG00000028132	0.0233222695879185	7.1388212299966	0.518029927595207	0.604458182330428	0.72714936350914	-6.36564595736889
ENSMUSG00000022769	-0.0177804018670118	6.64945611715046	-0.650733664256199	0.515245554932996	0.65351625704154	-6.36576694090178
ENSMUSG00000022811	0.0340583880633334	7.18182835155529	0.564444327470202	0.57247474831616	0.701345535282041	-6.36605448790466
ENSMUSG00000032705	-0.0229836174013069	7.02789302275452	-0.470012690926715	0.638364547012398	0.754212879077986	-6.36626263264256
ENSMUSG00000023336	-0.0253267772754082	6.92955671973039	-0.468960549541887	0.639116383899976	0.754889843336194	-6.36631007965173
ENSMUSG00000037703	-0.0345513215050675	7.06353059337315	-0.529350508284015	0.596583643747547	0.721255246462544	-6.36633821679675
ENSMUSG00000020000	0.0267729978273801	6.87222103257006	0.503426689921778	0.61468442985574	0.735763666110264	-6.36635601321696
ENSMUSG00000026234	0.0310300117438613	7.03837328295014	0.461518890374443	0.644444585656166	0.758797420218592	-6.36650225566687
ENSMUSG00000026188	0.0214437299784835	7.15848019067475	0.52375693945385	0.600468666271293	0.723879905969039	-6.36655063386056
ENSMUSG00000025544	-0.0352681906233361	7.35990272787708	-0.895420648153586	0.370601371300392	0.51688040862042	-6.36658829910149
ENSMUSG00000029624	0.020717394805442	6.79987248620477	0.536437745927345	0.591677701075915	0.71664765126153	-6.36659581972259
ENSMUSG00000063904	0.0298948596582171	7.25376258198745	0.666515327287017	0.505109669088587	0.644908892891338	-6.36670105878376
ENSMUSG00000032601	0.0272554836597143	6.95738528007617	0.469431775450584	0.638779610398378	0.754570302204779	-6.3667503475442
ENSMUSG00000008855	-0.0315431925166481	6.90811167890702	-0.480883188386391	0.630618610540295	0.748336748451409	-6.36693771552796
ENSMUSG00000075000	0.0337618481268214	7.06411191157831	0.500284679520724	0.616894615013685	0.737398817558217	-6.36708706615443
ENSMUSG00000037610	-0.0344893800397346	7.29480564242415	-0.721666609857917	0.470530089692328	0.612953227288752	-6.3671331179113
ENSMUSG00000045210	0.0297416560760251	7.22864384880116	0.62655034027177	0.530979978660818	0.667459422047761	-6.36730964818652
ENSMUSG00000028782	0.0418034255572692	7.35502236642952	0.947565211541756	0.34339238714063	0.491117886437091	-6.36742515629291
ENSMUSG00000057378	0.0169920190614228	7.17083993595174	0.531415809478249	0.595152084613845	0.719989936404034	-6.36747067688436
ENSMUSG00000022594	0.0295002566963145	6.96390392364907	0.462764133434154	0.64355171247213	0.758087009149282	-6.36767414417987
ENSMUSG00000029403	-0.0171037009146122	7.28953103569578	-0.75377575968742	0.451016082259321	0.593914961671599	-6.36783690901106
ENSMUSG00000024581	-0.0304035383600549	7.39042840504356	-1.01731897767731	0.309046366798152	0.456405531203769	-6.36795550579662
ENSMUSG00000039159	0.0329859596469095	6.84229253898324	0.527323423325206	0.597990236341808	0.722222156290309	-6.36799795656463
ENSMUSG00000050549	0.0281345406830269	7.12713576540942	0.47485393798458	0.63490990006627	0.75135500421835	-6.36803296049604
ENSMUSG00000031266	-0.0238805260893216	6.77522661809598	-0.544232497779763	0.586303507553878	0.712842266056406	-6.36826447196883
ENSMUSG00000024174	0.0264215829665568	6.72208502808363	0.645356685051938	0.518722930792617	0.65621032079785	-6.36849065580378
ENSMUSG00000075705	-0.0229383631327815	7.10362961067207	-0.466164192021612	0.641116401072599	0.756282121119541	-6.36896485852951
ENSMUSG00000022550	-0.0347568616701572	7.33163779557781	-0.863890910749163	0.387685414671624	0.534383812263729	-6.36897170771254
ENSMUSG00000008575	0.0312109631946216	7.11030609651998	0.462602468023508	0.643667601938243	0.758155307654114	-6.36914078295992
ENSMUSG00000024283	-0.0281088049374363	7.11221565861761	-0.497701522387896	0.618714291244234	0.73903203959403	-6.36915081363899
ENSMUSG00000028833	-0.0138318101144135	7.16319438765295	-0.565390024297571	0.571831522881352	0.700778648091609	-6.36917724007909
ENSMUSG00000090137	-0.0271328002360951	7.08918551713028	-0.479606699608051	0.631526112355925	0.748755518029199	-6.36936959925516
ENSMUSG00000006005	-0.0287349938166139	7.08902341605169	-0.470393248970071	0.638092700195026	0.753987675932343	-6.36947331892591
ENSMUSG00000071281	0.0374802760259865	7.25342638617342	0.625152162354533	0.531897077222045	0.668163167817215	-6.36949762703522
ENSMUSG00000025870	-0.0234979357840359	6.99239991901333	-0.456259368948598	0.648221455968254	0.762284676325912	-6.36951420105503
ENSMUSG00000048251	0.0304259157946287	6.91126351679535	0.484806284957944	0.627833031198087	0.746217888737663	-6.36951689692484
ENSMUSG00000030655	0.0176279848347072	6.9917953533455	0.454769790738144	0.649292777085745	0.763201745161301	-6.36981380009747
ENSMUSG00000027259	-0.0202732181062117	6.8247002737068	-0.545314119696604	0.5855595616564	0.712334675822857	-6.37000067022837
ENSMUSG00000051098	-0.0414021222608634	7.34439651422348	-0.836530450441187	0.402892821380444	0.549159064811325	-6.37044536996303
ENSMUSG00000078317	-0.0264634611249237	7.07698694378719	-0.505835797661494	0.612992156092848	0.734244584406914	-6.37059428979082
ENSMUSG00000054484	0.0179429217416915	7.20304035355446	0.57590876577289	0.564700364771253	0.695555289828323	-6.37065212152599
ENSMUSG00000036208	0.0224199213311929	7.05879187919154	0.456281309676818	0.64820568138956	0.762284676325912	-6.37084729417329
ENSMUSG00000052681	0.0165464763578989	7.12051635214767	0.480319642539227	0.631019186965886	0.748441992403218	-6.37085919499694
ENSMUSG00000053046	0.0438075392946251	7.43516412413342	1.09899429048822	0.271818560904377	0.417289938949355	-6.37124244042705
ENSMUSG00000031872	0.049067874562847	7.45406009807039	1.12475935267221	0.260740004683183	0.404120769659314	-6.37136113078889
ENSMUSG00000061353	0.0268221089261571	7.0031216853086	0.451763035332548	0.65145747885743	0.764762356993579	-6.37144817113511
ENSMUSG00000019977	-0.025335222305797	6.73945155797332	-0.597794323207614	0.550001740312977	0.682394122837139	-6.37170987972049
ENSMUSG00000036879	0.0233523151755977	7.00400906864678	0.449762479272423	0.65289940271458	0.765722384694015	-6.37195979563502
ENSMUSG00000029166	-0.040288010641965	7.45736981975665	-1.18083173627776	0.237720529660601	0.377790382898348	-6.3719745252013
ENSMUSG00000063455	0.0205028155595199	7.07979376763597	0.475883666911955	0.634176120849614	0.750690214662129	-6.372137780154
ENSMUSG00000005897	-0.0211436116894959	7.08958417518899	-0.458325827005003	0.646736442329688	0.760880077550349	-6.37241169878921
ENSMUSG00000027133	0.0358701029393513	7.30457498950335	0.778923692026122	0.436058108587674	0.579463333092756	-6.37257630804771
ENSMUSG00000019302	0.0338895646913233	7.38257115430437	1.02764150363088	0.304163591348102	0.451405089972036	-6.37260039573993
ENSMUSG00000029571	0.0463304977355605	7.34866936277082	0.759227315199558	0.447749058544982	0.590942230214756	-6.37280498932817
ENSMUSG00000056763	0.0276061188813621	6.75476091613424	0.620533052264808	0.534932558490884	0.670304082672535	-6.37283323308248
ENSMUSG00000027770	0.0281051492052766	7.4211576810001	0.951371849649583	0.341457363627901	0.489580528377668	-6.37307525258864
ENSMUSG00000036698	0.0190331135450155	6.91396592627798	0.470908242838289	0.637724898345666	0.75366441317399	-6.37318722053721
ENSMUSG00000050310	0.0319165037754985	7.25460929812265	0.616392352522174	0.537661057157375	0.672692905227863	-6.37325822101476
ENSMUSG00000022389	0.0204297946790559	7.0824853343455	0.480328365284215	0.631012985887702	0.748441992403218	-6.37339735428019
ENSMUSG00000033499	-0.0311941889127239	7.18132945401425	-0.547448645012387	0.584092710410913	0.711078832499504	-6.37360050277166
ENSMUSG00000004626	-0.0312909246402153	7.30105989024109	-0.735375318225951	0.462142240583369	0.605630133314062	-6.37371160157379
ENSMUSG00000024120	-0.0405316837155656	7.23859171369729	-0.658635313213446	0.510157493870407	0.64920924512012	-6.37378751847459
ENSMUSG00000039483	-0.0267209514425408	7.12968899335706	-0.559778364918668	0.575653371352316	0.703710242573171	-6.37381987295744
ENSMUSG00000004661	-0.0261202684717228	6.98599800804535	-0.446723353547914	0.655092370128623	0.767458895516865	-6.37393650911067
ENSMUSG00000026172	0.033657869381261	7.23339679964363	0.60754343069188	0.543515359932793	0.677298980795747	-6.37399555090248
ENSMUSG00000020866	-0.0376799758947977	7.22802734443599	-0.713490795018173	0.475572317652162	0.617863201133185	-6.37406135490646
ENSMUSG00000024997	0.0195389348170201	7.23938422301795	0.609063427735011	0.542507501489361	0.67649378126476	-6.3743288565595
ENSMUSG00000075054	0.0304968313982465	7.15616258641678	0.483404926955897	0.628827453912921	0.746963855762905	-6.374484528777
ENSMUSG00000038816	0.0191758132796815	7.28569660200901	0.623786512393401	0.532793614200821	0.668711916126656	-6.37458253756728
ENSMUSG00000030245	-0.020557094235091	7.05037935041622	-0.463494681113913	0.643028129259051	0.757606575617305	-6.37458290056811
ENSMUSG00000078161	0.0443795697107356	7.40740164262895	0.988539065393755	0.322932107812454	0.470490446859631	-6.37473156537503
ENSMUSG00000029823	0.0257947354647952	7.51701873286963	1.1331747571378	0.257190163927586	0.399802140363329	-6.37480086081512
ENSMUSG00000022855	0.0265418686450101	6.98224986995729	0.442077635696822	0.658450373024855	0.769544035318819	-6.37485778899805
ENSMUSG00000022016	0.0334938079065958	7.22610670774455	0.625706725473399	0.53153322988729	0.667834265420768	-6.37486106327497
ENSMUSG00000075318	0.040579073917737	7.41936362790082	1.03514437241399	0.300646909038959	0.447728451140175	-6.37498629717116
ENSMUSG00000102729	0.0398592722568303	7.38562150979388	0.847445430956306	0.396783689469511	0.542866763772059	-6.3750801010799
ENSMUSG00000071454	-0.0325977075964268	7.25857059001057	-0.636432593680679	0.524520932171849	0.661794270913319	-6.37539933664284
ENSMUSG00000072872	-0.0313763716997872	6.86780674948283	-0.50382306168523	0.614405857801126	0.73557649786114	-6.37546954154037
ENSMUSG00000037458	-0.0162319947524807	7.10012389079054	-0.487740608904649	0.625752984696992	0.744421451672242	-6.37578994479745
ENSMUSG00000024561	-0.0210554105044549	7.15843202576797	-0.514066874633919	0.607225846118103	0.728976569230032	-6.37580139926743
ENSMUSG00000024824	0.0180040633802516	7.10066619081662	0.442615904412534	0.658060948591493	0.769363630912647	-6.37594864144903
ENSMUSG00000051557	0.037792966804882	7.26128944564033	0.677724914418409	0.497974575483837	0.638288931097943	-6.37605921962119
ENSMUSG00000065990	-0.0209754774672213	7.15844945884959	-0.574795324973875	0.565453190317599	0.69603995832189	-6.37612588419197
ENSMUSG00000019039	0.02530204959975	7.05517499794184	0.44872177708674	0.653650014424545	0.766328108609845	-6.37637281097032
ENSMUSG00000027775	-0.0191413232239066	7.18087824270098	-0.514021238112499	0.607257750078119	0.728976569230032	-6.37640118417929
ENSMUSG00000039384	0.0272920582758527	6.92119301869232	0.516292933506865	0.605670544044745	0.7278053017562	-6.37642540367877
ENSMUSG00000025192	-0.0239178662737407	7.17373823148783	-0.538708590561346	0.590109702368103	0.715874372072203	-6.37645327909929
ENSMUSG00000021911	-0.0302124213971888	6.85096826301834	-0.498511271809315	0.618143619935606	0.738523112994794	-6.37648296123495
ENSMUSG00000030551	0.0298972661347259	7.06358991650741	0.440763006195901	0.659401865216925	0.770106085586082	-6.37662190147074
ENSMUSG00000027628	-0.0271086832929432	7.18810156361962	-0.635755908284619	0.524961926718352	0.662183403468221	-6.37667806907489
ENSMUSG00000025728	-0.0357524877932303	7.20695397539728	-0.605484256716455	0.544882213373773	0.67835659352315	-6.37674759088294
ENSMUSG00000020893	-0.0225433420246919	6.97544895118522	-0.439914810654118	0.660016058333863	0.770479735684969	-6.3768277889985
ENSMUSG00000027035	-0.0231782540634971	6.78350384100376	-0.537424256322535	0.590996288959317	0.716365100864359	-6.37694016866731
ENSMUSG00000027347	0.0283399244715792	7.20300432310388	0.623567925745712	0.532937185348864	0.668767378998041	-6.37711232513585
ENSMUSG00000007739	-0.0194687227868133	6.63757390155487	-0.639217241697841	0.522708182472189	0.660103745049281	-6.3771910540041
ENSMUSG00000037197	0.023411234890383	6.97564885067693	0.446344675053328	0.655365825444443	0.767652266862185	-6.37730905194743
ENSMUSG00000051339	0.040488071521497	7.39022038171708	1.00788256634591	0.313555088352015	0.461345275042595	-6.37774388613424
ENSMUSG00000029581	-0.0213961158258362	6.96492592258158	-0.437182079373115	0.661996433836671	0.771526231607355	-6.37776760647494
ENSMUSG00000020189	0.0211745496098672	6.99396286799089	0.437334121852099	0.661886188278529	0.771526231607355	-6.37803594619809
ENSMUSG00000030058	0.0373609491220996	7.17186812081351	0.580392650955599	0.561673588089975	0.692750708175925	-6.37809695163812
ENSMUSG00000000631	-0.0172049592495771	6.97346804034175	-0.450983425598619	0.652019236897338	0.765013982434355	-6.37810291077425
ENSMUSG00000072875	0.0238834133894885	6.90804629827379	0.454152472666481	0.649736971979718	0.763518215344984	-6.37813007766392
ENSMUSG00000047502	-0.0403736454642418	7.30043836199994	-0.814109338089232	0.415617488893443	0.560678260933613	-6.37819760878181
ENSMUSG00000083718	0.0215524410515231	6.96935398654611	0.445975942085974	0.65563214321633	0.767826819839717	-6.37852475865714
ENSMUSG00000078816	-0.0360021499052259	7.44993155723017	-1.17488796921894	0.240090296345611	0.380678473992582	-6.37857953605815
ENSMUSG00000002797	0.0253675326456797	7.37819336222837	0.917404596332924	0.358970807725811	0.505882219025438	-6.37865126644463
ENSMUSG00000079442	-0.0211185560387523	7.08385747383075	-0.478160979147428	0.632554598255937	0.749651923632364	-6.37873102080815
ENSMUSG00000029577	0.0214676632024311	7.12364683075728	0.482136527128747	0.629728108821176	0.747607714782031	-6.378910318589
ENSMUSG00000047126	0.0191790236847744	6.99927669654428	0.43265286289301	0.66528390759574	0.773869117569386	-6.37893483105993
ENSMUSG00000041954	-0.0323582090234327	7.44387182901353	-1.08481212892336	0.278052321994354	0.424314435677219	-6.37900737481739
ENSMUSG00000039531	0.0210063958794375	6.83580173643606	0.522366421864657	0.601436225233294	0.724429962096879	-6.3793627963755
ENSMUSG00000023147	0.0222659701864014	6.946377709085	0.438569724610677	0.660990528388447	0.7709298884331	-6.37946605797742
ENSMUSG00000038406	0.0286856724084981	7.27106614338414	0.703048731659302	0.482055076084031	0.623191967620433	-6.37948497085553
ENSMUSG00000052833	-0.0208231576140614	7.01607965985176	-0.450189547083269	0.652591479523088	0.765429819917243	-6.37959786531675
ENSMUSG00000031667	-0.0304728068633615	6.80398995587863	-0.538956355065251	0.589938739007784	0.715733293586313	-6.37968098077416
ENSMUSG00000043432	-0.0249476186543705	7.42894219575717	-1.05259924556527	0.292570849012655	0.439611793328782	-6.37974346241081
ENSMUSG00000035851	-0.02572199043402	6.86872194808799	-0.502518797811018	0.615322710440119	0.736276118805213	-6.37979237011985
ENSMUSG00000034685	0.0285210879260713	7.17609756363492	0.571575840658331	0.567632674920447	0.697788448831784	-6.37989257027461
ENSMUSG00000024347	0.0303141478904729	6.80572546927391	0.556775203820095	0.577703634417133	0.705728840327434	-6.38010035339846
ENSMUSG00000023048	0.0273591365468233	7.02899792466637	0.444748773731673	0.656518782168297	0.768406247946529	-6.38045406126557
ENSMUSG00000020778	-0.0226960917500074	7.20224680354956	-0.61446936175566	0.53893057786428	0.673590817334591	-6.38128032305376
ENSMUSG00000046378	-0.0278309438611331	7.12044488675366	-0.528474269992978	0.597191479896035	0.721656900018358	-6.3813380201223
ENSMUSG00000041881	-0.0196276197226979	7.22127727352196	-0.649188332132909	0.51624370385304	0.6541557094616	-6.38177281917935
ENSMUSG00000055932	0.038202601686308	7.37952143658285	0.987524522349428	0.32342891804545	0.470742789888942	-6.38190517513469
ENSMUSG00000061904	0.025283005496437	6.9723177249646	0.426563369207535	0.669714043232329	0.777020228110391	-6.38191601834772
ENSMUSG00000034211	0.0201300611800965	6.90897128716905	0.437308865122812	0.661904501351558	0.771526231607355	-6.38223125502225
ENSMUSG00000028383	0.0227039703160425	7.12671573079848	0.442321483389478	0.65827394361106	0.769414480031886	-6.38233851512349
ENSMUSG00000054766	0.0251582689910537	7.17990957701323	0.493424133924239	0.621732593665808	0.741347599855712	-6.38246221127425
ENSMUSG00000001521	0.0179092250201585	7.23800845785964	0.561924383283281	0.574190390290486	0.70268279955908	-6.38272410522619
ENSMUSG00000054604	0.0199946195040122	7.0850387177939	0.428056631924768	0.66862661584762	0.776308944189167	-6.38279232067092
ENSMUSG00000055660	0.0234612093453661	6.91032420718021	0.464878908189456	0.642036540675166	0.757003071180675	-6.38290623256427
ENSMUSG00000033596	0.020794481780527	6.91844595235901	0.471968358087108	0.636968058853744	0.752905907052475	-6.38293316797585
ENSMUSG00000018974	0.0261083553367198	7.01316972803424	0.422790319325187	0.672464745819676	0.779249342187435	-6.38295304764306
ENSMUSG00000022533	0.0443472876313624	7.36767509336506	0.819913480628811	0.412300887610531	0.557455666693904	-6.38302665453289
ENSMUSG00000007950	-0.0383587657673612	7.18997826686566	-0.662394858364497	0.507745895141809	0.647201758270525	-6.38306449455099
ENSMUSG00000020954	-0.0266440706837106	7.15504020750105	-0.486500398928572	0.626631766868112	0.745060674946628	-6.38314951027158
ENSMUSG00000034850	0.0209041195465254	6.98395038233833	0.421622782452602	0.673316817704948	0.780094139592317	-6.3833562241782
ENSMUSG00000037475	0.023190505029592	7.30517678948183	0.677163628876699	0.498330562974739	0.638495178162583	-6.38345247853901
ENSMUSG00000036026	-0.0420405428928312	7.32473745142122	-0.825897223481464	0.408898144741992	0.55442237613738	-6.38354030074349
ENSMUSG00000022641	0.031332775140859	6.6989701516135	0.631942334387755	0.5274507704167	0.664263403994226	-6.38381950170656
ENSMUSG00000033557	-0.022706309019271	7.06792746419513	-0.437646643760285	0.661659602579164	0.771504277182548	-6.38405704097107
ENSMUSG00000086401	0.0209187956985728	7.23284727490673	0.602340581592006	0.546972232892398	0.680321876333116	-6.38420964698914
ENSMUSG00000022706	0.020210058130874	7.19782599171853	0.536572808063029	0.59158438831115	0.716600926329531	-6.38438598754822
ENSMUSG00000038623	-0.0371922843246439	7.22089500923691	-0.658203078099812	0.510435139127552	0.649311215213274	-6.38469349521796
ENSMUSG00000037994	0.0482562136351907	7.30122643610872	0.810452663601859	0.417715053374711	0.562683967361017	-6.38469552051999
ENSMUSG00000023973	0.0281165481183514	7.39237439484045	0.980113720181835	0.32707300761654	0.474254049807924	-6.38471783362963
ENSMUSG00000032807	0.0326477846449018	7.27605070881029	0.746234889320019	0.455557363523603	0.598690725080406	-6.38484612419911
ENSMUSG00000022199	-0.0290266056456741	7.31184293881864	-0.825454805251203	0.409149158496599	0.554626297684559	-6.38498253733652
ENSMUSG00000022974	-0.0195406938981009	7.0037342790674	-0.429338574685671	0.667693630719388	0.775707251164986	-6.38522825139516
ENSMUSG00000016386	0.030806108101384	7.27805452631662	0.662297560986872	0.507808232008086	0.64721820224395	-6.38530613554085
ENSMUSG00000040929	-0.0272555476507517	7.19303598466108	-0.516355962122603	0.605626533216543	0.7278053017562	-6.38531724241814
ENSMUSG00000034709	-0.0215422841320843	6.9189400860817	-0.467689478179264	0.640025158206819	0.755310143780032	-6.38536981715337
ENSMUSG00000006058	0.0233972063072247	7.14660963230422	0.494054637735745	0.621287282287277	0.740994178710488	-6.38549318652459
ENSMUSG00000085642	-0.034809538764863	7.32773593706725	-0.917263888100068	0.359044511682792	0.505931627053182	-6.38559709574836
ENSMUSG00000050783	-0.024448372646158	7.00087091899181	-0.418880527966025	0.675319771687222	0.781584728688924	-6.38562785455069
ENSMUSG00000032285	0.0219034917833856	6.76826086315465	0.563323226358379	0.573237721703387	0.701844968908701	-6.38568785939059
ENSMUSG00000071654	-0.0231817058178621	7.40904612351777	-0.970170727217723	0.332003972756329	0.479809693269219	-6.38602607016243
ENSMUSG00000041220	0.0244249552598985	6.88293953835845	0.497052933689369	0.619171550405605	0.739413840911264	-6.38609026970917
ENSMUSG00000035596	-0.0346910661331252	7.37029087751557	-1.03499715875597	0.300715648085622	0.447739027037071	-6.38670007306771
ENSMUSG00000032604	-0.0382275211894898	7.18550121036793	-0.585766702913237	0.558056287274597	0.68983787300529	-6.38680821916179
ENSMUSG00000051316	0.019215836494201	7.03133008488358	0.415484627126865	0.677803341316866	0.783489435327601	-6.38683841814175
ENSMUSG00000054309	-0.0186159101003502	7.13165645518581	-0.447168604501612	0.654770899983542	0.767229985016069	-6.38684153365328
ENSMUSG00000053253	-0.0191617335736307	7.06797955380997	-0.443878712828889	0.657147701488074	0.768932840972335	-6.38697951525206
ENSMUSG00000029171	-0.0271980634348781	7.36037526884806	-0.783674788647344	0.433264635506679	0.576570502953186	-6.38729601553779
ENSMUSG00000024511	0.0263207046118588	7.33429136222237	0.806356756903697	0.420071965056408	0.564580860950466	-6.38766401800496
ENSMUSG00000030108	0.0404961764929714	7.32664874594918	0.735989864005376	0.461768187973711	0.605212645605348	-6.38782394976992
ENSMUSG00000032398	0.0251000200718945	7.02333936639121	0.414456540647141	0.678555918264473	0.783874885901216	-6.38824277494061
ENSMUSG00000034560	0.0189188665726121	7.11284440083954	0.4248381722537	0.670971232993266	0.777927327519291	-6.3883674421466
ENSMUSG00000031198	0.0373256698622457	7.46258287100752	1.03738000639571	0.299604303008252	0.446677347198818	-6.38839637172309
ENSMUSG00000029169	-0.0211425210629423	6.88192816651522	-0.465543814474199	0.641560462981246	0.756694556878421	-6.38856275301088
ENSMUSG00000034201	0.0258504721278152	7.04852196003241	0.425006910086059	0.670848229220973	0.777922499287952	-6.38900327957516
ENSMUSG00000041020	-0.0330874250704545	7.08646824888972	-0.468395484251566	0.639520320234794	0.75510462053697	-6.38922506323576
ENSMUSG00000025137	-0.0299318607148651	7.13034831270584	-0.471755900832459	0.637119706424296	0.753017170398744	-6.38930770174373
ENSMUSG00000021991	0.0212328767279919	6.94416116562177	0.417345094956608	0.676442264573282	0.782396671478154	-6.38931799887194
ENSMUSG00000056153	0.0390992212824459	7.27253893583542	0.578243034611052	0.563123673737861	0.69415683914636	-6.3893185341571
ENSMUSG00000033128	0.0299221652691388	7.1631163232017	0.513380799722124	0.607705552024888	0.72938037102217	-6.38932732302502
ENSMUSG00000024392	0.0310501273389185	7.22655278917332	0.632930093366892	0.526805554399351	0.663933222775925	-6.38935355814908
ENSMUSG00000035958	0.0308964006940142	7.42948040322067	0.929623323851599	0.352606860629634	0.500101754726032	-6.38951883428247
ENSMUSG00000056856	0.0229706255311886	7.29752442371864	0.636306822028853	0.524602882946717	0.661794270913319	-6.38952377950978
ENSMUSG00000037049	0.0257563855070178	7.39480891479977	1.00093462855874	0.316902356483262	0.464686440392635	-6.38955178464866
ENSMUSG00000037235	0.0217403057703374	6.92996153392884	0.426333548123501	0.669881465681454	0.777138441186673	-6.38970200675153
ENSMUSG00000031137	-0.0211399793215223	7.34332122010838	-0.88589197443577	0.375714391632825	0.522559525683304	-6.38972286381289
ENSMUSG00000053929	-0.0303673259170232	6.87900303309124	-0.435827406504062	0.662979026516629	0.772142119584679	-6.38979247343363
ENSMUSG00000052374	0.0174348469831038	6.86520256727276	0.477200984390513	0.633237931861114	0.750096440902427	-6.38981318284568
ENSMUSG00000028885	0.0249337985851277	6.85258252405323	0.491444088056425	0.623131958109568	0.742376522668745	-6.39034653848031
ENSMUSG00000028851	-0.0246111752232814	6.93849531752449	-0.417212270586662	0.676539400941044	0.782396671478154	-6.39035506094361
ENSMUSG00000028347	-0.029621742194827	6.8678214412772	-0.507674640202684	0.611701850904313	0.733150120966865	-6.39048839929301
ENSMUSG00000017667	0.0208527591199896	6.94662813013315	0.451288478170124	0.651799403713642	0.764980528320843	-6.39059406292119
ENSMUSG00000036241	-0.0233097887680991	7.05258200726828	-0.406314000639449	0.684527674934535	0.788824603489388	-6.39070413957111
ENSMUSG00000027488	0.0226439334072284	6.89968611586002	0.421016932847514	0.67375913397416	0.780311587653168	-6.39090629838367
ENSMUSG00000025931	0.0220233165893102	6.85141770493146	0.494754409215567	0.620793211048697	0.74048845228173	-6.39108918540567
ENSMUSG00000035173	-0.023479847049388	6.98468427494779	-0.405081246821485	0.685433512563322	0.789590457235284	-6.39112911781669
ENSMUSG00000015094	-0.0327532256232219	7.21740230190585	-0.651906513901603	0.514488666649868	0.65287250400117	-6.39122539999475
ENSMUSG00000073616	-0.0249392399192496	7.14630044286976	-0.532143666149134	0.594647946358133	0.719754361859741	-6.39150209006241
ENSMUSG00000028832	-0.0178823700682749	7.16472216960705	-0.514657578703521	0.606812959359421	0.728745778551056	-6.39151732501851
ENSMUSG00000006395	0.0224627084025242	7.26519049975971	0.596353220703481	0.550963776280137	0.68326397263044	-6.39156243837766
ENSMUSG00000025531	0.0411376378428159	7.43339413369129	0.962763713114054	0.335708352875545	0.483721522765423	-6.39157587913779
ENSMUSG00000069670	0.0407036213123568	7.3582522653711	0.809744617898068	0.418121926750815	0.563000335803936	-6.3916559823751
ENSMUSG00000072964	-0.0173956121905245	7.07248215963385	-0.426739609402351	0.669585665065551	0.776940133567154	-6.39166427472343
ENSMUSG00000029440	0.0205641089967328	7.06329807392638	0.403799533389835	0.686375805943104	0.790189241242272	-6.39174445984926
ENSMUSG00000027956	0.0198103217855863	7.00203935809118	0.412135262916565	0.68025631220971	0.785423374146708	-6.39190467016746
ENSMUSG00000027355	-0.0244393750994751	7.13025177726326	-0.513612417107405	0.607543585456889	0.729252830365966	-6.39215884913696
ENSMUSG00000020386	-0.0248576255405926	7.39684310339715	-0.923962476809974	0.355546302250301	0.502625844071319	-6.3924939414264
ENSMUSG00000020747	0.0292166952709625	7.38272136431051	0.904486522754111	0.365777011653335	0.512282285038211	-6.3927901836297
ENSMUSG00000046311	0.0286694946870982	6.93449959831493	0.444722521260279	0.65653775508172	0.768406247946529	-6.39285781523576
ENSMUSG00000068617	-0.0220811717042997	7.18005303533137	-0.515288619822485	0.606372016725603	0.728380809521203	-6.39297646500768
ENSMUSG00000085385	0.0324811422365663	7.46620709199168	1.06292801368472	0.287861168024611	0.434229566975252	-6.39322962472897
ENSMUSG00000068328	-0.0279737428489462	7.12279112144211	-0.451950551427788	0.65132239117649	0.764762356993579	-6.39332277531983
ENSMUSG00000025170	0.0220738563396301	7.38602333212962	0.96013865766904	0.337027553536643	0.48476870258204	-6.39361608383427
ENSMUSG00000005501	-0.0305311971211131	7.26664638392932	-0.609606007452742	0.542147961117791	0.676174250448139	-6.39394251976228
ENSMUSG00000001482	0.0197185060260194	7.04101440379447	0.400388279481762	0.688886074098727	0.792106632709368	-6.39420979686809
ENSMUSG00000018339	-0.0247664800570391	7.17039622355425	-0.547978340050471	0.583728967782748	0.710834308084061	-6.39496403880464
ENSMUSG00000040040	-0.0252433012131048	7.15391260544174	-0.466528973723174	0.640855352830126	0.756135389262077	-6.39522764166957
ENSMUSG00000034591	-0.0305465441109165	7.4773708289121	-1.17104718207322	0.241630439595202	0.382331394958826	-6.39561380697183
ENSMUSG00000027177	0.0286200057526083	7.14593304839692	0.436904313770898	0.662197859789421	0.77163817125202	-6.39563978244378
ENSMUSG00000041891	-0.0383317306649227	7.28664844559656	-0.647441362435446	0.517373299474258	0.655072653454254	-6.39569437639852
ENSMUSG00000033276	0.0205637889996249	6.86121956366323	0.491371238109341	0.623183469609648	0.742376522668745	-6.3961043401432
ENSMUSG00000019124	-0.026607132797035	7.33078951350839	-0.824773034840134	0.409536152428642	0.554806219742941	-6.39613486344878
ENSMUSG00000080406	0.0290938197519601	7.22384258691245	0.538219103846343	0.590447526842433	0.715952488785878	-6.39626629448275
ENSMUSG00000026721	0.0317507808997108	7.51077832201994	1.17564730548666	0.239786626146844	0.380427352098217	-6.39638076414528
ENSMUSG00000026241	-0.0221807003575325	7.40059820279059	-0.975200643245939	0.329503543117019	0.477091394214556	-6.39655378986707
ENSMUSG00000045100	-0.0335970727447625	7.37473413608105	-0.985205105012792	0.324566581080984	0.471821638853236	-6.39672717969552
ENSMUSG00000020564	-0.0316282437831523	7.27515510170425	-0.709697918695764	0.4779215064497	0.62005235977004	-6.3968466619824
ENSMUSG00000001016	-0.0212930160296718	7.17562640010452	-0.504954411323032	0.6136110457499	0.734717012160022	-6.39689485076178
ENSMUSG00000026893	0.0190022487260997	6.99897392202248	0.404847124098519	0.68560559903045	0.78971901862051	-6.39720187689822
ENSMUSG00000027405	-0.0338726640886664	7.13983382626121	-0.473884764215398	0.635600855911982	0.751697055609726	-6.39741005810795
ENSMUSG00000028954	-0.0246418136298372	7.28521636092385	-0.726259873148282	0.467710314614142	0.610616617364214	-6.3982523902648
ENSMUSG00000033732	0.0160049242886791	7.0079837212291	0.383157288085218	0.701617922329004	0.802584695424318	-6.39847698084081
ENSMUSG00000022617	-0.0328454266629068	7.31512361296208	-0.744200742966115	0.456786766014524	0.599824708190786	-6.39855257693794
ENSMUSG00000028886	0.0380791133661589	7.32803328447491	0.787707451470688	0.430901720682554	0.574360143267766	-6.39884114351425
ENSMUSG00000064068	-0.0336488577682656	7.34125494492677	-0.886866862638537	0.37518928121103	0.521995544061085	-6.39902853885051
ENSMUSG00000046417	-0.0311823359426464	7.21772017149891	-0.605913684249985	0.544597023983185	0.678195019308271	-6.39910354240896
ENSMUSG00000091474	-0.0258505474655175	7.14491967715083	-0.441948807990655	0.658543590513423	0.769567700096246	-6.39933745809416
ENSMUSG00000026657	0.020408681051256	7.07577116242647	0.381040159537926	0.703188136215425	0.803103748407592	-6.39941064378867
ENSMUSG00000028233	-0.0293923865238757	7.10016614510773	-0.417517869621521	0.676315920040245	0.782391802170795	-6.39982557682319
ENSMUSG00000038344	-0.0179580766642511	7.00717515331588	-0.381660059028053	0.702728242946505	0.803103748407592	-6.39985803572477
ENSMUSG00000044730	-0.021031843061496	7.24984188084421	-0.620590431606037	0.534894797711936	0.670304082672535	-6.39989842608949
ENSMUSG00000029060	-0.0363874415317929	7.21833330133957	-0.622988638534321	0.533317764956948	0.668918552931553	-6.39996188018564
ENSMUSG00000085282	0.023158199820136	7.15972514271185	0.496112530640689	0.619834802400014	0.739868456694109	-6.39997005362188
ENSMUSG00000018906	0.0185213247652589	6.87301277272665	0.420952061393973	0.673806501758096	0.780311587653168	-6.40012535926149
ENSMUSG00000039428	-0.0267155657932721	6.8761504591801	-0.434487780158234	0.663951276169451	0.772799618386421	-6.40020172109662
ENSMUSG00000020922	-0.0242915625456348	6.91596320804735	-0.420875899780576	0.673862115032594	0.780311587653168	-6.40024062154615
ENSMUSG00000095123	0.0254785227471528	7.34433854767338	0.766798703291043	0.443234051077402	0.586450561787096	-6.4006036216183
ENSMUSG00000089239	0.0159170586809561	6.96230285595218	0.389295901905777	0.697072307971939	0.79885072268633	-6.40073922369178
ENSMUSG00000031762	0.0142278755118168	7.19997683886267	0.476990167964339	0.633388034996665	0.750096440902427	-6.40087235600857
ENSMUSG00000014301	0.0204195740738422	7.07573520865158	0.414857221915782	0.678262574514571	0.783812660035728	-6.40120086498022
ENSMUSG00000025133	-0.0193725845974173	7.02761054633488	-0.380898081692404	0.70329355675129	0.803103748407592	-6.40125912573364
ENSMUSG00000038500	0.0279657677539866	7.26562050570183	0.614435906050133	0.538952677957415	0.673590817334591	-6.40169378109806
ENSMUSG00000097604	-0.0333265175485469	7.41483783271834	-0.990760437264206	0.321846066139626	0.469482863275765	-6.40171893724864
ENSMUSG00000077557	0.0221171887940885	7.22455484816731	0.488419311736698	0.62527229757348	0.744052437723323	-6.40188061994664
ENSMUSG00000097751	0.0317986312377743	7.44692674412512	1.05121411359858	0.293206351063374	0.4401625442176	-6.40213265487148
ENSMUSG00000025103	-0.0256390987586963	7.06452574429753	-0.376709951687399	0.706403668539601	0.805455219345102	-6.40235927857839
ENSMUSG00000043439	-0.0262658142421905	7.17198731788577	-0.528992095889352	0.596832236137423	0.721355948625475	-6.40248215011959
ENSMUSG00000022704	0.011201793399044	7.01974169015025	0.377228765426431	0.706018129180326	0.805377477405527	-6.40273961495495
ENSMUSG00000028128	-0.0188244535538544	6.95580254676326	-0.390104954521238	0.696474014569472	0.798304832668843	-6.40304337731089
ENSMUSG00000037243	-0.0326801692316145	7.21766824050271	-0.575152680520451	0.565211520618868	0.695938324771704	-6.40313204025421
ENSMUSG00000063849	0.0309897603807885	7.29749909288746	0.677529791971835	0.49809831381108	0.638385034206036	-6.40315471925754
ENSMUSG00000041245	-0.0267638457849415	6.9951722828783	-0.376125075976727	0.706838390051252	0.805810536620602	-6.4032690188848
ENSMUSG00000074384	-0.0380491515209549	7.47182283263988	-1.12145134988822	0.262144647362979	0.405817396627187	-6.40374358920204
ENSMUSG00000030265	0.033728323806856	7.26609305488227	0.575917402621608	0.56469452706455	0.695555289828323	-6.40381300496402
ENSMUSG00000026495	0.0245917007193821	7.06560352814362	0.372043423465375	0.709874822541877	0.808427381412513	-6.40382418057845
ENSMUSG00000024976	-0.0294001761230218	7.23310305318929	-0.571604216022887	0.567613448176329	0.697788448831784	-6.40383616273085
ENSMUSG00000018750	0.0176287970219713	7.10221225025645	0.418001016799129	0.675962658505502	0.782052237995231	-6.4039548522928
ENSMUSG00000042670	0.0100001522948148	7.09646528398016	0.392011336727919	0.695064994576221	0.797038706226845	-6.40408616993888
ENSMUSG00000003423	-0.0278381858239198	7.28431728605019	-0.743513146232409	0.457202758799183	0.60019036580757	-6.40439500135975
ENSMUSG00000028098	-0.0298342227706208	7.17762047209764	-0.546503375355952	0.584742091045635	0.71147244014586	-6.40469654199114
ENSMUSG00000090546	0.0261154976545805	6.73188087690537	0.549526253145184	0.582666618135024	0.71020122564228	-6.40470274563519
ENSMUSG00000014232	-0.0185360865971402	7.05071708972232	-0.377330568957201	0.705942486089473	0.805377477405527	-6.40483129345716
ENSMUSG00000026987	-0.0215183377234442	6.91023452921817	-0.45092458541489	0.652061642986936	0.765013982434355	-6.40485664419968
ENSMUSG00000030226	0.021040543655106	6.99814982484547	0.367991009622775	0.712894069562957	0.811089698333035	-6.40485671325892
ENSMUSG00000022905	-0.0194312957489702	6.9679971966268	-0.367747728466015	0.71307546977385	0.811225586572753	-6.40517569642563
ENSMUSG00000029110	-0.0230635100726602	6.84677395970246	-0.43076490982849	0.666656161755898	0.774983348402435	-6.40527523927651
ENSMUSG00000045752	0.018372322056817	7.14276013854972	0.464212939087951	0.64251352690631	0.75733403353501	-6.40543448495627
ENSMUSG00000043668	-0.024438428000142	6.95128745519371	-0.418126176405902	0.675871157495755	0.782015483334903	-6.40547333978734
ENSMUSG00000012296	-0.0171635970844841	6.97796681223757	-0.377192656132897	0.706044960171523	0.805377477405527	-6.40568237112397
ENSMUSG00000084910	0.0153652378619151	7.09763015557942	0.381029479203674	0.703196060732927	0.803103748407592	-6.40569963373524
ENSMUSG00000081996	0.0136121857996532	7.12363342054172	0.387576618924068	0.698344341083103	0.799833138288557	-6.4057161422971
ENSMUSG00000028152	0.0366147922995275	7.31353718258968	0.806503316232671	0.419987495677024	0.564580860950466	-6.40578353812491
ENSMUSG00000093187	-0.0323345484700575	7.2243966772182	-0.676509974419246	0.498745304737865	0.638964040476381	-6.40588030374271
ENSMUSG00000022561	-0.0305768366462553	7.23459605855731	-0.639391061116925	0.52259513635801	0.660024650318258	-6.40607705830427
ENSMUSG00000060149	0.0188269884449017	7.30405936653041	0.624253099257681	0.532487218109317	0.668528573238835	-6.40626110354815
ENSMUSG00000051695	-0.0170666763280432	6.85255069394077	-0.450676306552427	0.652240589823757	0.765086802434605	-6.40668639275082
ENSMUSG00000020409	-0.0281349578226129	6.90456965392157	-0.442736846965996	0.657973462333299	0.769330049912258	-6.40688813217062
ENSMUSG00000003546	-0.020554169455365	7.11023702625751	-0.400698648187449	0.688657538194748	0.791980366307593	-6.4069025315054
ENSMUSG00000044982	0.0264798467255742	7.54719670483843	1.17162327921148	0.241398984151141	0.382146165277656	-6.40710897888312
ENSMUSG00000085505	-0.0170985873029146	7.09138662560538	-0.378961163836328	0.704731301471867	0.804389032159519	-6.40763484242408
ENSMUSG00000021253	-0.0166302813187231	7.01284411057882	-0.361244317377524	0.717930661799372	0.814696040935891	-6.40792170903249
ENSMUSG00000022237	0.0445197561054593	7.34346813706482	0.91553960430116	0.359948476144349	0.506813763108075	-6.40795250658634
ENSMUSG00000029028	-0.0171129706429811	6.93589695201785	-0.371644034397321	0.710172185589506	0.808625348211673	-6.40801267351055
ENSMUSG00000039713	0.0485318736019211	7.484969363828	1.20362993060734	0.228784340112591	0.366749673166897	-6.40814340923254
ENSMUSG00000031732	0.0354826042199212	7.27728420438749	0.734538466580048	0.462651874928769	0.606067475141829	-6.40817569909681
ENSMUSG00000036964	0.0229455000726109	6.79932924784646	0.465285736599194	0.641745231110928	0.756844299225679	-6.40817758673875
ENSMUSG00000097063	-0.0233612545163293	6.95038715498846	-0.419499612423602	0.674867388182992	0.781234719289718	-6.4081874180181
ENSMUSG00000017631	0.0332745223393154	7.25520570811973	0.686167023000942	0.492636654343717	0.633369250581159	-6.40823089621769
ENSMUSG00000030417	-0.0186255397929944	7.07873885838323	-0.385442350583978	0.699924585744771	0.801137670621659	-6.40828237220198
ENSMUSG00000018844	0.0163991165521793	6.98826482411932	0.360189501209863	0.718719227438058	0.815281186206889	-6.40842955391741
ENSMUSG00000038576	0.0492745391526768	7.5174416700102	1.23596212376602	0.216525317059093	0.351836843854741	-6.40843835727459
ENSMUSG00000038991	0.0264911196510473	7.44005208666032	1.0000101191595	0.31734951299042	0.465121949420358	-6.40892611804796
ENSMUSG00000031171	-0.011983510741886	6.91935552355167	-0.372300012386151	0.709683803910592	0.808308330035374	-6.40897899699566
ENSMUSG00000060935	0.0170429477186484	7.12508671982586	0.396501902784603	0.691750155113456	0.794420441293454	-6.40936648763671
ENSMUSG00000032295	-0.0395525100828387	7.35658642014906	-0.850665146941923	0.39499234390021	0.540981249748043	-6.40945213457356
ENSMUSG00000026113	-0.0240921416669453	7.11008152851028	-0.460385472852655	0.64525772318947	0.759481624741216	-6.40951082625682
ENSMUSG00000024798	0.0184511469755426	7.1660299464482	0.440023505194113	0.659937337916229	0.770467084710612	-6.40961327453702
ENSMUSG00000020359	0.0202078043790825	7.30786220452384	0.617425074340878	0.53697989509037	0.672161849748841	-6.40961580732932
ENSMUSG00000029649	0.017135077244264	7.08572617939778	0.393516792219833	0.693953045954539	0.796189984414163	-6.40979693377989
ENSMUSG00000018199	0.0276258752591207	7.3175833363537	0.660295276496263	0.509091955062807	0.648097226340166	-6.40986364710895
ENSMUSG00000021276	-0.0202248890565873	7.19229005185964	-0.575134270797448	0.565223969393334	0.695938324771704	-6.41016059265153
ENSMUSG00000057182	0.0224766708496054	7.16899342119705	0.448797976751547	0.653595043125864	0.766328108609845	-6.41017588594006
ENSMUSG00000098926	0.0401346500230977	7.3632294087765	0.826821656643559	0.408373947374549	0.553977907794132	-6.41017710282807
ENSMUSG00000058748	0.0378367352806173	7.37983801522568	0.809900357655274	0.41803241199673	0.562995611342577	-6.41023733027988
ENSMUSG00000029416	-0.0203813602775567	6.78995096125742	-0.49211056933325	0.622660781230607	0.742091483647802	-6.4102841743512
ENSMUSG00000027332	0.0136284148481156	7.25808611893946	0.523007634876281	0.600989964795134	0.724158472069761	-6.41045842217285
ENSMUSG00000035215	0.020980068861717	7.16317971838734	0.489134970355066	0.624765609333705	0.743719890652561	-6.4105297321487
ENSMUSG00000048581	0.0256733041956423	7.27353686004176	0.65464234413186	0.512725372278178	0.651203004837592	-6.41060369803518
ENSMUSG00000090125	0.0206363239109244	7.18560039605713	0.476554247371997	0.633698462140667	0.750396189068886	-6.41076295392462
ENSMUSG00000063296	-0.0178952118288036	7.04132982176671	-0.352700551878312	0.724326432761906	0.819467823860947	-6.41089975003457
ENSMUSG00000056812	-0.0382132335060179	7.27709225962039	-0.728724225522238	0.46620133365059	0.609132520973406	-6.41095887561741
ENSMUSG00000015605	-0.0161026163319491	6.85417563050131	-0.408896337251783	0.682631624695876	0.787124645985415	-6.41101168126144
ENSMUSG00000043866	0.0175038532650929	7.03410559158882	0.349914645663608	0.726416125824158	0.820943381482839	-6.41103847858275
ENSMUSG00000032936	-0.0383662573343315	7.23567859571247	-0.727437136229022	0.466989111204685	0.609918340372281	-6.41109330203757
ENSMUSG00000034248	-0.0183886673034639	6.89378845491328	-0.40350136677205	0.686595082842936	0.790302692507448	-6.41128166874261
ENSMUSG00000023019	0.0169680218644332	6.94899378470376	0.364234668074531	0.71569675381231	0.813359540009615	-6.41130249714581
ENSMUSG00000014504	-0.0183722468894745	6.8907533489812	-0.393694520472649	0.693821817028196	0.796171025377609	-6.41131836504957
ENSMUSG00000096995	-0.026180343280048	7.47727244446445	-1.10192960569556	0.270540394418424	0.415682254828811	-6.41133108499959
ENSMUSG00000051232	0.0297775005095033	7.35780296252874	0.912061858305488	0.36177604679845	0.508521795650129	-6.41135663161586
ENSMUSG00000058589	-0.0347654068292309	7.2596525781879	-0.633645954927393	0.526338197070546	0.663535837847625	-6.41150710223102
ENSMUSG00000017491	-0.0289530350826084	6.52327790114215	-0.691461856012094	0.489304468103432	0.630137133229405	-6.41158151538245
ENSMUSG00000030878	0.0212020541359301	6.90010208613996	0.431602983883342	0.666046871579837	0.774464598229125	-6.41176604769192
ENSMUSG00000025579	0.0282684224163159	7.19888421638742	0.548403805855472	0.583436876031394	0.710544705209582	-6.41192088022428
ENSMUSG00000022861	-0.0232447388023429	7.18095215169604	-0.524476701268297	0.599968113566818	0.723476332579606	-6.41195905461538
ENSMUSG00000022265	-0.0191037031056931	6.9726312780416	-0.349980017643031	0.726367067248439	0.820943381482839	-6.41218850805969
ENSMUSG00000018341	-0.0215063895404972	7.03289624340917	-0.355240085946293	0.722423330107936	0.818163169357535	-6.4123283755314
ENSMUSG00000028608	-0.024210418146053	7.15463178722249	-0.421328259438445	0.673531827790981	0.780274196039246	-6.41248673818957
ENSMUSG00000092187	-0.0146056018036553	7.13831378178928	-0.387349524362852	0.698512423321138	0.799915732708803	-6.41260693386846
ENSMUSG00000034653	0.024216416376273	7.17918867130818	0.43405758181391	0.664263617866772	0.773025714232158	-6.41261615416496
ENSMUSG00000031284	0.0243666458541689	7.1586689143123	0.456928352382753	0.647740552456176	0.761897924222666	-6.41267425153992
ENSMUSG00000027665	0.0270874824168921	6.84488480338676	0.451817278725968	0.651418400425918	0.764762356993579	-6.4126855339352
ENSMUSG00000066900	0.0282283925049205	7.19497364682024	0.530659093839696	0.595676418383611	0.72049110028439	-6.41271273661787
ENSMUSG00000026558	0.0378320794491547	7.45264261637528	1.0719488623097	0.283789937526914	0.430120150741186	-6.41274935479136
ENSMUSG00000032640	0.0206802664898946	7.17868963164876	0.401680966306196	0.687934408636485	0.791496377350283	-6.41278984056102
ENSMUSG00000026679	-0.0182598390074622	6.8745081567505	-0.408471555959282	0.68294337811129	0.787345430277651	-6.41292532377363
ENSMUSG00000062580	-0.0178346363498063	6.95722460549929	-0.347884893847289	0.727939915999616	0.821621125341272	-6.41294706469791
ENSMUSG00000028657	0.0274354433407078	7.29847347247544	0.583033237912192	0.559894779444464	0.691131666272574	-6.41294938000788
ENSMUSG00000041328	-0.0157703530305557	6.9556833897383	-0.360054805084117	0.718819945950666	0.815281186206889	-6.41299536775383
ENSMUSG00000021814	-0.0339521371376197	7.31626265834209	-0.814695334105089	0.41528192563935	0.56061775319348	-6.41321610102372
ENSMUSG00000041057	0.0233325596115872	7.23795137764753	0.555473322903633	0.578593497648324	0.706288677968471	-6.41366522536498
ENSMUSG00000025128	-0.0352221648839475	7.26475978424796	-0.705722103573746	0.480390799659215	0.621838674029903	-6.41381956165124
ENSMUSG00000047117	-0.0218071458822857	7.05496238246409	-0.347333204570783	0.728354270518566	0.821802726115118	-6.41384755664598
ENSMUSG00000027950	-0.0326712930904183	7.34345999442081	-0.898028727145711	0.369209462611034	0.515749410664606	-6.41405031805902
ENSMUSG00000052794	0.0133494482486833	7.17643495048329	0.421038998837238	0.673743022143055	0.780311587653168	-6.41417942116959
ENSMUSG00000090063	-0.0257548716426363	6.69780759554878	-0.584462593326783	0.558933047630225	0.690530476509853	-6.41423903029633
ENSMUSG00000034911	-0.0178177266638206	7.11209967904471	-0.368195509768242	0.712741598597269	0.810986703357852	-6.41436348915824
ENSMUSG00000056427	0.0181008994526506	7.06671814209114	0.357107458249329	0.7210250335376	0.817145060515431	-6.41443719090157
ENSMUSG00000010205	0.0192732742610291	7.31648458260459	0.655153693965779	0.512396147421957	0.650911154865929	-6.41457292141047
ENSMUSG00000027569	0.0130606455868687	7.1179791956628	0.377692290928328	0.705673739277826	0.805254126612507	-6.4145867760339
ENSMUSG00000024889	0.0194529554201175	6.98782120369	0.337668717424647	0.735625711109209	0.827176141015353	-6.41489014877549
ENSMUSG00000029223	-0.0320441842514478	7.32249445358771	-0.871380659876256	0.383584297169462	0.530126213294901	-6.4150097292003
ENSMUSG00000078622	-0.0230650994062218	7.07813077837335	-0.346308035770668	0.729124449770183	0.822408658257192	-6.4151346135153
ENSMUSG00000026484	0.03798603995169	7.38222422098152	0.796196785887451	0.425951957983325	0.569909354513816	-6.41516574279927
ENSMUSG00000062203	-0.0208315178720699	6.92340867296056	-0.378151214561443	0.705332827870338	0.804988450944886	-6.41549447943875
ENSMUSG00000033585	0.0102376161927014	6.92145746281299	0.355411455964651	0.722294968746597	0.818159346844648	-6.41550974872448
ENSMUSG00000003575	0.0417266140538768	7.23877194388407	0.656530169087255	0.511510472884069	0.650227702786506	-6.41557018193391
ENSMUSG00000039208	-0.0232498481524139	7.1344418546767	-0.482163673960197	0.629708826848076	0.747607714782031	-6.41589629804281
ENSMUSG00000020605	0.0232284796456659	7.26688563753698	0.483049368658846	0.629079870174396	0.74715718591338	-6.41601347744378
ENSMUSG00000020150	0.0177490586234583	7.08585038018258	0.334108705255169	0.738310243376038	0.828984365890145	-6.41604473654025
ENSMUSG00000025876	-0.022823227202843	7.18824882187432	-0.553760002414107	0.579765569577113	0.707126032877172	-6.41612266315903
ENSMUSG00000029518	-0.0173148245545711	7.19577851699339	-0.539349979342909	0.589667175909184	0.7156027685394	-6.41633323708139
ENSMUSG00000013663	0.0292420468638825	7.33494767361001	0.748565247599764	0.454151227887529	0.597404826854628	-6.41644588599014
ENSMUSG00000027566	0.0323133524530306	7.33921975329416	0.768356716575587	0.442308208215315	0.585665880376611	-6.4164983894065
ENSMUSG00000040840	-0.0265737869183864	7.36459799321435	-0.868496571296088	0.385160364736889	0.531630943082273	-6.4165748034949
ENSMUSG00000040188	-0.0187480441277907	7.11615070845844	-0.350024069681291	0.726334008912333	0.820943381482839	-6.41680578594433
ENSMUSG00000046516	0.0174505476627687	7.13897385297004	0.368445042569718	0.712555567792931	0.810887792106421	-6.41681052855511
ENSMUSG00000025427	-0.0187626481975176	6.93609273123339	-0.335532547830747	0.737236167714797	0.828140281880456	-6.41685234115098
ENSMUSG00000009647	0.0160232042307218	7.07710855915482	0.356468472968143	0.721503403805795	0.817469079397661	-6.41699499803595
ENSMUSG00000030652	0.0285824875940746	7.36663187533608	0.864141034647582	0.387548025793606	0.534332763217189	-6.41704680588164
ENSMUSG00000028484	0.0207217623691545	7.35615776355596	0.756736707958129	0.449239964885048	0.592231358400468	-6.41737417636387
ENSMUSG00000029545	0.0272813646088235	7.3620462068059	0.775291114372739	0.438200921397122	0.581641170477421	-6.4175657064974
ENSMUSG00000097801	0.0227789526067772	7.49045772732308	1.13266767448117	0.257403110299234	0.400085660695426	-6.41766019537339
ENSMUSG00000032462	-0.0219252598770865	7.08458673866938	-0.417366225720359	0.676426811839004	0.782396671478154	-6.41770694093928
ENSMUSG00000048546	0.0163024517146795	7.0563849230133	0.328395022961755	0.742625481332516	0.832188034032808	-6.41771152838113
ENSMUSG00000029868	0.0278008037106634	7.46341844300227	1.07810697583117	0.28103320187345	0.427029558835563	-6.41774916513789
ENSMUSG00000030126	-0.0162767805858701	6.81022682426222	-0.468401080901827	0.639516318950663	0.75510462053697	-6.41783189473067
ENSMUSG00000031458	-0.0270628417202756	7.0873901682738	-0.438276378451226	0.661203124351933	0.771109148763185	-6.41787455998018
ENSMUSG00000024276	-0.0138165241045431	6.94187191191451	-0.361987474744065	0.717375268243404	0.814399327574781	-6.4181408928423
ENSMUSG00000063531	-0.0124720503663838	7.03372158090111	-0.336617388786952	0.73641816221968	0.827711759939908	-6.41825171880481
ENSMUSG00000020706	-0.0295909098373128	7.1785402934908	-0.480800925306626	0.630677077546342	0.748336748451409	-6.41833698580325
ENSMUSG00000034300	-0.0223575332342465	7.17636560831496	-0.526809489216882	0.598347094046606	0.72231997743275	-6.41836261861687
ENSMUSG00000031216	0.0237906879368142	7.14085226440658	0.43634759933152	0.662601643332226	0.771861486085356	-6.41838751389293
ENSMUSG00000027288	0.0235412687421981	7.09569674201211	0.354572092634723	0.722923752015622	0.818450918447994	-6.41853172415472
ENSMUSG00000040548	-0.0240188100833132	6.93658522814121	-0.331201719927737	0.740504712848262	0.83066469887837	-6.41860241152682
ENSMUSG00000045996	0.0165194219015667	7.11590570540619	0.34290213538483	0.731685162756113	0.824427796570151	-6.41869213171843
ENSMUSG00000084883	-0.0175805235073874	6.9862975406546	-0.327013662338483	0.743669970468383	0.833029134338166	-6.41874061258677
ENSMUSG00000003581	-0.0307587397294373	7.27662792124537	-0.655818657682837	0.511968185558771	0.650688330059754	-6.41941570688882
ENSMUSG00000024513	0.024681196842872	6.81113364008849	0.498863316007125	0.617895588437035	0.738361541056742	-6.41954163081231
ENSMUSG00000026389	0.0198482708841352	7.0674608377547	0.324898335369344	0.745270348278472	0.834437646426217	-6.41957164438506
ENSMUSG00000044147	-0.0151437377740491	7.04980310286138	-0.328857886012832	0.74227560226916	0.831938377271453	-6.41964338916998
ENSMUSG00000047084	0.0148263001720021	7.20167253053418	0.515297581154822	0.606365755989159	0.728380809521203	-6.41964420811786
ENSMUSG00000004931	-0.0181542796910712	6.94454304270033	-0.33788189860815	0.735465057608435	0.827066529308506	-6.41970639566057
ENSMUSG00000059839	-0.0178617297471186	7.1947700425831	-0.463720692413101	0.64286618295354	0.757552121262623	-6.41989945622487
ENSMUSG00000024146	-0.0187036208055185	7.35365349692497	-0.76262995070315	0.445716755100607	0.589038418143402	-6.41991489342505
ENSMUSG00000039473	0.0225199655176196	6.82634416781276	0.404519119347495	0.685846718737794	0.78971901862051	-6.41993715405612
ENSMUSG00000050751	0.0261715566585066	7.14931512532616	0.51314027956144	0.607873764557955	0.729515384140869	-6.42022759330623
ENSMUSG00000024592	-0.018429323383967	7.16815039837676	-0.385103650562333	0.700175484124953	0.801354789593835	-6.42032015974622
ENSMUSG00000016933	0.0269191853717858	7.4544786789853	0.998901893982247	0.317886072162968	0.465521751315165	-6.42040007131131
ENSMUSG00000038781	-0.0197427425323591	7.10722862608438	-0.367521324665187	0.713244300132187	0.811347152431193	-6.42061238011763
ENSMUSG00000002804	0.0250291588172589	7.33248218985095	0.802057277651875	0.422554407084562	0.567231436194291	-6.42080519154353
ENSMUSG00000002319	-0.0320241198013509	7.08920021871048	-0.392505489707654	0.694699934399858	0.796759661950324	-6.42098112948471
ENSMUSG00000024911	-0.0309741791893705	7.34476652644722	-0.820405480544613	0.412020472639925	0.557249176425816	-6.42104547974862
ENSMUSG00000035953	-0.0345988332366041	7.3350585051271	-0.838770504560614	0.401634482165337	0.547843159044446	-6.42106046974888
ENSMUSG00000033389	0.0192855655528028	7.24594718168137	0.583817743319948	0.559366831092921	0.690935989496039	-6.42128481503862
ENSMUSG00000090108	0.0174894740327352	7.18085866519341	0.414126228581338	0.678797780486667	0.784085101652678	-6.4212926712059
ENSMUSG00000090262	0.0351352241592133	7.26750009340537	0.693843295718774	0.487809729253599	0.628768826955609	-6.42132947295542
ENSMUSG00000039911	-0.0190878259528926	6.99391687600851	-0.323040408547408	0.746676894643582	0.83565514657837	-6.42137019064636
ENSMUSG00000047945	-0.034021871929756	7.29250972501771	-0.621760922553947	0.534124802772141	0.66948414723723	-6.42137456242228
ENSMUSG00000041528	0.0292337452823714	7.25003955372238	0.594837932328563	0.551976228647087	0.684130719061598	-6.42146357704754
ENSMUSG00000041130	-0.0200448944907263	7.10691360114485	-0.366460613720205	0.714035464172701	0.812106011375989	-6.42155021082017
ENSMUSG00000068876	-0.0223844361230308	7.21763145102982	-0.554631695582231	0.579169110489409	0.706793623650945	-6.4216402132283
ENSMUSG00000021068	-0.0149252472694474	7.07849640435458	-0.341357622765337	0.732847386485744	0.82532799861259	-6.42236891875449
ENSMUSG00000001847	0.0257525116058899	6.94600963029279	0.349206525191183	0.72694760860339	0.82115600447244	-6.42249124987021
ENSMUSG00000021130	0.0261371274373641	7.21847666990526	0.562502003678125	0.57379691660467	0.702266918966845	-6.42250103721311
ENSMUSG00000014633	-0.0142945443145326	6.92334550317465	-0.317902688429017	0.750570797184841	0.838293198835006	-6.42282023062818
ENSMUSG00000024081	0.022022216368244	6.86255289772752	0.419741398347484	0.674690739882074	0.781132929477902	-6.42293777374513
ENSMUSG00000022110	0.0183507921036297	6.95801712144616	0.310210491086582	0.75641262231226	0.842517785546376	-6.42309821714909
ENSMUSG00000006930	-0.0300089535295385	7.28490753533221	-0.721230963347184	0.470798016901793	0.613180226549769	-6.42325999024053
ENSMUSG00000024855	0.0382781550422404	7.42838625966373	1.04654139892675	0.295357036081328	0.441972147259886	-6.42330116180218
ENSMUSG00000037239	-0.0349116558823246	7.19327581250582	-0.594501578047983	0.552201090410213	0.684215093285113	-6.42332749571706
ENSMUSG00000026159	-0.0142091310077097	7.24016406530085	-0.586245759441389	0.557734382932143	0.689505055840191	-6.42336810493891
ENSMUSG00000037095	0.0193516095599318	7.24594050676166	0.500411685552526	0.616805207578557	0.737398817558217	-6.4233837912536
ENSMUSG00000051855	0.0187673800733021	6.87076408315768	0.338711306491196	0.73484012536729	0.826666476938167	-6.4234525326065
ENSMUSG00000005370	-0.0189982053579012	7.03874850820663	-0.31149788777381	0.755433930196632	0.842000767421616	-6.42358922532962
ENSMUSG00000037747	-0.0176566269478826	7.09195963819914	-0.320698025614308	0.748451402343491	0.836612865304438	-6.42366614658854
ENSMUSG00000025145	-0.0355828532968054	7.28782115854634	-0.673619028444821	0.500581799824265	0.640439453073319	-6.42370902016874
ENSMUSG00000053754	0.0333799709753784	7.26194897167289	0.569155580811476	0.569273755307241	0.698849367480534	-6.42376220490796
ENSMUSG00000057841	0.0168355507570066	7.35733293155714	0.789030362244198	0.430128200818288	0.573796454566234	-6.4238366541951
ENSMUSG00000051617	0.0155178446615647	6.90304742614224	0.374403339124352	0.708118662967701	0.806988991606297	-6.42391820696029
ENSMUSG00000003559	0.0296496085598834	6.8272983529786	0.472398474775398	0.636661097069152	0.752678985265426	-6.42438259280202
ENSMUSG00000025041	-0.0118992231943427	6.90781986701337	-0.347131429061467	0.728505836887076	0.821802726115118	-6.42457241612675
ENSMUSG00000053289	0.0212560253708167	7.06905723380846	0.336061718545213	0.736837118458874	0.827892727690912	-6.42474273883151
ENSMUSG00000027108	0.0238385047372551	7.22689422168617	0.516295580979258	0.605668695372236	0.7278053017562	-6.42478129681239
ENSMUSG00000087026	0.020212959562989	7.12495808317579	0.409249196714986	0.682372696972187	0.787103378745364	-6.42484296426338
ENSMUSG00000093124	-0.0249899002601133	7.14937967997764	-0.427407030569712	0.669099584829173	0.776651455322593	-6.42493042808401
ENSMUSG00000000194	-0.0170482228429449	6.87800517020736	-0.35094078893161	0.725646183465786	0.82042259798611	-6.42493786370886
ENSMUSG00000062542	0.0236144145652393	7.16360830077944	0.429789917175244	0.667365270309672	0.77546339920957	-6.42497152467633
ENSMUSG00000036411	-0.0151964824017732	7.03307389826921	-0.317487177537628	0.750885994354185	0.838573695989507	-6.42505416798192
ENSMUSG00000035585	-0.0226252211677611	7.18289938437429	-0.50689771122006	0.612246870767967	0.733553219739564	-6.4252590640959
ENSMUSG00000056216	0.0133536979469531	6.85090054183464	0.428848268575354	0.668050410040197	0.776016331381147	-6.42534579607075
ENSMUSG00000038497	0.0151431898203933	7.0752009822344	0.319256654683834	0.749543998154227	0.837624302714124	-6.42539493058977
ENSMUSG00000055319	-0.0150566498037339	6.99457719672221	-0.310888990011865	0.755896771671964	0.842229832742924	-6.42553444423338
ENSMUSG00000037060	0.0185484314404505	7.17574748774903	0.356605452268435	0.721400846368484	0.81742945132908	-6.42560189966479
ENSMUSG00000020246	-0.0216580899023118	7.09440790203503	-0.391347179770373	0.695555758204909	0.79739194276871	-6.42572219850816
ENSMUSG00000026341	0.0265900660158884	7.22768032536822	0.530186729209715	0.596003830058244	0.720687368903901	-6.42598715254207
ENSMUSG00000042589	-0.0390224470267215	7.46043809539345	-1.1309412399338	0.258129033688763	0.400957219161487	-6.42605340727828
ENSMUSG00000028923	0.0240902358570176	7.26861906652965	0.489264703815774	0.624673776676564	0.743678192620676	-6.42608576948991
ENSMUSG00000041846	0.0184976062356697	7.0940307629958	0.309077849903653	0.757273991080917	0.842884706842626	-6.42623691265397
ENSMUSG00000069171	-0.0224636559422606	7.51227320474934	-1.17156887219439	0.241420836287271	0.382146165277656	-6.42649543610587
ENSMUSG00000031577	0.0153681971810293	6.91204564527693	0.337117502278698	0.736041160863404	0.827473137248861	-6.42687809856112
ENSMUSG00000024241	0.0270398680642554	7.19183547256519	0.422785020485505	0.672468611979349	0.779249342187435	-6.42720171393177
ENSMUSG00000001419	0.0188967721979179	7.09717815177165	0.360877229551304	0.718205057413693	0.814936783815225	-6.42731502920264
ENSMUSG00000032500	-0.0161169112528681	6.88944564677029	-0.347872775330605	0.727949016939733	0.821621125341272	-6.42746199754072
ENSMUSG00000024712	0.0243070758637272	7.14974479784948	0.383442370180472	0.70140658221566	0.802413052636091	-6.42765307880588
ENSMUSG00000074269	-0.0154688066186353	6.86472802936793	-0.381545691885736	0.702813081873343	0.803103748407592	-6.42786258468939
ENSMUSG00000039357	0.0155144846904376	7.0705250280092	0.310384367479453	0.756280416831473	0.842442203450833	-6.42805019193622
ENSMUSG00000048483	-0.0244399265847779	7.33731431315455	-0.837714159483471	0.402227584532537	0.548480734996352	-6.4281625454071
ENSMUSG00000034566	0.0169720690478874	7.05507691677939	0.324005592217576	0.745946095171125	0.834980016927186	-6.42822350184187
ENSMUSG00000029918	0.0151015195223687	7.10460302175884	0.333121842994102	0.739054982968179	0.829643041989799	-6.42830143612671
ENSMUSG00000075467	-0.0166135487037122	6.90245067753453	-0.318620085411374	0.750026694086822	0.837962276276163	-6.42833697361366
ENSMUSG00000035236	0.0281678363903337	7.48450093688541	1.06676821686012	0.286123240464849	0.432445385507206	-6.4283978358815
ENSMUSG00000016179	-0.0376445494091033	7.22068428561778	-0.704104749809853	0.481397289848629	0.622772556518704	-6.42858546455362
ENSMUSG00000031960	-0.0197784304124511	6.93167015858174	-0.310493546464325	0.756197407137964	0.842433487590232	-6.4286070934695
ENSMUSG00000055762	0.0254875147443006	6.75810198665681	0.487013346475114	0.626268240513995	0.744852284622827	-6.42885739359518
ENSMUSG00000036114	-0.0147805162506822	6.96168936541309	-0.295989276298488	0.767249422435312	0.850745222097681	-6.42895453529319
ENSMUSG00000020964	-0.018761158352075	6.76368846364904	-0.455503855489454	0.648764738742534	0.762750387380776	-6.42902854673312
ENSMUSG00000052928	-0.0203777317272653	7.07873947022604	-0.362902278872741	0.716691800847958	0.814170880441262	-6.42904047025033
ENSMUSG00000029185	0.0220915859584707	6.95635611369188	0.341617597368963	0.732651716327432	0.825249614571	-6.42923380537415
ENSMUSG00000033102	0.0242457724162906	7.03629197971002	0.293779179455838	0.768937707967509	0.851902553330848	-6.42930307631981
ENSMUSG00000002393	0.0165276985998677	7.04107979550132	0.295944155727828	0.76728387887106	0.850745222097681	-6.42940557520712
ENSMUSG00000012609	0.0181305615916747	7.17587287635588	0.351836139811473	0.72497460456591	0.819882639599042	-6.42968435141804
ENSMUSG00000049336	0.0443536848687422	7.39516569901251	0.920157403352376	0.357530782193936	0.504341450326798	-6.42969490677346
ENSMUSG00000029480	0.0129579456500828	6.97571242342832	0.31251079923021	0.754664180352245	0.841501017730312	-6.42986476005188
ENSMUSG00000037415	0.0316409654437084	7.24742947319058	0.599314721610568	0.548987667008245	0.68171624194193	-6.42996057222615
ENSMUSG00000097277	-0.0278244594755312	7.21874753911834	-0.503250122535069	0.614808540199123	0.735808226627711	-6.43004359775181
ENSMUSG00000065564	0.0256210069728695	7.32198962038196	0.717581166915494	0.473045985737552	0.615373414673692	-6.43010578952956
ENSMUSG00000020719	0.0238231294172371	6.7439634139068	0.507507532588464	0.611819059658555	0.733150120966865	-6.43014883911942
ENSMUSG00000018865	-0.0308540773373069	7.45184335556211	-1.11579574755353	0.264558220851212	0.408394791579303	-6.43017249264166
ENSMUSG00000045092	0.0284062644323138	6.7871311193007	0.502110252769929	0.615610027259134	0.736436995328635	-6.43017698241393
ENSMUSG00000027502	-0.0247956199977786	7.203762002341	-0.508723229571876	0.610966600702485	0.732492296731891	-6.4302023221997
ENSMUSG00000021290	-0.0170631556381498	6.98506400334401	-0.297626036189563	0.765999818356693	0.849778904550026	-6.43023814347172
ENSMUSG00000026858	-0.0250655331290233	7.15046467197861	-0.479364104518055	0.631698644827078	0.748840878130759	-6.43050865156536
ENSMUSG00000078700	0.0242565995345521	7.3587628097809	0.836157332134157	0.403102648094223	0.549387868920421	-6.43052548729789
ENSMUSG00000042632	0.0153148522539173	7.07896363045948	0.296301195130592	0.767011237436958	0.850632030539996	-6.43060227238426
ENSMUSG00000029359	0.0178561317538763	7.12371646087122	0.387583550851323	0.698339210704803	0.799833138288557	-6.43065408536103
ENSMUSG00000027710	0.0307026297563686	7.22661516795957	0.547312887077557	0.584185952641232	0.711095927868797	-6.43074306185001
ENSMUSG00000028862	0.0132955960981134	7.02662771882092	0.285357179836729	0.775381232706184	0.857100199360279	-6.43075263992615
ENSMUSG00000029500	0.0262207917173738	7.40535042074253	0.968175639529668	0.332999142220724	0.480733232964469	-6.43079644462269
ENSMUSG00000024055	0.0198543239206579	7.25592327416372	0.4680562766041	0.639762853841711	0.755310143780032	-6.43082194020823
ENSMUSG00000031278	-0.0236813784506325	7.16130824140995	-0.438967034754366	0.660702630504955	0.770900216483943	-6.43086844265197
ENSMUSG00000019699	-0.0214611928109294	7.1383805463434	-0.414707852930787	0.678371923710965	0.783859598162392	-6.43103607762609
ENSMUSG00000079681	0.015592628944245	6.94794301949503	0.300892388536849	0.763507904692095	0.847752140465517	-6.43107603030272
ENSMUSG00000022684	0.0143029623198885	7.05337182731879	0.294718372372377	0.768220127224998	0.851395742455741	-6.43113786439756
ENSMUSG00000065954	-0.017307210752425	7.0319598110183	-0.30378281210677	0.761304829717995	0.845879897366374	-6.43118900352088
ENSMUSG00000028849	0.0147362255963026	6.94286143517486	0.337939418445444	0.735421712597984	0.827066529308506	-6.43126482043241
ENSMUSG00000038000	-0.0256936798563592	7.17810932595145	-0.520418178997487	0.602793046647689	0.725679684295315	-6.43134187729906
ENSMUSG00000050505	-0.0237029908219446	6.84322752429496	-0.412446577409053	0.680028171884098	0.785229213821362	-6.43148567348565
ENSMUSG00000020440	0.0318632729501331	7.34721887658973	0.836769593458497	0.402758371411373	0.549032965276729	-6.43151871555224
ENSMUSG00000038400	-0.0166224924724307	7.11290999332808	-0.333427303624615	0.738824439668217	0.829490572346822	-6.43184155128405
ENSMUSG00000000058	0.0331629648811171	7.52372265757753	1.13682803691747	0.255659604809602	0.398179341680621	-6.43190397499178
ENSMUSG00000035357	-0.0431893499543188	7.41320012616817	-0.97886990969416	0.32768722616929	0.474988374555062	-6.43191135237536
ENSMUSG00000086693	-0.0184046534029516	7.00232836418061	-0.282792298806088	0.777346678086165	0.858603113937743	-6.43191167915089
ENSMUSG00000006289	0.0181006840492586	7.13509124019539	0.353040545701934	0.724071545502067	0.819322696235892	-6.43199168492069
ENSMUSG00000044950	0.0162317727371581	7.16040849181021	0.351764546095766	0.725028297333654	0.819882639599042	-6.43207047726162
ENSMUSG00000054302	0.0211516617485179	7.11929712946079	0.309977287088569	0.756589948245344	0.842521743508517	-6.43208476593077
ENSMUSG00000022261	0.01633310531271	6.97526521510483	0.303480363591441	0.761535265057492	0.846064128490554	-6.43213214786218
ENSMUSG00000031731	-0.0140563763328982	7.03639291943529	-0.282856438001576	0.777297511356935	0.858603113937743	-6.43220970741469
ENSMUSG00000021721	0.0223912929253975	7.36114111078738	0.791534834141542	0.428666020303758	0.57260438096284	-6.43237295669111
ENSMUSG00000028850	0.0248687758925552	7.30954007430215	0.703774702248923	0.481602821628424	0.622914852870908	-6.43245215967675
ENSMUSG00000031245	0.0228721808690153	6.88558919487707	0.391497432661511	0.695444721085342	0.797336058022311	-6.43257168908714
ENSMUSG00000024472	0.0237764006098082	7.09809830014678	0.347198834648331	0.728455203098957	0.821802726115118	-6.4329511767129
ENSMUSG00000021514	-0.0127762903577597	6.98308251786918	-0.279136632417086	0.780150444829577	0.860684639749193	-6.43299220835532
ENSMUSG00000074194	0.0283736837076125	7.22842190247325	0.549067466326004	0.58298139441799	0.710356683175891	-6.43305630652512
ENSMUSG00000022469	0.0137686966691239	6.92847571750895	0.336222891566129	0.736715591485442	0.827892727690912	-6.43306898578703
ENSMUSG00000021613	-0.0140890512946443	7.04557409083864	-0.27899837042523	0.780256543290307	0.860684639749193	-6.43322299848463
ENSMUSG00000092680	0.0423865576887481	7.34159920400885	0.737644265542796	0.460762052232224	0.604196393011245	-6.43328200235055
ENSMUSG00000035847	0.0284505505550303	7.28491225387023	0.614869022670374	0.538666605913903	0.673510195408967	-6.43328873802436
ENSMUSG00000020085	0.036758618138931	7.36696471117177	0.775435499115392	0.438115635204401	0.58160716853539	-6.43334759647579
ENSMUSG00000025204	-0.0245853490387224	7.33817501190462	-0.768073625172623	0.442476351768153	0.585792334649475	-6.43355322858598
ENSMUSG00000071072	-0.0113727416253901	6.92701786587913	-0.315486225809979	0.752404452617814	0.839624880128914	-6.43362983432117
ENSMUSG00000017999	-0.0316840707102157	7.1768200522031	-0.464631159562734	0.642213968129129	0.757056120182475	-6.43372827783424
ENSMUSG00000021400	0.0115975927400402	7.07905858693548	0.329154452355957	0.742051455196022	0.831900809336044	-6.43385581201801
ENSMUSG00000029474	0.0171296890468904	7.02244186056869	0.28023944357742	0.779304324552679	0.859967314315886	-6.43407401835269
ENSMUSG00000037190	0.0274301251377711	7.15481904488638	0.465097252183202	0.641880188561028	0.756935275503601	-6.43414130980001
ENSMUSG00000035941	0.015650825462564	7.06621143691108	0.271505564650655	0.786012389203243	0.864237356130751	-6.43416817402923
ENSMUSG00000041035	-0.0235379896715049	7.28577313206572	-0.723121523802327	0.46963591273426	0.612275778681232	-6.43420893845029
ENSMUSG00000022372	-0.0221736040923757	7.25009852172205	-0.578674240798628	0.56283264640911	0.693972971066874	-6.43431564321734
ENSMUSG00000050856	-0.0332468219321242	7.26833445369654	-0.677402495296774	0.498179048747883	0.638426008830001	-6.43454250024944
ENSMUSG00000051451	-0.00903374036633853	7.16184732310966	-0.338824757716076	0.734754657149049	0.826666476938167	-6.43462554443177
ENSMUSG00000056234	-0.0143651912150808	6.99640289691702	-0.278726641148042	0.780465072811789	0.860812867165286	-6.43465381294664
ENSMUSG00000022800	0.0207435536240022	7.2768630593995	0.560058410245402	0.575462359310432	0.7036549093367	-6.43477247134233
ENSMUSG00000021326	0.0268017181091196	7.29882100241419	0.671654661075834	0.50183172228857	0.64166236040648	-6.43481969435344
ENSMUSG00000018559	-0.0154145565926092	7.10944640834598	-0.31482115011405	0.752909369914161	0.84004512279838	-6.43489435984933
ENSMUSG00000028048	-0.0208941982592021	7.07399902489858	-0.295469773928593	0.76764616954952	0.850903704321591	-6.43503100614763
ENSMUSG00000087598	0.0152223493776615	7.01980576757265	0.269249909019998	0.787747454966069	0.865490909736134	-6.43545058368505
ENSMUSG00000028211	0.0152010331535033	7.10949682289396	0.273470701893892	0.784501657889581	0.863446465329163	-6.43548252860559
ENSMUSG00000083012	-0.0136237058563866	6.969728416359	-0.271137973760795	0.786295070387481	0.86440297770702	-6.4354897741376
ENSMUSG00000032564	-0.0354309807954785	7.38330987328569	-0.891695197769329	0.372595255363965	0.519048423411899	-6.43577398297884
ENSMUSG00000040325	-0.0137063699297943	6.90366805168712	-0.315971874776447	0.752035820808068	0.83935660409371	-6.43578634217189
ENSMUSG00000037653	0.0122299916473736	7.20204166876379	0.428344017439407	0.668417414957529	0.77620372508639	-6.43581031436933
ENSMUSG00000027835	0.023967041471054	7.33526880932348	0.667611289893928	0.504409701876963	0.644266518729093	-6.43586802523707
ENSMUSG00000025384	-0.0129510768956864	6.89085317582292	-0.329237725073918	0.741988520983475	0.831900809336044	-6.43588452175473
ENSMUSG00000023009	0.0270258136984136	7.46515847752383	1.03749985644356	0.299548478178538	0.446677347198818	-6.43597526220574
ENSMUSG00000037499	0.028050416174672	7.31927953518415	0.705632792742358	0.480446348452986	0.621849094804399	-6.43600511301741
ENSMUSG00000061118	-0.0267866416344278	7.50042772914472	-1.1293272823666	0.258808946300539	0.401650868298561	-6.43616305828454
ENSMUSG00000028444	0.0156269303640553	6.77102677492327	0.476367941770846	0.633831153494528	0.750421767641595	-6.43669571640245
ENSMUSG00000035325	-0.0103476025142655	7.06036102936672	-0.27580307990718	0.782709658210712	0.862634467993488	-6.43681174945001
ENSMUSG00000032515	0.0158180242655082	7.05637596061251	0.268117259352081	0.788619094967171	0.866085159911937	-6.43681454385594
ENSMUSG00000040928	-0.015294432091606	6.93579879024173	-0.320958866238015	0.748253732424318	0.836612865304438	-6.43692575193055
ENSMUSG00000026853	-0.016942449458349	7.11086884701567	-0.305720619062406	0.759828919044718	0.844741865500463	-6.43735586177186
ENSMUSG00000003873	-0.022246916805253	7.16971019920408	-0.387559230048137	0.698357210798694	0.799833138288557	-6.43738102726901
ENSMUSG00000097610	-0.0342118733097356	7.34649564055297	-0.811195651606288	0.417288351648395	0.56228273978806	-6.43754881104382
ENSMUSG00000015937	0.0123925694260612	6.98770495959353	0.260011285640117	0.794864780741836	0.870534524801081	-6.43763572774507
ENSMUSG00000096740	0.0150869225084191	7.0331631652738	0.271776276263936	0.785804227220761	0.86422622167122	-6.43777532546588
ENSMUSG00000048701	0.018534275717939	6.94616401460258	0.272804901007853	0.785013412524063	0.863937087824901	-6.43782475518937
ENSMUSG00000029386	0.0219997036790938	7.15179970863741	0.4030956587639	0.686893489921381	0.790507170363109	-6.43834128720619
ENSMUSG00000001089	0.0122539363760135	7.00750000526594	0.25557862672567	0.798285761168028	0.872896396608786	-6.43839749636442
ENSMUSG00000037362	-0.0367798888106137	7.46388090349085	-1.101602166983	0.27068277119087	0.415838868860699	-6.4384016549088
ENSMUSG00000008958	-0.0144330633130147	7.22626660285711	-0.439589428942281	0.660251733740726	0.770562465013297	-6.43859757227344
ENSMUSG00000019877	-0.0357127103903476	7.40602179581418	-0.947281019241871	0.343537130790458	0.491167614126157	-6.43868710481021
ENSMUSG00000024873	-0.0218433790887733	7.2043012075087	-0.503177473505889	0.614859608868558	0.735808226627711	-6.43886196817604
ENSMUSG00000002233	0.0152637682516881	6.91059037173246	0.354328112631949	0.723106557275293	0.818582883514755	-6.43918582637018
ENSMUSG00000024935	0.0124987530768328	7.08767043890132	0.289619988521658	0.772117867875641	0.85463029474365	-6.43938522630899
ENSMUSG00000005674	0.0266160208697643	7.17548026373108	0.443156141992379	0.657670193023615	0.769250260615132	-6.43938710422143
ENSMUSG00000041377	0.0144416038821724	7.04799838947299	0.25871513176548	0.795864704753048	0.871265215705903	-6.43957555385371
ENSMUSG00000097033	0.0141902058512517	7.11855176798208	0.292281467104269	0.770082429272614	0.852665693846165	-6.43961566452756
ENSMUSG00000097994	0.0257912794443325	7.3745724647201	0.848175462091638	0.396377094545476	0.542593990149453	-6.43966008908785
ENSMUSG00000031951	-0.0097272800625321	6.90754569950035	-0.290397194223049	0.771523315676156	0.854044410994524	-6.43983941474627
ENSMUSG00000059361	0.0120846441828517	6.98256062236519	0.250801046558034	0.801977281539092	0.875103064669928	-6.43998123142515
ENSMUSG00000017664	-0.0313581701459285	7.39569424281386	-0.987564207097671	0.323409475514972	0.470742789888942	-6.44002521802739
ENSMUSG00000036214	-0.0182094639271835	7.13501365970447	-0.306048708980769	0.759579119146599	0.844551872641541	-6.44003178305331
ENSMUSG00000040760	-0.0146005539478011	7.22105697963965	-0.474861313451897	0.634904643071538	0.75135500421835	-6.44009504727904
ENSMUSG00000049232	-0.0188572095229702	7.05134402236908	-0.255575523639712	0.798288157393599	0.872896396608786	-6.44029407666304
ENSMUSG00000028982	-0.00998682213116098	6.99916818137496	-0.249693942745579	0.802833348448023	0.875453456428579	-6.44049604759437
ENSMUSG00000039286	0.0245808721303957	6.7092175337782	0.53029481936685	0.595928901927774	0.720663327548349	-6.44055656313096
ENSMUSG00000080465	-0.0328343197329035	7.42308532289756	-0.985623271149758	0.324361280281931	0.471657445264317	-6.44066988742414
ENSMUSG00000035764	-0.0257585776347149	6.79603391831708	-0.400919419648162	0.688494993339992	0.791932564822278	-6.44080833357895
ENSMUSG00000025538	0.0115727170569269	7.07636512248911	0.264174697349372	0.79165518468984	0.867672639427324	-6.44101376892641
ENSMUSG00000024858	0.0319604319960156	7.33054377505408	0.777480238841696	0.436908859483889	0.580417127180424	-6.44124441137022
ENSMUSG00000064037	-0.0219336987259311	7.13837071611937	-0.414588360996209	0.678459405564104	0.783859598162392	-6.44130067936942
ENSMUSG00000031575	0.0133267888228437	7.10329066002503	0.274865835295439	0.783429618755073	0.862921687976928	-6.44143638455358
ENSMUSG00000056919	0.0115981392111966	7.02033008713504	0.245807153600062	0.805840672113542	0.877344372499833	-6.44150039883254
ENSMUSG00000038457	0.0139643564812211	7.07004346287337	0.245668731123748	0.805947826947627	0.877388071711154	-6.44151602939032
ENSMUSG00000042505	0.0223990443309168	7.41256575220728	0.921407591490726	0.356877997017999	0.503943951306636	-6.44174353069894
ENSMUSG00000025232	0.0107215167602606	6.98975194931916	0.247746708175498	0.804339619352526	0.876259980483615	-6.44178922604271
ENSMUSG00000028059	-0.0211202504796519	7.2153582042711	-0.416894801641316	0.676771592346252	0.782573192633557	-6.44188961686751
ENSMUSG00000063760	-0.0135638833803284	6.97598085345542	-0.244858658172628	0.806574989107099	0.877439481278638	-6.44189133074934
ENSMUSG00000023915	-0.0105206837802543	6.96298658117003	-0.242519147159997	0.808386946408045	0.878728155295095	-6.44202207023599
ENSMUSG00000062232	-0.0230370792298595	7.19237430755106	-0.469935874075627	0.638419426057305	0.754212879077986	-6.44224560087561
ENSMUSG00000062591	-0.0115917754560018	7.11838297115459	-0.252454693649744	0.800699043583278	0.874145420162798	-6.4423920235515
ENSMUSG00000031879	-0.0157666431970398	6.87302758510779	-0.326981620017994	0.743694204257905	0.833029134338166	-6.44244478423138
ENSMUSG00000033697	-0.0133897155479596	6.96187127691954	-0.245443395441262	0.806122270342075	0.877439481278638	-6.44249139761976
ENSMUSG00000030095	0.0204865469779367	7.38949861177008	0.874248034671022	0.382021284927468	0.528524005312312	-6.4425040638943
ENSMUSG00000062683	0.027111046096274	7.38937555637963	0.851982937407165	0.394260580852823	0.54020507844324	-6.44272219249949
ENSMUSG00000101767	0.0189069761634828	7.12613937066979	0.36596902001826	0.714402238903615	0.812261938098391	-6.44284324000781
ENSMUSG00000018287	0.0195164760372473	7.26724679270436	0.570836962831905	0.568133437806945	0.698108079323049	-6.44285307740557
ENSMUSG00000028890	0.0123478043068044	6.93818825841468	0.299818436944042	0.764326957813632	0.848587740186062	-6.44287011350236
ENSMUSG00000050930	0.0186906571398726	6.90810433864058	0.332463907837798	0.739551632500304	0.829880001088024	-6.44287771281714
ENSMUSG00000052713	-0.00738544099731708	7.07530664766718	-0.244053918399663	0.807198145503809	0.877674020671129	-6.44296938201359
ENSMUSG00000038331	-0.0203874398919517	7.45133458466692	-1.05023720662426	0.29365511529324	0.440533146490099	-6.4431202069007
ENSMUSG00000104283	0.0204134665091056	6.90800229463264	0.310030317186031	0.756549623575464	0.842521743508517	-6.44318462691996
ENSMUSG00000038412	0.00838263047819421	7.05318762476984	0.27795659958708	0.781056101151036	0.861247071192568	-6.44324759217514
ENSMUSG00000018848	-0.0220933179425513	7.11333898744924	-0.33215715432687	0.739783225889849	0.830035879094962	-6.44324852079236
ENSMUSG00000025962	0.0112360023968607	7.06681940695329	0.240446613515959	0.809992988513665	0.879930052817332	-6.44325235094421
ENSMUSG00000041740	0.0142932524784651	6.92374056227391	0.269677801518561	0.787418235848686	0.865278225163717	-6.44338143741871
ENSMUSG00000073877	0.0145665086373086	7.10030704002429	0.301861531757141	0.762769011224889	0.847003553431404	-6.44358689964544
ENSMUSG00000026914	-0.0148362380728795	7.03039098757053	-0.254688642561644	0.79897309123687	0.873353570215672	-6.44370011155025
ENSMUSG00000000340	0.0121652798361342	6.982166491488	0.269044942135783	0.787905169272429	0.865591547882406	-6.44371552074433
ENSMUSG00000038366	0.0154985940567984	6.93552475479306	0.247538610707139	0.804500634914172	0.876259980483615	-6.44386401139169
ENSMUSG00000068299	0.0217060222768941	6.87215143838434	0.381425634142677	0.702902146140143	0.803103748407592	-6.44407835930695
ENSMUSG00000030970	0.0138170502290675	6.88324504781058	0.326349623709378	0.744172238538527	0.833350692579454	-6.44409993288774
ENSMUSG00000104124	-0.010088009276787	7.05077925733293	-0.247578870646905	0.804469483110191	0.876259980483615	-6.44410251318701
ENSMUSG00000031883	-0.0288257451704625	7.3817103121069	-0.883379948162622	0.377069551365611	0.523887781649006	-6.44425274370603
ENSMUSG00000025580	0.00614156139186672	7.09051265384796	0.259281276101638	0.795427908688511	0.871005535342087	-6.44463786786191
ENSMUSG00000030016	-0.0181169428095487	6.93053201063922	-0.281548362970734	0.778300409349036	0.859076718590133	-6.44465524668581
ENSMUSG00000030035	0.0139763189524622	6.96103672521104	0.273493023952989	0.784484502095269	0.863446465329163	-6.44469212565755
ENSMUSG00000026834	0.0256272884995008	7.2755444523258	0.554061060834541	0.579559536728514	0.707072356243566	-6.44481407585422
ENSMUSG00000008763	0.0242143346436947	7.19929125907971	0.421859593640408	0.673143958241079	0.779962890635649	-6.44510813973431
ENSMUSG00000029838	0.0154963363016698	6.89318292910689	0.345448618635859	0.729770315450188	0.822853584521045	-6.44520097090706
ENSMUSG00000029073	-0.0248482987585694	7.28680334412929	-0.706771432344292	0.479738409345238	0.621379410984239	-6.44547061281807
ENSMUSG00000006342	0.0340897085280814	7.47584994011648	1.09324753786359	0.274332911236209	0.4202628684653	-6.44548589139462
ENSMUSG00000036299	0.011487474476322	7.11262758619869	0.308227891470894	0.757920578997149	0.84340809351727	-6.44556288899178
ENSMUSG00000025545	-0.0292257280437251	7.3613788094865	-0.868710428094543	0.385043362708926	0.531630943082273	-6.44571761978222
ENSMUSG00000022100	-0.0110167285317209	7.03826744033665	-0.239141277262088	0.811004927479443	0.880477362182675	-6.4458164449213
ENSMUSG00000030307	0.0127510792576482	7.18283668625813	0.35366298299517	0.723604994750065	0.819005497645703	-6.44602917934261
ENSMUSG00000014856	-0.0106075223784758	6.98745256639286	-0.225603309976877	0.821518331152471	0.886963383757888	-6.44621604325487
ENSMUSG00000030888	0.0118004478833598	6.96450291814797	0.247085813422774	0.804851015784581	0.876485568012955	-6.44622143948161
ENSMUSG00000026072	-0.0212232213567614	6.76126713525374	-0.456878779117276	0.647776183510731	0.761897924222666	-6.44636409094592
ENSMUSG00000002210	-0.0275154109223301	7.4346056961616	-1.00019729322163	0.31725894931358	0.465121949420358	-6.44637440120428
ENSMUSG00000026806	0.0168257215932925	7.11802882804353	0.296459447284624	0.766890402592436	0.850570073766534	-6.44643008890592
ENSMUSG00000027193	0.0124493840060547	6.94432008144306	0.266329947359109	0.789995073998376	0.866848741061013	-6.44643222168022
ENSMUSG00000030678	-0.0167129447778027	7.07838946985951	-0.262990252335515	0.792567922704153	0.868309560170943	-6.44647742453258
ENSMUSG00000038628	-0.0179419859859458	7.25301761583242	-0.558337969657103	0.576636302553815	0.70475377828926	-6.44651743421214
ENSMUSG00000097392	0.0174585178719218	7.26325886965987	0.484815686829518	0.627826361781441	0.746217888737663	-6.44653917375197
ENSMUSG00000051154	0.0118150957973437	7.16263445196545	0.314399453214863	0.753229571813305	0.840256904398554	-6.44659106112987
ENSMUSG00000045519	0.00581218622373481	7.00024125969292	0.223007579727743	0.823537871606385	0.888310549357824	-6.4466190462253
ENSMUSG00000000247	0.0225235324807169	6.81123592506886	0.408311903032805	0.683060563800535	0.787411191448147	-6.44665328382408
ENSMUSG00000040859	0.00794379992191985	7.16684851829449	0.344019329903224	0.730844873268687	0.823710492496009	-6.44679146369677
ENSMUSG00000029363	0.0230573856487553	7.21996337704213	0.451078387426709	0.651950800331463	0.765013982434355	-6.44696892781211
ENSMUSG00000031584	0.01804353108305	7.20070739847951	0.405313365574009	0.685262915181273	0.789463400699861	-6.44727327626783
ENSMUSG00000075224	0.0136554092054801	7.11383384361827	0.25590956090458	0.798030222300225	0.872833055167464	-6.44730353449992
ENSMUSG00000057156	0.0170048068909114	7.08164984894772	0.268450993290288	0.788362239668834	0.865948354874098	-6.44730921717863
ENSMUSG00000059970	-0.0148220354982236	6.96551992013381	-0.241381411989216	0.809268497521472	0.879467350340426	-6.44744522908079
ENSMUSG00000078572	-0.0214794526946092	7.26781121926028	-0.629984953936526	0.528730544773162	0.665398470842088	-6.44759447002322
ENSMUSG00000031954	-0.0124733775853532	7.04787472137868	-0.236553274383337	0.813012163902494	0.881779077939811	-6.44779623737499
ENSMUSG00000032386	-0.0166797309561195	6.9464162215873	-0.266417478130589	0.789927672314161	0.866848741061013	-6.44780171745859
ENSMUSG00000062098	-0.0143161461317618	6.94583780541045	-0.222445039674334	0.823975695919618	0.888444227555562	-6.44795796231599
ENSMUSG00000027932	-0.010367808720952	7.00167161409265	-0.217991093779764	0.82744412102206	0.891449838085979	-6.44799715358257
ENSMUSG00000020921	0.0104576667765288	7.08392873464047	0.278253005036118	0.780828586718752	0.861141256618811	-6.44802908423463
ENSMUSG00000032802	-0.0120078063494349	7.00996952829843	-0.232436045864863	0.816207985297192	0.884068215364273	-6.44827841649275
ENSMUSG00000065126	0.0184173249407458	7.11625534020033	0.293050795193044	0.769494358903415	0.852086623256662	-6.44834934575313
ENSMUSG00000045973	0.0112550572633552	6.96938277285669	0.211008063213736	0.832888780612584	0.894785079320868	-6.44846785329513
ENSMUSG00000055725	0.0187564140559697	7.16870845752998	0.340397624849064	0.733570080315522	0.825786714659571	-6.44858264111587
ENSMUSG00000029442	-0.0186360170555568	7.21812445174175	-0.454569975690985	0.649436541549648	0.763302199655983	-6.44863038409841
ENSMUSG00000022508	-0.0152928060148119	6.80026467033058	-0.38819097135017	0.697889707183359	0.799577495969593	-6.44879292441743
ENSMUSG00000028617	-0.0130841761968155	7.12927777287193	-0.263389601568903	0.792260150765123	0.868190331783459	-6.44880474083087
ENSMUSG00000070923	0.0127228399036596	7.01246531117072	0.210942003333248	0.832940326154035	0.894785079320868	-6.44895442388404
ENSMUSG00000060427	-0.0147874140719235	7.09137656395847	-0.263098590655788	0.792484424930525	0.868290743258049	-6.44905006658233
ENSMUSG00000075271	0.0119040857904897	6.96451679369387	0.253511953474555	0.799882081151302	0.873763554979796	-6.44908245992459
ENSMUSG00000021870	-0.0245789817047815	6.71861758621722	-0.486024799513642	0.626968905643451	0.745393835151114	-6.4490867832337
ENSMUSG00000022420	0.0102323152905006	7.19353879106794	0.404540452880234	0.685831035262585	0.78971901862051	-6.44916170441434
ENSMUSG00000085436	0.0190284345636575	7.35221247098245	0.725803397062679	0.467990122546374	0.610739924770982	-6.44923973014866
ENSMUSG00000031958	-0.0311114403497967	7.41378493439001	-1.02469251269223	0.305553268935314	0.452688670174224	-6.44929668870874
ENSMUSG00000039988	-0.0135390866115133	6.92496331234275	-0.244701960620949	0.80669631943856	0.877473264713329	-6.44939817836653
ENSMUSG00000045237	-0.0108079742753127	6.98495546495151	-0.225855640424915	0.821322074861566	0.886868977469981	-6.4495023153738
ENSMUSG00000034247	0.0114729964000837	6.93480570244177	0.222453511959025	0.823969101542856	0.888444227555562	-6.44976262380691
ENSMUSG00000020096	0.0459058483934838	7.48831257630703	1.20669006473114	0.227603317334766	0.365629803045374	-6.44986213637044
ENSMUSG00000054944	0.0121893459056244	7.07841170899476	0.267528480474881	0.789072299326031	0.866223601120908	-6.44992444814697
ENSMUSG00000021194	-0.0269011137540547	7.19499007868464	-0.426260545642728	0.669934650720501	0.777138441186673	-6.44999441471581
ENSMUSG00000014243	-0.024193947181379	7.41840989536206	-0.991866146835326	0.32130636827457	0.468800063908466	-6.4501274425555
ENSMUSG00000049488	-0.012993757604896	7.17790687726096	-0.370785559106564	0.710811508270982	0.80914218470426	-6.45027175000193
ENSMUSG00000018293	0.00970368420421952	7.0248018330429	0.204922190821011	0.837640484696196	0.898442505787531	-6.45028241767845
ENSMUSG00000041380	-0.0259995006519205	7.27034601648165	-0.575584825687677	0.564919339118331	0.695759547294186	-6.45033250634161
ENSMUSG00000024309	0.0135548147767528	7.10167649753833	0.270669268605831	0.786655550353364	0.86458146954552	-6.45036510978125
ENSMUSG00000036446	0.0330080580935226	7.3573148591309	0.682467350991027	0.494972162777243	0.635435924208635	-6.45041844032878
ENSMUSG00000057113	-0.0164654820169403	7.13041828783894	-0.264878779602334	0.791112751389166	0.867234673942556	-6.4506484585995
ENSMUSG00000024811	0.0120704868762882	7.05399177438501	0.204203972960359	0.83820164660545	0.898970750991935	-6.45067378783826
ENSMUSG00000031357	0.0210702031268362	7.20747661777391	0.353005333032659	0.724097942387516	0.819322696235892	-6.4506830245585
ENSMUSG00000037573	0.0141308988997917	7.04075921482626	0.210451433933834	0.833323132616552	0.894917304235957	-6.45075322194227
ENSMUSG00000056895	0.0246029033574029	7.43161567007263	0.895774306680853	0.370412436096671	0.516722388212853	-6.4507869077301
ENSMUSG00000039294	0.00678205273664911	7.06977299005203	0.20608474814206	0.836732324228859	0.897738380853975	-6.4514188049762
ENSMUSG00000059796	-0.0122601033612479	6.88098622605379	-0.285561137456761	0.77522500338186	0.857055036672463	-6.45144115461784
ENSMUSG00000022305	0.016077440607801	7.17383533604279	0.370628370916471	0.710928591331166	0.809205104999793	-6.45147070083248
ENSMUSG00000022474	-0.0288854776159546	7.25838327344619	-0.641615003385057	0.521149871015185	0.65863319648628	-6.45148983876941
ENSMUSG00000026339	0.00686762546074515	6.99373861434053	0.197282655054683	0.843613626795535	0.902778290175506	-6.45170792220095
ENSMUSG00000024991	-0.0121702112094093	7.03241952672074	-0.196908388269047	0.843906489928465	0.90294408026671	-6.45211982596486
ENSMUSG00000041506	0.014874540273663	7.0373250566748	0.214691150916689	0.830016065247939	0.892557148672896	-6.45230543600203
ENSMUSG00000024181	0.0244446402793086	7.22629388261931	0.541596422083831	0.588118449643332	0.714252944594667	-6.45233683425133
ENSMUSG00000019906	0.0104920651955034	6.9853245899054	0.191836362620131	0.847877453809383	0.904826510048291	-6.45291122860766
ENSMUSG00000062691	-0.0225957088988347	7.28443122140696	-0.689207765235619	0.490721544477721	0.631403091921604	-6.45292782785879
ENSMUSG00000010660	0.0296534687830343	7.3649486295613	0.814269734799688	0.415525623814397	0.560678260933613	-6.45295134576341
ENSMUSG00000077925	0.0131315280377393	7.11047535761746	0.244100904855846	0.807161757813266	0.877674020671129	-6.45298395800157
ENSMUSG00000040621	-0.0287423217815066	7.37615007706505	-0.912062785614407	0.361775558719523	0.508521795650129	-6.45299398856118
ENSMUSG00000021748	0.0122410451561628	7.05345538602806	0.240311736480088	0.810097534876818	0.879930052817332	-6.45322993714996
ENSMUSG00000089762	0.0235616108258867	7.15019448503865	0.389210286247175	0.697135631679785	0.798853364547199	-6.45337114473935
ENSMUSG00000087056	-0.0138414072831035	7.19626191764474	-0.351987253154157	0.724861279316841	0.819882639599042	-6.45346467269499
ENSMUSG00000030683	-0.00735314711122559	7.001161964602	-0.191143498839942	0.848420209459898	0.905004882703772	-6.45348764907955
ENSMUSG00000017707	0.0129505617524615	7.15514970275933	0.267873350170981	0.788806831997443	0.866218675097343	-6.45354700864433
ENSMUSG00000026361	0.0181051957319758	7.28004741420666	0.538958458699558	0.589937287548155	0.715733293586313	-6.45359691550714
ENSMUSG00000029161	-0.0303119449790126	7.35708333041757	-0.79279898628612	0.427929072605025	0.571911741378622	-6.4537352602793
ENSMUSG00000046027	0.00659690927205858	6.98260384234608	0.215704364994587	0.82922618060202	0.892356974272756	-6.45383383137609
ENSMUSG00000036257	0.00892400162652507	7.02034817818752	0.183126461138864	0.854705529864992	0.909068108387066	-6.45403001596261
ENSMUSG00000086472	-0.0324690762877884	7.21390119730979	-0.510145042287529	0.609970280132575	0.731562010580402	-6.45421885983878
ENSMUSG00000033569	0.0344439421980907	7.49705074506356	1.12517245526316	0.260564959706138	0.403972877799334	-6.4542553437309
ENSMUSG00000059920	-0.0144040669485985	6.9428552919377	-0.235357674486439	0.813939878529479	0.882419749064917	-6.45425536941716
ENSMUSG00000004056	0.0120013908192167	7.09353265867945	0.223267746455587	0.823335402693608	0.888192739952597	-6.45427804960707
ENSMUSG00000027823	0.0240880782215571	7.30730477298696	0.633322627270634	0.526549258502178	0.6637380023407	-6.45431799386163
ENSMUSG00000034175	0.0215302535270707	7.26563566051231	0.57256794471652	0.566960624544369	0.697289367021878	-6.45441278940223
ENSMUSG00000007777	-0.00680189472131332	7.05487511870227	-0.198793060391712	0.842431957305526	0.901734869188452	-6.45447091981268
ENSMUSG00000103104	0.011183279194344	7.02618613028281	0.183164963880636	0.854675321509067	0.909068108387066	-6.45449291490542
ENSMUSG00000063236	0.0160824412884528	7.21500517644607	0.365352686681685	0.714862174270184	0.812693260293961	-6.45459775808173
ENSMUSG00000027706	0.0183769542005816	7.18600926347481	0.285965416699781	0.774915356770387	0.856857419834283	-6.45465072849854
ENSMUSG00000025609	0.0101368475208448	7.00039822571828	0.179827334334223	0.857294734676897	0.910799539417711	-6.45479320252515
ENSMUSG00000022770	0.0244233016915798	6.80608386059613	0.394107615509863	0.693516836189111	0.795890815163731	-6.45500821864609
ENSMUSG00000036615	0.0124221980702162	6.96020288080077	0.17928824746288	0.857717965040824	0.911008174963407	-6.45532796613961
ENSMUSG00000022139	0.0124432345416148	7.0977863676778	0.188247882421743	0.850689269190482	0.906423367155676	-6.45551277015432
ENSMUSG00000053965	0.0114164584786565	7.072709308195	0.176013107761615	0.860290111322264	0.912670986688322	-6.45559089154736
ENSMUSG00000019791	0.0107794712340423	7.04023325079302	0.176047765952679	0.860262884536654	0.912670986688322	-6.45560873658696
ENSMUSG00000036167	0.0163520372065005	6.93379218391103	0.249751990291462	0.802788457352509	0.875453456428579	-6.45574804750129
ENSMUSG00000067787	0.00946014064295753	7.02259416672286	0.179819544995001	0.857300849697866	0.910799539417711	-6.45583468550132
ENSMUSG00000000085	-0.0109292767418943	7.04627308461055	-0.174916514221763	0.861151659011107	0.913186256258984	-6.45592870678472
ENSMUSG00000051344	0.0218135693658583	7.21819968243118	0.442951714231617	0.657818045278684	0.769330049912258	-6.45594817681963
ENSMUSG00000024491	0.0311848157270518	7.23799300056646	0.446732875612212	0.655085494551069	0.767458895516865	-6.45603740124996
ENSMUSG00000021840	-0.0152014392557982	6.91631685527696	-0.253538035284143	0.799861930062891	0.873763554979796	-6.45610052247102
ENSMUSG00000004110	0.0162600703171458	7.20227720165332	0.424631867921736	0.671121633366825	0.778026602572405	-6.45620737867389
ENSMUSG00000060206	-0.00828971286742952	7.05350761646937	-0.176537179293461	0.859878428903624	0.912575258690519	-6.45621824500193
ENSMUSG00000088036	-0.0294290122479319	7.36711538145215	-0.80202320750317	0.422574112845405	0.567231436194291	-6.45621863914434
ENSMUSG00000005672	-0.0460318041997896	7.48847338782216	-1.14876653883692	0.250702113608692	0.392278244456196	-6.45639186966323
ENSMUSG00000052428	0.00763343602004607	7.05452077361779	0.16788486596977	0.866680016209278	0.917339701852362	-6.45646381603383
ENSMUSG00000036246	0.0107812110496424	6.93305677501918	0.195677581936822	0.844869745837631	0.903316207165717	-6.45648519972416
ENSMUSG00000075707	-0.0311908861568755	7.30520511498078	-0.754057725527692	0.450846774676243	0.593751732628646	-6.45649691543995
ENSMUSG00000039148	0.00845881715256702	7.04434560020964	0.173875131746424	0.861969982717005	0.913831971311931	-6.45649825820674
ENSMUSG00000005413	0.00910492919956862	6.97814097748217	0.202820545310099	0.839282785627119	0.899614395728691	-6.45655674957153
ENSMUSG00000035390	0.0289690854087592	7.29483674946071	0.687504758358299	0.491793633058368	0.632533868159952	-6.45669218512159
ENSMUSG00000040856	0.0082582811694083	7.08289030548628	0.182780255172136	0.854977164581047	0.909081616141056	-6.4567461087624
ENSMUSG00000050822	-0.0105029199681139	6.8854875875975	-0.262856436951417	0.792671059271674	0.868349887706866	-6.45718610898059
ENSMUSG00000066232	-0.0117846056804627	6.83677546927364	-0.286187826607771	0.774745023256913	0.856857419834283	-6.45721903046736
ENSMUSG00000020834	0.00915756836320991	7.10075985755726	0.187042249464782	0.851634391869698	0.906987509831455	-6.45728159605659
ENSMUSG00000038374	0.00976642571805453	6.92337737731279	0.243742880618891	0.807439032810873	0.877822413677873	-6.45759240702483
ENSMUSG00000032024	-0.024394410194799	6.69269152706609	-0.444222513325158	0.656899157903402	0.768760505521707	-6.45788768245434
ENSMUSG00000030323	-0.0187411959600219	7.22399832838028	-0.48985964162706	0.624252720837567	0.743356262681008	-6.45799425037645
ENSMUSG00000024990	-0.015417857870851	7.13777134595836	-0.373029486198294	0.709140843990775	0.807993007012449	-6.45806596765713
ENSMUSG00000051355	0.00483719215517908	6.96776762939249	0.160505410078192	0.872488842601115	0.921476599494498	-6.45823197724626
ENSMUSG00000043090	0.0155068835965873	7.2167387681415	0.364872262446024	0.715220760072785	0.81288915625253	-6.45847664141877
ENSMUSG00000071659	-0.00900775386984076	7.08585721022513	-0.220426295184641	0.825547332818495	0.889845684279576	-6.45857705279786
ENSMUSG00000063808	0.0192499892063518	7.14691924817837	0.267355306495702	0.789205611185944	0.866293272545182	-6.45862046259214
ENSMUSG00000023883	-0.00623153773354534	7.04562064408847	-0.156937265774059	0.875300038386424	0.923328346028126	-6.45862737225924
ENSMUSG00000026192	-0.00912073494338372	6.98430239312708	-0.173063449345181	0.862607909748481	0.914152142067785	-6.45872436333657
ENSMUSG00000025357	0.0244107285249582	7.24939223662892	0.468891920024627	0.639165437930165	0.754889843336194	-6.45886927231799
ENSMUSG00000039217	-0.00773724419706578	7.00806186365356	-0.182592817965586	0.855124235809059	0.909081616141056	-6.45896399044576
ENSMUSG00000026755	0.00993201593371751	7.07860157564131	0.231278582823847	0.817106969476684	0.88432131228237	-6.45907825163881
ENSMUSG00000025899	-0.0140009206781233	7.11562091888198	-0.244075741134916	0.807181245285306	0.877674020671129	-6.45922469949214
ENSMUSG00000056306	0.0214676516190622	7.23921717240114	0.50190746649365	0.615752662335427	0.736473036295945	-6.459284931965
ENSMUSG00000059326	-0.0321359199802274	7.30033140059746	-0.706345806397866	0.480002971882286	0.621521007603886	-6.45954834032173
ENSMUSG00000018661	-0.0176138341442922	7.1480543740079	-0.340626664601562	0.733397635944847	0.825699189350199	-6.45963161801416
ENSMUSG00000021891	-0.00762588754155225	7.07199843812159	-0.150836897501663	0.8801098993338	0.926312308230414	-6.45976811386136
ENSMUSG00000051671	0.0178158159387936	6.86353858938745	0.265811357329291	0.790394438258464	0.866862165937342	-6.45980239833916
ENSMUSG00000025917	-0.026939996671544	7.42127544598483	-0.973824094437057	0.330186625617754	0.477657823490347	-6.45997465085948
ENSMUSG00000024847	-0.037219921388659	7.33409410895861	-0.864499055617653	0.387351422527682	0.534317229347004	-6.46034981147985
ENSMUSG00000032633	0.0110283780361371	7.12171579319048	0.215271251708301	0.829563807350769	0.892356974272756	-6.46071747752207
ENSMUSG00000034163	-0.00917299895296431	7.03151700070948	-0.143193211728758	0.886142825552091	0.930394502253955	-6.46079803154404
ENSMUSG00000030337	0.00736439878340622	7.05408698198759	0.166237360419797	0.867976256938483	0.918340484551368	-6.46080521976902
ENSMUSG00000054893	-0.00797075840909667	7.01190479856003	-0.143307777543837	0.886052352634425	0.930394502253955	-6.46087669831609
ENSMUSG00000031370	0.009489751772084	6.98281590155741	0.138698407742515	0.889693543693869	0.932874249082182	-6.46091849617645
ENSMUSG00000079260	-0.0310480196945413	7.40794331718564	-0.983124991987721	0.325589080231328	0.472887978521029	-6.46096117252465
ENSMUSG00000060594	-0.00726719723094593	7.05825833219366	-0.142459152233176	0.8867225493942	0.930728102033902	-6.46097820804897
ENSMUSG00000026798	-0.0350042445905077	7.37670383070454	-0.966149470602626	0.334011784654225	0.481860306853235	-6.46104898726223
ENSMUSG00000020198	0.00787378263160132	6.9998126309892	0.152243217690929	0.879000681125443	0.925415311051709	-6.46111353466236
ENSMUSG00000028221	-0.0115840295078389	6.89111748604779	-0.249370369723346	0.803083595709575	0.875580482597415	-6.46116155487514
ENSMUSG00000032536	0.00999567439323368	7.04742988363771	0.185506842865298	0.85283833995453	0.907811027467079	-6.4612143511319
ENSMUSG00000009075	-0.00866720870769111	6.98787054182462	-0.180550938791386	0.856726706389814	0.910411204549955	-6.46124432705049
ENSMUSG00000020994	0.0122764783931171	6.99904966600093	0.175332194502956	0.860825056888251	0.913030025748334	-6.46130140230657
ENSMUSG00000087413	-0.0066955677682019	7.04743242101476	-0.137543766337688	0.890606025277979	0.933660204047736	-6.46145229403052
ENSMUSG00000029467	0.00987837292052784	6.9135058940103	0.191977979125201	0.847766527227169	0.90478188427962	-6.46171199284783
ENSMUSG00000013787	-0.0171531866529619	7.09984073345859	-0.257219540875164	0.797018902098345	0.872079869953654	-6.46172831282117
ENSMUSG00000055491	0.0113779078240235	7.08226412390175	0.214569422606773	0.830110974170014	0.892560190032344	-6.4618909376139
ENSMUSG00000050965	0.00805782264474342	7.00911196455679	0.134555356598472	0.892968354054865	0.93517298605826	-6.46194660926485
ENSMUSG00000028639	0.0191718966987731	6.75272179853659	0.461338377927499	0.644574060624492	0.75881338024421	-6.46199110141344
ENSMUSG00000087651	0.0106810675239242	6.91074494455395	0.215248974191917	0.829581174295273	0.892356974272756	-6.4620358571563
ENSMUSG00000021198	0.0124778303647899	7.15211531893884	0.295750065173648	0.767432101850884	0.850745222097681	-6.46204422922797
ENSMUSG00000030680	0.00945689145908357	6.99150059159221	0.130240018332156	0.896381287225008	0.937191310170991	-6.46205014240234
ENSMUSG00000056592	-0.0066265216676058	7.06185806192795	-0.134170324598668	0.893272790217427	0.935204107918957	-6.46207161950763
ENSMUSG00000016995	-0.00873207398005427	6.9727565185482	-0.146666271352695	0.883400806482941	0.928656123211391	-6.46220955264158
ENSMUSG00000022744	0.00993894244521343	6.97146360124595	0.18943316186136	0.849760311196679	0.905969347839336	-6.46233042845359
ENSMUSG00000032599	-0.0123119351203611	7.05145954706157	-0.194714862407274	0.845623352978651	0.903316207165717	-6.46235490756926
ENSMUSG00000047844	-0.0101990196656061	6.92700011764212	-0.15249774695189	0.878799949539143	0.925379951690378	-6.46237947586513
ENSMUSG00000037119	-0.0112604905773956	7.11265600799943	-0.225802828931528	0.821363149390737	0.886868977469981	-6.46238005393223
ENSMUSG00000022899	-0.0123717202280238	6.82460234761555	-0.365099668803348	0.715051017474041	0.812837363963719	-6.46250545930477
ENSMUSG00000061911	0.0157129520104249	7.15270051598996	0.284183749082776	0.776280244427125	0.857787049294389	-6.46251516981139
ENSMUSG00000022112	-0.00575856953013876	7.09102299145874	-0.133521001513073	0.893786231020546	0.935517215903501	-6.46252129869781
ENSMUSG00000027400	0.00492816457035428	6.98107524395974	0.127891634216559	0.898239397610664	0.938346018947131	-6.46255534736204
ENSMUSG00000029672	-0.0206675740416911	7.18131749673994	-0.370987169703773	0.710661346765641	0.809041595813545	-6.46277192695004
ENSMUSG00000025272	-0.0233919915747247	7.18774978566263	-0.501236368037897	0.61622480065042	0.736903095553097	-6.46277485799771
ENSMUSG00000028249	-0.00532159590215908	6.98573980813468	-0.125654892462182	0.900009692502362	0.939477507115366	-6.46282302032488
ENSMUSG00000028600	-0.0106565615526284	7.0750187505038	-0.208561542492205	0.834798242013817	0.896275101233795	-6.462839371357
ENSMUSG00000020836	-0.0286583658733015	7.27853293654375	-0.616565061848863	0.537547111419564	0.672634206607362	-6.46285930563394
ENSMUSG00000042133	-0.0120452162466567	7.15225833464092	-0.253709726922571	0.799729282571467	0.873763554979796	-6.46287939469352
ENSMUSG00000020823	-0.00462912187514686	7.02673653075387	-0.144620194517147	0.885016039868245	0.929831473714394	-6.46289890155706
ENSMUSG00000020990	0.0315563822762792	7.48239373926137	1.12513017509453	0.260582871449387	0.403972877799334	-6.46306652577261
ENSMUSG00000056167	-0.0377745578958688	7.33952274424095	-0.721421323860243	0.470680932814301	0.613088724744287	-6.46307613397463
ENSMUSG00000074971	-0.0109526759574026	7.15298772434794	-0.272473011112465	0.785268547842014	0.864072602819605	-6.46317512098968
ENSMUSG00000031860	-0.0177621294829766	7.33851781856143	-0.73436537435492	0.462757325495744	0.606144963020538	-6.46319758506355
ENSMUSG00000054737	-0.00598404052995516	7.05272677930853	-0.12671930366269	0.899167189456682	0.938747754734201	-6.46344033502671
ENSMUSG00000021681	-0.0113957741722439	6.84829441451655	-0.277845706057236	0.781141225453963	0.861268395119023	-6.46344479769341
ENSMUSG00000025240	0.0106728708254753	6.91522259435114	0.215928125895878	0.829051763615127	0.892356974272756	-6.46348183524721
ENSMUSG00000056228	0.0150694982639399	7.17582783458317	0.379191353315304	0.704560379940263	0.804264059131391	-6.46350914944327
ENSMUSG00000029209	-0.0185861249082695	6.82399408757621	-0.38135258174611	0.70295634171007	0.803103748407592	-6.46355460614989
ENSMUSG00000027940	-0.00570228044187093	7.03636561645772	-0.122413820599793	0.902575756757366	0.941180550176618	-6.46367678305737
ENSMUSG00000042729	-0.0119703905554607	7.0674678090674	-0.195938237270794	0.844665731866218	0.903239709351673	-6.46375613882645
ENSMUSG00000055900	0.00585764123783772	7.12698083912471	0.155891157806689	0.876124524422536	0.92397472802802	-6.46379962262643
ENSMUSG00000030534	0.0234613886700528	7.19596991588604	0.361760636036598	0.717544778763757	0.814399327574781	-6.46394785065451
ENSMUSG00000028291	-0.00816763790871811	7.0860856666011	-0.171715307209586	0.863667655431002	0.915000551340142	-6.46395101939751
ENSMUSG00000036323	-0.00577060651652594	7.0450912495693	-0.121182663808805	0.9035507728437	0.941747211055626	-6.46422773171909
ENSMUSG00000033063	0.0163630920745064	7.23927522326575	0.419253987755858	0.675046859412178	0.781337943897466	-6.46437681544364
ENSMUSG00000058402	-0.00906382277943329	7.08622576705157	-0.153282981522625	0.87818073244826	0.925063065906533	-6.46444163259976
ENSMUSG00000062116	-0.01621162261136	7.10042489210772	-0.303109459142042	0.761817885809287	0.84630630131652	-6.46452628431839
ENSMUSG00000030751	0.00826453863156384	7.02343026922851	0.123908693674779	0.901392087936402	0.940395666209529	-6.46458402485693
ENSMUSG00000030842	0.0247610714933684	7.32199682698937	0.715423046202758	0.474377981969187	0.616682074798528	-6.46472270281872
ENSMUSG00000020671	-0.0289243373076218	7.32614949789608	-0.613786022547122	0.5393820666263	0.673944456601596	-6.46477420128479
ENSMUSG00000037868	0.00841708729667268	6.89750719666823	0.218412112364742	0.8271161156223	0.891169795549927	-6.46478204848443
ENSMUSG00000044080	-0.00568692998998621	7.11769226930286	-0.145246075842755	0.884521899632097	0.929386894862232	-6.46479110769251
ENSMUSG00000021277	-0.00798312260868439	6.90227260949856	-0.163537271849244	0.870101425709993	0.919642534016506	-6.46493501025443
ENSMUSG00000067931	-0.00833350003967759	7.1071319902404	-0.17025512203269	0.864815752531157	0.915884794704571	-6.46495434304655
ENSMUSG00000044783	-0.00875581430688754	7.12927754349626	-0.193990699065305	0.846190313899888	0.903687900483943	-6.46496762170037
ENSMUSG00000001229	-0.00617456737385425	6.94956342962956	-0.106238342888478	0.915397116306261	0.950085543577102	-6.46512768890901
ENSMUSG00000038683	-0.00614543256065403	6.97519738695075	-0.10521257952826	0.916210957826533	0.95062277998045	-6.46534429311101
ENSMUSG00000063362	0.00611859285411587	7.02914419307018	0.100139616274724	0.920237126404696	0.952767454242015	-6.46536444971448
ENSMUSG00000028919	-0.0058158490038025	7.03771238014701	-0.113681323992315	0.909494558473988	0.946134506121688	-6.46538714854294
ENSMUSG00000005371	-0.0193183658344633	7.2510924421142	-0.483359024884779	0.628860038055205	0.746963855762905	-6.46559100109603
ENSMUSG00000019261	0.0309775459519903	7.38938730842983	0.892083633782655	0.372387052083086	0.518813587939956	-6.46562380840578
ENSMUSG00000024862	-0.0244818774761697	7.27130671715263	-0.629985274322921	0.528730335168843	0.665398470842088	-6.46569387960218
ENSMUSG00000037032	-0.0287055044380393	7.4750254781193	-1.13052331765902	0.258304973011157	0.401154057729783	-6.46569401128699
ENSMUSG00000029819	-0.00896593610904883	7.08830595952217	-0.20286248010536	0.839250009408533	0.899614395728691	-6.46583789275678
ENSMUSG00000024999	-0.00483681195706875	7.0351995181655	-0.10764503010651	0.914281193869151	0.949324058234245	-6.46603309106373
ENSMUSG00000039210	0.0226883628453587	7.28776780997858	0.488822559405974	0.62498677533027	0.743847896602172	-6.46608355021757
ENSMUSG00000020107	0.011403041588018	7.10029172896474	0.250218479929958	0.802427721028862	0.875302759849181	-6.46609424331496
ENSMUSG00000021051	0.00441703970866847	7.00279286265828	0.0935025199723173	0.925507746528145	0.956409141806494	-6.46615036972383
ENSMUSG00000027993	-0.00539044713988268	7.03056205294603	-0.0951737582017052	0.924180273266845	0.955565324404481	-6.46623141506205
ENSMUSG00000033628	-0.0256681818827555	7.34329786928173	-0.78395013470719	0.433103060028419	0.576414075621842	-6.46662872062185
ENSMUSG00000017009	0.00935628801993449	6.92613740907829	0.20252756565917	0.839511786176554	0.899786189490253	-6.46664574628491
ENSMUSG00000044768	0.0201733512786966	7.27751848704837	0.476362960997846	0.633834701083162	0.750421767641595	-6.4667926833155
ENSMUSG00000021209	0.0147177999778947	7.18021861899001	0.340193923914562	0.73372345835066	0.825888360134712	-6.46692179428541
ENSMUSG00000031297	-0.00511461094292454	7.02756328274191	-0.112101573552605	0.910746952174698	0.946924410929828	-6.46706254748118
ENSMUSG00000024042	0.00363678023385372	7.0512784169231	0.0850932243040854	0.932190367748846	0.960887827302408	-6.46711671201704
ENSMUSG00000035278	-0.0122813446381178	7.13523375153727	-0.254132764304546	0.799402472177364	0.87367703195142	-6.46711983707096
ENSMUSG00000034120	-0.00586805721288908	7.09211858362062	-0.106406787346834	0.915263480786349	0.950022158919756	-6.46713870374855
ENSMUSG00000022787	0.00643403719311486	7.07608751406078	0.127783426330044	0.89832502839519	0.938346018947131	-6.46742033485178
ENSMUSG00000070803	0.0172050720516994	7.18141790658108	0.371662515821732	0.710158424366846	0.808625348211673	-6.46750881929378
ENSMUSG00000066551	0.0110217004561131	7.14682603414016	0.166668420605772	0.867637068695905	0.918055807271218	-6.46751150915204
ENSMUSG00000078640	-0.011309512394809	6.89387324864166	-0.236879024986842	0.812759446180516	0.881651062175434	-6.46751982741939
ENSMUSG00000002477	-0.0133415896193849	6.85898960016386	-0.2502799197617	0.802380212758802	0.875302759849181	-6.46755506045902
ENSMUSG00000097789	-0.00374263107140305	7.0475368037404	-0.0770318465647661	0.938601006480906	0.96436066557914	-6.46762785778895
ENSMUSG00000066306	0.00612678099789754	6.93078043499614	0.202222765346009	0.839750040488564	0.899872380702854	-6.46764142149534
ENSMUSG00000078866	0.0126028711588244	7.18102219927523	0.282155063454901	0.777835207502069	0.858852874809571	-6.46769121355898
ENSMUSG00000059897	-0.0264970430602141	7.25221159971093	-0.568403184845785	0.569784385896769	0.699148655210474	-6.46782279044517
ENSMUSG00000021963	-0.00877075801769767	7.11311612854123	-0.190662250323718	0.84879723837416	0.905291522997515	-6.46783297005285
ENSMUSG00000021374	0.00674873043021496	6.95854488353594	0.14123256231712	0.887691384537692	0.931297027515624	-6.46788177922383
ENSMUSG00000031503	0.00675374662022321	7.06208744382229	0.144240817946461	0.885315583660461	0.929937036512453	-6.46790156178073
ENSMUSG00000039523	0.00320888916500195	7.01072191776747	0.0817184064851327	0.934873608406921	0.962348262537063	-6.4679511811947
ENSMUSG00000038150	0.00274980660435542	6.96464144758912	0.0681546352884576	0.945665011091932	0.968438898895591	-6.46818745260437
ENSMUSG00000068036	0.0116468129794862	7.15242216422608	0.244828629376254	0.806598239931898	0.877439481278638	-6.46830165588529
ENSMUSG00000038552	-0.0337461756219826	7.33300446223007	-0.789742404281615	0.42971219639936	0.573516690881821	-6.46830850977634
ENSMUSG00000036339	0.0154357779986558	6.88657522749006	0.253055567014997	0.800234711826516	0.873997417255641	-6.46832615730801
ENSMUSG00000017176	-0.00332760890169936	6.98996483620243	-0.06923365368883	0.944806147262748	0.968099090550513	-6.46836535114952
ENSMUSG00000022960	0.00482807882793423	7.06469610666506	0.0984900283627267	0.921546771359397	0.9533694453289	-6.46842034687757
ENSMUSG00000025484	0.0331408955947481	7.32024775578354	0.785121157848072	0.432416283023328	0.575675612908421	-6.4685876487701
ENSMUSG00000030286	0.0128461114666143	6.86297083560307	0.225820570712979	0.82134935053448	0.886868977469981	-6.46862657414217
ENSMUSG00000002064	-0.00285365601777698	6.95879692988171	-0.0577350253744694	0.953961787003985	0.973232110124089	-6.46886487079436
ENSMUSG00000002550	0.0032179603806668	6.96064668680299	0.053032775563208	0.957707715364227	0.975559070088184	-6.46897791322051
ENSMUSG00000035910	0.0141693053421639	7.16113988098804	0.249002669315578	0.803367995044584	0.87568925414721	-6.46900981405949
ENSMUSG00000058706	-0.0138564474801735	7.20955182038932	-0.296921075173184	0.766537954900546	0.850251199318643	-6.46910277681962
ENSMUSG00000044071	0.0028134921837637	7.03780215031693	0.063957824406327	0.949006128723703	0.970254256249209	-6.46912923471628
ENSMUSG00000021311	0.00275596674011247	7.05101221254615	0.0648360934079882	0.948306854955919	0.969864334433473	-6.46918877035749
ENSMUSG00000056501	0.00254353607511515	6.98451620159112	0.0473548403720385	0.962232136545072	0.977994187691024	-6.46927685500044
ENSMUSG00000029054	-0.00485791766064914	7.03590553382609	-0.102799209304009	0.918126072804419	0.951564929716934	-6.4693058645674
ENSMUSG00000045414	0.00241860212100242	7.04353393855296	0.0454022334896789	0.963788345632174	0.978740072992276	-6.46933621473217
ENSMUSG00000017843	-0.00836622313109103	6.92002373749998	-0.180028113394564	0.857137116027526	0.910773405002221	-6.46941701633629
ENSMUSG00000038803	-0.00325526517067765	6.96848856879598	-0.0545365741315974	0.956509646691227	0.974902630944456	-6.46942558053586
ENSMUSG00000020315	0.0109724057365765	6.85025016256684	0.267676829798445	0.78895810276098	0.866223601120908	-6.46950401153852
ENSMUSG00000042408	-0.00579263810001063	7.12023174175472	-0.182144167240313	0.855476286744605	0.90930385207927	-6.46954204201168
ENSMUSG00000034801	-0.00195290353147115	7.05031414961389	-0.0381070054645711	0.969603745972747	0.981745893114233	-6.46975597536125
ENSMUSG00000029227	0.00954546848734683	7.14894079896619	0.219009605042578	0.826650675319168	0.890741616566136	-6.46992108495309
ENSMUSG00000028684	0.00247607372658898	6.96820545266022	0.0396732328872112	0.968355078901807	0.981219717894906	-6.47000313735441
ENSMUSG00000024959	-0.0232054467328604	7.32593416276561	-0.703665874137091	0.481670603043609	0.622940979457367	-6.47001574099866
ENSMUSG00000040785	0.0176356871798866	7.13497701948997	0.337946576641417	0.73541631848175	0.827066529308506	-6.47011932227389
ENSMUSG00000005813	0.000936770570616474	6.96782947313311	0.0299625536558749	0.976098002488128	0.985378719418319	-6.47012904482428
ENSMUSG00000035824	0.0386349749601704	7.53009299575279	1.1844858916461	0.236271854579936	0.376035876508695	-6.47017412512361
ENSMUSG00000079481	-0.00489659276044563	7.04893933298982	-0.0979162031559536	0.922002394175088	0.953765434935229	-6.47019202233932
ENSMUSG00000029071	0.00521357109550369	7.00769945342796	0.0762000483055913	0.939262710040125	0.964759720684553	-6.47024868026188
ENSMUSG00000013150	0.00431519573229089	7.02363203319408	0.0896681866802662	0.928554155633375	0.95872484270916	-6.47026734587725
ENSMUSG00000003161	0.0016926235930228	7.08133868993834	0.0234898623391036	0.981260375308926	0.988432779375584	-6.47032015869549
ENSMUSG00000030493	0.000345572856149445	7.05623903664703	0.00796351716324113	0.993646387986276	0.996767949698592	-6.47033867393951
ENSMUSG00000035900	-0.0226521594715798	7.18190209886642	-0.4518901003475	0.651365939234408	0.764762356993579	-6.47036970758118
ENSMUSG00000027613	-0.0236912501038393	7.40347452459841	-0.925221637622126	0.354891139030948	0.502187072221484	-6.47039897666479
ENSMUSG00000037896	-2.61497476721217e-05	6.98282816639141	-0.000408641723516587	0.999673965876415	0.999673965876415	-6.47041809440371
ENSMUSG00000019471	0.000849259294929183	7.01783654338725	0.0180368744948004	0.985610089488304	0.99128887543834	-6.47047000337026
ENSMUSG00000097796	-0.0355164130954861	7.22486273717247	-0.579053403769844	0.562576803804161	0.693788198512065	-6.47065200152948
ENSMUSG00000022848	0.0207301450339985	7.22912788673965	0.462471195887099	0.643761710435137	0.758174963669854	-6.47066469182239
ENSMUSG00000038174	-0.00324435671006373	7.04388672257622	-0.0627526773266364	0.949965725158332	0.970423788527846	-6.47067941792582
ENSMUSG00000021686	-0.00794870829339267	6.89702700655063	-0.215087772908355	0.829706844903179	0.89241883120871	-6.47074207848507
ENSMUSG00000060679	-0.0269191309959522	7.41561479293538	-0.902209738063974	0.366984889200106	0.513527807760559	-6.47081703039837
ENSMUSG00000044502	-0.00440854404252899	7.03744001617936	-0.106635320985919	0.915082177306747	0.949909282056766	-6.47088164273972
ENSMUSG00000045009	-0.00925063685811622	7.11724021977175	-0.241863372347426	0.808895030646695	0.879134462994067	-6.4710030354059
ENSMUSG00000031333	0.0157701318587664	7.20593861061442	0.319391985833114	0.749441392275475	0.83760344098263	-6.47105873192964
ENSMUSG00000034928	-0.000472781609070161	7.01130388493649	-0.00805304908879975	0.993574957376476	0.996767949698592	-6.47107622724188
ENSMUSG00000026510	0.0172675911644768	6.82913763640921	0.345979447002434	0.729371366793897	0.82254543320404	-6.47111225046244
ENSMUSG00000049001	0.00022087396984638	7.00278955627716	0.00543440902282576	0.99566418696936	0.997492771334777	-6.47112022103582
ENSMUSG00000028780	0.0247088009553877	7.30838156325028	0.661848238191735	0.508096158012925	0.647459110444346	-6.47113150260418
ENSMUSG00000040289	0.000341800767219347	6.9751984631804	0.00623339827845882	0.995026725561649	0.997124140422609	-6.47114782729274
ENSMUSG00000031555	-0.000767969216976638	7.03935234482711	-0.0176245324363976	0.985939023621474	0.991445330959725	-6.471262579109
ENSMUSG00000036087	0.0043087655913796	7.00694508818993	0.0587575309546058	0.953147365567814	0.972763120518695	-6.47137114275854
ENSMUSG00000016921	-0.00731811283306882	6.96000556024276	-0.146504491782518	0.883528502484457	0.928715789203253	-6.47139001583461
ENSMUSG00000024112	0.0161337174388576	7.21858484275232	0.44545828944397	0.656006092287111	0.768058644269617	-6.47140541119154
ENSMUSG00000036934	-0.00202271755400485	6.98554075086685	-0.03794069800175	0.969736338206724	0.981745893114233	-6.47150760249081
ENSMUSG00000026201	-0.00238269887168752	7.01552244524716	-0.0421666773060526	0.966367354017856	0.980142655624556	-6.47160401599365
ENSMUSG00000019715	0.000901707303329502	7.07596203865927	0.0219121755913633	0.982518805619084	0.989243728613785	-6.47166617490438
ENSMUSG00000003283	-0.00911806162529949	6.93645897392378	-0.153523504061698	0.877991077056097	0.925063065906533	-6.4716710085296
ENSMUSG00000032316	-0.00403603091998939	7.05890502739533	-0.0711791025725711	0.943257795548415	0.967421156233439	-6.47176736106991
ENSMUSG00000026207	0.0207964971348868	7.24394604028643	0.517518545996565	0.604814995823805	0.727244482487624	-6.47178567521717
ENSMUSG00000027009	-0.0315854438705356	7.36245278067747	-0.76718783143967	0.443002709571622	0.586370586766927	-6.47187830189926
ENSMUSG00000038072	0.00297011487061294	6.93188614401616	0.0635003737902692	0.949370364409731	0.970329864412029	-6.47190041779184
ENSMUSG00000068184	-0.002754985710407	7.04155729440992	-0.0678682494439666	0.945892975632895	0.968501664299352	-6.47199026924777
ENSMUSG00000029767	-0.010163264320302	7.13937627671993	-0.141400690539675	0.887558576705147	0.931232319780717	-6.47205752359893
ENSMUSG00000061758	-0.000708381531713265	7.02784393483409	-0.016744830204563	0.986640788943064	0.992020674974472	-6.47208100981541
ENSMUSG00000054457	0.0333804399151898	7.46426212051602	1.04709010282275	0.2951039408863	0.441764951867779	-6.47208229037837
ENSMUSG00000058239	0.00433589189706662	7.1167785446059	0.0843384249480236	0.932790425672124	0.961203640527307	-6.4720942566717
ENSMUSG00000043969	0.0173728901341033	6.78583730281266	0.335354378872353	0.737370541424665	0.828213377516448	-6.47213555117033
ENSMUSG00000061130	-0.000253608324156218	6.99340165059268	-0.00416014170386892	0.996680847301988	0.998205756799084	-6.47223114075886
ENSMUSG00000021385	-0.0143440627691716	6.73929435032775	-0.404655969264524	0.685746115047464	0.78971901862051	-6.47240136214224
ENSMUSG00000015671	0.00326783403608566	6.94597606340691	0.0532710861381818	0.957517848098906	0.975550479946372	-6.47245063639893
ENSMUSG00000077493	-0.0257795014362729	7.23299030340026	-0.548600731580668	0.583301705205315	0.710544705209582	-6.47248778853431
ENSMUSG00000064145	0.024871204135156	7.32364205892347	0.625407093340908	0.531729802030357	0.668017135417084	-6.47256491353601
ENSMUSG00000022762	0.0138456807991743	7.14898308378624	0.280135469588322	0.77938408635335	0.859982845220232	-6.472596126071
ENSMUSG00000029701	-0.0124484172753441	6.79911094684267	-0.315821535852707	0.752149929514273	0.8394124010912	-6.47259910003144
ENSMUSG00000019789	0.00360637553201393	6.9841853030316	0.0766675349130406	0.938890814730783	0.964529076149985	-6.47262439919307
ENSMUSG00000035049	-0.00414764274151835	7.02836457245122	-0.065497770230545	0.947780057166855	0.969477030113951	-6.47267756145458
ENSMUSG00000020277	-0.0314406261275799	7.38186284504907	-0.911601252292259	0.362018532771591	0.508808011921168	-6.47268526402338
ENSMUSG00000036565	-0.0008895496601804	6.95388997140629	-0.0216036818031388	0.982764878620066	0.989339314947628	-6.47272913566026
ENSMUSG00000021222	0.0222139894710116	7.38221241352985	0.777366093863246	0.436976175690463	0.58044765545247	-6.4728431995239
ENSMUSG00000036545	-0.00430728891111354	6.94715148225513	-0.094218832980077	0.924938749739827	0.955972062176823	-6.47286403388752
ENSMUSG00000002580	0.00721378699700814	7.10041431524898	0.153087770625221	0.878334664117995	0.925113227886789	-6.47289596550818
ENSMUSG00000022035	-0.00118464831268739	7.04788080919241	-0.0263274861606853	0.978997084886547	0.987140313873589	-6.47292199527412
ENSMUSG00000038695	-0.0199041579576926	7.24361951232433	-0.382524346872478	0.702087223609622	0.802900548606256	-6.47298534932083
ENSMUSG00000064647	0.0117575725749379	7.13267292233294	0.228182902528148	0.81951251769409	0.88582143643663	-6.47304630370567
ENSMUSG00000026782	0.0188186862158988	7.23621916847557	0.432918339947915	0.665091036009735	0.773713510168781	-6.4731462168416
ENSMUSG00000006599	-0.0049416178604611	6.93270331204868	-0.0781515048758735	0.937710374506259	0.964170059362922	-6.47331206026367
ENSMUSG00000056305	0.00234178351491021	6.93937833811425	0.0537011447027002	0.957175217110111	0.975315839719085	-6.47334508085413
ENSMUSG00000042138	-0.0121190347793361	7.19890536498445	-0.233632557775856	0.8152789267052	0.883286304901066	-6.47336669185696
ENSMUSG00000042496	0.00212044858335858	6.9620925280112	0.0583742424409185	0.953452647584278	0.972998835620342	-6.47347888106353
ENSMUSG00000050761	-0.00191553477987494	7.04117789415021	-0.0322020673668238	0.974312073566186	0.984220724424241	-6.47355271234425
ENSMUSG00000022538	-0.00433117225120228	7.12898817949629	-0.0839693642522883	0.93308383915529	0.961336840143339	-6.47360493081654
ENSMUSG00000028328	0.000445796286905775	7.0929449341142	0.00828527647266485	0.993389681320856	0.996739554556456	-6.47369427189135
ENSMUSG00000047910	0.00205666889447986	7.04599513350615	0.0346424903673395	0.972366073926991	0.982923579608396	-6.47373193421628
ENSMUSG00000036986	-0.00286344793366311	6.96712339173711	-0.0516937450527863	0.958774594681017	0.975919529899229	-6.47378617694747
ENSMUSG00000073678	0.0116591516774065	7.12980839237617	0.214660491064262	0.830039969835969	0.892557148672896	-6.47393141784358
ENSMUSG00000055200	0.010672924349632	6.94766192095108	0.176252403567121	0.860102128684457	0.912664700011097	-6.47398449059229
ENSMUSG00000010045	0.0119120570043734	7.33808152832158	0.706663995135849	0.479805183152606	0.621379410984239	-6.47411120850697
ENSMUSG00000035392	0.019065589443426	7.48613213639344	1.00891619426377	0.313059119349177	0.460875968797867	-6.47414692613315
ENSMUSG00000025059	-0.000816398610314018	7.09175640869722	-0.0205639310814117	0.983594257605759	0.989869784039864	-6.4741550956946
ENSMUSG00000031924	0.000647139705240107	7.01278360067314	0.00940627250759911	0.992495331506885	0.996376725717977	-6.47418041338279
ENSMUSG00000032127	0.0347238668334828	7.46759416039333	0.998574938949587	0.318044484500307	0.465669896381552	-6.47420709408829
ENSMUSG00000021109	0.0412265529014029	7.43272050183688	0.839611304891889	0.401162776399489	0.547507080833682	-6.47423583064046
ENSMUSG00000031827	-0.00500081289718945	7.10432285720948	-0.154594258805584	0.877146857084965	0.92470550835707	-6.47441615755845
ENSMUSG00000029175	0.00138425500147399	6.92355302720013	0.0288100649121088	0.977017116691307	0.985963544508554	-6.47447149243001
ENSMUSG00000021987	0.00677697738899408	6.91249189656133	0.12165669431133	0.903175346516917	0.941580796034359	-6.47450616318153
ENSMUSG00000042429	0.00966919441750225	6.8369184375103	0.215796773431634	0.829154149118664	0.892356974272756	-6.47466957972093
ENSMUSG00000021877	0.00631081636734976	7.11577585167978	0.13014125048108	0.896459423867348	0.937191310170991	-6.47468857486847
ENSMUSG00000025212	-0.0298435436388154	7.27798036745525	-0.614536825001353	0.538886014530272	0.673590817334591	-6.47472946603631
ENSMUSG00000042688	2.75728125807007e-05	6.97969238854446	0.000723117649159209	0.999423061813228	0.999611115178989	-6.474747180004
ENSMUSG00000017778	-0.00372579706906073	7.04341878880965	-0.0779401015166048	0.937878529329882	0.964170059362922	-6.47475867987333
ENSMUSG00000021832	-0.00180209516125629	6.96252668749134	-0.0358698246056821	0.971387455876833	0.982316945357346	-6.47478307635251
ENSMUSG00000032332	0.0142787008922474	7.22657409095927	0.400108572782016	0.689092056774458	0.79219598506948	-6.47489032310217
ENSMUSG00000042447	0.0192586458053601	7.35079111227913	0.678789854019654	0.497299524680743	0.637486084120267	-6.47492488659248
ENSMUSG00000020752	-0.0339155763878978	7.41963328487491	-0.869760283059053	0.384469297565423	0.531181093681566	-6.47501780002829
ENSMUSG00000024867	-0.00096207608703569	6.95889331280939	-0.0269980450533668	0.978462270746432	0.986753046419064	-6.47503139498205
ENSMUSG00000037553	0.000842748649590774	7.07767447763438	0.0242561172163947	0.98064919433814	0.988197294664018	-6.475078388115
ENSMUSG00000024169	-0.021562222011025	7.25134735051072	-0.493624334990781	0.621591180905848	0.741289100056418	-6.47508980885964
ENSMUSG00000046546	0.0174419779991606	7.1675406021556	0.308920292790047	0.757393836512564	0.842893582762877	-6.47512744401678
ENSMUSG00000034118	-0.00542224421398618	6.94242083139176	-0.132712085550435	0.894425929342427	0.936037111666751	-6.47523302300466
ENSMUSG00000003360	-0.00862912811871475	7.11514551354958	-0.188509096047181	0.85048452620668	0.906352740504506	-6.4753088198955
ENSMUSG00000048486	-0.0066692313800818	6.87585673407152	-0.144223056894316	0.885329607629943	0.929937036512453	-6.47531866837281
ENSMUSG00000019927	-0.00637694654825172	6.97581612044024	-0.131697406006095	0.895228444503561	0.936577496838791	-6.47547160573538
ENSMUSG00000000078	-0.0128559946890237	7.1491249002412	-0.217579140698507	0.827765092852275	0.891575532342409	-6.47554721252402
ENSMUSG00000050786	-0.0331742917615081	7.36111335519028	-0.754298192165144	0.450702413904897	0.593681054718071	-6.47574663110054
ENSMUSG00000041650	0.000129345042792828	7.07285901076317	0.00358835759418886	0.997137040890844	0.998454612318256	-6.47582178405202
ENSMUSG00000057924	-0.00596609089871247	7.06111970580666	-0.102715652263999	0.918192387551455	0.951564929716934	-6.47585760688008
ENSMUSG00000026209	0.0245643078277684	7.31814840595512	0.654738780506117	0.512663274741151	0.65118730890765	-6.4758787601708
ENSMUSG00000096847	0.00381409582442505	6.92131545638149	0.0670139291973454	0.946573045007254	0.968834684748681	-6.47602404171836
ENSMUSG00000034192	-0.0181505206242525	7.2442041684055	-0.408137812454564	0.683188355474175	0.787489166214817	-6.47616324379138
ENSMUSG00000030846	-0.00628051358327486	7.18051602955977	-0.200140660216179	0.841377958555153	0.901048689849003	-6.4761691593234
ENSMUSG00000041697	0.0118417162530671	7.15576802852751	0.27498848706976	0.783335391124817	0.862921687976928	-6.47618546635088
ENSMUSG00000041747	0.00393163137642194	7.08438939813991	0.06606778214246	0.947326257220813	0.96908855755078	-6.47623973467552
ENSMUSG00000036977	0.00372622016203916	6.93092261983639	0.0715030118842831	0.94300002196315	0.967346210025584	-6.47631747417804
ENSMUSG00000018541	-0.00647057777839066	6.89749276303643	-0.172916185524015	0.86272365869056	0.914186818257937	-6.47636374017677
ENSMUSG00000022808	0.0246216926665754	7.33214224753099	0.626235138313198	0.531186657133226	0.667613798237199	-6.47662692700637
ENSMUSG00000025907	0.00479974904791014	6.93686156317036	0.101271274241867	0.919338802598615	0.951987946185326	-6.47668593455464
ENSMUSG00000044496	0.0111151814965851	7.14434748595326	0.234765913703776	0.814399146496173	0.882771454373895	-6.47669434579574
ENSMUSG00000030315	0.00199222329372084	7.09695080766393	0.0363521575166203	0.971002878226787	0.982311367926544	-6.47675079206307
ENSMUSG00000018433	0.0353667180799224	7.30586749632191	0.615138651321553	0.538488555586586	0.673510195408967	-6.47684712879999
ENSMUSG00000040721	0.00911565821234195	7.17316758464678	0.197464168110481	0.843471600918699	0.902700089857566	-6.47689778773669
ENSMUSG00000030711	0.0126779718460241	7.10289397516785	0.206948604380474	0.836057642365791	0.897259337146729	-6.4771391444088
ENSMUSG00000017801	-0.00111941083765998	7.01566936707047	-0.0207708478379097	0.983429204669936	0.989779762264668	-6.47727456909347
ENSMUSG00000079197	0.00803680907561866	7.1892925942085	0.244967854674237	0.806490441414676	0.877439481278638	-6.47739138039145
ENSMUSG00000089862	0.0122928774035707	7.17074439044547	0.282678113547952	0.777434210478798	0.858627356469413	-6.47742200904921
ENSMUSG00000031578	0.000492125804557375	6.9584430609461	0.00670930715306027	0.994647030397824	0.997084144101708	-6.47754396152339
ENSMUSG00000098020	0.00219182902758241	7.09223822668503	0.0512255835408589	0.959147622253045	0.976147440184768	-6.47762314989446
ENSMUSG00000027597	-0.0134417954964183	7.25101069920602	-0.451884984726826	0.651369624505958	0.764762356993579	-6.47762940551958
ENSMUSG00000102748	-0.006119238541757	7.12865517598654	-0.137479187459794	0.89065706449375	0.933660204047736	-6.4777667607668
ENSMUSG00000043602	-0.00828837584021791	6.89275947979469	-0.191129081074114	0.848431504398076	0.905004882703772	-6.47785806404658
ENSMUSG00000073985	-0.00269634418117271	7.10873275299886	-0.0524745326157637	0.958152489149407	0.975859297461442	-6.47804469590053
ENSMUSG00000039676	0.000394476471659466	7.11391391399208	0.00811650654139969	0.993524329606355	0.996767949698592	-6.47806225650649
ENSMUSG00000032680	-0.0114914881894377	7.23617936277419	-0.297802475035655	0.765865150281672	0.849720893854885	-6.47819057582637
ENSMUSG00000036372	-0.00637181794948383	6.90456304424499	-0.118830502448777	0.90541397315292	0.943313682676908	-6.47830160285951
ENSMUSG00000024891	-0.0174249647923297	7.16311843338746	-0.297856102203066	0.765824220406192	0.849720893854885	-6.47830898385516
ENSMUSG00000020589	-0.0065132101538552	7.1083677169278	-0.139734868581475	0.888874581423703	0.932239527357135	-6.47835333439588
ENSMUSG00000059991	-0.00983011376599929	6.83156909782378	-0.208059318673282	0.835190338788093	0.896622543289357	-6.47849151317554
ENSMUSG00000048832	0.000396101190229814	6.94036201627295	0.0109127567058623	0.991293447699385	0.995475478812637	-6.47857596754092
ENSMUSG00000029675	0.0130996274383692	7.37412171073441	0.689071724201863	0.490807139762634	0.631451166840841	-6.47859144546946
ENSMUSG00000000266	0.0378264783097793	7.32207122097367	0.599513651439434	0.548855053359161	0.68171624194193	-6.47878098429654
ENSMUSG00000048445	-0.0263504351567452	7.40937052029205	-0.857400666482018	0.391260771932506	0.538291932129085	-6.47884574200413
ENSMUSG00000039318	0.00336679540472939	7.06905936484318	0.0613299057311518	0.951098698089381	0.970823651597238	-6.47885987089274
ENSMUSG00000045078	-0.00932067229243394	6.77591263973516	-0.288635966984675	0.772870823484161	0.855391395811534	-6.47889769459235
ENSMUSG00000037855	0.0105684805346815	7.11329794362835	0.190160927255763	0.849190031273777	0.905636680468906	-6.4790350102389
ENSMUSG00000022816	0.0107832614776981	6.88797693975206	0.213179933875346	0.831194503733169	0.893465163346633	-6.47928727181761
ENSMUSG00000030990	0.00308539307083233	7.14040872089167	0.0650683126284317	0.948121969708298	0.969751002142269	-6.47933056144901
ENSMUSG00000055044	-0.00565345458107558	6.84966847433595	-0.157181745496616	0.875107372101033	0.923244883886963	-6.47949124406015
ENSMUSG00000029603	0.029643187561879	7.36575190660005	0.80668749279403	0.41988135978617	0.564498537925707	-6.47958942047387
ENSMUSG00000020015	0.0106084177390544	7.14568766896121	0.20602589091801	0.836778296788959	0.897738380853975	-6.47969609034524
ENSMUSG00000040433	0.0103257021340237	7.15375318626625	0.153316724226352	0.878154125431595	0.925063065906533	-6.4797636967669
ENSMUSG00000059187	-0.0250534225489139	7.4703954545065	-1.0863246861992	0.277382878297644	0.423872909394487	-6.47982028682089
ENSMUSG00000027067	-0.0324014344113221	7.26771596911165	-0.549062333080105	0.58298491681637	0.710356683175891	-6.47986141075912
ENSMUSG00000020388	-0.0089975536456679	6.91307990267984	-0.197574828905651	0.843385016276074	0.902681215916151	-6.47998078301985
ENSMUSG00000002949	0.0219505361776724	7.21139192661477	0.362548017104586	0.716956449594731	0.814246124364525	-6.47998453853597
ENSMUSG00000052302	-0.0403068462537206	7.29226817828583	-0.793969964102742	0.427247100270583	0.571233561758831	-6.48015609011653
ENSMUSG00000018476	-0.00103333519633608	6.92662395032463	-0.0283797008628814	0.977360341567429	0.986173533086765	-6.48024596190006
ENSMUSG00000090761	-0.00440900981349746	7.10795619322964	-0.0810370680190985	0.93541541586593	0.962469241159758	-6.48037164183952
ENSMUSG00000000088	0.0137520042732131	7.15791740929117	0.287835014091166	0.773483856212563	0.855941741112612	-6.4804055824306
ENSMUSG00000062661	0.0107010622368131	7.09946217517638	0.214456793802176	0.830198790613574	0.892581306291608	-6.48048650874094
ENSMUSG00000025613	-0.000450288140908306	6.88535889376347	-0.0087112725623532	0.993049813313214	0.996704090455121	-6.4805539953161
ENSMUSG00000003072	-0.0270251670239867	7.28905713069211	-0.657911131206964	0.510622715267296	0.649414473312554	-6.4806461113253
ENSMUSG00000002320	0.00946310956511098	7.12957703153592	0.167178345249195	0.867235855866729	0.917779631800761	-6.48073412869752
ENSMUSG00000035206	0.0204489422832133	7.26874867085442	0.514307851932892	0.607057394111452	0.728936568257097	-6.48078535075551
ENSMUSG00000094551	0.0186604459499815	7.30552178765136	0.618321340225068	0.536389088498395	0.671550726462751	-6.48100221963744
ENSMUSG00000020910	0.00482059724528305	7.08571617184838	0.0970689162809121	0.922675194998224	0.954310606171334	-6.48105865892077
ENSMUSG00000070570	0.0293519220252509	7.55673957279205	1.2485789123807	0.211872163130377	0.34678921722298	-6.48126377501151
ENSMUSG00000025156	-0.00548531244426442	7.03763324254387	-0.0892613234190071	0.92887747408216	0.958869004166815	-6.48132624585175
ENSMUSG00000066607	0.000119605704895775	7.04540222079831	0.00230462062465921	0.998161263821151	0.999306206771164	-6.48140968398269
ENSMUSG00000036067	0.0292366234437296	7.36732577734414	0.80877268077193	0.418680823446096	0.563578998617755	-6.4817022136849
ENSMUSG00000055676	-0.0168333233666607	7.18708305095555	-0.301942919212824	0.762706969690404	0.847003553431404	-6.48176560987906
ENSMUSG00000046139	-0.0152979015335815	6.831146588342	-0.303901459475955	0.761214438141244	0.845879897366374	-6.48177671758567
ENSMUSG00000050052	-0.00717830456934454	7.08329279918994	-0.12691319036157	0.899013736412403	0.938662400280021	-6.48183949469199
ENSMUSG00000036985	0.0109917360549519	6.94044855011851	0.173478446294306	0.862281739214481	0.913940457399287	-6.48192486280618
ENSMUSG00000092300	-0.0041047660943283	7.06287679402054	-0.057855578396768	0.953865764506731	0.973232110124089	-6.48199552471705
ENSMUSG00000002825	-0.00349963791510177	7.09661898765964	-0.0631975824648617	0.94961146162773	0.970329864412029	-6.48213089823195
ENSMUSG00000020818	0.0247501696669774	7.35239688288238	0.706913636559818	0.479650035128436	0.621379410984239	-6.48220040534996
ENSMUSG00000022186	0.00498384423783982	7.11599251171729	0.10266498027454	0.918232603472626	0.951564929716934	-6.48228566957809
ENSMUSG00000036972	0.000777343416430654	6.94120062421094	0.0189682626510329	0.984867110205293	0.990846092892315	-6.48243988752634
ENSMUSG00000026078	-0.0101875372476261	6.84373755456333	-0.251179825731258	0.801684445451202	0.875075267621072	-6.48244698792463
ENSMUSG00000022983	-0.00582228585515132	7.11840937073852	-0.128471390046955	0.897780625508437	0.938197952518874	-6.48262883713859
ENSMUSG00000035329	-0.00938079667471214	6.84601996290061	-0.214719979067344	0.829993588927631	0.892557148672896	-6.48268692886532
ENSMUSG00000053332	-0.0067326376262562	7.17774103986913	-0.165574054069512	0.868498240139109	0.918744259849807	-6.48287999657733
ENSMUSG00000031590	-0.00807260571351609	7.13249151994566	-0.152373983575623	0.878897553135703	0.92540829706069	-6.48292490064458
ENSMUSG00000035891	0.0110957884787624	6.87756960946835	0.185348681242312	0.852962377701844	0.907811027467079	-6.48297676704784
ENSMUSG00000064127	0.00988133625828791	6.83460275233785	0.224558830786318	0.822330819585468	0.887401507584318	-6.48310720908144
ENSMUSG00000027864	0.0109856641125443	7.15382975561584	0.199221596118678	0.842096755783014	0.901670951722517	-6.48321405929315
ENSMUSG00000004562	0.0115017308311272	7.19949282062837	0.203624608593615	0.838654378743433	0.899235309296399	-6.48328617501841
ENSMUSG00000028540	0.0245733339129846	7.28973492159033	0.603245287304247	0.546370347926483	0.679950626906228	-6.48333834691387
ENSMUSG00000029097	-0.00372721684292099	7.0540516343116	-0.068073551032308	0.945729554107862	0.968438898895591	-6.48334241215494
ENSMUSG00000007867	-0.00505719707948682	6.93522768997408	-0.10917659161546	0.91306640111773	0.948732034046842	-6.48342715621639
ENSMUSG00000059540	-0.0401046153163271	7.39888061886885	-0.906479253005956	0.364721869580098	0.511564036484105	-6.48343531732708
ENSMUSG00000058070	0.00500350507581082	7.16203594500363	0.0769948832715234	0.938630410241183	0.96436066557914	-6.48346862980036
ENSMUSG00000036202	-0.00458202059328894	6.95230073332428	-0.0901324476852624	0.928185239838827	0.95857073124319	-6.48366292517064
ENSMUSG00000034839	0.0168862851049543	7.32137017755592	0.565416773214577	0.571813334328967	0.700778648091609	-6.48388053166457
ENSMUSG00000003868	0.00467893580156353	7.14218803763429	0.137036234150079	0.891007160042944	0.933728146904845	-6.48400634543185
ENSMUSG00000068039	0.000377354828712484	6.88324682425886	0.0073281358606888	0.994153311093827	0.996818193217461	-6.48431073948325
ENSMUSG00000020627	0.011583541307453	6.80353891658023	0.236609483131562	0.812968555694743	0.881779077939811	-6.48443727126253
ENSMUSG00000022682	0.00141801713373191	6.90155777206336	0.0213616661900784	0.982957925822401	0.989381499566916	-6.48444409535155
ENSMUSG00000036002	-0.0269654062237166	7.25206106535048	-0.524996142738671	0.599606989447196	0.723174086213053	-6.48449331372962
ENSMUSG00000033594	-0.027129268198415	7.26653185384064	-0.643524564898164	0.519910555589522	0.657331626632354	-6.48460466328336
ENSMUSG00000036636	0.0283430097013717	7.27993510011528	0.574794941500959	0.565453449676427	0.69603995832189	-6.48471439822148
ENSMUSG00000030007	0.00155794574436019	6.86018005647244	0.0436646223113593	0.965173321412402	0.980022934057423	-6.48477441536333
ENSMUSG00000030729	0.0224618771943277	7.29450599875684	0.626656740153624	0.530910221287317	0.667435818810597	-6.48484169194759
ENSMUSG00000026563	-0.0108900962832488	7.17325220334937	-0.249934658234771	0.802647195264794	0.875449680786188	-6.48494452663376
ENSMUSG00000034768	0.0296225340934999	7.47266323558618	1.02373936048682	0.306003330102299	0.453189547251052	-6.48502589748848
ENSMUSG00000038393	-0.0111503795261445	6.85988978717995	-0.229523881237113	0.818470278595224	0.885132404375407	-6.4850385667731
ENSMUSG00000034724	0.0304338126110286	7.37948218974204	0.726912661188831	0.467310333748751	0.610276996452733	-6.48518781723964
ENSMUSG00000039285	0.00691965406833361	6.8704606732562	0.170964776417814	0.864257738081904	0.91546740235685	-6.48528082633882
ENSMUSG00000025202	-0.0111485117162413	6.87962355909616	-0.194620665512397	0.845697096958479	0.903316207165717	-6.48530120460071
ENSMUSG00000070315	0.00135962173167226	7.17724255366675	0.0383428827397987	0.969415689138236	0.981713351036339	-6.48533743959702
ENSMUSG00000040383	0.00758853724492248	6.87971247166826	0.163496185321669	0.870133771125798	0.919642534016506	-6.48537078491881
ENSMUSG00000061536	0.00484127830659542	7.09413749703361	0.121915063170876	0.902970730670676	0.941517426404945	-6.48551744549324
ENSMUSG00000041923	-0.0216741263526803	7.22918577338797	-0.497631500179306	0.618763650242233	0.73903203959403	-6.48561394349206
ENSMUSG00000041926	-0.00351524471992448	7.11181169539003	-0.0623951495804755	0.950250420078219	0.97043869044596	-6.48594159426117
ENSMUSG00000017188	-0.0287772314137653	7.2819505359038	-0.679372926355581	0.49693012966408	0.637199731396879	-6.48612539161842
ENSMUSG00000067928	-0.00304116541762323	6.92312479106362	-0.0884114481750438	0.92955287479201	0.959289256065805	-6.48623674253581
ENSMUSG00000009092	-0.0128541500041282	6.80485223592586	-0.254147282255355	0.799391257202671	0.87367703195142	-6.48627861924176
ENSMUSG00000102543	0.0138157993604171	7.17110090726116	0.271589764960712	0.785947642267174	0.864237356130751	-6.48643116122736
ENSMUSG00000029676	0.00588121075443837	6.90319109436881	0.109137937502171	0.913097058017484	0.948732034046842	-6.48656152243925
ENSMUSG00000023571	-0.0147213406084319	7.17717314611468	-0.312031028572931	0.755028745947047	0.841692467808135	-6.48658627972236
ENSMUSG00000022961	0.0110025833659373	7.17236321871625	0.188541002649125	0.85045951804551	0.906352740504506	-6.48673992450608
ENSMUSG00000022359	-0.00166438269047031	6.92381832837924	-0.0404542883151618	0.967732415129834	0.981024072155819	-6.4868926044668
ENSMUSG00000006998	-0.0152658462037465	7.23804231476051	-0.480766172225369	0.63070177836945	0.748336748451409	-6.48691028572363
ENSMUSG00000100164	0.0226207907826073	7.4656808087703	1.01770379420347	0.308863415508474	0.456238275509076	-6.48714826472939
ENSMUSG00000039164	0.00809274620466738	7.17829733130937	0.266896549711262	0.789558798691672	0.866535651980164	-6.48716963122452
ENSMUSG00000032478	0.00248022843611562	7.14059985864399	0.0415640563133543	0.966847732943691	0.980402023057765	-6.4872040325691
ENSMUSG00000030317	-0.00396083939932002	7.08891213777857	-0.0945163250786633	0.924702450841005	0.955803291205625	-6.48733798938936
ENSMUSG00000005312	-0.0113009516527871	6.85297545261675	-0.20368314533526	0.838608634005345	0.899235309296399	-6.48740013847292
ENSMUSG00000034145	0.0162419524391053	7.13564079683242	0.29936137238023	0.764675619860039	0.848760764324513	-6.48741060122386
ENSMUSG00000030224	-0.0112907882172868	7.16612153103165	-0.245128658992517	0.806365939401117	0.877439481278638	-6.48762389353014
ENSMUSG00000061589	-0.00847091274024514	7.1537733861075	-0.170839046719894	0.864356596755561	0.915472580270513	-6.48778667798258
ENSMUSG00000021945	0.0225770827104368	7.22850021667383	0.375031656344958	0.707651354301692	0.806596859700309	-6.48784129536742
ENSMUSG00000029404	0.0282546732039606	7.36319072341315	0.733564948458362	0.463245132134592	0.606541181108719	-6.48787651665259
ENSMUSG00000097792	0.0129925472293291	7.26336471774459	0.481435456470752	0.63022615582831	0.7481114182704	-6.4879160682746
ENSMUSG00000066324	0.0306263419193185	7.33605184424861	0.596462671161151	0.550890681457153	0.683260136381952	-6.48793765101958
ENSMUSG00000026768	0.00416173597809344	7.11641066555434	0.08141658562128	0.935113615800284	0.962348262537063	-6.48796670440243
ENSMUSG00000022710	0.00961305375474986	7.15289364116994	0.156475412443213	0.875664029703896	0.923563479971273	-6.48830138897023
ENSMUSG00000022211	0.0267778977998292	7.3068034655062	0.585475844858636	0.558251774831998	0.689949234031957	-6.48840916955648
ENSMUSG00000049672	0.00941285174064888	7.22631423220072	0.199057280437012	0.842225280465466	0.901704680698473	-6.48850550676214
ENSMUSG00000016308	0.0130153445192969	7.31024011287813	0.599961149141499	0.54855679340142	0.681570232439156	-6.48860803696676
ENSMUSG00000069237	-0.0230663359418353	7.35134362179241	-0.726531799377338	0.467543675012882	0.610520825181394	-6.48873620914009
ENSMUSG00000027104	-0.0027838468081427	7.11912674156757	-0.0429502222815376	0.965742769941929	0.980040643677213	-6.48884146836953
ENSMUSG00000058761	-0.00421943960912685	7.1023669670051	-0.116398472369382	0.907340986943269	0.94441947853882	-6.48885312827953
ENSMUSG00000084088	-0.0120825013907737	7.21344263065889	-0.287644630966993	0.773629592314813	0.855941741112612	-6.48909204104915
ENSMUSG00000032399	0.020601370040211	7.32524309253466	0.565062112834896	0.572054516313189	0.700950123735413	-6.48920963400132
ENSMUSG00000025730	0.0107765033752569	7.16007444353252	0.220951102216116	0.825138691479276	0.889551692098706	-6.48926638265011
ENSMUSG00000042608	0.00487753411496605	7.10626923631929	0.0899740616103929	0.928311096458891	0.958625088723758	-6.48932637713213
ENSMUSG00000051107	0.00880448455593896	6.9083661331089	0.169530046213794	0.86538596278937	0.916295660982293	-6.48933175023154
ENSMUSG00000028218	0.0165328215844927	7.25391031932676	0.424874089529426	0.670945049860361	0.777927327519291	-6.48941223712409
ENSMUSG00000022022	0.0355184360540983	7.47150949538679	0.983255425149896	0.325524903069379	0.472862550438862	-6.48958129184187
ENSMUSG00000026668	-0.0275432267342905	7.54064203053751	-1.15655670598291	0.247503646818767	0.388929211509383	-6.48959616051022
ENSMUSG00000003452	0.0180744556528696	7.22829197030667	0.309101572969557	0.757255946694609	0.842884706842626	-6.48994448039016
ENSMUSG00000023284	-0.0115671245166871	7.16609455391703	-0.183621984986034	0.854316769663534	0.908809226329323	-6.48997203552676
ENSMUSG00000048478	0.00551028345842841	7.17952359507852	0.194612825296682	0.845703234893843	0.903316207165717	-6.49022697610278
ENSMUSG00000022312	0.0149231085650614	7.2293498342063	0.294227040020229	0.768595499944737	0.851667565406389	-6.49024891256388
ENSMUSG00000025646	0.00296956357457656	7.10568542432398	0.0567976911957664	0.954708412041656	0.973749028548564	-6.49031265061498
ENSMUSG00000050619	-0.0147286450680948	6.79920906074785	-0.32238735136906	0.747171493418747	0.835994290388704	-6.49035449385356
ENSMUSG00000030088	-4.38713343147157e-05	7.14786439102951	-0.00116534472783142	0.999070231819921	0.999560966932613	-6.49036085794487
ENSMUSG00000042042	0.011273503251636	7.21788536348923	0.219678906639272	0.826129368989549	0.890253164771683	-6.49049259509898
ENSMUSG00000040896	0.00192528050925755	7.11414831076871	0.0391363193808593	0.968783121953727	0.981415043019463	-6.49050596107294
ENSMUSG00000033735	0.0160850530225956	7.12178145853396	0.273961485139647	0.784124486740416	0.863346149416847	-6.49057085865773
ENSMUSG00000021065	0.00499095385909332	7.15592698876931	0.0752438211027522	0.940023449831244	0.965238196485541	-6.4905830904237
ENSMUSG00000040729	-0.000918251686395699	6.91154679868689	-0.017600189934331	0.985958442234487	0.991445330959725	-6.49064472807366
ENSMUSG00000020069	0.00258062323816599	6.91573427354019	0.0696623227311727	0.944464958292326	0.968052551003142	-6.49071471826261
ENSMUSG00000007682	0.0183563792856214	6.52607937041143	0.56904829825945	0.56934655168378	0.698849367480534	-6.49079709699228
ENSMUSG00000030768	-0.0305338280908893	7.45437405393717	-1.02306772045979	0.306320730211184	0.453608302219752	-6.49085212950184
ENSMUSG00000022636	0.0103110734781726	7.16948946631777	0.207826676874461	0.835371981062561	0.896744012468928	-6.49105305796388
ENSMUSG00000048138	-0.0286049924617577	7.46349288895027	-0.998302525536466	0.318176510489621	0.46579077214918	-6.49118521517693
ENSMUSG00000023826	0.0306735127127817	7.45658319436439	0.950157505269298	0.342073890069111	0.490142428454065	-6.49118525020976
ENSMUSG00000030298	-0.0162304555640524	7.24149249281376	-0.398419050067075	0.690336751318889	0.793145129290645	-6.49125493418318
ENSMUSG00000026110	-0.00131988724650434	7.10972110886201	-0.0222821925690027	0.98222366025809	0.989098697030914	-6.49173200965414
ENSMUSG00000032038	-0.0085061996772442	6.84910101219025	-0.200600016220323	0.841018747148897	0.900737683055739	-6.4918856529536
ENSMUSG00000028646	-0.00581505486731348	7.13878792643358	-0.179066723496649	0.857891892605341	0.911008174963407	-6.49192371385967
ENSMUSG00000074918	0.0138961027602065	6.76369741886731	0.329562570505077	0.741743032209888	0.831744843828989	-6.49202947736966
ENSMUSG00000033066	0.0304263818120951	7.28568538500035	0.597796705364202	0.55000015074363	0.682394122837139	-6.49206147390979
ENSMUSG00000026307	0.0286849872580826	7.31297530933614	0.587450194614641	0.556925456391354	0.688765168626073	-6.49211561982964
ENSMUSG00000104156	0.0305198428160072	7.34111730638344	0.624243231849444	0.532493696869524	0.668528573238835	-6.49216529202494
ENSMUSG00000005892	0.00232024743870607	7.12145621007445	0.0637987683220311	0.949132772669082	0.970254256249209	-6.49218612398901
ENSMUSG00000003949	0.00250644418647017	7.12219832999555	0.0494216596375731	0.960585058190055	0.977002764280936	-6.49220404502272
ENSMUSG00000006335	0.0174346805036789	7.16806759140885	0.284645471097407	0.775926465077828	0.857534136028084	-6.49234773101183
ENSMUSG00000060657	0.00774878023070436	6.83664743467561	0.127645520274213	0.898434162672223	0.938346018947131	-6.4924022764446
ENSMUSG00000020978	0.0208601433569262	7.42156986446755	0.920327444460287	0.357441951152712	0.504324822124292	-6.49247409349504
ENSMUSG00000037216	0.0206398548949114	7.24479739494447	0.437308082162998	0.66190506906093	0.771526231607355	-6.4926234902744
ENSMUSG00000038644	-0.0016392251178754	7.15425059443581	-0.0515533093738711	0.958886491829567	0.975957548863616	-6.49268879703322
ENSMUSG00000039176	0.0102905011705756	7.13710374874764	0.157531333821601	0.874831886111984	0.923132026515523	-6.49274054366683
ENSMUSG00000034501	-0.0249267840797138	7.24761122771093	-0.529001480536895	0.596825726408825	0.721355948625475	-6.49291570018788
ENSMUSG00000002833	0.00815723190767859	7.15487359961276	0.130913929088826	0.895848173774023	0.936978685429401	-6.4929164037597
ENSMUSG00000054619	-0.00459483327267929	6.88434774010122	-0.136685909433974	0.891284060091789	0.933871719316133	-6.49293210915566
ENSMUSG00000022018	0.00578203573645819	6.88239256420803	0.12540309685917	0.90020901034722	0.939600265306196	-6.49297577751741
ENSMUSG00000026860	-0.0267632881447337	7.24581785625503	-0.520492198473195	0.602741471832096	0.725679684295315	-6.49301603989905
ENSMUSG00000032215	0.00710157969638292	7.17153176783524	0.249871355981345	0.802696147888589	0.875449680786188	-6.49306667016198
ENSMUSG00000060419	0.00723945521395564	7.14550921775449	0.134377292260793	0.89310914357307	0.93517298605826	-6.49311511553378
ENSMUSG00000026123	-0.00344494727659317	7.04307468766827	-0.0556255736291591	0.955642107522661	0.974321818525558	-6.49315198020999
ENSMUSG00000053898	-0.00161760094144192	7.170486880809	-0.0400101290278497	0.968086500155516	0.981126216135316	-6.4933142006067
ENSMUSG00000073471	-0.00991842995612124	7.16750827190358	-0.177050983766788	0.859474848714356	0.912294853199963	-6.49341922597162
ENSMUSG00000046865	-0.00563089845607578	7.14255540352513	-0.0928715592627784	0.926008976071935	0.956851579694852	-6.4935546330811
ENSMUSG00000030330	-0.0112104890679854	7.18665127193731	-0.213012549092063	0.831325052847251	0.893498694021527	-6.49358773502299
ENSMUSG00000025982	0.00356424777261743	7.1614647414634	0.10261011527321	0.918276147421612	0.951564929716934	-6.49376658309128
ENSMUSG00000031631	0.0288347253923336	7.3197166398832	0.559899961088297	0.575570429910867	0.703710242573171	-6.49378068262466
ENSMUSG00000029064	-0.0156237915716533	7.22286059424825	-0.403138213253022	0.686862187875408	0.790507170363109	-6.49391556352726
ENSMUSG00000040385	-0.0146057910817579	7.30541072970231	-0.648099460619846	0.516947621096066	0.654786982913089	-6.49405307107822
ENSMUSG00000024423	-0.0123557778344381	7.15937087889336	-0.248981947504589	0.803384023186843	0.87568925414721	-6.49413816368847
ENSMUSG00000007564	-0.0314081677632965	7.39842066467521	-0.935711447359871	0.349462771642603	0.497192632726033	-6.49451859592905
ENSMUSG00000002963	-0.0220657616160711	7.28699425158152	-0.561736220025425	0.57431859425962	0.702733079675999	-6.49453520070692
ENSMUSG00000062184	0.0160694207634489	7.19339247234802	0.257815521806719	0.796558910378347	0.87180649178008	-6.4945715952022
ENSMUSG00000037692	0.0302491853052036	7.27258700649809	0.600136327283554	0.54844005790407	0.681490102446093	-6.49462635382224
ENSMUSG00000028785	-0.0097244788050066	7.19734247759907	-0.320645542337088	0.748491177154818	0.836612865304438	-6.49464865104726
ENSMUSG00000028976	-0.00623026836735363	7.1739728282088	-0.110860266952113	0.911731190353121	0.94778344799929	-6.49500440997166
ENSMUSG00000022761	-0.0291609649531246	7.22327360043618	-0.503390347857104	0.614709974023378	0.735763666110264	-6.49534446541796
ENSMUSG00000026904	-0.036996725634169	7.40995782810914	-0.922695725490267	0.356206184544484	0.503393423310192	-6.49539705895525
ENSMUSG00000030965	0.0170973091540603	7.18824012936554	0.27816541129221	0.780895819835406	0.861142863315797	-6.4955417817028
ENSMUSG00000029580	-0.00152231338261011	7.16412537952725	-0.0411437384764426	0.96718279616409	0.980665827709129	-6.49571323915684
ENSMUSG00000016831	0.00275828653350985	6.84377243018102	0.0922920609175929	0.926469350259496	0.957013427706287	-6.49590068283768
ENSMUSG00000021738	-0.0024965519625999	6.84432471733027	-0.0623957282825328	0.95024995925979	0.97043869044596	-6.49621473755034
ENSMUSG00000048747	-0.013027875645176	6.85440152328969	-0.240960509884755	0.80959468643932	0.8797488076746	-6.49625985945863
ENSMUSG00000025495	0.00336365411309636	7.07888468782301	0.05297992053981	0.957749826446947	0.975559070088184	-6.49627603044161
ENSMUSG00000027122	-0.0131779810721149	7.22792420856527	-0.2586094651654	0.795946236557464	0.871281616137986	-6.49637877647882
ENSMUSG00000028693	-0.00790675054959689	6.87656206174258	-0.188407069023671	0.850564495250827	0.906364184586018	-6.49639707282396
ENSMUSG00000070532	-0.00612667918039467	6.89888963148355	-0.115906431702711	0.907730921036832	0.944750235965832	-6.49642797012839
ENSMUSG00000036882	-0.0135294083299984	7.10586748158338	-0.217297481462548	0.827984563246103	0.891738557257155	-6.49643069577591
ENSMUSG00000032220	-8.66796375040835e-05	6.92822081900952	-0.00163120234139979	0.998698548449475	0.999525627562374	-6.49645487244662
ENSMUSG00000028952	-0.00913428399360505	7.15111898064031	-0.167054601889518	0.867333215002387	0.917808474847337	-6.49648474371562
ENSMUSG00000027002	0.00314148194295605	7.11258999864266	0.0543527058503787	0.956656128397053	0.974973657688416	-6.49652185996157
ENSMUSG00000037857	-0.0122595468296245	6.81419197615901	-0.216659525911875	0.828481711299376	0.891980474040414	-6.49656319109795
ENSMUSG00000092593	0.0209125237825765	7.28835343739051	0.479861816309679	0.631344696231335	0.748624650218335	-6.49672262790539
ENSMUSG00000050587	-0.0350546840424757	7.40343173164117	-0.895816340325187	0.37038998441719	0.516722388212853	-6.49672682569118
ENSMUSG00000068749	0.00612991907221971	7.10573720212919	0.130850693068006	0.895898196165998	0.936978685429401	-6.49684742263306
ENSMUSG00000001642	0.0225002753984098	7.41878699928037	0.871977911046833	0.383258411732464	0.529731748986636	-6.49699090934478
ENSMUSG00000039714	0.00138046127347913	7.17142987535144	0.0299336703234944	0.976121036674013	0.985378719418319	-6.49712915279755
ENSMUSG00000039771	-0.0064499306350525	7.17494706813713	-0.101779998845514	0.918935004323286	0.951868084631588	-6.49720911417773
ENSMUSG00000042712	0.00151211466031231	7.14830034727255	0.0274742478765212	0.978082474023946	0.986446017249942	-6.49721895133416
ENSMUSG00000020329	0.00270532287952818	7.11110906152231	0.0384193266840012	0.969354743376602	0.981713351036339	-6.49725160653009
ENSMUSG00000006705	0.0163818687825596	6.75418916229935	0.342838287035281	0.731733195550348	0.824427796570151	-6.49726139877277
ENSMUSG00000031913	-0.021247285743156	7.39738291585966	-0.845636898995476	0.397792045190273	0.544018954939001	-6.49726308108144
ENSMUSG00000029388	0.00169157123481511	7.13524467951028	0.0370698860618602	0.970430625501941	0.981981585180972	-6.49754369560122
ENSMUSG00000046519	-0.014017241009749	7.18360088338288	-0.257146684299998	0.797075139311443	0.872079869953654	-6.49764922613948
ENSMUSG00000093483	0.00421975574426536	7.10448517475907	0.0872203130769269	0.930499561972874	0.959976380248137	-6.49767821882118
ENSMUSG00000024556	0.0235290534968513	7.37349135567685	0.687422944564826	0.491845168673484	0.632538010635879	-6.49785683261523
ENSMUSG00000035517	0.00037896119224623	6.88682830704288	0.00757886084703867	0.993953276130416	0.99677030188429	-6.49786713478354
ENSMUSG00000062778	0.015909631862594	7.29124868065263	0.458770835137311	0.646416831058022	0.760621937942812	-6.49788356320309
ENSMUSG00000054477	0.00340910406247819	6.79901630995103	0.0691255663399681	0.94489217842909	0.968111472843454	-6.49789142055807
ENSMUSG00000020549	-0.0242776244491019	7.28290393319295	-0.493158971245606	0.621919913806699	0.741478509385056	-6.49792369146847
ENSMUSG00000003435	0.0313926332768562	7.41177751970778	0.885016600379421	0.376186286715271	0.523049157357299	-6.4979520805837
ENSMUSG00000022329	0.0281369851199305	7.31004275190594	0.527840001047428	0.597631640463816	0.721988874868716	-6.49808499938767
ENSMUSG00000032423	0.0262641422589729	7.38663240633484	0.689226375978614	0.49070983545944	0.631403091921604	-6.49825823019165
ENSMUSG00000038690	-0.00715332983560213	6.8066506220194	-0.178501189585623	0.858335947783165	0.911307617255469	-6.49838392769998
ENSMUSG00000023938	0.0120226430110852	7.17139227419819	0.222621087033771	0.823838672553264	0.888442825458594	-6.498390031089
ENSMUSG00000045038	0.032971137342912	7.39336934127146	0.837605986525378	0.402288349666883	0.54850646467807	-6.49843559448068
ENSMUSG00000057176	0.0301851885516786	7.42317666041744	0.793667187291917	0.427423375416285	0.571410888486674	-6.49866542939628
ENSMUSG00000056019	-0.00587087766771255	7.15934720000027	-0.107746768428761	0.914200491568337	0.949324058234245	-6.49876343888096
ENSMUSG00000103697	0.00672514215318376	7.15340415425683	0.148387400880461	0.882042471181653	0.92774966118022	-6.49884754128718
ENSMUSG00000025010	-0.001109097350529	7.1789289594164	-0.0281182254248705	0.977568876081238	0.986231927691729	-6.49887446541401
ENSMUSG00000032078	0.0258877420772166	7.35700543758611	0.777079865284675	0.437145003273357	0.580613004246199	-6.49893385481837
ENSMUSG00000027978	0.028884156099342	7.5341253077369	1.14278246048475	0.253178562327326	0.395051431630968	-6.499108750068
ENSMUSG00000035226	0.00586806711875099	7.11676607500044	0.112084898742871	0.910760172809991	0.946924410929828	-6.49913114592915
ENSMUSG00000089682	0.0101658246962693	7.20279615012186	0.299731089590551	0.764393585205629	0.848587740186062	-6.49916510696586
ENSMUSG00000047213	-0.0181671550459228	7.25152293405701	-0.361904668017406	0.717437145890348	0.814399327574781	-6.49927301458066
ENSMUSG00000021607	0.00768805721263721	7.11275401049689	0.127744916910722	0.898355503278466	0.938346018947131	-6.4994261527541
ENSMUSG00000038520	-0.0173724378936164	7.20997809406233	-0.34000694877531	0.733864251939426	0.825904821317885	-6.49990248785923
ENSMUSG00000026963	0.000235447651093956	6.84090036225	0.00440924816657417	0.996482099942198	0.99808305810139	-6.49997151299651
ENSMUSG00000031706	-0.00526753976103667	7.14284453231001	-0.115757703148849	0.907848790338923	0.944797803109473	-6.50015772585251
ENSMUSG00000030272	-0.0388493019394849	7.37674851690496	-0.872297671670591	0.383084006584659	0.529658444841732	-6.5002795564421
ENSMUSG00000046351	0.0136689611290386	7.25129454407623	0.35894719393199	0.719648343068912	0.816008670315105	-6.50053483694989
ENSMUSG00000024665	0.0022036081340957	7.18557430954025	0.0518571397800465	0.95864440511251	0.975919529899229	-6.50065643590664
ENSMUSG00000030677	-0.00723067909659125	7.18530181698354	-0.187745619046695	0.851082978707693	0.906547746907585	-6.50080817218588
ENSMUSG00000076315	-0.0234273527958599	7.32416288327656	-0.594194479777619	0.552406433030738	0.684344604801798	-6.50082547498772
ENSMUSG00000030835	-0.011390895048943	7.14100751514425	-0.265824898972818	0.790384009188376	0.866862165937342	-6.50083765175235
ENSMUSG00000028409	0.0047347379025231	7.13995048565358	0.0838834469117762	0.933152147129068	0.961336840143339	-6.50095873116301
ENSMUSG00000031858	0.0207604409943185	7.30454144779021	0.537405650681167	0.591009137089469	0.716365100864359	-6.50100815078119
ENSMUSG00000042520	-0.00786168996154046	7.18036668868598	-0.186168352687144	0.852319592473815	0.9074114811685	-6.50128753909936
ENSMUSG00000027472	-0.00226461630172192	7.12652777609098	-0.0431046442739157	0.965619678623876	0.980040643677213	-6.50131682766387
ENSMUSG00000044288	0.025886154509255	7.33472691421759	0.664484300576322	0.506408193229166	0.646037196852077	-6.50140914815245
ENSMUSG00000041837	0.00491516891278465	7.11917002810389	0.0876667849806071	0.93014470462455	0.959685906922894	-6.50146660026923
ENSMUSG00000025234	-0.0183477945389114	6.71211204156522	-0.318240420920523	0.750314631626282	0.838150098741577	-6.50151580909861
ENSMUSG00000097412	-0.0197593337100788	7.3529491716819	-0.653201400422266	0.513653694935419	0.65215818148101	-6.50153865074122
ENSMUSG00000098785	-0.00150717665975542	7.12181187490402	-0.0294492691298156	0.976507345022671	0.985616695785738	-6.50165592716532
ENSMUSG00000038248	-0.0385590235185553	7.42699202074724	-0.927656945899997	0.353626170461664	0.501046950615163	-6.50172468564567
ENSMUSG00000050605	0.026497957902067	7.30958673040391	0.556563006117439	0.577848632088503	0.705824576229772	-6.5018625037958
ENSMUSG00000063430	0.00123588730276225	6.83072272756228	0.0333712959255286	0.973379707877153	0.983521427454479	-6.5018698950583
ENSMUSG00000033768	0.00258124424842787	7.11641744678575	0.051741507063078	0.958736538776594	0.975919529899229	-6.50201006513443
ENSMUSG00000052373	-0.0126570288534937	7.12024293286522	-0.217146022473168	0.8281025864623	0.891792305829106	-6.50205317014138
ENSMUSG00000050623	-0.0236947541353763	7.32081795552619	-0.665486383075236	0.505767298716005	0.645503282035634	-6.50210541630606
ENSMUSG00000028792	-0.0037121169867067	7.19279809895546	-0.0630534131023281	0.949726257927119	0.970329864412029	-6.50221834918237
ENSMUSG00000025894	-0.0104147759854891	7.27789201713093	-0.477104188026046	0.633306849842665	0.750096440902427	-6.50242577076397
ENSMUSG00000046447	0.0127567207596266	7.19182812291287	0.275909954835695	0.782627572209351	0.862616616885403	-6.50244338070125
ENSMUSG00000054408	-0.00520043170907414	7.16663233857556	-0.149963784612693	0.880798675227192	0.926813716128789	-6.50276414746136
ENSMUSG00000086851	0.021570615224058	7.58191947692445	1.24885747874641	0.211770248054343	0.346735378630248	-6.50307385929579
ENSMUSG00000024937	-0.00427837977519285	7.12087610913371	-0.0868131322630925	0.93082320268503	0.960158948121054	-6.50327172446203
ENSMUSG00000037432	0.0167401786980887	6.67875411974185	0.24868716148047	0.803612046590981	0.875864877952807	-6.5033720136759
ENSMUSG00000070003	0.00902061319955738	7.18413915884183	0.219983564403604	0.825892102204995	0.890070744325634	-6.50347796384491
ENSMUSG00000039195	-0.0205032485976044	7.21204255008534	-0.440075589420564	0.659899618017764	0.770467084710612	-6.50351281138368
ENSMUSG00000032177	0.00207329167259651	7.11804126032934	0.0425180531428504	0.966087260625438	0.980142655624556	-6.50363290631608
ENSMUSG00000079020	-0.0319688352266274	7.27085184759585	-0.650636924346642	0.515308010998947	0.653532159255857	-6.50367923610709
ENSMUSG00000020629	-0.0149807180126666	6.78954970767561	-0.271419138759869	0.786078849068538	0.864237847833834	-6.50374076066363
ENSMUSG00000020463	0.0242106245865159	7.40348555099071	0.729421805569252	0.465774680490658	0.608939696123796	-6.50379528071285
ENSMUSG00000030357	-0.00984731536610362	6.73514374699007	-0.305333800962629	0.760123465379958	0.844997572281091	-6.50382050951518
ENSMUSG00000020651	-0.0240825735628709	7.43364324201339	-0.988111978392826	0.323141186782208	0.470592062277375	-6.50394688296619
ENSMUSG00000027936	-0.02413227359889	7.36070520620253	-0.694686501443542	0.487281072598633	0.628334856935024	-6.50397159443815
ENSMUSG00000029307	0.0307636006921266	7.29791986900672	0.611986960125112	0.540571629912124	0.674786782876575	-6.50401495493491
ENSMUSG00000034243	0.022593275321122	7.33330189797399	0.574489521490326	0.565660036203078	0.696168194485134	-6.50403126228474
ENSMUSG00000025791	-0.0107001485634877	7.2169562443849	-0.272162219149421	0.785507485368526	0.864152594249515	-6.50417199389742
ENSMUSG00000046269	0.0222577070885555	7.23824431351669	0.43879692622112	0.660825887980222	0.770900216483943	-6.50422555735382
ENSMUSG00000028798	0.0156272700763775	7.28700413450379	0.556502721793273	0.577889828338445	0.705824576229772	-6.50430057559747
ENSMUSG00000024792	-0.0307374560117832	7.41384712925211	-0.91428671888227	0.360606203558302	0.507204170282046	-6.50450712425848
ENSMUSG00000023805	0.00699806408710213	6.79625254180581	0.173564674162227	0.862213970601712	0.913940457399287	-6.50457388697177
ENSMUSG00000024299	-0.0254646944276775	7.34011275765104	-0.690445663882649	0.489943043311684	0.630711339531619	-6.50458950536659
ENSMUSG00000035704	0.00458701970435094	6.85361700137431	0.123485224472299	0.901727376727388	0.940564851083847	-6.50465014645668
ENSMUSG00000017288	0.00870312311754695	7.18604479415279	0.257048919486544	0.797150604583662	0.872089555879444	-6.50490518622913
ENSMUSG00000020444	0.028602506733276	7.32900717806298	0.719382628704704	0.471935698448908	0.614417478529545	-6.50493092360836
ENSMUSG00000047921	0.00911226458758918	7.27558732209356	0.480894987479047	0.630610224736843	0.748336748451409	-6.50505352427631
ENSMUSG00000036510	-0.0234582489659738	7.27169104673332	-0.557140593529561	0.577453998646708	0.705489711672518	-6.50520453599018
ENSMUSG00000038784	-0.00374565153821305	6.84866355594483	-0.0566418425483739	0.954832555740423	0.973799783419305	-6.50523487976626
ENSMUSG00000027968	0.00292340577827588	7.19553626102341	0.062485713149959	0.950178304826393	0.97043869044596	-6.50539829493132
ENSMUSG00000039278	0.0186682088524659	7.26360951500331	0.462417631242077	0.643800112367688	0.758174963669854	-6.50546558968403
ENSMUSG00000046442	-0.032850942820712	7.32647317369616	-0.698987907888547	0.484589083023621	0.625798693828006	-6.5056369735221
ENSMUSG00000032586	-0.00526703808373341	6.82838037742876	-0.0788212854070346	0.937177634907427	0.963752226549998	-6.5056437471208
ENSMUSG00000007987	-0.0121919808021209	7.17030015960499	-0.302908728857722	0.761970850975024	0.846332602101045	-6.505826000887
ENSMUSG00000030630	-0.0169549970463674	7.38432027795057	-0.719530588947182	0.471844570624744	0.614359932234624	-6.50593985342108
ENSMUSG00000031963	-0.00148154727909944	6.8620399404107	-0.0255660696807096	0.979604375272487	0.987467416729918	-6.50595598633253
ENSMUSG00000015120	0.0250797030864547	7.29102825481931	0.479545766378767	0.631569445890349	0.748755518029199	-6.50609921488558
ENSMUSG00000035765	-0.0111542563492195	7.13972161713622	-0.194810792091338	0.845548253839472	0.903316207165717	-6.50640097749573
ENSMUSG00000021245	0.0149773687871146	7.2327871162499	0.293410951716311	0.769219102684817	0.852006382033926	-6.50642943849907
ENSMUSG00000026248	-0.00617519503406427	7.1472102051093	-0.18609254036225	0.852379040284923	0.9074114811685	-6.50656304455843
ENSMUSG00000022992	0.0149357896880877	7.26272406452347	0.400954990782599	0.688468805137236	0.791932564822278	-6.50685229063649
ENSMUSG00000041921	0.0197922078722064	7.31391549561852	0.443856331255791	0.6571638831072	0.768932840972335	-6.50688531151022
ENSMUSG00000045639	-0.00331533704095399	7.22302794556162	-0.0746139508081463	0.940524581816523	0.965449884361135	-6.50706659332773
ENSMUSG00000025266	0.0192762404621263	7.2613045534492	0.474045691115203	0.635486103840559	0.751697055609726	-6.50712919696119
ENSMUSG00000002625	-0.0025954638413328	7.14246632445925	-0.0359926044955138	0.97128955936865	0.982316945357346	-6.50724435025672
ENSMUSG00000025369	0.0237313482908181	7.46782224518582	0.923694081947047	0.355686051371388	0.50276849325785	-6.50729084791027
ENSMUSG00000020644	0.0187918741880706	7.33741914298716	0.553177567715416	0.580164263084401	0.707546393321004	-6.5077142104749
ENSMUSG00000068391	0.0204593023494652	7.49288987829681	1.01195421087611	0.311604370635766	0.459141612940308	-6.50772061401867
ENSMUSG00000025226	0.00389812581567028	7.1226575482791	0.075084923153271	0.940149868618271	0.965256565956525	-6.50807622226656
ENSMUSG00000042331	-0.0143595502528449	6.79875087666902	-0.264551230382823	0.791365086614718	0.867427303580031	-6.50812815535204
ENSMUSG00000064452	0.0190855563257664	7.22713319585355	0.34965329744825	0.726612266498296	0.820990913390402	-6.5083206843868
ENSMUSG00000046314	0.0162191074370499	7.17407672922918	0.304558926947217	0.760713605224212	0.845581806724009	-6.50833096502899
ENSMUSG00000097287	0.00870828256561484	7.22178755724145	0.23100991881929	0.817315671243374	0.884375710744141	-6.50843667698783
ENSMUSG00000037253	0.0173222377720181	6.73198863643722	0.359759563296672	0.719040728955795	0.815460951445709	-6.50874689353596
ENSMUSG00000020692	0.0145177302874258	7.20134923586413	0.267009818145588	0.789471591606731	0.86651258193455	-6.50881878557168
ENSMUSG00000044627	-0.00576804291359156	7.13655936485208	-0.0922066175948025	0.926537231574471	0.957013427706287	-6.50883760057137
ENSMUSG00000026279	-0.0158248192982287	7.27413086309636	-0.519787402823199	0.603232635419723	0.7259418754403	-6.50888691425278
ENSMUSG00000063663	-0.000182417836652959	7.19006996062385	-0.00391227031532782	0.996878609473413	0.99832745010525	-6.50903857319841
ENSMUSG00000020224	-0.00430610034495693	7.156414609193	-0.0885831254155639	0.92941643780174	0.959289256065805	-6.5092092518551
ENSMUSG00000045062	0.0204850641500363	7.41917107826833	0.855793689174259	0.392149109662658	0.539051247099475	-6.50956362240436
ENSMUSG00000028530	-0.0117994813928552	7.1774731656286	-0.284567946746591	0.775985862322388	0.857534136028084	-6.5097193506809
ENSMUSG00000063889	0.011786463456068	6.66238021824463	0.350650251104594	0.725864153553194	0.820569337563113	-6.50994895701191
ENSMUSG00000034265	-0.00525465858477414	6.82235819967702	-0.113851352942617	0.909359776367623	0.946069468547753	-6.50999617927281
ENSMUSG00000021032	-0.0327844043648717	7.40203091033616	-0.917477831626657	0.358932450330964	0.505882219025438	-6.51041573235682
ENSMUSG00000002372	-0.0251540537559372	7.3655067533554	-0.766784815262841	0.443242308958396	0.586450561787096	-6.51049199714807
ENSMUSG00000025158	0.0231795404585711	7.30485965520745	0.589619661485859	0.555469836352746	0.687354546080355	-6.5106465899892
ENSMUSG00000026158	0.0331893704818071	7.39684795036566	0.722744609675131	0.469867470537943	0.612516670744076	-6.51095909285181
ENSMUSG00000077704	-0.00587861274202162	7.17014761931433	-0.108306851759583	0.913756230268183	0.949059624487985	-6.51120794576246
ENSMUSG00000020892	-0.025090961511423	7.29695947015839	-0.586918102290211	0.557282751400668	0.689076858834297	-6.51139723658983
ENSMUSG00000028894	-0.00711439289520488	7.23376692287637	-0.182592742342593	0.855124295147102	0.909081616141056	-6.51145249795136
ENSMUSG00000055723	0.0193415654482356	7.344140549165	0.568886213631553	0.569456542337484	0.698849367480534	-6.51149728565741
ENSMUSG00000020078	0.0175567186498444	7.28328314979934	0.427611010815441	0.668951054467462	0.77654789901472	-6.51156345594687
ENSMUSG00000028245	-0.0126341177489007	7.27382476780549	-0.382062970526994	0.702429387846414	0.803021790576777	-6.51181379725712
ENSMUSG00000006463	0.0205045815988552	7.29800442472387	0.537924546851305	0.590650861400667	0.716132716934389	-6.51190007254136
ENSMUSG00000024462	0.0303531005053399	7.32286554984349	0.747862301161055	0.45457512699838	0.597835599396249	-6.51190313038346
ENSMUSG00000036598	-0.00255837385501412	7.20270785459414	-0.105128346132757	0.916277792588856	0.95062277998045	-6.51213433730521
ENSMUSG00000021392	0.0159582102336779	7.24224717718904	0.282358664887035	0.777679109161717	0.85875294341643	-6.51215369425818
ENSMUSG00000071855	0.0227561138801944	7.35665089582377	0.593001392487762	0.553204551662281	0.685069427767932	-6.51218427266909
ENSMUSG00000021057	0.00546419732583292	6.80422949808536	0.144370795291296	0.885212955794038	0.929937036512453	-6.51245606099618
ENSMUSG00000021306	0.00583972555622925	7.23342828200979	0.13124526851818	0.895586076915996	0.93680192705211	-6.51300936269479
ENSMUSG00000006373	0.0121617480492571	7.16963759571776	0.222890625782459	0.823628892216436	0.888310549357824	-6.51303951851196
ENSMUSG00000098234	0.0219827533038677	7.39821115092061	0.694170740398134	0.487604397626464	0.628566047038762	-6.51319336574773
ENSMUSG00000036676	-0.00127911017035753	7.19939865877587	-0.0255424796650782	0.979623190382537	0.987467416729918	-6.51346391407142
ENSMUSG00000024830	-0.0257272015981691	7.28930738524031	-0.525315822090019	0.59938479213565	0.722972701182967	-6.51352571639307
ENSMUSG00000032513	0.0157043374149852	7.26130972333051	0.481207435122308	0.630388180528456	0.748235907477656	-6.51376834599659
ENSMUSG00000020307	-0.00959861479092261	7.15997472516186	-0.196508318713658	0.844219567555725	0.903131441284487	-6.51380679056327
ENSMUSG00000015087	-0.00954253329972587	7.1210648991646	-0.158512580168437	0.874058716003405	0.922854349282253	-6.51382874754582
ENSMUSG00000028741	0.0204978033874568	7.33821476756418	0.668765922308932	0.503672817420202	0.643639289962449	-6.51387812778366
ENSMUSG00000100826	0.00834896506101135	7.23406742134121	0.286560021640782	0.774460000469324	0.856788095837789	-6.5139387836035
ENSMUSG00000026620	0.000529655482845115	7.12316186886613	0.0106559196560726	0.991498352802185	0.995560450295901	-6.51409305456889
ENSMUSG00000028165	-0.00601975335331417	7.21235310808101	-0.0990041519652086	0.921138574070009	0.953147935710326	-6.51414269361707
ENSMUSG00000041986	-0.007080086390574	7.17995231682975	-0.158888849342121	0.873762267701749	0.922672657586006	-6.51439041851739
ENSMUSG00000067279	0.0157130943450197	6.74178226762483	0.306128596207394	0.759518298699924	0.844551872641541	-6.51460610199913
ENSMUSG00000103898	0.0366931849317975	7.46945191552166	1.00237022676343	0.316208821942094	0.464155835504641	-6.51461688336051
ENSMUSG00000071302	0.0282200727947535	7.36666470102401	0.618359437886996	0.536363982275809	0.671550726462751	-6.51477832541829
ENSMUSG00000067242	-0.0288183424521549	7.30434378432685	-0.610108968062552	0.541814780548561	0.675887480413698	-6.51493169625405
ENSMUSG00000030036	-0.0191799863329916	7.23152842548721	-0.454393864563757	0.649563262163874	0.763382605767454	-6.51501435199927
ENSMUSG00000020076	0.00202336175792972	6.79406448511464	0.0497203554635337	0.960347036889185	0.976984581522163	-6.51507844884666
ENSMUSG00000069539	0.010734600357674	7.19449252447189	0.22356916741666	0.8231008433093	0.888012875204396	-6.51509716618928
ENSMUSG00000063882	0.000242585800287465	7.15209140128023	0.0065475774913801	0.994776063309336	0.997124140422609	-6.51535805358452
ENSMUSG00000037965	0.0131243941921246	7.32580663687894	0.517720097500345	0.604674353169771	0.727244482487624	-6.51559800485484
ENSMUSG00000015846	-0.00552969684793592	6.79464386245574	-0.119575117490786	0.904824089869972	0.942774133273194	-6.51569002511096
ENSMUSG00000056267	-0.00876582532754711	7.22999945525983	-0.247575529370673	0.804472068466927	0.876259980483615	-6.51577524746085
ENSMUSG00000078681	0.00334717461636203	7.12122549060824	0.0712007738302662	0.943240548937131	0.967421156233439	-6.51581046991052
ENSMUSG00000028771	0.006251600253945	6.8074189366286	0.0921223217696809	0.926604201772448	0.957013427706287	-6.51588708440855
ENSMUSG00000020248	0.0283982193642407	7.354388685133	0.609346102800591	0.542320172063836	0.676324603987401	-6.51618538461907
ENSMUSG00000001630	-0.00832029585280125	7.17827922979017	-0.185433314217765	0.852896004108788	0.907811027467079	-6.51627210536612
ENSMUSG00000025871	-0.00725322343022849	6.83060112858828	-0.140031010511127	0.888640605846617	0.932068804017298	-6.51658850170664
ENSMUSG00000065434	0.000890583778179632	7.16447588029493	0.0297302291408392	0.976283279666674	0.985466514833931	-6.51674710645199
ENSMUSG00000032375	0.0102571538844183	6.74414603940355	0.222865863963049	0.823648163661368	0.888310549357824	-6.5169635760274
ENSMUSG00000074656	-0.00472203151695272	7.20500995094047	-0.081532933707182	0.935021095317439	0.962348262537063	-6.5172396487989
ENSMUSG00000016664	1.35451117753149e-05	6.81015373257204	0.000410583164171968	0.999672416901284	0.999673965876415	-6.51729906764494
ENSMUSG00000025905	0.0239618479955572	7.46682434402822	0.968075893994451	0.333048946786013	0.480736142372931	-6.51734044617424
ENSMUSG00000033597	-0.0173198257269789	7.21237634198054	-0.33552453884382	0.737242207861038	0.828140281880456	-6.51734307631178
ENSMUSG00000092260	0.0227021714954185	7.33796668678255	0.544462471252831	0.586145293757115	0.71278229480477	-6.51761799176056
ENSMUSG00000059456	0.0117833115007251	7.18336094565417	0.2495422145083	0.802950690621315	0.875508490181915	-6.51779580286186
ENSMUSG00000029475	-0.00108885371171841	6.83685973954007	-0.0287819630685746	0.977039528405713	0.985963544508554	-6.51781149754417
ENSMUSG00000026492	0.0167558161210772	7.27218333422852	0.402063466877884	0.687652909516325	0.791242036507974	-6.51821194886222
ENSMUSG00000022577	-0.0181421075558408	7.23626673143315	-0.420337765800863	0.674255111709226	0.780697614088369	-6.51826076560776
ENSMUSG00000034412	-0.023691147990208	7.21927589951297	-0.441170229473213	0.659107069331023	0.769967855062172	-6.51861163068319
ENSMUSG00000038342	0.00728739922015276	7.17990768055192	0.147268878260587	0.882925182928327	0.928379768283484	-6.51863788323477
ENSMUSG00000036737	0.00165291010363067	6.85984236895712	0.0358072768058201	0.971437327493244	0.982316945357346	-6.51883239636711
ENSMUSG00000042604	-0.0021777370528353	6.8109922188399	-0.0434895331135794	0.965312883444674	0.980022934057423	-6.51897016001932
ENSMUSG00000019966	-0.00826731601482944	7.19886674269291	-0.177873592964239	0.85882878685793	0.911756931361014	-6.51899914690647
ENSMUSG00000027520	-0.00203394650218414	6.80188662453697	-0.0404185388820045	0.967760914443355	0.981024072155819	-6.51905707723363
ENSMUSG00000022558	0.0057281881601936	7.14589653303594	0.104669424670646	0.916641932981059	0.950774535460943	-6.51928154003031
ENSMUSG00000060038	0.0327424780797925	7.34553233157705	0.756604998039496	0.449318886310569	0.592275761133505	-6.51931801596536
ENSMUSG00000019861	-0.0143205989152424	7.20115653343367	-0.225111272889865	0.821901057381247	0.887157114620767	-6.51951453793017
ENSMUSG00000017677	-0.00977770646880138	7.24898830812461	-0.23886926661478	0.811215838786549	0.880633313548383	-6.51958180511573
ENSMUSG00000042599	-0.00148595058968137	6.80097510761006	-0.0340900188077122	0.972806602189569	0.983097440981908	-6.51967172685243
ENSMUSG00000044835	0.000685710546697749	7.13610184559487	0.0118165331509094	0.99057241773352	0.994827715017433	-6.52030127497341
ENSMUSG00000055531	0.0125962280442504	7.31202595473983	0.439573186253013	0.66026349927583	0.770562465013297	-6.52032638535797
ENSMUSG00000021852	-0.024888221362092	7.54308094610129	-1.18549324361746	0.235873594374611	0.375493324118726	-6.52036683485773
ENSMUSG00000041570	0.00932312596108442	7.18488352170172	0.14740020564758	0.882821534886411	0.928345344155252	-6.52054243130862
ENSMUSG00000061848	0.0263620982052526	7.30244028726855	0.583568399376025	0.559534605806022	0.690946722905625	-6.52055919562557
ENSMUSG00000044906	0.00886276391074148	6.81340427167097	0.187119362122757	0.851573935134038	0.906987509831455	-6.52070248582649
ENSMUSG00000053552	-0.0272145842729081	7.40348092266509	-0.828443674901638	0.407455154264628	0.553350459919459	-6.52077896080533
ENSMUSG00000026883	0.0396852511219565	7.34290093581382	0.756272790035232	0.449517982409799	0.592477209106221	-6.52093428861198
ENSMUSG00000063358	0.0263698342361121	7.26946797308841	0.53146618823005	0.595117184293417	0.719989936404034	-6.52101521931146
ENSMUSG00000049751	-0.00489223449671616	7.1604297781599	-0.143809608406591	0.885656073038254	0.930205319552091	-6.52106273910631
ENSMUSG00000017831	-0.0353959324391626	7.33690582960999	-0.616748942987338	0.53742580836702	0.672591404563716	-6.52114546515898
ENSMUSG00000006732	-0.00347200930597769	7.16371822182248	-0.0742609759961096	0.940805422911964	0.965586751078977	-6.52150536332144
ENSMUSG00000074785	-0.0183083711621519	7.22404477826974	-0.392132190057173	0.694975706501767	0.797006127323155	-6.52157802736031
ENSMUSG00000019054	0.0202178432546933	7.33323926230781	0.603682632572851	0.546079507470267	0.679717903765044	-6.52161638927539
ENSMUSG00000075012	0.0335146532720572	7.48630078858308	1.00172275666309	0.316521489952943	0.464302447783073	-6.52161657771238
ENSMUSG00000041420	-0.0161010450940742	7.20246474626219	-0.320835468692533	0.748347243337663	0.836612865304438	-6.52171893575557
ENSMUSG00000026544	0.0244768930243868	7.35347594441122	0.664670797675608	0.506288884309457	0.646036459393705	-6.52172765908841
ENSMUSG00000058571	-0.00751340271394163	7.23199649478976	-0.243681388822581	0.807486658105914	0.877822413677873	-6.521866325407
ENSMUSG00000003808	-0.00434075945312973	7.15059146029186	-0.0639610942438062	0.94900352522084	0.970254256249209	-6.52190158390325
ENSMUSG00000037098	0.00303975125935452	6.78300043159933	0.07107211018143	0.943342943565854	0.967432697568867	-6.52212226235992
ENSMUSG00000039515	-0.0266458422905833	7.22936179636748	-0.517251136605411	0.605001616763263	0.727335277012364	-6.52214665926055
ENSMUSG00000098702	0.0200042792516859	7.34621876043693	0.623563688993288	0.532939968307865	0.668767378998041	-6.52219415381466
ENSMUSG00000024799	0.0171559602284974	7.26565383782995	0.429680070917696	0.667445179728366	0.775487423944247	-6.52231618498662
ENSMUSG00000031527	0.00668793508247578	6.81637645559901	0.129486255960365	0.896977624670648	0.937552356400793	-6.52239132441153
ENSMUSG00000013766	0.00440195168510549	6.85873455677029	0.0801200804742973	0.936144661120264	0.962916868587877	-6.52268231126669
ENSMUSG00000052915	0.000113054172989457	6.77624375522069	0.00247759608016226	0.998023256030848	0.999244453040369	-6.52287724809767
ENSMUSG00000032356	-0.0286174856608277	7.36813934059898	-0.782393188823541	0.434017148313308	0.577337177983928	-6.5229028088539
ENSMUSG00000026667	-6.91382081070557e-05	7.14703127851339	-0.00188437528767855	0.99849655513984	0.999412607025289	-6.52312540090486
ENSMUSG00000068742	0.000951661506579882	7.14807183898387	0.0235935847402271	0.981177643493236	0.988432779375584	-6.52326433982044
ENSMUSG00000008496	-0.0169183674629094	7.27194055017909	-0.432068046138399	0.665708860639868	0.774206433716117	-6.52327187229293
ENSMUSG00000026961	0.012988592373258	7.2199160729238	0.307484709667199	0.758486077714784	0.843776733680472	-6.52375900262845
ENSMUSG00000038844	-0.000924450881256256	7.21714630074193	-0.0299857188230856	0.976079528499586	0.985378719418319	-6.52420123120819
ENSMUSG00000050896	-0.0278956837173485	7.40381476237255	-0.909092927858023	0.363340826995563	0.510282997964591	-6.52458534912711
ENSMUSG00000019986	0.000355411471864464	7.17744325300093	0.00757964489327844	0.993952650598372	0.99677030188429	-6.52466008411049
ENSMUSG00000078552	-0.0230967287710238	7.25643299700025	-0.431460055182159	0.666150766930811	0.774464598229125	-6.52468557601342
ENSMUSG00000091159	0.0191343822698791	7.22704715471945	0.365944236414262	0.714420731530932	0.812261938098391	-6.52498000040926
ENSMUSG00000040407	0.00619477711073824	6.76905765708582	0.147416279723462	0.882808848816647	0.928345344155252	-6.52498344482685
ENSMUSG00000055150	0.00445546977040401	7.20473323901138	0.108381038660138	0.91369738681305	0.949059624487985	-6.52498549433059
ENSMUSG00000020738	-0.0122251884538915	7.23268556956417	-0.230405039018655	0.817785597303473	0.884611174080564	-6.52503774469175
ENSMUSG00000029471	0.0152075375959759	7.17530051000451	0.210435380169405	0.833335660533503	0.894917304235957	-6.52517656366716
ENSMUSG00000021680	0.00224099202028416	7.18386366379394	0.0618905927690668	0.950652203222552	0.970746325917607	-6.52544451612425
ENSMUSG00000038569	-0.0212426657540732	7.40678556017142	-0.759696201765664	0.447468692558773	0.59076750827878	-6.5255530974872
ENSMUSG00000102440	0.0161180127638829	7.20875205949739	0.341403442307097	0.732812899098424	0.82532799861259	-6.52565620483245
ENSMUSG00000087467	-0.0292464141025581	7.43849099004685	-0.969401438969512	0.332387473399929	0.480204899773987	-6.52592574206595
ENSMUSG00000029154	-0.00837878616468846	7.23227610577395	-0.277255460807457	0.78159435475563	0.861695435154586	-6.52617457972717
ENSMUSG00000016344	0.0119663622821378	7.25554631553926	0.387131610176703	0.698673724681116	0.799915732708803	-6.52628627484461
ENSMUSG00000038156	0.0319638584056863	7.43483695258631	0.947321166897387	0.343516680588224	0.491167614126157	-6.52629323132159
ENSMUSG00000102752	0.00536416068035273	6.81631754921069	0.117651140138658	0.906348369479213	0.943854548606765	-6.52634106818647
ENSMUSG00000042558	-0.0183230813837945	7.2976295563434	-0.449036876172067	0.653422710574987	0.766198847008306	-6.5266656686646
ENSMUSG00000027210	-0.00975111629740333	6.7050495631201	-0.244030763856328	0.807216077215175	0.877674020671129	-6.52667613237574
ENSMUSG00000074264	0.0203175742305453	7.39427935695173	0.6744927939253	0.500026355854037	0.639978986297884	-6.52676452580075
ENSMUSG00000086212	-0.0106470440324218	7.18592887650966	-0.225853469576503	0.821323763245301	0.886868977469981	-6.5267772329572
ENSMUSG00000034981	0.00298715008067418	7.18040278511075	0.0747472262421291	0.940418544390728	0.965416731997445	-6.52691315480105
ENSMUSG00000029168	0.00172451276170626	7.19117120719614	0.0521550932004624	0.958407004779021	0.975919529899229	-6.5270161277027
ENSMUSG00000027255	0.0142346870598979	7.25468951409696	0.349490473499374	0.726734474212743	0.821056932722922	-6.52709396841925
ENSMUSG00000038295	0.0350001176517303	7.41171933020723	0.838364632379997	0.401862303664241	0.548096810039821	-6.52715407010522
ENSMUSG00000041216	-0.0010355846383403	7.16445028016435	-0.0241175854017894	0.980759689389802	0.988232575501523	-6.52731299266346
ENSMUSG00000070644	-0.0312813564852599	7.35369139925999	-0.790217876845099	0.429434535882855	0.573357468447359	-6.52742443891872
ENSMUSG00000030795	-0.0311271507573814	7.40948384495777	-0.769787128779039	0.441459167120985	0.58477445078275	-6.52767189332004
ENSMUSG00000031839	-0.0150126395642838	7.23532236153207	-0.363174383637924	0.71648855001255	0.814047391891375	-6.5280246829149
ENSMUSG00000040606	-0.0175012541290647	6.6167950463981	-0.428810053356332	0.66807822112717	0.776016331381147	-6.52810993566557
ENSMUSG00000022040	0.00664828625253566	7.20923592188692	0.151647714598007	0.879470348190874	0.925713603353829	-6.52839718140003
ENSMUSG00000031885	-0.0016169155493051	7.21759147575034	-0.0350972660201945	0.97200345248143	0.982737601350443	-6.52844379708822
ENSMUSG00000037905	-0.00466926515501065	7.16329663760996	-0.0857379751270731	0.93167782781946	0.960553229214313	-6.52857150038577
ENSMUSG00000021596	-0.00948489141380993	7.20637872037027	-0.153237774071107	0.878216379938306	0.925063065906533	-6.52866432956674
ENSMUSG00000029657	-0.0117005796728957	6.56499805510855	-0.405699503153587	0.684979156096219	0.789205941354546	-6.52883339668043
ENSMUSG00000032348	0.0154274212330057	7.29324898809244	0.411898928668567	0.680429524379159	0.785484819078737	-6.52903231419332
ENSMUSG00000037617	-0.00170215418319675	6.8066965882687	-0.0403198009820187	0.967839628139351	0.981027904273799	-6.52914322768852
ENSMUSG00000025757	0.0116744309043861	6.69281045979054	0.247526503061669	0.804510003468763	0.876259980483615	-6.52943383391022
ENSMUSG00000021770	0.00338123321393002	7.18149032681024	0.0684193415142646	0.945454307591375	0.968384274369135	-6.52947230564725
ENSMUSG00000041180	-0.0107974421104968	6.68618923958438	-0.303803035638323	0.761289422176685	0.845879897366374	-6.52969959039789
ENSMUSG00000054594	-0.00836207876930306	7.21094616186752	-0.215520875273626	0.829369213321888	0.892356974272756	-6.53024504732895
ENSMUSG00000020284	0.0247365439993219	7.24544744262785	0.38283528992771	0.701856657220706	0.802787642524331	-6.53055495025413
ENSMUSG00000026437	-0.000543217444187505	7.1995907992854	-0.0106160649024912	0.991530149053487	0.995560450295901	-6.53070210794826
ENSMUSG00000024914	0.0153124402590938	7.30902754810535	0.435688563183435	0.66307976735801	0.772142119584679	-6.53078277308482
ENSMUSG00000037608	-0.0101238430724733	7.25668579869061	-0.193071883640787	0.84690978617831	0.904094330136079	-6.53092278488023
ENSMUSG00000059890	0.00758132637468734	6.7868642067849	0.153987205626702	0.8776254616527	0.9249575641511	-6.5309876592748
ENSMUSG00000034226	0.0317177960481594	7.50755361959897	1.09675396912825	0.272796874902828	0.418350320513977	-6.53103611146156
ENSMUSG00000034189	0.0294146416443883	7.44924470641882	0.919633125742323	0.357804757145681	0.504619183513008	-6.53111555733834
ENSMUSG00000018820	0.0281294081694421	7.39082570642948	0.82002446932182	0.412237619806848	0.557427692471727	-6.53125743172919
ENSMUSG00000029608	0.00491975153276858	7.1958118599572	0.136682409520553	0.89128682652422	0.933871719316133	-6.53127594586084
ENSMUSG00000015363	-0.0108041630735372	7.23082048936766	-0.264892203130213	0.791102410726423	0.867234673942556	-6.531519935144
ENSMUSG00000048490	0.00231721753772796	7.17055001373235	0.0381447353649017	0.969573665107718	0.981745893114233	-6.53171505736571
ENSMUSG00000025505	0.0216839200955272	7.3313158506664	0.555642075033969	0.578478115646034	0.706213678668209	-6.53175538740265
ENSMUSG00000050148	0.00522491135377923	7.2032557601929	0.112356163303433	0.910545103573267	0.946924410929828	-6.5317641032994
ENSMUSG00000000563	-0.0125921247917606	7.22080040398559	-0.348794553331397	0.727256876308371	0.82136361496111	-6.53191742649426
ENSMUSG00000068706	-0.000294020500653858	7.14056337628181	-0.00618198690779004	0.995067743249418	0.997124140422609	-6.53200771426829
ENSMUSG00000029599	0.00964336252961751	7.29060429872142	0.417185232555189	0.676559174901022	0.782396671478154	-6.53231593057054
ENSMUSG00000032244	0.00513894888900879	6.72718029141721	0.0849910049367759	0.932271628872293	0.960895934907578	-6.53243830718295
ENSMUSG00000050132	0.0239433882505145	7.40904560993281	0.834637499402364	0.403958017287873	0.550138449060109	-6.532471283362
ENSMUSG00000008140	-0.00519715051450387	7.14209015443339	-0.096699854843501	0.922968271088399	0.954462922992838	-6.53252695682324
ENSMUSG00000003123	0.00529441479507131	7.26663445627876	0.162806985534656	0.870676376801574	0.919952253417152	-6.53271696136891
ENSMUSG00000044927	0.0107289374804926	7.24816761569989	0.324727621212754	0.745399552342061	0.83451094059024	-6.53275518182734
ENSMUSG00000036885	-0.00957658906355352	6.82959825335547	-0.13522452237255	0.892439297249752	0.934780004767882	-6.53276332212882
ENSMUSG00000060904	-0.00528682554121129	7.20439142387231	-0.114671218028821	0.908709905252073	0.945618796563083	-6.53283716511569
ENSMUSG00000038121	0.0178340006255349	7.23804384689272	0.314317603361573	0.753291726774047	0.840256904398554	-6.53290164735124
ENSMUSG00000007603	-0.0131610359070917	7.2160727418644	-0.244882323027927	0.806556665902265	0.877439481278638	-6.53301158908867
ENSMUSG00000029878	0.00467548544683538	7.19732286872477	0.0958209715116519	0.9236662448737	0.955109270822721	-6.53302099453407
ENSMUSG00000049339	-0.0298268316846411	7.28101371990459	-0.619373616849041	0.535695859508824	0.671003654103476	-6.53334983917189
ENSMUSG00000019897	0.018058194549325	7.44998647941715	0.812975171877863	0.416267409778991	0.561369275734091	-6.53355494657309
ENSMUSG00000033021	-0.0225376504422412	7.28662511077036	-0.47805162781776	0.632632419776545	0.749676288895232	-6.53382254235754
ENSMUSG00000056476	0.00335042973974176	7.18664352953306	0.0664095029726992	0.947054213382455	0.969023629610496	-6.53426101463875
ENSMUSG00000028447	-0.011978315100281	7.15801335866301	-0.263693692958252	0.792025814203334	0.868006191156039	-6.53464787356622
ENSMUSG00000000552	-0.0142964517372288	7.23579328248227	-0.327763614394776	0.743102850036811	0.832580446100293	-6.53476183673245
ENSMUSG00000044285	0.0180713109663992	7.28099320257197	0.428652191174896	0.668193110000078	0.776080925844661	-6.53522564827647
ENSMUSG00000097908	0.0121885429010895	7.17675508363002	0.203364526175813	0.838857632078697	0.899379585551904	-6.53523267225021
ENSMUSG00000027957	0.0323942812628744	7.45067111622538	0.801965744125404	0.422607350186306	0.567231436194291	-6.53531973325296
ENSMUSG00000047988	0.00936565150567503	7.2773480278727	0.239478592408303	0.810743399503997	0.880339436535318	-6.53564327541506
ENSMUSG00000035890	-0.0272453194826303	7.28366085281549	-0.519169099300943	0.603663671906967	0.726393822849818	-6.5356654180194
ENSMUSG00000029836	-0.0293677264796495	7.39260029376756	-0.707127134569713	0.47951737135995	0.621379410984239	-6.53572394129631
ENSMUSG00000001415	-0.0004479267404216	7.18706898701896	-0.00785751763397838	0.99373095689126	0.99677030188429	-6.53583891204519
ENSMUSG00000030785	-0.00597197574180175	7.21974680351526	-0.139172431465668	0.889318977931804	0.932556192157243	-6.53603302437799
ENSMUSG00000031870	0.025329288087824	7.42822214902676	0.904573874437264	0.365730719415687	0.512282285038211	-6.53625771318613
ENSMUSG00000029499	0.0211444930903379	7.36173783250954	0.491738829631576	0.6229235679928	0.742269532371142	-6.53638910013475
ENSMUSG00000029920	-0.0172828847265958	7.32218401295966	-0.428370571211894	0.668398086567336	0.77620372508639	-6.5366381326551
ENSMUSG00000059355	-0.020013232135585	7.29564349247422	-0.599366857642369	0.54895290975904	0.68171624194193	-6.53697052822526
ENSMUSG00000028047	-0.0333467168082215	7.35207859976201	-0.66436136748054	0.506486846050238	0.646037196852077	-6.53705014294043
ENSMUSG00000022893	0.0139134556413865	6.65169454330721	0.354567131900208	0.7229274687544	0.818450918447994	-6.53707814115162
ENSMUSG00000055430	0.0171974770529326	7.27385801706841	0.375436852700264	0.707350049370812	0.806323626152605	-6.53714748123716
ENSMUSG00000024501	-0.00201365279519816	7.22028812969949	-0.0464384328760921	0.962962487030252	0.978262633838136	-6.53721754057444
ENSMUSG00000062296	0.0245410482753901	7.37027401170665	0.744888661136642	0.456370791741807	0.599398716440985	-6.53725756540756
ENSMUSG00000037013	0.0168543967484442	6.69665148250572	0.34821849387007	0.727689399269174	0.821509440480375	-6.53731055047953
ENSMUSG00000078789	-0.018760854280031	7.22334630535233	-0.385929773814908	0.69956357536135	0.800794467835166	-6.53770133336186
ENSMUSG00000051497	-0.000687508843601137	7.19444235071011	-0.0175570751067152	0.985992836014026	0.991445330959725	-6.53774821719033
ENSMUSG00000058835	-0.0286216090621689	7.36350616006983	-0.644280867646893	0.519420131816254	0.656901890044281	-6.5378213981269
ENSMUSG00000046352	0.00182203717495533	7.22214344141763	0.0329997839286383	0.97367595491628	0.983744837302356	-6.53783579817319
ENSMUSG00000020801	0.00475756117938353	7.23305148103932	0.108770785988822	0.91338825538902	0.948903272460962	-6.53798974502396
ENSMUSG00000028861	-0.00347697487672072	7.21406343576957	-0.0991852684926726	0.920994778427786	0.953147935710326	-6.53819503222945
ENSMUSG00000022673	-0.00306933844013102	6.82564420028277	-0.0643327699023253	0.948707593994963	0.970122613495435	-6.53835604371353
ENSMUSG00000022195	-0.0179189886690416	7.29205459957429	-0.414889654816552	0.678238832116587	0.783812660035728	-6.53856818424249
ENSMUSG00000001542	0.00369339143830505	6.798528203923	0.0693024250745951	0.944751409623528	0.968099090550513	-6.53869636942029
ENSMUSG00000022665	0.021485111394993	7.41191953867935	0.775823220943509	0.437886660206576	0.581362149419379	-6.53903254734522
ENSMUSG00000030137	0.00696134889512123	7.17232209638011	0.158351198071453	0.874185868297204	0.92289665250762	-6.53906426340239
ENSMUSG00000040649	-0.0229513502953687	7.42211334628541	-0.807540423367513	0.419390044962333	0.564069700908862	-6.53932588176555
ENSMUSG00000052087	0.00216752970701783	7.18825344265106	0.0773533951694227	0.938345222796036	0.964346939072589	-6.53937019922954
ENSMUSG00000023495	-0.00964738754494299	7.23905683610282	-0.23832672411883	0.811636555691111	0.880724889109658	-6.53946441753287
ENSMUSG00000104222	0.0238112671005197	7.35133320015734	0.611726950267059	0.540743660235358	0.674937172256774	-6.53983204611281
ENSMUSG00000028195	0.0012329973655234	6.75400651241354	0.0248963835938721	0.980138513136765	0.987834750884259	-6.5399542220778
ENSMUSG00000010592	-0.0248862974450157	7.39835703309536	-0.722039641191961	0.470300738416574	0.61273396406068	-6.5403206895353
ENSMUSG00000091264	0.0100398797535846	7.24125551579761	0.28383717634607	0.776545824928946	0.858002453241168	-6.54035779411859
ENSMUSG00000034997	-0.0128588072847338	7.221625794864	-0.336511840964027	0.736497735619993	0.827730136040599	-6.54077493118114
ENSMUSG00000020733	0.00723521197312404	6.78046790642319	0.119913824729154	0.904555783700457	0.942569589319196	-6.5408280830108
ENSMUSG00000050357	-0.0299027689042735	7.34111175075446	-0.692567249375111	0.488610348223101	0.629614830604019	-6.5408530149332
ENSMUSG00000026150	0.0185723298253473	7.34169510718445	0.667701474531179	0.504352125726222	0.644255832764923	-6.54097873577047
ENSMUSG00000046613	-0.0173738266172698	7.24426745397719	-0.382187612310333	0.70233694551303	0.802986227461059	-6.54107262273562
ENSMUSG00000010608	-0.00350531373340601	7.25219379618406	-0.105603712234079	0.915900622397097	0.950457430914933	-6.54111046431075
ENSMUSG00000049482	0.0106021071583209	7.20946668979104	0.22774269020177	0.819854730348153	0.886044091936439	-6.54117462860839
ENSMUSG00000099222	-0.0132709341150123	7.21377607055529	-0.215420658916429	0.829447335717182	0.892356974272756	-6.54119495004515
ENSMUSG00000019842	0.0178037576784886	7.41539729296997	0.755868271836253	0.449760482395415	0.592678835985987	-6.54132482892912
ENSMUSG00000043067	-0.0197504917382858	7.30827095739192	-0.441194389692969	0.659089580999278	0.769967855062172	-6.54186450134568
ENSMUSG00000002343	0.0135398666816577	7.20405994120885	0.271685355444908	0.785874138501781	0.864230509976087	-6.54198080418825
ENSMUSG00000032301	-0.0143296972770486	7.22449160373664	-0.245023681907787	0.806447216876458	0.877439481278638	-6.54206683406898
ENSMUSG00000018932	-0.0200057777294003	7.25540808166212	-0.410671169417331	0.681329634876825	0.786315900899805	-6.54209715667316
ENSMUSG00000040972	-0.0264967728171932	7.36006605308786	-0.738989963171172	0.459944561930567	0.603366152785068	-6.54212554881929
ENSMUSG00000020745	0.00630509736536755	7.21300644235154	0.131563821205814	0.895334105402848	0.936613192803363	-6.54221186544936
ENSMUSG00000074182	0.0170586211395483	7.29784408447074	0.484195806632832	0.628266151982322	0.746529357574202	-6.54232708579934
ENSMUSG00000029684	0.00418757523437385	7.22813778907768	0.0635696338496498	0.949315216823959	0.970329864412029	-6.54255335397521
ENSMUSG00000026235	-0.0235302460263416	7.29919017751852	-0.569778539066315	0.568851136008687	0.698564775595698	-6.54284434691859
ENSMUSG00000030500	-0.0252429643680596	7.32846735781079	-0.53855478716586	0.590215841826038	0.715877574221643	-6.54284769030632
ENSMUSG00000069495	-0.00331778385886228	7.21064359674889	-0.0492541279463306	0.960718560460661	0.977062642239647	-6.54299248815732
ENSMUSG00000018589	0.0235011950749371	7.34083546929156	0.552756181017466	0.580452794662401	0.707832338647556	-6.54340967575311
ENSMUSG00000044155	0.0109922226178005	7.27880124221613	0.193221018151664	0.846792998701548	0.904094330136079	-6.54358354985835
ENSMUSG00000103520	0.0257708533899139	7.37519045444321	0.698982552782636	0.484592429440205	0.625798693828006	-6.54358393049888
ENSMUSG00000021193	-0.0101081028168837	7.24102859912884	-0.226463122424172	0.820849636511826	0.886753316380297	-6.54374853967246
ENSMUSG00000021028	-0.0214260188284134	7.49065058129786	-0.932769139830915	0.350980038052349	0.498755091520824	-6.54398291506986
ENSMUSG00000027194	2.5605983760002e-05	7.19474783161854	0.000752411425253906	0.999399689828108	0.999611115178989	-6.54416306803724
ENSMUSG00000001768	0.00749179959305568	6.74267021550874	0.161554184433871	0.871662860500426	0.920678513083628	-6.54424185282124
ENSMUSG00000059278	0.00752173910373166	7.18949499537861	0.173046655757377	0.862621109311444	0.914152142067785	-6.54431134310092
ENSMUSG00000020454	0.0212075826935196	7.25725783288551	0.291651155076339	0.770564335084357	0.853127126843502	-6.54438113716864
ENSMUSG00000038894	-0.000572534111070055	6.72387628018566	-0.0193653487062825	0.984550353944505	0.990679673648563	-6.54461307089408
ENSMUSG00000030327	-0.0314198089097086	7.25647584461859	-0.598093057669706	0.549802417953436	0.682340814849406	-6.54484257127995
ENSMUSG00000078970	0.00496095868288027	7.23478848094312	0.127567761581417	0.898495699169052	0.938346018947131	-6.54512873892659
ENSMUSG00000046321	-0.00243497510068735	7.1778869703757	-0.0518992969039925	0.958610815359437	0.975919529899229	-6.54515689607887
ENSMUSG00000074358	-0.00041918849743805	7.17752231771316	-0.008338986331434	0.993346830478246	0.996739554556456	-6.5453028688003
ENSMUSG00000035062	0.017651715742466	7.29217618802019	0.427323764013717	0.669160219970748	0.77665297871073	-6.5453692683873
ENSMUSG00000039629	0.00411290812254261	6.76810299629763	0.0926508873570835	0.926184282803953	0.956957195996318	-6.54537378809347
ENSMUSG00000026456	0.0232443173375465	7.36095867487051	0.662947475457061	0.507391918476134	0.646876521247399	-6.54568571873954
ENSMUSG00000019437	-0.0137015377810918	7.36166226176275	-0.576919637700651	0.564017306624459	0.694917786340754	-6.54576337055712
ENSMUSG00000086043	-0.0240880107500026	7.37131896630146	-0.690839869969503	0.489695270944107	0.63057838961348	-6.54583739421748
ENSMUSG00000034022	-0.0258739898982085	7.29270622683246	-0.492702944559864	0.622242124216821	0.741660040991134	-6.54587481861097
ENSMUSG00000027394	-0.0131941842490972	7.18415415837955	-0.231271653408894	0.817112352175361	0.88432131228237	-6.54600961845299
ENSMUSG00000026784	-0.0177429318523465	7.32131025317091	-0.47289611043746	0.636306026785661	0.752463056876332	-6.54619561027146
ENSMUSG00000027109	0.0178266539769885	7.29004031418015	0.256471909788736	0.797596040597354	0.872503957511744	-6.54641121609354
ENSMUSG00000054679	0.0208007292959662	7.31944080608884	0.52069771326754	0.602598284970761	0.725578657853141	-6.54643336739469
ENSMUSG00000008435	0.0121582909102376	7.2187092564584	0.310479291429568	0.756208245200153	0.842433487590232	-6.54656646766319
ENSMUSG00000079076	-0.0112323106163643	7.2702795742645	-0.253561510348029	0.799843793088386	0.873763554979796	-6.54688769789916
ENSMUSG00000035027	-0.00184620744090669	7.19970087575161	-0.0361770120381317	0.971142525887397	0.982311367926544	-6.54694511322493
ENSMUSG00000022791	-0.0262080586730944	7.27403157525101	-0.564239137233481	0.572614355930323	0.701409725658663	-6.54698770986942
ENSMUSG00000028454	0.0214696482696439	7.32075154641839	0.49145714848539	0.623122723400261	0.742376522668745	-6.54704610361851
ENSMUSG00000079083	-0.0125841797072423	7.26688823897509	-0.205909871769884	0.836868919366542	0.897762036409929	-6.54708748520721
ENSMUSG00000029821	0.0243196624782396	7.39602444303284	0.670998358376715	0.502249694135318	0.642008689281349	-6.54712334048251
ENSMUSG00000001105	0.0079330464680627	7.22230952981895	0.163424351120683	0.870190323204742	0.919642534016506	-6.54726002660781
ENSMUSG00000017210	-0.0322385929236813	7.31608135267267	-0.667775304752821	0.504304993228685	0.644255832764923	-6.54735476393927
ENSMUSG00000026988	-0.0123085573655581	7.31517253480865	-0.503772727542058	0.614441229805181	0.73557649786114	-6.54740059144216
ENSMUSG00000029029	-0.0118582170437058	7.20715003973889	-0.240710014801509	0.80978882976059	0.879813722757315	-6.5475355787152
ENSMUSG00000031808	0.0219267189121179	7.43529255062734	0.814729913940216	0.415262128935747	0.56061775319348	-6.54801380803129
ENSMUSG00000053395	-0.00893775627742954	7.21645357189443	-0.250604995347689	0.802128860648429	0.875189990470321	-6.54805905716132
ENSMUSG00000050947	-0.00627276385435138	7.1656916933766	-0.136241172100958	0.891635603887817	0.934162398055322	-6.54819793584839
ENSMUSG00000035355	0.0204401820248696	7.27256719923511	0.438696371198946	0.660898752604313	0.770900216483943	-6.54832458175294
ENSMUSG00000020886	-0.0162597270863962	7.23011041567867	-0.387133019560484	0.698672681403231	0.799915732708803	-6.54837109026531
ENSMUSG00000025986	-0.020948738879552	7.23062221837905	-0.404126788512978	0.686135167245427	0.789981673518348	-6.54864905914199
ENSMUSG00000048027	0.0344022453744435	7.51044611626236	1.0138352274331	0.310705887677817	0.458236057393037	-6.54907785017464
ENSMUSG00000046330	-0.0167466318845895	7.32020915532446	-0.526539756564488	0.598534425555733	0.722361897995085	-6.54930706191296
ENSMUSG00000001785	0.0241765521069359	7.3307662590926	0.387294631949089	0.698553053725323	0.799915732708803	-6.54967455730719
ENSMUSG00000017615	-0.0220772303545713	7.28897998667715	-0.52546434272041	0.599281573624855	0.722972701182967	-6.54982103484275
ENSMUSG00000071073	0.0272270855456176	7.35082904782601	0.688333192223023	0.491271954687976	0.631987071904784	-6.55013018295866
ENSMUSG00000030471	0.0144967017283282	7.29426988599343	0.30995192040859	0.756609237582465	0.842521743508517	-6.55020347514214
ENSMUSG00000042726	0.00199981316609854	7.21786921297628	0.032126287673511	0.974372502998975	0.984220724424241	-6.55027747854684
ENSMUSG00000037805	-0.0239105596328413	7.48542657071013	-1.02467529564226	0.305561394617294	0.452688670174224	-6.55040920168244
ENSMUSG00000015126	0.0173842478793009	7.28693855976181	0.461050213003402	0.644780773120652	0.758988480641574	-6.55041638594611
ENSMUSG00000030613	0.00227990639183773	6.76784561026518	0.0419120845479393	0.966570300987302	0.980196621264582	-6.55069538741887
ENSMUSG00000026775	0.0136749876106457	7.30204868095576	0.340821404648566	0.733251026456833	0.825653733872793	-6.55074020183255
ENSMUSG00000034758	0.0212811544751279	7.34250928180253	0.641550807458989	0.521191560922538	0.65863319648628	-6.55094336152763
ENSMUSG00000025892	0.029209672246715	7.44286811208601	0.908008149224527	0.363913616608804	0.510703941327308	-6.55120719832013
ENSMUSG00000039908	-0.00209372426170251	7.25781237492467	-0.0432538464977967	0.965500748813982	0.980022934057423	-6.55161758020437
ENSMUSG00000021733	-0.0121927461066997	7.26991271056187	-0.26486846503617	0.791120697123431	0.867234673942556	-6.5516235188965
ENSMUSG00000068040	0.00116521872134268	7.18281270149865	0.0255867711588908	0.979587864034186	0.987467416729918	-6.55183728785239
ENSMUSG00000036158	-0.00367240263676116	7.19485374217996	-0.0779612204489395	0.937861730747688	0.964170059362922	-6.55186361057065
ENSMUSG00000035047	-0.00158185747526751	7.22119056338095	-0.031078097982686	0.975208381820607	0.984837097716398	-6.55220266682242
ENSMUSG00000100600	0.0315452546579111	7.50678312692146	1.03072594764678	0.302714582223619	0.449947696465897	-6.55252647289977
ENSMUSG00000072623	0.0325211693868619	7.43044823435139	0.832023387088176	0.405431791856351	0.551414192705521	-6.55260696221738
ENSMUSG00000082884	0.0193166301980563	7.48052362541754	0.898732172475874	0.36883459757442	0.515455011896275	-6.5526297976266
ENSMUSG00000041037	-0.0115427052440413	7.22341430223303	-0.298713538880125	0.765169887691967	0.849237382982641	-6.55274056173264
ENSMUSG00000031592	0.0210713293134557	7.31732311084177	0.380958275621734	0.703248892678193	0.803103748407592	-6.55283516369516
ENSMUSG00000039452	-0.0140783620926195	7.30253333175551	-0.272035037635273	0.78560526861883	0.864152594249515	-6.55291007783713
ENSMUSG00000024777	0.019906989415083	7.34465885490397	0.634423121903498	0.525831055872958	0.663215817291789	-6.55298404541931
ENSMUSG00000028433	-0.00835243296436339	7.2774721140023	-0.265736324201279	0.790452225554536	0.866862165937342	-6.5530031318984
ENSMUSG00000024639	-0.0151119402296542	7.23751088784077	-0.276706940303861	0.782015518605361	0.862087164835078	-6.55317503238605
ENSMUSG00000026319	-0.00265808706407	7.21478706842789	-0.0495473598429044	0.960484891223922	0.976984581522163	-6.55327299227853
ENSMUSG00000037463	0.0220945124435739	7.32134370772406	0.600189725301178	0.548404476886251	0.681490102446093	-6.55336557064827
ENSMUSG00000047264	0.02590638221728	7.38717579640192	0.690553831180498	0.489875049650927	0.630685824567798	-6.55356398816926
ENSMUSG00000062931	0.0276795838417572	7.56482495659406	1.1297910744268	0.258613437436145	0.401585473006051	-6.55382489853335
ENSMUSG00000023885	-0.0203791497625945	7.33034161774264	-0.507457104316401	0.61185443184265	0.733150120966865	-6.55442322714982
ENSMUSG00000028869	0.0258329294363051	7.31035471794094	0.449459239121179	0.653118079966215	0.765910238527202	-6.55444208135505
ENSMUSG00000043498	-0.0195710649682317	7.33904575129582	-0.541982464433603	0.587852496606766	0.714128689391832	-6.55445255320545
ENSMUSG00000054455	0.0292092374528901	7.36722888415215	0.752438549962413	0.451819505482304	0.594793460610791	-6.55454020497119
ENSMUSG00000029782	-0.0119524821625854	7.2752271012199	-0.272308332711064	0.785395150430384	0.864139281404705	-6.55499022828939
ENSMUSG00000052613	0.0198470663826598	7.34256197333929	0.62450818399398	0.532319747979029	0.668528573238835	-6.55512000321773
ENSMUSG00000063406	0.00976150626738814	7.29271495305868	0.200695780687187	0.840943864543596	0.900737683055739	-6.55526489773664
ENSMUSG00000008658	-0.00331105513870344	7.22299372186522	-0.0762605306033157	0.939214594367652	0.964759720684553	-6.55529130272622
ENSMUSG00000036915	-0.0219942989475976	7.22620296699374	-0.362523941384874	0.716974436424858	0.814246124364525	-6.5554600412621
ENSMUSG00000031161	-0.00933771185357646	7.20395030740913	-0.169934246903082	0.865068084772728	0.916077923307009	-6.55553246537421
ENSMUSG00000066643	0.00989158489339292	7.23827977805034	0.193065061499794	0.846915128688426	0.904094330136079	-6.55597935515036
ENSMUSG00000048388	0.00146645407773605	7.20746983433147	0.0235828318927653	0.981186220248213	0.988432779375584	-6.5561475428134
ENSMUSG00000030083	0.00999000635982306	7.2569045867465	0.312274561120459	0.754843684893313	0.841584350013082	-6.5562141628785
ENSMUSG00000041695	0.00770441654039455	6.69754989133941	0.157754797824607	0.874655797784329	0.923132026515523	-6.55633485102984
ENSMUSG00000005354	-0.00763489496030978	7.18454092219461	-0.156588636735987	0.875574794047377	0.9235437643948	-6.55697508741695
ENSMUSG00000004264	-0.0035869671710298	7.22809909677984	-0.0883348910601518	0.929613717667802	0.959289256065805	-6.55744545300099
ENSMUSG00000034161	-0.0176142800577157	7.23878013169611	-0.340584660246608	0.733429260078939	0.825699189350199	-6.55775862724722
ENSMUSG00000029754	0.00240475429266507	6.73909920032973	0.0542621455357087	0.956728275307293	0.974973657688416	-6.55789708087535
ENSMUSG00000040151	-0.0270885980831732	7.30861419334748	-0.629360126264559	0.529139402227085	0.665849005570646	-6.55793742517695
ENSMUSG00000039637	0.0269016925573329	7.42066822958018	0.77427631597163	0.438800618984738	0.582162312905167	-6.55810407935897
ENSMUSG00000049422	0.0178552543453687	7.27766293138768	0.440011032472993	0.659946370909319	0.770467084710612	-6.55811186524223
ENSMUSG00000050271	-0.00522059067627367	7.20687035094854	-0.094829472467146	0.924453724076218	0.955697106412338	-6.55815103879678
ENSMUSG00000038467	-0.00330218537640548	7.20623282868921	-0.0828906208430174	0.933941522063473	0.961935520954683	-6.55826563446087
ENSMUSG00000042628	-0.00661389984567684	6.62123379223113	-0.25052509054721	0.80219064204429	0.875189990470321	-6.5587325761275
ENSMUSG00000037300	0.0160200146493477	7.27550503953182	0.282067204578961	0.77790257043111	0.858854819706872	-6.55885500663064
ENSMUSG00000040667	0.00348750559272748	7.23186054029716	0.053653660179079	0.957213048010275	0.975315839719085	-6.55891275631616
ENSMUSG00000066839	0.000463224190825784	7.23687788903002	0.0100521354169833	0.991980055239277	0.995935803925814	-6.55919881969419
ENSMUSG00000040037	0.00569929704824901	7.21641364653034	0.112147932481871	0.910710196593064	0.946924410929828	-6.55966547144833
ENSMUSG00000052369	-0.0238195105810393	7.48207816674269	-1.05128010186033	0.293176054476453	0.4401625442176	-6.55995420925597
ENSMUSG00000056073	-0.00614222513421492	7.24083901309272	-0.143527214234517	0.885879067066598	0.930364892189628	-6.56000972978173
ENSMUSG00000028419	-0.000858269353352092	6.72347705678532	-0.015000791046285	0.988032092255259	0.992809590283663	-6.56056175630144
ENSMUSG00000038256	0.0267050065936827	7.402061075149	0.747582845685481	0.454743709491063	0.597981583432804	-6.56075281150802
ENSMUSG00000049606	-0.00217888206041827	7.24356851430254	-0.0457830158719406	0.963484854683949	0.978625598984305	-6.56094005577395
ENSMUSG00000025477	-0.00707644067590518	6.69494023698842	-0.194932321811882	0.845453115571002	0.903316207165717	-6.56096466751803
ENSMUSG00000034825	-0.021177138820808	7.30679039984759	-0.488017635016677	0.625556763415252	0.744255647640175	-6.56107854801022
ENSMUSG00000058254	-0.00978375307743562	7.20783846173794	-0.215444178458772	0.829429001203537	0.892356974272756	-6.5615844882172
ENSMUSG00000041319	-0.0131855460799946	7.25798128360143	-0.338677584404884	0.734865530456485	0.826666476938167	-6.56160268299713
ENSMUSG00000044365	0.0234794985369451	7.4846154114927	0.917183839887682	0.359086445742215	0.505936262124094	-6.56184912835742
ENSMUSG00000040415	-0.0134225984255982	7.24756714643727	-0.306802040035883	0.759005645679131	0.844113312370981	-6.56187007439161
ENSMUSG00000038602	0.0222230485703605	7.37266783147836	0.689630213067908	0.490455796845906	0.631185224840912	-6.56192334973845
ENSMUSG00000045777	0.020639767981522	7.33157241163652	0.630011929048346	0.528712897168437	0.665398470842088	-6.56204505505163
ENSMUSG00000019428	-0.0256272867826981	7.4190575743392	-0.879094652738074	0.379388282070115	0.526438938936083	-6.56227541271268
ENSMUSG00000019947	0.00110829524936573	6.70775847080626	0.0276899328660976	0.97791045556481	0.986377823939036	-6.56236106980435
ENSMUSG00000023328	-0.0211636276036451	7.25987169559488	-0.37962637053132	0.704237409363382	0.803965483378566	-6.56242757285799
ENSMUSG00000035351	0.00492682426929836	7.24372381488051	0.12369638264111	0.901560186536113	0.940496092600063	-6.56272416816907
ENSMUSG00000048249	0.0320599881907233	7.38222737600241	0.592366623238166	0.55362941237722	0.685530716621825	-6.56284016661661
ENSMUSG00000036966	-0.0303638465753373	7.46066249165855	-1.04891356827629	0.294263893315462	0.441092614069846	-6.56304122921352
ENSMUSG00000028224	-0.0105531712064275	7.2573309436979	-0.240839089096103	0.809688790756334	0.879778043703372	-6.56351801774785
ENSMUSG00000034220	0.00817270159333905	7.21689769975162	0.173662997467435	0.862136697123657	0.91393470759052	-6.56375878581917
ENSMUSG00000017119	0.00775815060788432	6.68202060678079	0.194642653570929	0.845679883032852	0.903316207165717	-6.564381299763
ENSMUSG00000026960	-5.74457267052964e-05	7.25663473174008	-0.00112443319626181	0.999102872997263	0.999560966932613	-6.56465525909081
ENSMUSG00000085067	0.0214200476895021	7.34518116237868	0.602668566504492	0.54675399230693	0.680298732872298	-6.5648364365925
ENSMUSG00000040836	-0.0040358574108863	6.69494487391843	-0.103990148994021	0.917180949912158	0.951032234773481	-6.56490678759902
ENSMUSG00000061578	0.0030132322506633	7.20728975411256	0.0737821482181747	0.941186409500367	0.965826342152281	-6.56500146478982
ENSMUSG00000033965	-0.0291821447196154	7.37543097003549	-0.709876961427995	0.477810470447231	0.61996974024729	-6.5650525750212
ENSMUSG00000031903	0.00180749070134656	7.18959050317163	0.0419231517884609	0.96656147876302	0.980196621264582	-6.5652060583522
ENSMUSG00000024844	-0.00223018701344913	7.21905466979639	-0.0773636799624939	0.938337041611269	0.964346939072589	-6.56571004510176
ENSMUSG00000038301	0.0100862076028481	7.25071936991787	0.306029800216996	0.75959351515079	0.844551872641541	-6.5657701707768
ENSMUSG00000021508	-0.00420531283270797	6.69142185293139	-0.112979406341267	0.910050996785589	0.946562933972903	-6.56594819379349
ENSMUSG00000085894	-0.0015242771851085	6.74092041941177	-0.037926351274187	0.969747776485889	0.981745893114233	-6.56605263359648
ENSMUSG00000009406	-0.00702127334480718	7.1987208944636	-0.162784357560239	0.870694192796512	0.919952253417152	-6.56632504217446
ENSMUSG00000038510	-0.00243833131046234	7.24306148429716	-0.0706047140379424	0.943714920167829	0.967511020739015	-6.56637836818166
ENSMUSG00000025138	-0.0186345881717163	7.27550803857071	-0.352555923048072	0.724434867666882	0.819519682666104	-6.56671681420104
ENSMUSG00000043909	0.00597484570561679	7.22427928977241	0.118174012314833	0.905934087287411	0.943777873238559	-6.56691448141694
ENSMUSG00000051319	-0.0175236667563015	7.33809747139144	-0.558521164047618	0.576511246077157	0.704666719600611	-6.56721270326381
ENSMUSG00000002771	0.0214175291357179	7.35893580703147	0.612099741548455	0.540497018850472	0.674773989567725	-6.56728440880153
ENSMUSG00000023460	0.0111284912001874	7.2864495331823	0.31919859698267	0.749588017919239	0.837624302714124	-6.56729762837889
ENSMUSG00000001632	0.0103934655073594	7.23064494908945	0.149681258288856	0.881021572187657	0.926973754165459	-6.56733794133586
ENSMUSG00000019943	-0.0278241304792033	7.30648900699267	-0.549720516953236	0.582533356529107	0.710104907232688	-6.5673745006074
ENSMUSG00000045912	-0.031347754841609	7.46199032891758	-1.03766411396152	0.299471980114428	0.446649255372304	-6.56740365906907
ENSMUSG00000031398	-0.0138116288188117	7.26055363664497	-0.273549860481817	0.784440820406373	0.863446465329163	-6.56755493044133
ENSMUSG00000030204	0.0190346128010166	7.27973586894548	0.338720804327783	0.734832970068029	0.826666476938167	-6.56756331363946
ENSMUSG00000055862	-0.0310518406302922	7.38700769954849	-0.749700794074268	0.453466928319885	0.596782169839559	-6.56760210330363
ENSMUSG00000021079	0.0271259449373469	7.29528019308647	0.470363967752992	0.638113615133697	0.753987675932343	-6.56780101487766
ENSMUSG00000030452	5.43240802288736e-05	7.24021421437961	0.00191582285411962	0.998471464795544	0.999412607025289	-6.56782207809907
ENSMUSG00000035107	-0.0240765564506065	7.28619924065128	-0.510204438161827	0.60992867479849	0.731562010580402	-6.56787965442934
ENSMUSG00000018470	0.00443881255435574	7.24690992638554	0.122930938046546	0.902166268722912	0.940828484158066	-6.56797768933615
ENSMUSG00000057715	-0.000732795702820255	7.21866857187	-0.015467103246366	0.987660089006615	0.992588154239241	-6.56816140533107
ENSMUSG00000053604	0.020204443242946	7.43136115242347	0.735997255057178	0.461763690327263	0.605212645605348	-6.56825099971863
ENSMUSG00000025658	0.0344804756009873	7.42030563996245	0.856332592938142	0.391851067154466	0.538826991040896	-6.56840650255356
ENSMUSG00000042487	0.00567496097230613	7.24690560807228	0.126247953203626	0.899540258936606	0.939062361055582	-6.56885539554067
ENSMUSG00000020300	0.0266608761742422	7.35392301310134	0.565912019891576	0.571476629466651	0.700485423201549	-6.56910181422622
ENSMUSG00000013858	0.00389214291087381	7.24375817489983	0.0826348348507186	0.93414490263439	0.961993633704825	-6.56914847791495
ENSMUSG00000074227	0.0134600999950107	7.25494107095793	0.285621965512048	0.775178411512901	0.857055036672463	-6.56924702040709
ENSMUSG00000020387	0.0169114862207822	7.24778561179453	0.318093956387308	0.750425719627641	0.838202672243415	-6.56961976178097
ENSMUSG00000057789	-0.0151943253118221	7.31850295951256	-0.373074625797986	0.709107250661128	0.807993007012449	-6.57032529599612
ENSMUSG00000080059	0.0175229294429586	7.34506853546827	0.482113140287087	0.629744720334268	0.747607714782031	-6.57044527683664
ENSMUSG00000065818	0.0384077700256986	7.41015839930727	0.808454960939166	0.418863618421425	0.563709137785083	-6.5704928113107
ENSMUSG00000008373	0.0161428270394541	7.3609903221837	0.53659497751997	0.59156907235274	0.716600926329531	-6.57072381515337
ENSMUSG00000021747	-0.0273130437577027	7.38427079476709	-0.810750438959594	0.417544008629038	0.562569328081853	-6.57081858394892
ENSMUSG00000009905	0.0141163047244373	7.32381682766381	0.494994317995497	0.620623863646744	0.740439943606674	-6.5711253553949
ENSMUSG00000036281	0.0334393108970179	7.4360594408851	0.823323504804458	0.410359673771578	0.555554526966691	-6.57135450471669
ENSMUSG00000043833	-0.0242360450675401	7.3791328863534	-0.717458876727488	0.473121408409913	0.615410380417544	-6.57144073162867
ENSMUSG00000027981	0.00677811487648405	7.30256181612323	0.217663398855452	0.827699441055713	0.891575532342409	-6.57156129653388
ENSMUSG00000041459	0.00440534271693238	7.26750336510907	0.164870992040573	0.869051571321524	0.919020346358217	-6.57165135743848
ENSMUSG00000056124	0.0210213257690093	7.32335931452387	0.485002592970467	0.627693782264149	0.746187868646348	-6.57169598439267
ENSMUSG00000073436	0.0248021979475093	7.31677093901074	0.498657833657224	0.618040355011084	0.738467128575807	-6.57169742451913
ENSMUSG00000051146	0.0117150766282563	7.22392082985164	0.236008388672099	0.813434930439416	0.88206183137262	-6.57184221820061
ENSMUSG00000103332	0.00384072524533519	7.22182792251906	0.0859085394320393	0.931542243709574	0.960553229214313	-6.57184291365288
ENSMUSG00000021771	-0.0174477014558763	7.26820302261727	-0.448161763814753	0.654054071983194	0.766527250058542	-6.57184686291456
ENSMUSG00000022884	-0.0165914695872029	7.26784770010309	-0.338605437769981	0.734919884286841	0.826666476938167	-6.57186778916897
ENSMUSG00000004849	-0.00543688522568697	7.19200258541933	-0.12418984145677	0.901169494214824	0.940313303439904	-6.5720350223289
ENSMUSG00000020271	0.0110706009190702	7.20547248013484	0.232268279588067	0.816338271886549	0.884068215364273	-6.57212907923348
ENSMUSG00000041272	0.0265055039270319	7.53692040623386	1.11726789740971	0.263928499039378	0.40771113975499	-6.57226840796929
ENSMUSG00000027459	0.00688776187615669	7.28378911840153	0.307087553232458	0.758788333303879	0.844015026305385	-6.5723152981405
ENSMUSG00000030098	-0.00860071360126469	7.21830682501569	-0.183952277844354	0.854057660066875	0.908681258479929	-6.57247289903181
ENSMUSG00000021453	0.0017543695324207	6.70208893929964	0.0495377406970943	0.960492556429251	0.976984581522163	-6.5725701118381
ENSMUSG00000020694	0.0133704513023014	7.31237298453037	0.231931602450725	0.816599749260892	0.884205104401919	-6.57266837699106
ENSMUSG00000041966	-0.0117642507234299	7.3411126597224	-0.472399226960983	0.636660560310773	0.752678985265426	-6.57270510709817
ENSMUSG00000028519	-0.0123480280828456	7.25439953715983	-0.255638663499616	0.798239400708212	0.872896396608786	-6.57282046091656
ENSMUSG00000069844	-0.0110054574881628	7.29222818671918	-0.326804445213823	0.743828207155198	0.833107955178018	-6.57301863364237
ENSMUSG00000040370	0.0181424795979215	7.36131302779962	0.500665528240178	0.616626528973417	0.737316149175265	-6.57303490699602
ENSMUSG00000009555	-0.000807288150199703	7.20245046511971	-0.0156896071523611	0.987482586172326	0.992588154239241	-6.57323455399718
ENSMUSG00000055409	-0.0381501829262314	7.39406668539886	-0.936565519886699	0.349023131249435	0.49683710278543	-6.57350113057176
ENSMUSG00000063273	0.00492586317080868	7.28809031983448	0.104138562640951	0.917063177871098	0.950985435618884	-6.57358976796536
ENSMUSG00000021266	-0.0060727419323694	7.20141036191787	-0.148416763431979	0.882019300915477	0.92774966118022	-6.57381382341458
ENSMUSG00000049892	0.00704315463752181	6.64753205302359	0.184276519074281	0.853803313193365	0.908484474669013	-6.57396054113621
ENSMUSG00000026154	0.0305543983370269	7.41900494572971	0.828044926757904	0.407680911013426	0.553350459919459	-6.57421163089341
ENSMUSG00000039041	-0.0201094616134307	7.29059394761045	-0.441461809164181	0.658896022348998	0.769858699205095	-6.57442093837455
ENSMUSG00000099354	-0.00268599137416103	7.23232961608143	-0.066240481108589	0.947188770862017	0.969023629610496	-6.57475667588409
ENSMUSG00000024270	0.0264259860969824	7.33708555882014	0.531935042859143	0.594792425982321	0.719754361859741	-6.57485075506585
ENSMUSG00000000378	-0.00478571150604079	6.64416466274043	-0.10136585948571	0.919263724332844	0.951985499048061	-6.57495732778351
ENSMUSG00000036880	0.00352975127845845	7.27398055943256	0.0838063973732023	0.933213405238443	0.961336840143339	-6.57501771612338
ENSMUSG00000001911	-0.00805709503929908	7.27459932467703	-0.248168001011889	0.804013669150901	0.876229664240706	-6.57517587582143
ENSMUSG00000052301	-0.0275086293749522	7.51161446748627	-1.08177146332079	0.279401418675404	0.425835084202374	-6.57521342190851
ENSMUSG00000028653	-0.00620839910241955	7.26640139337466	-0.165031583096684	0.86892517561715	0.918973131850693	-6.57533070048131
ENSMUSG00000019979	-0.0111767846198294	7.26167330072841	-0.23845344012377	0.811538288347323	0.880691252573206	-6.57567036079669
ENSMUSG00000031818	-0.0257063340770225	7.35121045907005	-0.681304495528867	0.495707464219462	0.636005695958565	-6.57580736403337
ENSMUSG00000070565	0.0213681883681573	7.31183278658652	0.466315838387449	0.641007873192145	0.756247190757102	-6.57583161314501
ENSMUSG00000079317	-0.00609047271170216	7.24748654116853	-0.142635382316721	0.886583366057481	0.93065662511422	-6.57648579322279
ENSMUSG00000034135	-0.00206892035612682	6.69589650935312	-0.0479338686407032	0.961770683929198	0.977676977560452	-6.57649893357208
ENSMUSG00000031530	0.00636958685653788	6.66749346936655	0.157614530222228	0.874766327109879	0.923132026515523	-6.57661519304041
ENSMUSG00000028809	-0.0140369145199273	7.35198289706425	-0.48257894910317	0.629413894829912	0.747486094984871	-6.57672999883662
ENSMUSG00000028582	0.0195145365744391	7.47816375201762	0.895797426585834	0.370400086820229	0.516722388212853	-6.57677811322788
ENSMUSG00000028601	-0.0233059363061177	7.28696319512546	-0.522008516548679	0.601685379067245	0.724612729532552	-6.57726676424866
ENSMUSG00000046719	-0.00689323775814898	7.26475496138328	-0.201631275811852	0.840212434042964	0.90009501566897	-6.57737809018853
ENSMUSG00000024975	0.00457958775986267	7.25048727761397	0.103500762384119	0.917569310219672	0.95135957942472	-6.57753985867219
ENSMUSG00000042203	-0.0162006177725615	7.31112796395771	-0.489794789420035	0.624298612787728	0.743356262681008	-6.57775284661877
ENSMUSG00000058240	-0.0218310926866661	7.4621603848066	-0.89044183700006	0.373267553654357	0.51981904185117	-6.57777183286263
ENSMUSG00000048978	0.0171903257944352	7.24841873201012	0.30698839101713	0.758863806383156	0.844027266431763	-6.578155774148
ENSMUSG00000057738	-0.00361882279253933	7.22448473589636	-0.0759840317958838	0.939434560142738	0.964803519569168	-6.57839174580843
ENSMUSG00000025159	0.00830998275656913	7.27271195917251	0.17929979176828	0.857708901321829	0.911008174963407	-6.57891829989483
ENSMUSG00000024650	-0.0196636515316326	7.33047243421887	-0.473905624506591	0.635585980579807	0.751697055609726	-6.57904080846049
ENSMUSG00000028964	-0.0046608613873973	7.22925082922147	-0.10491107331192	0.916450189858852	0.950705667682701	-6.57916096240142
ENSMUSG00000071649	-0.0232797786250796	7.29756735720452	-0.529735830242848	0.596316439679171	0.720998783550029	-6.57925564691986
ENSMUSG00000038264	-0.00307096050895606	7.22993074151156	-0.0558191459238174	0.95548790580939	0.974240472185088	-6.57930794240256
ENSMUSG00000024083	-0.0244914745311506	7.28685619491896	-0.442844066165954	0.657895907060021	0.769330049912258	-6.579484235192
ENSMUSG00000027163	-0.0242477884987711	7.34061449419127	-0.608508915888327	0.542875071482058	0.67682320120399	-6.57996387787108
ENSMUSG00000099784	0.0203899840819854	7.46303767796407	0.857662440976555	0.391116178723165	0.538206118545689	-6.58018122087139
ENSMUSG00000037210	-0.0132376964253647	7.32970278803699	-0.410439455076173	0.681499563209385	0.786427239145973	-6.58045989612852
ENSMUSG00000040356	-0.0195093836167093	7.28678824572262	-0.341624641993656	0.732646414425064	0.825249614571	-6.58049038624826
ENSMUSG00000036712	0.00208419928113734	6.64194648183934	0.0375008897867641	0.970086988873823	0.981861527509555	-6.58090386973483
ENSMUSG00000097885	0.00927701574723638	7.29621878217378	0.195563924767411	0.844958708145507	0.903316207165717	-6.58097938131437
ENSMUSG00000006418	0.0144369952179124	7.32262450119424	0.452242050101692	0.651112416578676	0.764762356993579	-6.58108303293317
ENSMUSG00000039033	0.00823411160315057	7.21501101902119	0.157779815823265	0.87463608413397	0.923132026515523	-6.58115913034272
ENSMUSG00000040495	0.00602843913356566	7.21376018584311	0.106033457280861	0.915559665659186	0.950178925311935	-6.58159430580404
ENSMUSG00000074873	-0.0189433293243413	7.28528904649664	-0.398635838786666	0.690176993155073	0.793100780688687	-6.58195507614735
ENSMUSG00000029387	-0.0201952892310233	7.41972536988056	-0.765158082190764	0.444210179685984	0.58737497954236	-6.58202924367341
ENSMUSG00000038535	-0.0134688359289914	7.32493355941126	-0.445500076258151	0.655975902549331	0.768058644269617	-6.58208021839822
ENSMUSG00000017493	-0.00852346359024381	7.27148177329235	-0.270939272516635	0.786447885428665	0.864498380859116	-6.58222349559575
ENSMUSG00000056665	-0.0139057255020942	7.27558333277873	-0.390315875638201	0.696318069683504	0.798195969555768	-6.58234809859469
ENSMUSG00000027300	0.0285281744169597	7.4457773206099	0.876298563862038	0.380905936779179	0.527761723390095	-6.58274512431887
ENSMUSG00000031409	-0.0278901853051741	7.36499923233518	-0.643669108744159	0.519816807813546	0.657276574067505	-6.58307221557966
ENSMUSG00000020962	0.012871211585014	7.3198156996448	0.269673310929104	0.787421690696649	0.865278225163717	-6.58311997172756
ENSMUSG00000061313	-0.0268519748467151	7.49584464471383	-1.02191443683882	0.306866251863785	0.454107942737727	-6.58318767658139
ENSMUSG00000052852	0.0252554850282154	7.4651324634401	0.968443406444963	0.332865465637834	0.480683286579586	-6.58359583179883
ENSMUSG00000018012	-0.0246984219613458	7.34276923588376	-0.655441337306486	0.512211001072849	0.650739100052959	-6.5836366024544
ENSMUSG00000031378	0.0211108551648556	7.32881041325581	0.366017770021706	0.714365863906941	0.812261938098391	-6.58424410873038
ENSMUSG00000029911	0.0115922835976798	7.31135757785932	0.227062156984139	0.820383831380883	0.886469554344546	-6.58475935350254
ENSMUSG00000071567	-0.0128302032054126	7.29014916540817	-0.377604360971073	0.705739064793085	0.805258483202987	-6.58483130690569
ENSMUSG00000031939	-0.00664752991488538	7.27019697485944	-0.12423021354699	0.901137530973226	0.940313303439904	-6.58551649083261
ENSMUSG00000032383	-0.0169929502532575	7.34006582262377	-0.448195729882809	0.654029562090293	0.766527250058542	-6.58593422756474
ENSMUSG00000027533	0.0118514870730344	7.31366026550266	0.321271853035384	0.748016567001933	0.836510881967139	-6.585969562716
ENSMUSG00000027583	-0.0292049115120303	7.3346321666525	-0.708957474521555	0.478380853702048	0.620525328115249	-6.58597033037809
ENSMUSG00000014850	0.000677443744952377	7.27962132028536	0.0154951867088513	0.987637685347216	0.992588154239241	-6.58598362672639
ENSMUSG00000046410	-0.0276074705488893	7.35937491286405	-0.632042709703487	0.527385185657977	0.664263403994226	-6.58603677830923
ENSMUSG00000020153	0.0165641265420842	7.32221855013258	0.524523835987187	0.599935340686373	0.723476332579606	-6.58656614088258
ENSMUSG00000022856	-0.00851492058482783	7.20647875071336	-0.179541385242057	0.857519224631981	0.910957618377304	-6.58658405911698
ENSMUSG00000038930	0.0289066632032409	7.47684874091333	0.876114752510909	0.381005835940193	0.52778842494223	-6.58659726705489
ENSMUSG00000085882	0.0106152918454967	7.3045139811284	0.281748124435889	0.778147228768841	0.858980060627459	-6.58704734762175
ENSMUSG00000025576	0.0359812874552183	7.44717017873839	0.910969323304949	0.362351377406125	0.509057219980791	-6.58732758128107
ENSMUSG00000068329	0.0271299231659423	7.43164146787808	0.776477640614513	0.437500338990175	0.580967079628702	-6.58748642660228
ENSMUSG00000027162	0.00513017317304243	7.28939443019744	0.0818951111961052	0.934733095893641	0.962348262537063	-6.58754230876622
ENSMUSG00000032727	-0.025825744756367	7.35910981056249	-0.456955892313338	0.647720758329848	0.761897924222666	-6.58770414099298
ENSMUSG00000024781	0.00566990271963785	6.70152330964206	0.10433333580859	0.916908620497599	0.950900480002739	-6.58780366344692
ENSMUSG00000048170	0.0127227201234268	6.61598094681876	0.299650683251661	0.764454919626827	0.848587740186062	-6.58810914853959
ENSMUSG00000034156	0.00703883549635265	7.25941890172891	0.155456367714043	0.876467242204694	0.924187269244834	-6.58819438638699
ENSMUSG00000025533	-0.0118453367543845	7.27466468308242	-0.262048430583271	0.793293897318201	0.868959479893732	-6.58828038326257
ENSMUSG00000033813	-0.0137149483615735	7.28608238970539	-0.251743991023434	0.801248338090454	0.874672162284685	-6.58855928004416
ENSMUSG00000058318	0.010469772214071	6.65732077421929	0.22541429065097	0.821665352962444	0.887048965200323	-6.58859605502122
ENSMUSG00000055745	-0.00684649301164786	7.25647163287596	-0.233194488327721	0.81561904551258	0.883581675122109	-6.58888574299458
ENSMUSG00000075700	0.0183470748721142	7.34872695623946	0.380891366884724	0.703298539221895	0.803103748407592	-6.58905655131772
ENSMUSG00000051674	0.0271863802371861	7.36489821550694	0.65167713259281	0.51463665038417	0.652996998142038	-6.58908587221558
ENSMUSG00000026878	-0.00210470149566166	7.26351655917837	-0.0631452155507508	0.949653159186914	0.970329864412029	-6.58920399810506
ENSMUSG00000000441	0.00449087291982586	7.30218255073943	0.103304662559103	0.917724933793151	0.951445583878677	-6.58998471181217
ENSMUSG00000053519	0.002625864265422	7.27155202196813	0.117629302351567	0.906365672554556	0.943854548606765	-6.59011502782215
ENSMUSG00000095332	0.0054939488124397	7.23749204375746	0.0883997553737296	0.929562167483087	0.959289256065805	-6.59017047107476
ENSMUSG00000038646	-0.014875172737864	7.30190407436505	-0.319072105823094	0.749683927247872	0.837659979135371	-6.5902358455694
ENSMUSG00000013833	-0.0237238389387331	7.37674799593801	-0.77383770912648	0.439059960692245	0.582388349076279	-6.59034682833634
ENSMUSG00000037525	-0.00589780203240498	7.30210139209015	-0.189900839380067	0.849393828142493	0.905780239312659	-6.59106637530451
ENSMUSG00000022437	-0.0117370794888201	7.2345249835555	-0.231733097283087	0.816753926147001	0.884298908461506	-6.59109492330531
ENSMUSG00000094441	0.00275917092615252	7.25448850323226	0.0484970248177246	0.961321892754673	0.977524366597606	-6.59118304587871
ENSMUSG00000064030	-0.0256233102973207	7.37261248996816	-0.713521142782178	0.475553546779979	0.617863201133185	-6.59143133209738
ENSMUSG00000028469	-0.0233794098989097	7.33924706582159	-0.502461406413559	0.615363068436193	0.736276118805213	-6.59185558855611
ENSMUSG00000097225	-0.0101082984137086	7.327840550819	-0.410976278787916	0.681105906770717	0.786196308538373	-6.59222468467421
ENSMUSG00000037904	-0.00342492731911825	7.21370883865935	-0.0697429496984962	0.944400786304178	0.968052551003142	-6.59234434905157
ENSMUSG00000062014	0.00943625306182927	7.31993541671816	0.355265612273953	0.722404209615863	0.818163169357535	-6.59264453670655
ENSMUSG00000037152	-0.00562977535730447	7.22203990490784	-0.128785746429093	0.89753188344814	0.938012885615315	-6.59285936620855
ENSMUSG00000030091	0.0126060039932323	7.25448958764941	0.268671164582825	0.788192799429065	0.865834882541141	-6.59292136597027
ENSMUSG00000060450	0.00701827621979056	7.23927948303668	0.23869724495333	0.811349227823235	0.880691252573206	-6.59308597798182
ENSMUSG00000024614	-0.0155678118036739	7.36036019204331	-0.486908252629767	0.626342713215147	0.744852284622827	-6.59322505357247
ENSMUSG00000032182	0.0012848852928542	7.23491727062138	0.0360965034849177	0.971206717571126	0.982311367926544	-6.59346302557282
ENSMUSG00000024948	-0.0149944631401473	7.30087107672023	-0.332854210578343	0.739256995094259	0.82976273832082	-6.59371382000934
ENSMUSG00000000711	0.00348106750694477	7.27309811328013	0.0517269381167796	0.95874814703907	0.975919529899229	-6.59390216049007
ENSMUSG00000019863	0.0090426663790204	7.26218776074378	0.220456185328947	0.825524057567213	0.889845684279576	-6.59397305498141
ENSMUSG00000027006	0.0271248315288419	7.37417799773038	0.538982867907232	0.589920445872668	0.715733293586313	-6.59409973822219
ENSMUSG00000040365	0.0091770802872615	7.28190611035278	0.229129376158062	0.818776863674016	0.885317698977554	-6.59427405248485
ENSMUSG00000020805	0.0297185046479873	7.39228860815257	0.706999262008009	0.479596826631654	0.621379410984239	-6.5943824896776
ENSMUSG00000038351	-0.0198074687224539	7.24902122002385	-0.398892590788109	0.68998780270116	0.792952976910427	-6.59452021070957
ENSMUSG00000078235	-0.0244381074231823	7.3518420817781	-0.672541822197969	0.501267019171525	0.641065528474514	-6.59473537427208
ENSMUSG00000026837	0.00247755665445304	7.25822381344873	0.064620434426703	0.948478557983583	0.969964168186304	-6.59475974164442
ENSMUSG00000037351	-0.0239156712481545	7.34279440666631	-0.657450353033056	0.51091883897309	0.649601771373768	-6.59502168781776
ENSMUSG00000040167	-0.0152951450225984	7.31818732819502	-0.230696843115371	0.817558888951883	0.88443901620873	-6.59515574611389
ENSMUSG00000056158	0.0291283267536677	7.51445098248384	1.05208568946126	0.292806361844694	0.439814236951667	-6.59516016338667
ENSMUSG00000037151	0.0216043876407275	7.32693710863443	0.554108681757446	0.579526949941181	0.707072356243566	-6.5954721459999
ENSMUSG00000042293	0.00460200576915515	7.24973354402441	0.10965382000303	0.912687917976674	0.948612062170916	-6.59559572507299
ENSMUSG00000089129	-0.00438422270752437	7.28055292220675	-0.08921598575768	0.928913502890904	0.958869004166815	-6.59560150346202
ENSMUSG00000019578	0.021229183141898	7.33807040930368	0.541139866653357	0.588433052469099	0.714502459926308	-6.59604597420773
ENSMUSG00000008859	-0.00689845266370881	7.31227069930581	-0.2790568730723	0.780211649463673	0.860684639749193	-6.5960656808785
ENSMUSG00000014592	-0.0157881335158816	7.28880480703598	-0.372266778912509	0.709708543672214	0.808308330035374	-6.59611914659763
ENSMUSG00000003545	-0.0102675982012013	6.50000754540959	-0.298351307503252	0.765446295661099	0.849472145697644	-6.59617349143822
ENSMUSG00000026087	0.0231562472957565	7.40511314519244	0.779210493611524	0.435889185619137	0.579356468845252	-6.59618909358262
ENSMUSG00000043923	0.00824628034056385	7.28009241558045	0.123431665862374	0.901769783898904	0.940564851083847	-6.59619171572687
ENSMUSG00000032126	5.78565769666639e-05	7.21663349611234	0.00130228550648843	0.998960973926266	0.999560966932613	-6.59622568550797
ENSMUSG00000021012	0.00427629524113726	7.28417012529896	0.0678106810402472	0.945938800900994	0.968501664299352	-6.59638231476419
ENSMUSG00000018583	-0.00251352268626093	6.64405857778117	-0.0738704181621639	0.941116175165102	0.965826342152281	-6.59661663511188
ENSMUSG00000033854	-0.00337257297536109	7.21452610846581	-0.0816758181296334	0.934907474230267	0.962348262537063	-6.59664112133011
ENSMUSG00000073684	-0.0199069633183351	7.32983274689609	-0.477651318750936	0.632917340458382	0.749946042291713	-6.59700061976111
ENSMUSG00000020308	0.0231674692572739	7.41795182486011	0.798854581757407	0.424409160400814	0.56894990046769	-6.59732597049771
ENSMUSG00000022679	0.0294614584354598	7.41291718018911	0.706616844040298	0.479834489853828	0.621379410984239	-6.59751507171781
ENSMUSG00000066979	-0.0155418988523923	7.44310581651353	-0.826323242422834	0.408656522082775	0.554245435316242	-6.59763183623824
ENSMUSG00000083022	0.0244871192810612	7.46092959867832	0.877088503190342	0.380476797846609	0.527390390408449	-6.59782336922711
ENSMUSG00000063145	0.0154097674176432	7.30708350521561	0.391495555801635	0.695446108047416	0.797336058022311	-6.59802137300848
ENSMUSG00000086889	0.0227215273300692	7.46596124951509	0.827662421686021	0.407897541587157	0.553502758546751	-6.59829848531162
ENSMUSG00000028479	-0.021182781511806	7.3319282137985	-0.557428723941672	0.577257182586659	0.705315075541255	-6.59836718125537
ENSMUSG00000055022	-0.0171172169443787	7.29767635363297	-0.365011271925968	0.715116997753365	0.812841789771406	-6.59891717505847
ENSMUSG00000022376	-0.0154276202591284	7.26866474126411	-0.328901983655642	0.742242271554663	0.831938377271453	-6.59965307658221
ENSMUSG00000039686	-0.00282797335291551	7.20930575998766	-0.0498574430925492	0.960237797255495	0.976984581522163	-6.5999300878474
ENSMUSG00000023044	0.0250058622492375	7.38115511742736	0.541749915682902	0.588012697876166	0.71419076357684	-6.60009192827408
ENSMUSG00000018921	-0.00803928931722275	7.24331347642993	-0.169494808361934	0.865413676141617	0.916295660982293	-6.60030169172459
ENSMUSG00000038604	0.0163791555352679	7.24553752443687	0.330083203655689	0.741349639629928	0.831470014737858	-6.6003792449361
ENSMUSG00000048200	-0.00443456407523524	7.26391143909235	-0.0826371300014501	0.93414307769489	0.961993633704825	-6.60042471677516
ENSMUSG00000030446	-0.0175981279083883	7.32373100816884	-0.361978209290404	0.717382191797345	0.814399327574781	-6.60074983462879
ENSMUSG00000003778	0.0141532722417956	7.35365538109175	0.440827046437759	0.65935550188394	0.770106085586082	-6.60102503431303
ENSMUSG00000043463	-0.0191656483832148	7.32289646718478	-0.442419733223935	0.658202862974505	0.769414480031886	-6.60116899544666
ENSMUSG00000061950	0.00910506969832614	7.29094788687346	0.177564375058766	0.859071629742401	0.911940791096044	-6.60134492656524
ENSMUSG00000033436	0.00965652531240391	7.26302340482608	0.272097294534128	0.785557402105007	0.864152594249515	-6.6015098590668
ENSMUSG00000039470	0.0108719775589901	7.31332633645697	0.3130182441926	0.754278645240366	0.841214415494238	-6.60176007713811
ENSMUSG00000032485	0.0193843626646313	7.40856278313905	0.721079650824545	0.470891095406275	0.613240447732911	-6.60204216473254
ENSMUSG00000085072	-0.0199710580772958	7.33569878468271	-0.479988901959371	0.631254332599079	0.748585300940864	-6.60220808688886
ENSMUSG00000086782	0.0114785461643434	7.34488211468618	0.363733461265192	0.716071005549169	0.81371422659923	-6.60243139416523
ENSMUSG00000064065	0.011241227871043	7.28125817737285	0.34576371944159	0.729533489877935	0.822657403056152	-6.60258250964724
ENSMUSG00000062647	0.0087134269117195	7.31345058942823	0.302092109831985	0.762593245866673	0.846952050804758	-6.60258317941804
ENSMUSG00000026283	0.0192347946236007	7.39354155874964	0.597930355035623	0.54991097239883	0.682394122837139	-6.60272389068395
ENSMUSG00000028455	0.0241778913445883	7.36899405707603	0.606771027421799	0.544027871267151	0.67780861159398	-6.60287361187159
ENSMUSG00000020265	-0.00906221666190454	7.24178124941961	-0.19697306260405	0.843855880825663	0.90294408026671	-6.60288579992813
ENSMUSG00000043881	-0.0015005774549115	7.28032710430733	-0.0455428161200823	0.963676297934138	0.978702202509792	-6.60315372126831
ENSMUSG00000018326	-0.0099015330191401	7.23799351324812	-0.256254414294018	0.797763958404996	0.872614733347665	-6.60342940935676
ENSMUSG00000041794	-0.0222965207280943	7.39188015643846	-0.814804699910879	0.415219316420118	0.56061775319348	-6.60345126411441
ENSMUSG00000001773	-0.00427768950292862	6.64726245270984	-0.0728160869905284	0.941955111668228	0.966539409198247	-6.60401471016269
ENSMUSG00000079677	0.0203609493603363	7.34072290592777	0.54372730325584	0.58665113345025	0.713066255605855	-6.60403842584651
ENSMUSG00000030231	0.027421662616125	7.40390685339516	0.632496061594864	0.527089019511441	0.664098685732248	-6.60460311598723
ENSMUSG00000022240	0.0190853271601057	7.36056974462287	0.583325736126524	0.559697908761305	0.69100466798002	-6.60495537847167
ENSMUSG00000022553	0.0179798837258343	7.36554892422712	0.620623644439722	0.534872941287885	0.670304082672535	-6.60524755682486
ENSMUSG00000028568	0.0102668323400907	7.30784675123712	0.201920240138468	0.839986530935345	0.899926650000453	-6.60527172362938
ENSMUSG00000021094	0.010213706845791	7.36989457465753	0.490710574668092	0.623650702577647	0.742730373705681	-6.60531127259803
ENSMUSG00000080848	0.00795831323260199	7.2716447113567	0.230946073724255	0.817365268866797	0.884375710744141	-6.60547339279668
ENSMUSG00000022721	-0.0118760702671157	7.26503510479299	-0.220192869239866	0.825729105282293	0.889968341677434	-6.60565162580024
ENSMUSG00000029516	0.000165722809618352	7.23939614051036	0.00356194236192683	0.99715811610611	0.998454612318256	-6.60591794298251
ENSMUSG00000046532	-0.00745832820913961	7.23838745695351	-0.158045147276204	0.874427013389664	0.923076798846757	-6.60607036400991
ENSMUSG00000021470	-0.0082732267661072	7.32782353391983	-0.232345617844476	0.816278210688795	0.884068215364273	-6.60612000784926
ENSMUSG00000021594	-0.0136518747742844	7.38730804564242	-0.51761173588332	0.604749966090086	0.727244482487624	-6.60667701995835
ENSMUSG00000043421	0.0171751767844208	7.46583683688779	0.853571974560879	0.39337928786968	0.539532820105825	-6.60731677670584
ENSMUSG00000052353	0.00624586283584527	7.20653403965067	0.114104214883287	0.909159337300414	0.945936107759438	-6.60765930409203
ENSMUSG00000040794	0.0154531821731947	7.28901950010932	0.38391601466055	0.701055506103466	0.802236425290499	-6.60766295851984
ENSMUSG00000025920	0.0144374020718709	7.29410963820049	0.380703699984882	0.703437795544924	0.803138413582108	-6.60774345200023
ENSMUSG00000030663	0.0245336783836461	7.40299080577288	0.661135538138269	0.508553031790375	0.647600067328041	-6.60809154723881
ENSMUSG00000065097	-0.00975716637621638	7.21693816369098	-0.180829101043462	0.856508369221322	0.91025307004185	-6.60824687601389
ENSMUSG00000053783	-0.00614996026866255	7.29367257247595	-0.18486855217045	0.853338939657163	0.908137977401364	-6.60840391029727
ENSMUSG00000035310	0.019122240711587	7.34575655640926	0.307798111482089	0.758247589569108	0.843628575052159	-6.60844138968189
ENSMUSG00000072769	-0.0336945086370903	7.36886038501269	-0.710218382486478	0.477598772237808	0.619756479942253	-6.60860333610924
ENSMUSG00000062373	0.0239125925452282	7.47085315181332	0.807945698670292	0.419156712205701	0.563929675901453	-6.60921851504351
ENSMUSG00000007610	0.0208919296823016	7.320536860699	0.514614821584789	0.60684284125906	0.728745778551056	-6.60929486328312
ENSMUSG00000028669	-0.00990846891575892	7.26797024685689	-0.274589791433762	0.783641701982866	0.863007836672248	-6.61015543699806
ENSMUSG00000045114	-0.00924035147005586	7.29719052286133	-0.226364824892692	0.8209260780335	0.886762723895593	-6.61028534930862
ENSMUSG00000026831	-0.000624965526164978	6.61504649872355	-0.0188690995022671	0.984946213201811	0.990849533059636	-6.61043779753366
ENSMUSG00000034203	0.00879950180670264	7.25558631503623	0.196703803658984	0.844066586171065	0.903041574417879	-6.61049579440086
ENSMUSG00000034110	0.00354660849806798	7.29676389277538	0.129433181924615	0.897019616275308	0.937552356400793	-6.61060365769336
ENSMUSG00000048756	0.0139082012596887	7.30377748748242	0.380685113658876	0.70345158788161	0.803138413582108	-6.61066871447857
ENSMUSG00000040940	-0.0129051107263836	7.32448017480429	-0.341965628875067	0.732389797258105	0.825096568772318	-6.61137106247964
ENSMUSG00000032959	0.0168797685756594	7.33642233059636	0.574267887674015	0.565809972330928	0.696168194485134	-6.61151709632249
ENSMUSG00000078877	0.00645972033673559	7.30893308984795	0.195391218718154	0.845093893273402	0.903316207165717	-6.61157347707327
ENSMUSG00000005124	-0.0123245908500875	7.25401064918552	-0.291519525985796	0.770664983452885	0.85316640989051	-6.61228314736662
ENSMUSG00000037236	0.00336770156156518	7.29389448250248	0.0780860976153187	0.937762400565435	0.964170059362922	-6.61254711951883
ENSMUSG00000091041	0.0140892930263563	7.32726485669203	0.309666657060209	0.756826168050721	0.842691630559623	-6.61268025792366
ENSMUSG00000033434	-0.00502106949103087	7.27504284703758	-0.125325000435901	0.900270831652988	0.939600265306196	-6.61313230567936
ENSMUSG00000013419	0.0112684257048477	7.27277138431052	0.211255506438661	0.83269571073631	0.894785079320868	-6.61347780045982
ENSMUSG00000022948	-0.00720627649481642	7.2509116181432	-0.175363177160868	0.860800714608144	0.913030025748334	-6.61371890515328
ENSMUSG00000025868	-0.0167430568347822	7.33660410887864	-0.488148473199764	0.625464098212151	0.744213030427473	-6.61392916873111
ENSMUSG00000035431	-0.00226816387936157	7.23498872275328	-0.070811471994678	0.943550370602579	0.967511020739015	-6.61440858561305
ENSMUSG00000020590	-0.0138598184438825	7.29575343187457	-0.24007687852763	0.810279586888132	0.879981779472371	-6.61453298085501
ENSMUSG00000033430	-0.00394153109128226	7.22226117257555	-0.0629612241301763	0.949799664867106	0.970329864412029	-6.61468414284498
ENSMUSG00000062198	0.00276738753085493	7.30597258913685	0.135969655992255	0.891850234989159	0.934312497117554	-6.6147628871924
ENSMUSG00000088139	-0.0181378155023415	7.33159732461977	-0.450758842608012	0.652181099790015	0.765085569753663	-6.61476951449694
ENSMUSG00000002997	-0.0067579552105812	7.30026192039733	-0.198917164735596	0.84233487969312	0.901704680698473	-6.61501373033896
ENSMUSG00000098051	0.00588610567700343	7.27910254433201	0.141674376836664	0.887342393202399	0.931139390954062	-6.61543528653571
ENSMUSG00000028461	-0.00302881539374056	7.26443243627409	-0.0862739111768589	0.93125181095261	0.960525384778347	-6.61548130489333
ENSMUSG00000003166	-0.0230914123829216	7.29223978768946	-0.528319808983262	0.597298656875043	0.721700586461532	-6.61570750331892
ENSMUSG00000031310	-0.0101800755468213	7.26425674636475	-0.186676670065423	0.851921019933599	0.907218968030802	-6.61619611709413
ENSMUSG00000059708	-0.0112218201346925	7.30024103187014	-0.269361196250691	0.787661827274715	0.865469462247635	-6.61629433679368
ENSMUSG00000031772	-0.013784633867683	7.39514034408057	-0.689821454961236	0.490335518498826	0.631092470329005	-6.61632657837929
ENSMUSG00000042770	-0.0203355011222683	7.38003402591917	-0.71964791150019	0.471772319265888	0.614326954826836	-6.6165236273074
ENSMUSG00000014074	-0.00773638581589431	7.27789229357402	-0.127894730493672	0.898236947375659	0.938346018947131	-6.61657855377262
ENSMUSG00000092416	0.00896748992637075	7.31328192981468	0.191093525171814	0.848459359174007	0.905004882703772	-6.61663154007783
ENSMUSG00000051579	-0.00533341203666549	7.31562026867512	-0.109489652335636	0.91281811482044	0.948612062170916	-6.61664085364805
ENSMUSG00000021102	0.0196697061652067	7.32368852414144	0.433560554997298	0.664624552416784	0.773308268773599	-6.61707666318023
ENSMUSG00000029122	0.018949376191987	7.43269763716446	0.69979808441492	0.484082946406397	0.625628226490873	-6.61712331755744
ENSMUSG00000025189	-0.0235234923184962	7.42922539403573	-0.826005537051712	0.408836705108914	0.55442237613738	-6.61734061021109
ENSMUSG00000026021	0.0006611895299935	7.2780932191769	0.0247177199124539	0.980281015801369	0.9879023215204	-6.61736624728223
ENSMUSG00000022620	-0.0225634742023653	7.37633096205121	-0.60707943979107	0.543823202142055	0.67761809864317	-6.61753419843974
ENSMUSG00000003863	-0.0136652316533299	7.30029124126835	-0.395471237169221	0.692510450906263	0.795154080272303	-6.61809167782847
ENSMUSG00000086219	0.00401382197543576	7.28747653737987	0.150081583558773	0.880705741447894	0.926790416126986	-6.61815003105618
ENSMUSG00000018378	-0.018368671838636	7.43266908167072	-0.64917955973814	0.516249372911492	0.6541557094616	-6.61839640337498
ENSMUSG00000097061	0.00090505137913155	7.30653941844887	0.0397266348577393	0.96831250579544	0.981219717894906	-6.61858675905604
ENSMUSG00000085007	0.0290008441990937	7.42304783212732	0.823277958343226	0.410385566017023	0.555554526966691	-6.61861769453448
ENSMUSG00000036054	0.0111070161371067	7.27402743148461	0.203020562409859	0.8391264548525	0.899594132568697	-6.61878905836943
ENSMUSG00000036186	0.0302930552267915	7.3999925030338	0.757849213666783	0.448573658242707	0.591531661332949	-6.61926432385056
ENSMUSG00000032217	-0.020606606584221	7.36032543046951	-0.425543999916209	0.670456768919645	0.777675203215734	-6.61937260547558
ENSMUSG00000038280	-0.0266096476105595	7.38573416551464	-0.601669244904804	0.547419073602434	0.680690646338262	-6.61947483507856
ENSMUSG00000002778	0.00329921434523683	7.28905063948448	0.130179723770323	0.896428986985213	0.937191310170991	-6.61948960621566
ENSMUSG00000039199	-0.0133518447940419	7.33187138613577	-0.418270847537084	0.675765398073275	0.781962223048906	-6.61954956442871
ENSMUSG00000057411	-0.00380909214187053	7.24366860116546	-0.0813697943952631	0.935150824625459	0.962348262537063	-6.61968367155948
ENSMUSG00000000738	0.00619013571656257	7.28988171777311	0.157394998537148	0.874939320564636	0.923170985237928	-6.62023394925575
ENSMUSG00000063253	0.0156810626068582	7.39133129772359	0.56263518994721	0.57370620855775	0.702221548470275	-6.62101007259714
ENSMUSG00000078870	-0.0117785945694218	7.32897782884978	-0.316676039452262	0.751501425167179	0.838903193919569	-6.62102928948328
ENSMUSG00000047656	0.0156858649394014	7.37402037172556	0.580852420667856	0.561363671769569	0.692579468726965	-6.62147028081606
ENSMUSG00000003948	-0.00725043171712514	7.25995822659188	-0.21092811913122	0.832951159881583	0.894785079320868	-6.62177418843874
ENSMUSG00000051786	0.0276358205151173	7.32925246862711	0.568016289554858	0.570047046222108	0.699311837438141	-6.62200578749005
ENSMUSG00000023806	-0.00139929275835549	7.29335348284418	-0.0432544631416415	0.9655002572858	0.980022934057423	-6.62204546386355
ENSMUSG00000031391	0.0163012196949213	7.2970902198327	0.383870744884576	0.701089058337565	0.802236425290499	-6.62217085577235
ENSMUSG00000021248	-0.0143682932127449	7.33899644756565	-0.320710685673476	0.74844180793112	0.836612865304438	-6.62273759944459
ENSMUSG00000024896	0.0233444730551691	7.35401736472333	0.654005370074485	0.513135632573589	0.65166084990333	-6.62321479006134
ENSMUSG00000023018	0.0149121210874199	7.39329445042653	0.591755753491831	0.55403842768392	0.685972299530724	-6.62407937638596
ENSMUSG00000030782	0.00814819330285399	7.28644606487858	0.189409613623489	0.849778765006649	0.905969347839336	-6.62435054734369
ENSMUSG00000061286	0.0165671924125315	7.39302308387347	0.619732303127647	0.535459663893467	0.670771975858126	-6.62436361452179
ENSMUSG00000022292	0.0219614371600567	7.36658983785967	0.464059752420658	0.642623264477576	0.75733403353501	-6.62453900633973
ENSMUSG00000040490	-0.0153188477969204	7.25745534945256	-0.335984489675868	0.736895352565093	0.827892727690912	-6.62463297513061
ENSMUSG00000057093	0.00156330812777927	7.26156423329036	0.0405817146625558	0.967630831661034	0.981024072155819	-6.62477779614454
ENSMUSG00000037773	0.0194372440958759	7.423470120902	0.677243598687279	0.498279834973477	0.638492669029339	-6.62480543388812
ENSMUSG00000069045	0.0203403603751653	7.3602364045659	0.332111965786512	0.739817344420953	0.830035879094962	-6.62518359909917
ENSMUSG00000022587	0.0267391885315886	7.37387892234369	0.610584507991402	0.541499858525819	0.675752182615577	-6.62523255431422
ENSMUSG00000026312	0.0119136728088769	7.29320288615295	0.259035005268334	0.795617905597538	0.871067872560877	-6.62524674830407
ENSMUSG00000039057	0.0217644110262265	7.34490331903926	0.505151045202172	0.613472949972253	0.734686046563917	-6.62532294803097
ENSMUSG00000034889	-0.0242677440634091	7.49330566884569	-0.887641543897102	0.374772333161784	0.521526295254473	-6.62634434904637
ENSMUSG00000024248	0.0218177601041782	7.48991460218843	0.899721379864066	0.368307851189615	0.514993740016495	-6.62635488760572
ENSMUSG00000046191	0.011266926237397	7.3526942929894	0.3471408060843	0.728498792975843	0.821802726115118	-6.62655737401402
ENSMUSG00000048930	0.017057004485995	7.49042873245731	0.895414466457822	0.370604674283523	0.51688040862042	-6.62661363289004
ENSMUSG00000031755	0.0239600722855933	7.42642878358863	0.661979396814802	0.508012102726838	0.647415014980995	-6.62681419060648
ENSMUSG00000098183	-0.0143460533084481	7.39543652283586	-0.47394916087408	0.635554935565208	0.751697055609726	-6.62689934731824
ENSMUSG00000033849	-0.021340242150246	7.3214766317604	-0.399956040365715	0.689204394994909	0.79219598506948	-6.62720606209759
ENSMUSG00000024325	0.0106375802552563	7.30478408379903	0.312243249334523	0.754867478017386	0.841584350013082	-6.62760047618761
ENSMUSG00000078878	-0.00937637856907347	7.31113357157922	-0.207294264228202	0.835787711729923	0.897116727225396	-6.62779046680914
ENSMUSG00000029790	0.0122852832036351	7.32543641526289	0.372887473345765	0.709246535028037	0.807993007012449	-6.62814883966029
ENSMUSG00000030704	-0.000188202403828441	7.2794093255433	-0.00567161507623361	0.995474935425374	0.997379494496748	-6.62825819387998
ENSMUSG00000026204	-0.0262266011769583	7.31623299984168	-0.540781729118101	0.588679891990982	0.71473589408754	-6.62833276339065
ENSMUSG00000028063	0.0243089365242941	7.40857926802642	0.722155464269142	0.470229539349974	0.61273396406068	-6.62842386675856
ENSMUSG00000024410	-0.0158986352399237	7.30539245081789	-0.245018816916075	0.806450983599144	0.877439481278638	-6.62848078533888
ENSMUSG00000034789	-0.00479866263023165	7.26085487166158	-0.111048741275372	0.911581739364194	0.947703337707935	-6.62864111827352
ENSMUSG00000077575	0.0103230352371648	7.31931969167364	0.231561869651617	0.816886922554858	0.88432131228237	-6.6288919338263
ENSMUSG00000027438	0.0241278291498901	7.4239030385724	0.768309752381468	0.442336100302775	0.585665880376611	-6.62900411320422
ENSMUSG00000074923	-0.0176604286404807	7.38037154124437	-0.686497590234336	0.492428263647154	0.633163506940537	-6.62917788556688
ENSMUSG00000060579	0.0130157198737422	7.35288845806774	0.348545089499181	0.727444170677838	0.821504276935587	-6.63004418771588
ENSMUSG00000025318	-0.0149588014900681	7.26087870031055	-0.321776744319826	0.747634036431036	0.836171776343018	-6.63011796757465
ENSMUSG00000019808	-0.000297503504544494	7.23433347286441	-0.00742705438164512	0.994074391261418	0.996815405207911	-6.63023013396292
ENSMUSG00000025898	0.0160604993172031	7.34808063014318	0.307453730415318	0.758509653122935	0.843776733680472	-6.6302433494357
ENSMUSG00000020936	-0.00263730040636645	7.24221919729851	-0.0578594034208918	0.953862717822039	0.973232110124089	-6.63093963842158
ENSMUSG00000024835	0.0129959503320691	7.33887647648565	0.339616300207162	0.734158441932448	0.826164889271068	-6.63186711271614
ENSMUSG00000030134	0.00256318861663907	7.22959879641668	0.0497744420632536	0.960303937357938	0.976984581522163	-6.6321798619266
ENSMUSG00000042078	0.0283635043613959	7.37625660454163	0.731499367402057	0.464505290594352	0.607685273348855	-6.63308736025532
ENSMUSG00000033411	0.00634725366523536	7.31021319344468	0.102229922777533	0.918577896285844	0.951726956170803	-6.63346942837486
ENSMUSG00000027603	0.00657537932950181	7.25260516448206	0.131952731209869	0.895026496382403	0.936441052556415	-6.63367264813097
ENSMUSG00000044894	-0.00374473562076449	7.26832580568107	-0.0820623687232518	0.934600097490136	0.962311008756654	-6.63368469047391
ENSMUSG00000094251	0.0259796855403547	7.41430008868984	0.696932365665673	0.485874515552605	0.626859476668231	-6.63380683972371
ENSMUSG00000039016	-0.00677117138808203	7.25615360059216	-0.158491521439094	0.874075307905586	0.922854349282253	-6.63433443422501
ENSMUSG00000042099	0.0222324235353968	7.37947169554251	0.515310533152191	0.606356707269502	0.728380809521203	-6.63464754349817
ENSMUSG00000036845	0.00445849112072505	7.24317154198941	0.0759611802672748	0.939452739647705	0.964803519569168	-6.63475392778652
ENSMUSG00000053465	0.0148427953814316	7.35067800175843	0.443361603943884	0.657521606288333	0.769213910242771	-6.63498555977459
ENSMUSG00000041757	-0.0161411451690228	7.3005950309072	-0.387644843862959	0.698293847825634	0.799833138288557	-6.63512724529844
ENSMUSG00000066456	0.00289373846989704	7.3151374624414	0.0948856314156955	0.924409118916835	0.955697106412338	-6.63536817110521
ENSMUSG00000027708	0.0240007729289511	7.44088975122673	0.699426749746333	0.484314892434837	0.625710463418648	-6.63561690011584
ENSMUSG00000032527	0.0158378794732981	7.46713513592996	0.803238374922349	0.421871607721885	0.566534320268224	-6.63581165187306
ENSMUSG00000036537	-0.0151667160346189	7.33527324204959	-0.540612842063231	0.588796310791722	0.71474736443806	-6.63596983972596
ENSMUSG00000028879	-0.00574616506980608	7.28880523054752	-0.141960124516277	0.887116691417245	0.931067157610596	-6.63624023287331
ENSMUSG00000032468	-0.0124561274309345	7.29445535695383	-0.27459142696299	0.783640445365926	0.863007836672248	-6.63630825908886
ENSMUSG00000028758	0.0190043261991679	7.29851354378469	0.368395190364515	0.71259273206419	0.810887792106421	-6.63641362545464
ENSMUSG00000024845	0.00652320376815396	7.3344327467233	0.213632225669123	0.830841769216464	0.893199248035962	-6.63651045710838
ENSMUSG00000003233	-0.0183696720243347	7.38730464890938	-0.594025148139201	0.552519673412388	0.684415513701863	-6.63694047048354
ENSMUSG00000030629	-4.77228003044061e-05	7.31529726954187	-0.0015514675236124	0.998762164663228	0.999525627562374	-6.63713454994288
ENSMUSG00000020219	0.00482384571132499	7.27535737715914	0.121810374551472	0.903053638301191	0.941528886886931	-6.63799156928583
ENSMUSG00000026765	0.0176839180098565	7.42905283475643	0.725725284297263	0.468038012926005	0.610739924770982	-6.63839570324274
ENSMUSG00000026430	-0.00408753445959764	7.27045382108306	-0.128344759948828	0.897880827464405	0.938227775015084	-6.63845813095721
ENSMUSG00000002489	-0.0100476048959699	7.31408661019751	-0.235194682304377	0.814066371052475	0.88248380639389	-6.63881096281455
ENSMUSG00000069206	-0.00762603331886691	7.29431377832806	-0.152186279656469	0.879045585719451	0.925415311051709	-6.63908101006202
ENSMUSG00000026664	-0.019742553813578	7.35816326327449	-0.492966606284496	0.622055822442127	0.741573012876737	-6.63985280977551
ENSMUSG00000052298	0.0288065814995884	7.41126506833758	0.613127129367081	0.539817583047246	0.674295563138493	-6.64063091902467
ENSMUSG00000040097	0.0145797885256931	7.27218623945064	0.329506672242193	0.741785273185707	0.831744843828989	-6.64142302985445
ENSMUSG00000048232	-0.0145211766655153	7.32547700102146	-0.396950181213593	0.691419568437724	0.794110447406499	-6.64156754826187
ENSMUSG00000026322	-0.023099298784941	7.37858179517072	-0.572796771498025	0.566805671648253	0.697164585984492	-6.64192243503749
ENSMUSG00000032131	-0.00497873627449241	7.25645457489878	-0.120024668071089	0.904467981764463	0.942553117667783	-6.64198853935554
ENSMUSG00000051331	-0.0070354887020283	7.27285518738053	-0.134340005765074	0.893138625185351	0.93517298605826	-6.64214669285111
ENSMUSG00000090071	-0.0131178236534293	7.27441303423974	-0.235732537093041	0.813648979213075	0.882177427400214	-6.64229091383517
ENSMUSG00000033014	0.0197511286583953	7.33583421589604	0.362862365658842	0.716721616031588	0.814170880441262	-6.64242156360416
ENSMUSG00000032657	-0.0222758372310805	7.36584116524032	-0.608682987382125	0.54275967112015	0.676743772790953	-6.6426212148452
ENSMUSG00000078440	0.0080855447242838	7.27514646563498	0.196041356880593	0.844585023402957	0.903239709351673	-6.64276043005462
ENSMUSG00000041997	0.0286986172899493	7.3940190757345	0.486928334428901	0.626328482345772	0.744852284622827	-6.64371344596465
ENSMUSG00000029507	-0.0157630172041863	7.39641161763854	-0.66271097095865	0.507543394616536	0.647006633137263	-6.64374087852744
ENSMUSG00000031600	0.0193012454744617	7.38165021397463	0.407449103279919	0.68369399335897	0.788002620041873	-6.64503395697249
ENSMUSG00000058153	-0.00519244172897437	7.28078870268087	-0.176906762539492	0.859588127074022	0.912341123603818	-6.6451999234506
ENSMUSG00000014077	-0.0110402402596526	7.2956994272446	-0.33754963581162	0.735715456138239	0.827206007537086	-6.64541957715208
ENSMUSG00000031782	-0.0201434796021767	7.37507382478904	-0.642137217314548	0.520810800375126	0.658294577218482	-6.64598012241056
ENSMUSG00000024604	-0.00246512479943473	7.33607045793492	-0.0559248180997895	0.95540372695226	0.974240472185088	-6.6460116891105
ENSMUSG00000042155	0.0283917429576395	7.39914809482273	0.660698770587702	0.508833126473652	0.647893726103196	-6.64604984406712
ENSMUSG00000018451	0.0221750876252065	7.33251925654205	0.551815353734918	0.581097239740105	0.708552208501207	-6.64612747409787
ENSMUSG00000047694	-0.00922325831458348	7.32719636226692	-0.195043301274356	0.84536623843065	0.903316207165717	-6.64618872545076
ENSMUSG00000090000	0.0161670403710339	7.47989999339442	0.864269031535206	0.387477730727438	0.534332763217189	-6.64721916475675
ENSMUSG00000040690	0.0133661896306307	7.32786421365018	0.332669445105422	0.739396468770972	0.829824756583171	-6.64725453282796
ENSMUSG00000026344	0.0120072404208384	7.32827900392827	0.287682162666525	0.773600861596583	0.855941741112612	-6.64795448346496
ENSMUSG00000089979	-0.0197575976610809	7.38504198496585	-0.681756149962075	0.495421803017527	0.635791397013878	-6.64800744609396
ENSMUSG00000079657	-0.020041636949335	7.35048911585486	-0.517408216195467	0.604891990181584	0.727270266824988	-6.64801921365209
ENSMUSG00000023046	-0.0197718005422534	7.28259489103223	-0.433886878826848	0.664387571428026	0.773101243012684	-6.64809960608492
ENSMUSG00000054423	0.0221019481748064	7.43351629314	0.796688612224128	0.425666216018238	0.569671220047419	-6.64816394866421
ENSMUSG00000021062	-0.00216617285688958	7.23200807073008	-0.0457312401854863	0.963526120600954	0.978625598984305	-6.64836904934912
ENSMUSG00000050192	0.0222355759527595	7.39678382654657	0.568897725298729	0.569448730183692	0.698849367480534	-6.64855153249016
ENSMUSG00000022098	-0.0192046445869538	7.36846820786987	-0.509806978710485	0.610207109276022	0.731779012058412	-6.64886531753125
ENSMUSG00000021929	-0.0172157336692855	7.34901024437769	-0.429837066736593	0.667330971763692	0.77546339920957	-6.64923145207953
ENSMUSG00000078490	0.003517708361227	7.31461951878217	0.107683899978145	0.914250360859279	0.949324058234245	-6.64953929891999
ENSMUSG00000023755	0.0151848051432566	7.33513405509276	0.362387954450961	0.717076034419844	0.814290870207702	-6.64966831285395
ENSMUSG00000019775	0.0191076779645813	7.39510353472143	0.555937723034997	0.578275996380973	0.706098614495402	-6.6500340306581
ENSMUSG00000031791	-0.0292178741055951	7.49145960722174	-1.01898018223244	0.308257101931031	0.455754034836935	-6.65017122851368
ENSMUSG00000052026	-0.0250650486004167	7.46056536164055	-0.899258884517202	0.368554068575324	0.515227962177057	-6.6507558399526
ENSMUSG00000022674	0.0151340099378157	7.37688419942904	0.461424037573555	0.64451261875225	0.758809280998602	-6.6508179972475
ENSMUSG00000029625	-0.017665491809149	7.38843066513875	-0.571644252376193	0.567586320642287	0.697788448831784	-6.65101210689021
ENSMUSG00000067629	0.0163457169050014	7.33558445144451	0.461541038134256	0.644428700621961	0.758797420218592	-6.6510222678184
ENSMUSG00000028397	0.0120488000877543	7.35962526800628	0.286091465959288	0.774818820112362	0.856857419834283	-6.65158243438434
ENSMUSG00000020620	-0.00426862061307798	7.32838220746129	-0.105467389386632	0.916008783234637	0.950494332258689	-6.65228594077754
ENSMUSG00000039530	-0.0266533484773355	7.39226392029615	-0.73118972519381	0.464694359736742	0.607830808040107	-6.65236406076116
ENSMUSG00000017740	0.0120704173857478	7.24940808956674	0.237849467576543	0.812006691311885	0.880980492471633	-6.65240287402412
ENSMUSG00000038545	-0.0275782219461771	7.44590185451847	-0.696136765295561	0.486372538795752	0.627410511174892	-6.65242346080371
ENSMUSG00000099471	0.0170381583740662	7.39640755174731	0.563630884174642	0.573028294953368	0.701719805212748	-6.65269093444463
ENSMUSG00000091509	0.0212985197475204	7.50879695561955	0.854084844304448	0.393095101094348	0.53948269543606	-6.65280266333022
ENSMUSG00000044320	0.00127109163461281	7.31942886207155	0.0469966056845235	0.962517635574254	0.978132491262759	-6.65312687888497
ENSMUSG00000025227	-0.0150265397569038	7.33464613461191	-0.467056040524238	0.64047824719805	0.755758559019096	-6.653326895592
ENSMUSG00000040731	0.0259539649252369	7.44789437410414	0.825048367338719	0.409379838995394	0.554746123647114	-6.6533428605049
ENSMUSG00000030350	-0.00841179973124007	7.27171600517743	-0.228181786628293	0.819513385129885	0.88582143643663	-6.65337112990263
ENSMUSG00000028126	-0.00955439615741493	7.2471009097347	-0.186492530005219	0.852065400110848	0.907298919743898	-6.65352164138527
ENSMUSG00000066798	-0.000238688022194289	7.3322620214443	-0.00878472120207798	0.992991214678461	0.996704090455121	-6.6535609573938
ENSMUSG00000078348	0.00970037814427371	7.31623809217172	0.329061130982103	0.742121985833688	0.83190864273779	-6.65399680827892
ENSMUSG00000034579	-0.0288364431998032	7.53958736368104	-1.08217251559571	0.279223223518249	0.42561304485981	-6.65401363935422
ENSMUSG00000024957	0.0208871627622882	7.3706733845231	0.574451794166781	0.565685557534129	0.696168194485134	-6.65404859613089
ENSMUSG00000029659	0.00379723890102035	7.27833839310819	0.0990489036052311	0.921103043716222	0.953147935710326	-6.65418677599481
ENSMUSG00000056296	-0.0158471640124969	7.3618453266166	-0.55059585834508	0.581933064099969	0.709439209907514	-6.65472094361518
ENSMUSG00000039546	-0.0211003383025927	7.31534116251281	-0.439603876306778	0.660241268735542	0.770562465013297	-6.65488653657754
ENSMUSG00000021134	0.00438456668702614	7.3383823616181	0.117816481572582	0.906217363358631	0.943850256252283	-6.65533076574379
ENSMUSG00000032745	0.00767335734296104	7.33986343327271	0.237998110652139	0.811891406879768	0.880928418603508	-6.65549804439695
ENSMUSG00000100891	0.0243626568112107	7.35405858075487	0.451542178614669	0.651616599995048	0.764834546094241	-6.65608009089506
ENSMUSG00000061298	-0.0290849767729098	7.53906389325663	-1.09639866604674	0.272952251395258	0.418539573116271	-6.65627697496184
ENSMUSG00000047379	0.0170333384766028	7.37969738942098	0.608258685569279	0.543040982609308	0.676965582205395	-6.65648067636432
ENSMUSG00000002031	0.0162864406420802	7.37990197793822	0.52268390677128	0.601215248834901	0.72431306135516	-6.65689196311045
ENSMUSG00000036356	0.0013683138810956	7.33201223620657	0.0370987593449953	0.970407604837947	0.981981585180972	-6.65720520750133
ENSMUSG00000047843	0.0074781666946917	7.32112861295241	0.213140049801623	0.831225610262908	0.893465163346633	-6.65747531736932
ENSMUSG00000020527	-0.0188982825039119	7.35743169448638	-0.480307860162928	0.631027563204852	0.748441992403218	-6.65753604346893
ENSMUSG00000100937	0.023836959286812	7.46782571426345	0.824980712193418	0.409418245293844	0.554746123647114	-6.65762537105438
ENSMUSG00000090818	0.0200349494338559	7.30639168387367	0.459785741063292	0.645688155147804	0.759919932326056	-6.65791125390364
ENSMUSG00000027646	-0.0256868934126357	7.37920118700455	-0.679054819051712	0.497131642706131	0.637395697415402	-6.65851807142317
ENSMUSG00000029047	-0.019800810251839	7.39581934687446	-0.664022104996522	0.50670394014088	0.646188192511631	-6.65852891510857
ENSMUSG00000026824	-0.0229177815408041	7.43158955900797	-0.708736169711125	0.478518190766764	0.620580500596184	-6.65914621285842
ENSMUSG00000007944	-0.0221881900993122	7.365601306199	-0.607656449330874	0.543440389044225	0.677270021262921	-6.65915667195459
ENSMUSG00000022179	0.00808943253904459	7.36130677586109	0.354727958969039	0.722806975372019	0.818450918447994	-6.65917469315762
ENSMUSG00000063260	0.0129311988820033	7.31659945773582	0.265381091175373	0.790725826428827	0.867089582009063	-6.65928755060544
ENSMUSG00000029408	0.00848266158608979	7.31789735944271	0.245175410020118	0.806329743551003	0.877439481278638	-6.65932118042714
ENSMUSG00000036815	-0.0390028620812597	7.47929939186035	-0.929638328621591	0.352599089774776	0.500101754726032	-6.65933657364572
ENSMUSG00000031604	-0.0026695951517377	7.29988149768627	-0.0775490580395502	0.938189581103268	0.964338383905471	-6.6599503880684
ENSMUSG00000020458	0.0182455888811237	7.43780918959834	0.652442164917729	0.514143181356642	0.652497337177313	-6.66019508715431
ENSMUSG00000024259	0.0191131452285882	7.42402874888019	0.628806497666748	0.529501804786226	0.666176977538081	-6.66061849022059
ENSMUSG00000024851	-0.00832834411286054	7.28941579355684	-0.191597162855795	0.848064823082008	0.904952698980329	-6.66076057857635
ENSMUSG00000029228	-0.0161411720023894	7.32585857073258	-0.462909023648936	0.643447855633324	0.758032873747096	-6.66077929965685
ENSMUSG00000020664	-0.00413337579137707	7.31167598229934	-0.130634175064246	0.896069474284201	0.937008111607729	-6.66087450938468
ENSMUSG00000022843	-0.00750882932966412	7.29310878722719	-0.188987801091154	0.850109336513011	0.906174192609375	-6.66103417611635
ENSMUSG00000025586	-0.0144453123049137	7.33095362196564	-0.38850379758727	0.697658250748134	0.79938227015531	-6.6613021729918
ENSMUSG00000040187	-0.0226123752017555	7.39627113835193	-0.62618468047787	0.531219746212802	0.667613798237199	-6.66148071847757
ENSMUSG00000015377	-0.00186970763584959	7.29715928747062	-0.039088474006044	0.968821266115455	0.981415043019463	-6.66148659125183
ENSMUSG00000000759	-0.00163255837644716	7.31714665215604	-0.042286499193195	0.966271839529308	0.980142655624556	-6.66163992396433
ENSMUSG00000045994	0.0131403278771369	7.32482712836582	0.355719908578015	0.722063948052845	0.817968435399139	-6.66184488910514
ENSMUSG00000039989	0.0119877041848397	7.38007590321296	0.349875037423094	0.726445850479582	0.820943381482839	-6.66188730111484
ENSMUSG00000056145	0.00924634909805544	7.34329234653371	0.250866495929733	0.801926680310299	0.875103064669928	-6.66204334554767
ENSMUSG00000038252	0.0054067307144301	7.34275165262767	0.101691896768134	0.919004933527594	0.951868084631588	-6.66216370583083
ENSMUSG00000026930	0.0101080908551401	7.32433824896129	0.344619705862358	0.730393438336362	0.823343455717208	-6.6630725578932
ENSMUSG00000001289	-0.0123678510786487	7.37333202020795	-0.399951028058002	0.689208086613304	0.79219598506948	-6.66320042234181
ENSMUSG00000055943	0.00235370446525973	7.2757435475221	0.042603465431607	0.966019176273912	0.980142655624556	-6.66337450646627
ENSMUSG00000093734	-0.00147241874492465	7.30731039021056	-0.036165090638223	0.971152031135638	0.982311367926544	-6.66360325444712
ENSMUSG00000015943	0.019236502080699	7.49005157125	0.839909844308584	0.400995369908689	0.54737112280278	-6.66393738920362
ENSMUSG00000000568	0.00656294203812458	7.34099589244379	0.127382492889771	0.898642319142949	0.938424283498404	-6.66443486662897
ENSMUSG00000029162	-0.0187648489275638	7.42243370598691	-0.567325656472897	0.570516055368312	0.699669619515973	-6.66444137706058
ENSMUSG00000005262	-0.0255936333127735	7.40714504985816	-0.674295549375071	0.500151713646769	0.640076855822434	-6.66453760612309
ENSMUSG00000030979	-0.0241860529613804	7.37201546497379	-0.661264277274467	0.50847048809506	0.647557940675148	-6.66502843307717
ENSMUSG00000097156	-0.00324589458614266	7.32954550176661	-0.0922696649147601	0.926487142939494	0.957013427706287	-6.66509192094326
ENSMUSG00000025875	0.0166749087615017	7.33150450080937	0.409474109747623	0.68220767565171	0.786982367577072	-6.66514398250866
ENSMUSG00000054976	-0.0334379421126458	7.45607891141719	-0.815347755910013	0.414908512929469	0.560286977954885	-6.66516990482721
ENSMUSG00000019478	-0.0289175755224278	7.38488736322191	-0.657498498152774	0.510887893831375	0.649601771373768	-6.66541578252314
ENSMUSG00000034007	-0.0193508048447306	7.35268126340176	-0.402067946618204	0.687649612933347	0.791242036507974	-6.6657149795681
ENSMUSG00000040536	0.0177517299575944	7.33784843209898	0.409862571410273	0.681922692590632	0.78672293720449	-6.66573809072741
ENSMUSG00000039059	0.0233132981401578	7.33915998216386	0.493394557044304	0.62175348658843	0.741347599855712	-6.66586029543571
ENSMUSG00000028843	-0.000294383476528992	7.30358832991683	-0.00701866798333941	0.994400213180339	0.996989400440879	-6.66627094654725
ENSMUSG00000086606	0.024620643119321	7.47299934224806	0.828013870701166	0.407698496956992	0.553350459919459	-6.6665270075522
ENSMUSG00000000197	-0.00120796137353718	7.277422262786	-0.0281629470144242	0.977533209161494	0.986231927691729	-6.66728121701575
ENSMUSG00000006589	-0.00205551449882435	7.26200039217037	-0.0421925695108414	0.966346714336235	0.980142655624556	-6.66784773681576
ENSMUSG00000026753	0.0178650974043704	7.44752738885253	0.649732449508708	0.515892137426637	0.653956222229815	-6.66810711773525
ENSMUSG00000000276	0.0214940244602593	7.435064106574	0.726025872413282	0.467853739375047	0.610682069381666	-6.66822615203302
ENSMUSG00000031242	0.0151927365625077	7.34574052670306	0.361650565105125	0.717627036851214	0.814422084470882	-6.66831032490359
ENSMUSG00000025008	-0.00501649861755027	7.3108542496567	-0.117497195371352	0.906470347891686	0.943888474874569	-6.66834449789408
ENSMUSG00000016984	7.71657689266902e-05	7.33701560855044	0.0013916221927056	0.99888969686156	0.999560966932613	-6.66850627967226
ENSMUSG00000019795	-0.00635929953339698	7.26607992226436	-0.175281544410024	0.860864851652722	0.913030025748334	-6.66870255764429
ENSMUSG00000022789	-0.023717462299313	7.42913734829486	-0.698961236527064	0.484605750135881	0.625798693828006	-6.66897424514395
ENSMUSG00000021486	-0.0118207311086165	7.283672381402	-0.304328037537957	0.760889476299017	0.84568268827853	-6.66959816534948
ENSMUSG00000027134	-0.0104010541989084	7.29457589929456	-0.227541329044174	0.820011276108117	0.886140126026205	-6.66972983658734
ENSMUSG00000060376	-0.000282750652083941	7.33192904333219	-0.0126648058763675	0.989895675453836	0.994271491606463	-6.66973408821304
ENSMUSG00000038807	0.0327922272042143	7.54244498856427	1.07919137302791	0.280549650935988	0.426740563501098	-6.67037133871725
ENSMUSG00000022475	0.0125422726061233	7.36841583616068	0.356723602840351	0.721312390166964	0.817399966421353	-6.67141186409868
ENSMUSG00000035759	0.0191629923768923	7.45092550796444	0.6822388010854	0.495116634328619	0.635559072127687	-6.67148786091279
ENSMUSG00000024498	0.0167098218998927	7.37067352070365	0.376205657484741	0.706778490419322	0.805810536620602	-6.67159360793623
ENSMUSG00000026211	-0.00786554039383613	7.31459795457274	-0.174247556331396	0.861677312493139	0.913595673401375	-6.671984739182
ENSMUSG00000020993	-0.000652308075090424	7.30261747282473	-0.0142623021834074	0.988621231299832	0.993325338463346	-6.67208349687212
ENSMUSG00000048661	-0.00380168226409872	7.30844711886242	-0.0897854116967386	0.928461003647586	0.958704271610868	-6.67232638733714
ENSMUSG00000050064	-0.0232274967988682	7.47046829267297	-0.840481580739506	0.40067488489072	0.547104254587955	-6.67237574208436
ENSMUSG00000001119	0.00266384286032384	7.30896523090796	0.0524228714856648	0.958193650234252	0.975859297461442	-6.67257131570647
ENSMUSG00000036599	0.00344798894054588	7.32134231426836	0.13075460683998	0.895974205266593	0.936983328967988	-6.67268227022969
ENSMUSG00000006050	-0.00388778676388757	7.2877196091236	-0.0846554337522179	0.932538402176783	0.961019581336464	-6.67283392533133
ENSMUSG00000026399	0.0295661694877491	7.39195247454708	0.574776371337518	0.565466009525788	0.69603995832189	-6.67314343566757
ENSMUSG00000069565	-0.014407383499174	7.41583425001292	-0.430106258824786	0.667135163593849	0.775402482401515	-6.67318404969803
ENSMUSG00000023473	0.000271181955287858	7.28747966087013	0.00588447149143129	0.995305111117371	0.997285666213731	-6.67362734486541
ENSMUSG00000060098	-0.0163371416503066	7.33484187844832	-0.418369509899529	0.675693276266157	0.781947880568949	-6.67393146943152
ENSMUSG00000051113	-0.0210122344820167	7.54299714262495	-1.0034167160958	0.315703893549975	0.463726621155196	-6.67432378106387
ENSMUSG00000015790	0.0094721913607696	7.33346993091194	0.283758324049425	0.776606253506556	0.858002453241168	-6.6748778018569
ENSMUSG00000039201	-0.0166747868782604	7.30484235271421	-0.334410007739387	0.738082913139697	0.828800197171705	-6.67520598010842
ENSMUSG00000056486	-0.0081085667707681	7.27664211274714	-0.216282387365765	0.828775641377135	0.892223558663715	-6.675239800875
ENSMUSG00000048076	-0.0270080421964831	7.41889451682489	-0.770148300203641	0.44124493651979	0.584575866111828	-6.67537056652418
ENSMUSG00000097767	-0.0160248908302156	7.33878025252437	-0.371154366899736	0.710536825211492	0.808970181378281	-6.67580780490143
ENSMUSG00000038319	0.0101954835911515	7.32142590316054	0.293371219530589	0.769249467308371	0.852006382033926	-6.67595742708377
ENSMUSG00000097080	0.0102797688963117	7.36578079187226	0.394892929803585	0.692937189347562	0.795434781493931	-6.67638731488066
ENSMUSG00000003099	0.018551237296264	7.34178417158874	0.452474806451206	0.650944775586268	0.764762356993579	-6.67666003633289
ENSMUSG00000046861	0.0081868347540075	7.29663273576235	0.165475596605368	0.868575725282493	0.918751991225532	-6.67694822865679
ENSMUSG00000000581	-0.00134412761701785	7.32609064332096	-0.0279200967565641	0.97772689066591	0.986315337694414	-6.67727303065182
ENSMUSG00000021913	-0.0151579319216948	7.28467139990849	-0.294062087759666	0.768721533901146	0.851735132179571	-6.67737432587717
ENSMUSG00000096146	0.0231473876716786	7.44753677718331	0.785717773303284	0.432066625039006	0.575357534244409	-6.67829032829204
ENSMUSG00000098661	-0.0194981814612376	7.35472725019765	-0.45871221468473	0.646458929383568	0.760621937942812	-6.67859759294051
ENSMUSG00000025792	0.00849386611453529	7.36389631385514	0.31432049509028	0.753289530832235	0.840256904398554	-6.67861296246058
ENSMUSG00000028293	0.0176657287890931	7.54967981285813	1.00278302060931	0.316009586690997	0.463932047100643	-6.67863950190859
ENSMUSG00000017478	-0.0147516206985907	7.39939467511349	-0.415754060490366	0.677606164603771	0.783330676114134	-6.67966657049639
ENSMUSG00000032328	0.0174613301536626	7.41083866761199	0.537329972840446	0.591061397764804	0.716365100864359	-6.67971453481242
ENSMUSG00000033910	-0.0347217402823032	7.47122257032907	-0.915126552749261	0.360165232558219	0.507019701575506	-6.67979985000721
ENSMUSG00000029623	0.00283128765485419	7.31426410240727	0.0614867357558518	0.950973807255472	0.970771858447457	-6.67980088337605
ENSMUSG00000031229	0.0228408220522605	7.40001684840798	0.499498279590438	0.617448337240033	0.73796180675064	-6.6801766283372
ENSMUSG00000006675	-0.0274356483848246	7.37760543398232	-0.681061650205331	0.495861094736581	0.636140465682638	-6.68021389719177
ENSMUSG00000002068	0.027691779120345	7.48979143302703	0.874892607423192	0.381670465546609	0.528226192410219	-6.68022747464802
ENSMUSG00000024758	0.0126144949593909	7.34674623611108	0.413314581266333	0.679392228153207	0.784702518833859	-6.6810106429158
ENSMUSG00000002968	-0.00193603668044151	7.31688849664031	-0.0530644902833733	0.957682447411941	0.975559070088184	-6.6810561921911
ENSMUSG00000000134	0.0152654362995603	7.35864318890337	0.357551151513809	0.720692930990688	0.816910117102172	-6.68121299562058
ENSMUSG00000027498	0.00324645301802207	7.31647786258267	0.132618912137564	0.89449961616963	0.936039403316505	-6.68164637040943
ENSMUSG00000054814	0.00652510830448172	7.33285258046601	0.154097055890301	0.877538851688539	0.924944742476963	-6.68166168120015
ENSMUSG00000056367	0.0285677423666053	7.38324461577898	0.666252199417774	0.505277799240589	0.645060648235767	-6.68212341883282
ENSMUSG00000070822	-0.025820443909681	7.53784154848462	-1.02249698608339	0.306590616324109	0.453755085162295	-6.68217542374281
ENSMUSG00000044339	0.00210410588709653	7.31744158244248	0.0695198867834366	0.944578325683686	0.968092957558386	-6.68251477234382
ENSMUSG00000094626	0.0367840880400596	7.47697797767435	0.919265707754299	0.357996839753619	0.504835698627141	-6.68348827390935
ENSMUSG00000031197	0.00642980939506366	7.37052185765218	0.226943450814031	0.820476131448702	0.8864961222189	-6.68361324688686
ENSMUSG00000045589	-0.00089499521863079	7.28934998168363	-0.0183136404829522	0.985389308672729	0.991219118643362	-6.68370730972729
ENSMUSG00000030303	-0.0182036680441033	7.38241646716381	-0.526630968612024	0.598471075072478	0.722361897995085	-6.68409308238214
ENSMUSG00000065599	0.00100465127463423	7.31556756225143	0.0299889091789969	0.976076984223746	0.985378719418319	-6.68421748938309
ENSMUSG00000028759	0.0134576997491918	7.33208651492345	0.271889009473772	0.785717546248802	0.8642034878173	-6.68427924555274
ENSMUSG00000057614	-0.00155213573745172	7.32580444425263	-0.0337191421566768	0.973102335463607	0.983317055872919	-6.6843101280335
ENSMUSG00000005045	0.0213277556298639	7.46508288393193	0.831613952615352	0.405662912064006	0.551613922386993	-6.68449575650416
ENSMUSG00000050022	0.019716087465345	7.30116606545658	0.394405408574699	0.693297011576809	0.795774362565279	-6.68496767513835
ENSMUSG00000020516	0.00713579878375192	7.35452281875772	0.20216089175262	0.839798407227885	0.899872380702854	-6.68503335657271
ENSMUSG00000022525	-0.0200546003641762	7.34893654467663	-0.477538025034481	0.632997987355095	0.749973724022888	-6.68531103381893
ENSMUSG00000036057	0.0104345388437022	7.34609716369915	0.321960814349561	0.74749459134158	0.836171776343018	-6.68618635721945
ENSMUSG00000031382	0.0238207346839241	7.47366573596464	0.784906217934738	0.432542292848128	0.575784819315475	-6.68630619941526
ENSMUSG00000030032	-0.0161584278168991	7.37424929014741	-0.440151135807409	0.65984490813348	0.770467084710612	-6.68636999921617
ENSMUSG00000020918	0.0160324271437329	7.33439149750026	0.374915752303287	0.707737549236037	0.806624879829216	-6.68637102990886
ENSMUSG00000039048	0.00646553431285746	7.32244636830787	0.164592716713568	0.869270600196811	0.919115708106659	-6.68641068016852
ENSMUSG00000023764	0.000178339357093549	7.33139700203392	0.00486157046910385	0.996121219211737	0.997874282800525	-6.68668095256802
ENSMUSG00000029153	0.000935719425675607	7.27796371217534	0.0213639241909834	0.982956124691174	0.989381499566916	-6.68693209192506
ENSMUSG00000104033	-0.0130818850646088	7.37435328284542	-0.304270175516673	0.760933552392383	0.84568268827853	-6.68715009870001
ENSMUSG00000039375	0.00783596618534776	7.34140174910617	0.174412757515722	0.861547495060544	0.913532016306199	-6.68724738540129
ENSMUSG00000028430	-0.0107809608783178	7.31009782155665	-0.30901541772141	0.757321479269004	0.842884706842626	-6.68816903761204
ENSMUSG00000038880	0.0156816589217144	7.3528081971997	0.437132742504351	0.662032209431487	0.771526231607355	-6.68829717866762
ENSMUSG00000026479	0.0214772738471849	7.35174622226117	0.464855473424401	0.642053322822351	0.757003071180675	-6.68864257255905
ENSMUSG00000028847	0.0219569630551488	7.38237116692774	0.478695893952093	0.632173976736101	0.749336505516436	-6.68899362405184
ENSMUSG00000029436	-0.0220766182377305	7.33734446191531	-0.544535992781269	0.586094717666969	0.71278229480477	-6.68901906084558
ENSMUSG00000028528	0.0131673334993563	7.33198795873499	0.360469082915624	0.718510186888833	0.815212355208302	-6.6894635581987
ENSMUSG00000030592	0.00371315653301441	7.29820471082722	0.083156497504856	0.933730122770499	0.961793451401367	-6.68995087880407
ENSMUSG00000026915	0.00369320325382461	7.33590709609789	0.147007847392014	0.883131203322142	0.928469197102528	-6.6901380717465
ENSMUSG00000036270	0.0132448720183085	7.33764169780429	0.265919850682525	0.790310883370959	0.866862165937342	-6.69029262526909
ENSMUSG00000000983	0.00199899526791469	7.29823022415503	0.0667709641772418	0.946766460959418	0.968894434994192	-6.69164175691758
ENSMUSG00000029869	0.0221060648044187	7.4384582615327	0.756198985953946	0.449562220841827	0.592477209106221	-6.69166132379643
ENSMUSG00000030086	-0.0176950494213592	7.39533218715474	-0.671538857507702	0.501905459374266	0.641693972082802	-6.69235837622483
ENSMUSG00000026959	-0.0126049965729189	7.31023559187957	-0.247962868927895	0.804172373610521	0.876256738685721	-6.69236402560645
ENSMUSG00000049092	0.0252022531067979	7.38494728600298	0.520101476447219	0.603013739055879	0.72581188486895	-6.69251877345382
ENSMUSG00000020079	-0.0123535554404643	7.34440373657126	-0.286222961417143	0.774718116114862	0.856857419834283	-6.69258655542892
ENSMUSG00000020273	-0.0219475534706453	7.40562417753367	-0.554854936254179	0.579016403646214	0.706739022611992	-6.6929436592845
ENSMUSG00000025409	-0.0158956836309798	7.41683435456383	-0.534063719923169	0.593318989287247	0.718369759340482	-6.69343872203538
ENSMUSG00000030145	0.00113082229861838	7.34142911467982	0.0268653265359733	0.978568121597439	0.98678378248122	-6.6936143305707
ENSMUSG00000022523	0.0259240299331811	7.47532716643136	0.760670165639242	0.446886639872641	0.59036018686965	-6.69363341441061
ENSMUSG00000097535	-0.00804556826852831	7.31771913231497	-0.178568804656153	0.858282854312196	0.911307617255469	-6.69376711215234
ENSMUSG00000020176	-0.021226041257882	7.39503709927187	-0.583567414512809	0.559535268534032	0.690946722905625	-6.69399143701017
ENSMUSG00000042606	-0.00233445040645286	7.33901036214665	-0.0464826204331963	0.962927270096593	0.978262633838136	-6.69413122727351
ENSMUSG00000002844	0.0149274399052288	7.3618928421956	0.455289744558716	0.648918737964168	0.762830575327906	-6.69414035745445
ENSMUSG00000063873	0.0136237610251415	7.32720424140442	0.326634996035572	0.743956374178026	0.83318022675267	-6.69430974664224
ENSMUSG00000035576	-0.0163940585932476	7.33303114835917	-0.348442102972821	0.72752149644285	0.821509440480375	-6.69433915762391
ENSMUSG00000024480	-0.00695987776638596	7.36848901270973	-0.285994593037605	0.774893011338255	0.856857419834283	-6.69470271754975
ENSMUSG00000022306	-0.00394763439897172	7.34249027198185	-0.102462375386428	0.918393403318815	0.951611114859511	-6.69533982695632
ENSMUSG00000046523	-0.00978245858864568	7.32754580672134	-0.231183486723553	0.817180839908126	0.884322330639542	-6.69572346666911
ENSMUSG00000001729	0.0214972090370109	7.43384092399216	0.655654994434043	0.512073499755104	0.650739100052959	-6.69590711903973
ENSMUSG00000061576	-0.011181608177834	7.29375682991445	-0.257237688587517	0.797004894236754	0.872079869953654	-6.69595143504526
ENSMUSG00000036957	0.0140280041833094	7.35397029209681	0.500366600989981	0.61683694475214	0.737398817558217	-6.69598369453708
ENSMUSG00000021590	-0.00527974962760958	7.35783916304611	-0.270797880887463	0.786556630411406	0.864545328297047	-6.69616511734289
ENSMUSG00000039183	-0.00825892611295664	7.32997839620667	-0.268294024660768	0.788483046285619	0.866008392782829	-6.69698591374992
ENSMUSG00000022386	-0.0024704614476283	7.32402666056831	-0.0662822403547728	0.94715552639002	0.969023629610496	-6.69772344864111
ENSMUSG00000031642	0.0081853128313476	7.34208361870983	0.266072582112103	0.7901932631324	0.866862165937342	-6.69819569008828
ENSMUSG00000026790	-0.00797125615924532	7.34417157311667	-0.162220047829782	0.871138519759754	0.920213634131211	-6.69848918788452
ENSMUSG00000021918	-0.00788473905426734	7.37603779976673	-0.255404863873593	0.798419945033729	0.87293278327861	-6.69893941819373
ENSMUSG00000004642	-0.00606658820713157	7.2989959950386	-0.148533275053959	0.881927361491957	0.92774966118022	-6.6991123110995
ENSMUSG00000061028	0.0150297723470381	7.40244932539548	0.438686087591807	0.660906204538327	0.770900216483943	-6.69916133572059
ENSMUSG00000089889	-0.0199176636729979	7.59821321240148	-1.11749498930962	0.263831451120369	0.407657424532972	-6.69927029784662
ENSMUSG00000030105	0.00991737839307927	7.34491832153957	0.282917396371108	0.777250783757813	0.858603113937743	-6.69943647949677
ENSMUSG00000041769	0.0207213682491956	7.43058613694999	0.622231747591817	0.533815233524226	0.669181084173155	-6.6994495975091
ENSMUSG00000020366	0.0206079277075304	7.43065306650519	0.703067385775659	0.482043452326704	0.623191967620433	-6.69953045204186
ENSMUSG00000070808	0.00166038401836488	7.35332932072823	0.0772264362237459	0.938446214629023	0.96436066557914	-6.7012949382461
ENSMUSG00000022634	0.00218443103943766	7.3351511249952	0.0616570845789622	0.950838152156489	0.970771858447457	-6.70160481432797
ENSMUSG00000039824	0.0189481422086084	7.30744045760933	0.383689104469641	0.701223689159897	0.802273926285184	-6.70196976472065
ENSMUSG00000086826	0.00254467023789218	7.36266219870938	0.0673758358171915	0.946284949652321	0.968780306603706	-6.70223715776924
ENSMUSG00000069049	-0.00179187763318023	7.35566295234137	-0.0804854796873159	0.935854066592523	0.962747911453576	-6.70248467293916
ENSMUSG00000056069	0.000571118684125516	7.29555184667034	0.0127377708193901	0.989837465189416	0.994271491606463	-6.70280437256602
ENSMUSG00000031380	-0.027044750718745	7.51376334948062	-0.955803220360324	0.339213582186268	0.486896636112556	-6.70394378887038
ENSMUSG00000026697	0.00108075510070549	7.3538888007155	0.0230519393815571	0.981609676814181	0.988708561998097	-6.70538107028489
ENSMUSG00000038020	-0.0287496331622821	7.49456316870733	-0.941901509371032	0.346284350170466	0.494012717928707	-6.70542396943919
ENSMUSG00000095762	-0.00892809215339518	7.35158801371625	-0.294353415599936	0.768498945150335	0.851632655316421	-6.70555586746909
ENSMUSG00000030051	0.0134481057226132	7.41416018905108	0.515122880390247	0.606487813972353	0.728453069773031	-6.70585857814364
ENSMUSG00000044949	-0.0317048646471569	7.430724535335	-0.797107328343623	0.425423037953729	0.569550916544659	-6.70591852999249
ENSMUSG00000023795	-0.00512452052080725	7.36383547383483	-0.165354167655626	0.868671290518341	0.918778844358226	-6.70609802593242
ENSMUSG00000024245	0.000778582797332561	7.30708158247977	0.0216850982478795	0.98269993585915	0.989339314947628	-6.70618434629859
ENSMUSG00000063600	-0.0199684771797868	7.42893997228272	-0.67393622686704	0.500380122136312	0.640243995211943	-6.70647886478312
ENSMUSG00000025485	-0.012923485910048	7.34339851823784	-0.353718478397777	0.7235634028989	0.819005497645703	-6.70653089985765
ENSMUSG00000028524	0.0271880553479047	7.39801471101566	0.543907601658731	0.586527058603625	0.712981638926524	-6.70671976341899
ENSMUSG00000039246	0.0265144098762686	7.42970619101188	0.714298855444588	0.475072650215107	0.617396380446316	-6.70705844779549
ENSMUSG00000039458	0.029657855195695	7.42274751749173	0.725732392043737	0.46803365510502	0.610739924770982	-6.70737840118664
ENSMUSG00000061244	-0.00144562940772097	7.35248926066528	-0.0396123659471253	0.96840360333945	0.981219717894906	-6.70788350962601
ENSMUSG00000052155	-0.0233392450050909	7.3786573368538	-0.4485575077284	0.653768526588979	0.766398419600905	-6.70815847591027
ENSMUSG00000097123	0.00285139609540064	7.37176556680748	0.0816352338709952	0.934939746525986	0.962348262537063	-6.70855510158324
ENSMUSG00000046449	-0.0119778423857007	7.34111455278022	-0.266266382672174	0.790044021963825	0.866848741061013	-6.70907697292231
ENSMUSG00000025428	-0.0098765443484492	7.3286375985573	-0.284703129257227	0.775882289668625	0.857534136028084	-6.70911133875353
ENSMUSG00000030374	-0.0200304657110584	7.35248827045636	-0.491969483260833	0.622760510821721	0.742142782421079	-6.7093528137046
ENSMUSG00000022883	-0.00608544957069057	7.32050750973669	-0.143125980992582	0.886195918527936	0.930394502253955	-6.70943293838255
ENSMUSG00000003033	-0.0205995715204477	7.41556250907419	-0.605977313887859	0.544554772879133	0.678195019308271	-6.70973817025874
ENSMUSG00000036442	2.99573722726265e-05	7.30395819104895	0.000678813823433757	0.99945840953964	0.999611115178989	-6.71011776519968
ENSMUSG00000059203	0.037956078508059	7.46896083437995	0.916055748357993	0.359677735231675	0.506496817215562	-6.71039335932613
ENSMUSG00000020111	-0.00480769638440215	7.33137545767068	-0.154474531098084	0.877241247616469	0.92470550835707	-6.71065613079207
ENSMUSG00000036466	0.0131011881338239	7.40905534452742	0.473944357587628	0.635558360672486	0.751697055609726	-6.71116046103604
ENSMUSG00000004364	0.00384674399607476	7.35172782454511	0.096939719322524	0.922777790651569	0.954341325160782	-6.71134118336829
ENSMUSG00000024454	-0.021895236057925	7.38379934276569	-0.452208060031117	0.651136899145861	0.764762356993579	-6.71155479369019
ENSMUSG00000046093	0.0102762388518087	7.29711908053757	0.24034781480794	0.81006956938413	0.879930052817332	-6.71209993966082
ENSMUSG00000029486	0.00428449681738741	7.3490472277063	0.139240044104108	0.889265553547213	0.932556192157243	-6.7121540312393
ENSMUSG00000057594	-0.0196302336186154	7.39552409086734	-0.573137064010118	0.566575275911951	0.696946679718055	-6.71228213765304
ENSMUSG00000024479	-0.00870525658525612	7.33982123758052	-0.280566421050766	0.779053504738996	0.859835481709909	-6.71252473848938
ENSMUSG00000031327	0.0126499541139324	7.36689534862655	0.333079444942452	0.739086984320732	0.829643041989799	-6.7129273214543
ENSMUSG00000013662	-0.00543491094765702	7.36744498624158	-0.107620219525277	0.914300874600947	0.949324058234245	-6.71309333515757
ENSMUSG00000027568	-0.0253254125330615	7.50093746596246	-0.902846117301999	0.366647027774774	0.513164730342885	-6.71311324074196
ENSMUSG00000049305	0.0197483433889989	7.46386092980303	0.786314329458131	0.431717165666978	0.575037250270839	-6.71320069336155
ENSMUSG00000024500	0.014021517423302	7.35655550991233	0.400337600171821	0.688923393838688	0.792106632709368	-6.71321981428142
ENSMUSG00000090086	-0.0154038333763129	7.39460397517712	-0.410375801980951	0.681546246207624	0.786427239145973	-6.71323923413871
ENSMUSG00000048175	-0.00166420122518929	7.30577227734794	-0.0547112997263054	0.956370450019026	0.974836649925964	-6.71372863641264
ENSMUSG00000037579	-0.0198534915209878	7.3548280370548	-0.522947774418066	0.601031619119312	0.724158472069761	-6.71404760485549
ENSMUSG00000037266	0.0125794572929081	7.39255459654222	0.35090679732543	0.725671683828227	0.82042259798611	-6.71411073584778
ENSMUSG00000049971	0.0321615613614945	7.4653997864461	0.800316593987183	0.423561886308794	0.568136088024518	-6.71438832952893
ENSMUSG00000028470	-0.0138510010611705	7.43989160708175	-0.658381567077926	0.510320477553819	0.649286820361625	-6.7145773625064
ENSMUSG00000019790	0.0208200679586916	7.41036425004185	0.574229321297262	0.56583606458267	0.696168194485134	-6.71477552864404
ENSMUSG00000033726	-0.00287905551927281	7.33525292404163	-0.101752245665511	0.918957032769075	0.951868084631588	-6.71584557647562
ENSMUSG00000042569	-0.00319828389036214	7.31951812171003	-0.0769662088283501	0.938653220399861	0.96436066557914	-6.71619129038045
ENSMUSG00000006241	0.0233551978083906	7.42619631798769	0.653000482437531	0.513783205079685	0.652230167837024	-6.71624049217314
ENSMUSG00000028331	0.00831706126658727	7.39954256652753	0.446654457583936	0.655142118568323	0.767458895516865	-6.71630723440724
ENSMUSG00000039630	-0.00943038024994092	7.50921692016833	-0.811542731667334	0.417089109937285	0.562129980162543	-6.71637791680808
ENSMUSG00000032305	0.00621483634934528	7.34972312005626	0.189799864761371	0.849472951465226	0.905790835688446	-6.71702032628643
ENSMUSG00000037278	0.00312166151256577	7.33705440140445	0.102822484156515	0.918107600902101	0.951564929716934	-6.71714988811957
ENSMUSG00000024074	-0.0342597942311134	7.47498776485288	-0.840822711887721	0.400483738263396	0.547014408069315	-6.71716638817
ENSMUSG00000019831	-0.0273783239841165	7.41155223679473	-0.668160547487057	0.504059095705752	0.644070044991188	-6.7172804985915
ENSMUSG00000087381	-0.0212416874972243	7.43912883804105	-0.584967737747902	0.558593356751344	0.690175936824141	-6.71730655863881
ENSMUSG00000033900	-0.0202179687077502	7.33902884025409	-0.392620250179395	0.694615164147682	0.796732234888861	-6.71800486774567
ENSMUSG00000029725	-0.0031458922087797	7.34373015901633	-0.0990571956553353	0.921096460299397	0.953147935710326	-6.7180668425674
ENSMUSG00000045160	-0.00139078444004248	7.34289664952266	-0.0465157985300437	0.962900827613437	0.978262633838136	-6.71808497425401
ENSMUSG00000059248	0.0286173719076741	7.50247593220068	0.931192188791353	0.351794944451641	0.499425223678256	-6.71828900870744
ENSMUSG00000002107	0.0127792214356539	7.38619568036339	0.415292852946143	0.677943698940151	0.783582493733951	-6.71833688502227
ENSMUSG00000028550	-0.017454401611138	7.45646849325635	-0.646905995132476	0.517719725537686	0.655321149254509	-6.71850924014295
ENSMUSG00000096687	0.0143887227472312	7.42863278668931	0.593416744717768	0.552926636642373	0.684854827523363	-6.71864750401025
ENSMUSG00000030881	0.0137165277377882	7.32851207216156	0.314898781112476	0.752850427958852	0.84004512279838	-6.71883851967336
ENSMUSG00000092492	0.0188897338191083	7.53038027408062	0.93328524364563	0.35071359600705	0.49848468124246	-6.71885859856203
ENSMUSG00000048856	0.000801484654870954	7.3460049768986	0.0225734519345999	0.981991337896941	0.988940815057442	-6.71889708388343
ENSMUSG00000020238	0.00554526927881493	7.35181094770793	0.165779473656645	0.868336580830434	0.918647476059154	-6.71947053703577
ENSMUSG00000037818	-0.0153544024438865	7.43960306699459	-0.583264509156483	0.559739115790415	0.69100466798002	-6.71956092851275
ENSMUSG00000002058	-0.00475684698187528	7.31468436291993	-0.109069975650453	0.913150959442733	0.948732034046842	-6.71984303303336
ENSMUSG00000055041	0.000410691252003659	7.34359554366555	0.0126059515180764	0.989942628558681	0.994271491606463	-6.72015498421028
ENSMUSG00000039358	0.0273475406992416	7.45288176291713	0.758295253087732	0.448306672112416	0.591358282246423	-6.72053395707035
ENSMUSG00000061046	-0.0164152541897398	7.39101850894976	-0.482143910440492	0.629722864544432	0.747607714782031	-6.72055397506577
ENSMUSG00000019194	-0.0103304353492746	7.34377321689398	-0.311068185752481	0.755760550500339	0.842221410210286	-6.72074717796799
ENSMUSG00000033152	0.0288214833844913	7.42338070612658	0.691780495633971	0.489104327308009	0.630003330688357	-6.72158752875092
ENSMUSG00000045509	0.0214885413675212	7.44242081409901	0.776661267213386	0.437391974618776	0.580882098976366	-6.7218939293649
ENSMUSG00000018554	-0.00298989609474809	7.33576066544251	-0.0504388237301739	0.959774526665148	0.976709529972803	-6.72239518992681
ENSMUSG00000030407	0.0185907286948268	7.42553581433719	0.55388151772477	0.579682405018413	0.707126032877172	-6.72291410887829
ENSMUSG00000031517	-0.00544864981825377	7.35642730680461	-0.175062053944112	0.861037305001879	0.913138954806367	-6.72308535163374
ENSMUSG00000031807	-0.0180496490849924	7.43138149299788	-0.624453013371194	0.532355966746165	0.668528573238835	-6.72332634710689
ENSMUSG00000036452	0.00926338589615927	7.33694273027792	0.22431202541874	0.822522834536611	0.887535560022527	-6.72354896935177
ENSMUSG00000058454	0.00281808431712438	7.35573417952979	0.0671795209477915	0.946441225012287	0.968788781693578	-6.72400178004576
ENSMUSG00000034863	0.00710448704384881	7.35108654685473	0.163311327796481	0.870279303111555	0.919662332418797	-6.72402867624138
ENSMUSG00000016918	-0.00426225946237668	7.31477923995026	-0.0986816653155346	0.921394615477446	0.95328736414025	-6.72415871278757
ENSMUSG00000043843	-0.0165248297729503	7.34077796609749	-0.393366730602414	0.694063853859093	0.796239394910905	-6.72488353170294
ENSMUSG00000049504	0.00925437195967937	7.40615439673662	0.293490383419886	0.769158399464999	0.852006382033926	-6.72592048467643
ENSMUSG00000001270	-0.00376734553287594	7.32845869167227	-0.104844618032689	0.916502920243154	0.950705667682701	-6.72616654486737
ENSMUSG00000047606	0.00555460440972499	7.32015855758501	0.13366262117417	0.893674243961939	0.935517215903501	-6.72667039465499
ENSMUSG00000038286	-0.0066223217569279	7.32883983399428	-0.181780923002764	0.855761341299376	0.909532998887111	-6.72800819242919
ENSMUSG00000002546	0.0186736055780559	7.46323611314978	0.627409664707325	0.530416725498034	0.66700756605708	-6.72839635167056
ENSMUSG00000043140	-0.0102125287653365	7.39171038008957	-0.382454052961681	0.702139350824399	0.802900548606256	-6.72840687891909
ENSMUSG00000104097	0.00329456827398911	7.34836789395771	0.141700421962947	0.887321820717797	0.931139390954062	-6.72886770786261
ENSMUSG00000052752	0.00436974375857702	7.35119962710063	0.109557842653049	0.912764034678272	0.948612062170916	-6.7289224259867
ENSMUSG00000062822	-0.012356210248023	7.411775516538	-0.404625314874119	0.685768649796504	0.78971901862051	-6.72914590379031
ENSMUSG00000022456	0.0284437995209421	7.49107608704683	0.870345843341724	0.384149338337678	0.530795054091492	-6.72932963015605
ENSMUSG00000055373	0.0120745943273937	7.39281094367588	0.361769318898017	0.7175382900367	0.814399327574781	-6.72947773478207
ENSMUSG00000004771	-0.00185739917386218	7.35150997351248	-0.0692639665390019	0.94478202013417	0.968099090550513	-6.72952200269176
ENSMUSG00000001802	0.00593057981034839	7.3278723830437	0.176375937791747	0.860005087506199	0.912635697951784	-6.72957699223111
ENSMUSG00000056900	-0.00600342852704028	7.33414714491668	-0.1890273951271	0.850078305824489	0.906174192609375	-6.73085353880586
ENSMUSG00000034321	-0.0133674291935755	7.40769092284112	-0.463551231141903	0.642987607267772	0.757606575617305	-6.73134562206103
ENSMUSG00000062794	0.00410554826421361	7.33827689962604	0.0851845780550259	0.932117745040639	0.960887827302408	-6.73150238078557
ENSMUSG00000018428	-0.00903326491332823	7.38123422591077	-0.275349465781182	0.783058086487577	0.862873198240498	-6.73245471621632
ENSMUSG00000015002	0.010380350413457	7.36915988941624	0.340066459660789	0.733819438854613	0.825904821317885	-6.73247500147201
ENSMUSG00000040229	0.0163167531368344	7.54300574254401	0.863033334765247	0.388156692233861	0.534977093875745	-6.73279218490459
ENSMUSG00000002032	-0.012363923909156	7.35419604224347	-0.349651880743102	0.726613329778077	0.820990913390402	-6.7333726855899
ENSMUSG00000003039	-0.0111958833112462	7.3729444206129	-0.234018058925049	0.814979650924115	0.883181325213022	-6.73361837248458
ENSMUSG00000052751	0.0201583088159296	7.42148591811852	0.602371166592219	0.546951879863465	0.680321876333116	-6.73396236877446
ENSMUSG00000018042	-0.012494264884884	7.40207335745322	-0.424557689700736	0.671175714134796	0.778026602572405	-6.73448531004673
ENSMUSG00000042642	0.0107851132268317	7.36052251052152	0.272559954569449	0.785201709147622	0.864071679932812	-6.73532573409821
ENSMUSG00000000399	-0.01677775592852	7.3915658604277	-0.561275060068864	0.574632860289279	0.702980168419928	-6.73590745214635
ENSMUSG00000033439	0.00341876953849773	7.39792675108405	0.108602266916583	0.91352191612541	0.948966827415208	-6.73611964616727
ENSMUSG00000039356	-0.0263495060829255	7.44037856797999	-0.796652918366629	0.42568694971921	0.569671220047419	-6.73718272683806
ENSMUSG00000032298	-0.0191697550567236	7.41774661073035	-0.589246998158175	0.555719745344832	0.687598800307583	-6.73720339882474
ENSMUSG00000053214	0.00902641859607822	7.30808918425983	0.168278537862923	0.86637033208368	0.917086059802679	-6.73772021211173
ENSMUSG00000029428	0.00688291683332931	7.40375711525692	0.233643209622334	0.815270657003859	0.883286304901066	-6.73822133537639
ENSMUSG00000037400	0.0170932848610796	7.42006085116251	0.518255731922436	0.604300658772916	0.727026670157601	-6.73839678763556
ENSMUSG00000046798	0.0154303189416991	7.39877319353576	0.427173526902446	0.669269628879847	0.776711105513249	-6.7396477472377
ENSMUSG00000044629	-0.0213863642933152	7.48735120749095	-0.834028715918423	0.404300948171924	0.55041068866623	-6.73970760148545
ENSMUSG00000024642	-0.0106280153093365	7.38469227790393	-0.267523705390162	0.789075975173232	0.866223601120908	-6.73974063210354
ENSMUSG00000035781	-0.0137898906803917	7.36340974676012	-0.400803332002602	0.688580462057292	0.791961293969434	-6.7398054703288
ENSMUSG00000053819	-0.0223825318630491	7.41138113748832	-0.638680805939876	0.523057140861985	0.660370935620573	-6.74016644989877
ENSMUSG00000040659	-0.0148477695669502	7.36757185836615	-0.438865116037248	0.66077647780416	0.770900216483943	-6.74021366330194
ENSMUSG00000062627	0.016665940136896	7.41907501268471	0.453753802839745	0.650023903436203	0.763786837532469	-6.74049173364642
ENSMUSG00000033249	-0.0163766842347099	7.35662933491695	-0.3767535443286	0.706371271201044	0.805455219345102	-6.74055512558432
ENSMUSG00000037674	0.0218073855548244	7.44470674758779	0.568290877171026	0.569860624790022	0.699148655210474	-6.74062221466232
ENSMUSG00000030889	0.0186932582249186	7.51848176761639	0.828651137220801	0.407337726108088	0.553259208445595	-6.74067600297873
ENSMUSG00000034949	0.0163746810647298	7.37622456137802	0.406007175431785	0.684753090255099	0.789014914418215	-6.7406831662979
ENSMUSG00000046096	-0.0110861796838924	7.40237892482889	-0.394982936267743	0.692870766323377	0.795430627346384	-6.74068598847005
ENSMUSG00000037826	-0.00673553447155584	7.35813489540403	-0.15357439106964	0.877950952834671	0.925063065906533	-6.74104830884657
ENSMUSG00000050334	0.000947924093265939	7.39465310142872	0.0312041991105422	0.97510782102262	0.984811509128144	-6.74132268063641
ENSMUSG00000020628	-0.017214064314711	7.38810946822912	-0.566002999034924	0.571414785458479	0.700485423201549	-6.74136890918937
ENSMUSG00000030759	-0.00643876816793654	7.40573899767836	-0.360377837838176	0.718578407639241	0.815219108562647	-6.74146598963041
ENSMUSG00000051323	-0.0243055506769476	7.46438188512577	-0.789689224253659	0.429743258291374	0.573516690881821	-6.74150121344622
ENSMUSG00000035476	-0.00966565455481838	7.36829263697081	-0.23075851976697	0.817510973099589	0.88443901620873	-6.7416062081866
ENSMUSG00000020083	0.0168815325325866	7.35304926983509	0.434319631289094	0.66407335221867	0.772872995577103	-6.74161738243523
ENSMUSG00000002109	-0.0178521318964551	7.51342133920297	-0.856125345363246	0.391965669838785	0.538921922865928	-6.74219135974115
ENSMUSG00000039345	0.0215345899004902	7.57053173655439	1.01285378254557	0.311174469287819	0.458772089179745	-6.74245189687743
ENSMUSG00000049583	-0.00287627710481253	7.35139110963795	-0.0615393186579873	0.950931933384403	0.970771858447457	-6.7425437501433
ENSMUSG00000030216	-0.0115288727879772	7.36586194708879	-0.251000870919104	0.801822792848362	0.875103064669928	-6.74272369900137
ENSMUSG00000077797	0.0222049468116747	7.43679227780475	0.547117515769042	0.584320151113908	0.711157331819586	-6.74278556316608
ENSMUSG00000043811	-0.0292746323900452	7.52418181875656	-0.997855102674148	0.318393433265383	0.466056219623255	-6.74297277353875
ENSMUSG00000029213	0.00711192848943032	7.37276053755402	0.188773764294911	0.850277085724676	0.906279215688957	-6.74342402284484
ENSMUSG00000036469	-0.00684319518036869	7.34140954637023	-0.157127148049831	0.875150397879408	0.923244883886963	-6.74373492750976
ENSMUSG00000020952	0.00596116141505831	7.3862212938881	0.192378987465355	0.847452438369402	0.904520407886206	-6.743961145502
ENSMUSG00000066705	-0.0121584241752126	7.34088293353297	-0.352955136022369	0.724135572727276	0.819322696235892	-6.74525662930838
ENSMUSG00000102426	-0.025732346403319	7.51378818506332	-0.799026480805542	0.4243094890531	0.56890711310167	-6.74581314027039
ENSMUSG00000000561	0.00881623749681459	7.34542364982405	0.182587599527618	0.855128330490155	0.909081616141056	-6.74640665754178
ENSMUSG00000063171	-0.0230461986267612	7.45543544667779	-0.690143516431378	0.490132999259788	0.630893838001096	-6.74702517377829
ENSMUSG00000087885	0.0188168428610709	7.41723188499272	0.452102427389344	0.651212987246226	0.764762356993579	-6.7472878939923
ENSMUSG00000034757	-0.00240342296104235	7.32391148099426	-0.0686922881468236	0.945237048806643	0.968256962107107	-6.7475043001733
ENSMUSG00000091811	0.0116348006287694	7.35422916560502	0.255359745326452	0.798454787638356	0.87293278327861	-6.74815026103986
ENSMUSG00000035849	0.020850721789512	7.44684353480933	0.64378420167378	0.519742167454603	0.657245673361892	-6.74842771206428
ENSMUSG00000021831	-0.0119524194939826	7.41074965443724	-0.451708619446369	0.651496682519813	0.764762356993579	-6.74853922580756
ENSMUSG00000036641	0.01461095764469	7.40674370911325	0.484301036168978	0.628191484830316	0.746508388798993	-6.74881065762018
ENSMUSG00000049536	-0.00483504419207748	7.36125796231705	-0.164796486799714	0.869110212974418	0.919020346358217	-6.74933020988748
ENSMUSG00000001833	0.00357756036522794	7.39257730488667	0.0840168864050335	0.933046057215608	0.961336840143339	-6.74956634360247
ENSMUSG00000037103	-0.00143479319701978	7.34442761024035	-0.0315395840179023	0.974840366392611	0.984617348928565	-6.74967713803001
ENSMUSG00000021047	0.00390395285633893	7.38323923034001	0.114163758199377	0.909112139236249	0.945936107759438	-6.75002071810886
ENSMUSG00000039431	-0.0143181470144613	7.35064905223824	-0.322712032059899	0.746925580522419	0.835862013864391	-6.75005689957094
ENSMUSG00000070476	0.0108267584734367	7.37244185588919	0.356391949373737	0.72156069977997	0.817469079397661	-6.75036164859508
ENSMUSG00000024109	0.0022344302484516	7.36752921557276	0.0387957356165192	0.969054649900267	0.981499572682524	-6.75068126883457
ENSMUSG00000022570	-0.00265525969272673	7.344389832986	-0.0706191739585739	0.943703412074678	0.967511020739015	-6.75071468083737
ENSMUSG00000006276	-0.0242468615155031	7.42594610670982	-0.570746113528001	0.568195024091207	0.698108079323049	-6.7507600750097
ENSMUSG00000038605	-0.00951386634188545	7.32184111741005	-0.239231385419855	0.810935062543197	0.880474526357235	-6.75096935287195
ENSMUSG00000045763	-0.0150759244275047	7.36155050312919	-0.34934014808262	0.726847307313849	0.821113551415387	-6.75133988907551
ENSMUSG00000021816	0.0126327428890773	7.40016605059427	0.411961007053013	0.680384024762476	0.785484819078737	-6.75168700171129
ENSMUSG00000034098	-0.00997589501326956	7.36178651749248	-0.297563891155344	0.766047252635152	0.849778904550026	-6.75203340391902
ENSMUSG00000086034	-0.000162953672732336	7.3759976265867	-0.00464361684797586	0.996295111188324	0.99797211902659	-6.75221424641336
ENSMUSG00000028597	0.00540912230440416	7.3979219651969	0.12716587588992	0.898813752274087	0.938528445108657	-6.75253651092306
ENSMUSG00000009863	0.00590183272137867	7.35563325762037	0.159676347048542	0.873141885356236	0.922091922488009	-6.75262830203162
ENSMUSG00000053333	0.000981517882908456	7.36592452327486	0.0376377123133578	0.96997790227062	0.981861527509555	-6.75278139554191
ENSMUSG00000038895	-0.00245360478555767	7.36069482192767	-0.0669372663552435	0.946634073274147	0.968834684748681	-6.75381688559067
ENSMUSG00000103964	-0.0127978886290085	7.38272478920322	-0.332613082322732	0.739439016979779	0.829824756583171	-6.75393646398506
ENSMUSG00000046034	0.000952253589780128	7.34397509553212	0.0309130876820909	0.975339971782021	0.984894015470129	-6.75410047297546
ENSMUSG00000028318	-0.00475186555232288	7.36394802194393	-0.132048970805072	0.894950377948159	0.936436249048697	-6.75448175041707
ENSMUSG00000027206	0.010277562050371	7.40247958438494	0.234504923741766	0.814601722163801	0.882917935803335	-6.75469609879703
ENSMUSG00000104516	-0.0144515172736392	7.43643780614232	-0.557968321683266	0.576888679323007	0.704930613188054	-6.75531405767287
ENSMUSG00000036285	0.0144066744912958	7.46514549972827	0.638659379136208	0.523071081758733	0.660370935620573	-6.7554665086871
ENSMUSG00000060600	0.00196317390328904	7.38024611774386	0.0483132149246233	0.961468373440011	0.977570616717398	-6.75567602622498
ENSMUSG00000038354	0.015883053661641	7.39914518879924	0.45924151488149	0.646078853073335	0.760311401747065	-6.75579904486982
ENSMUSG00000018537	-0.00123440132533581	7.37057450673324	-0.0367425697365512	0.970691596474007	0.982169748901592	-6.7558345535291
ENSMUSG00000019850	-0.0168681383786851	7.38385488860075	-0.496598308401259	0.619492152040416	0.73970545369233	-6.75635363914437
ENSMUSG00000065979	0.0289756109491623	7.56021193970191	0.965838928200334	0.334167163482445	0.481925149186183	-6.75635873662348
ENSMUSG00000024317	0.0266963329182506	7.52339241061678	0.745409520702881	0.45605597718078	0.599139704135022	-6.7577907556766
ENSMUSG00000027489	-0.0168488356779672	7.40700526903708	-0.52686673024229	0.598307343115175	0.72231997743275	-6.75910066490975
ENSMUSG00000049313	0.00779361370094556	7.31915311821034	0.183859946150541	0.854130091256446	0.908684475437135	-6.75932412874647
ENSMUSG00000019738	-0.0140596568090317	7.41608074768156	-0.538304187782436	0.590388798863064	0.715947587506042	-6.75963772176063
ENSMUSG00000028393	0.0168835255687254	7.4042604790068	0.53197162217711	0.594767092243145	0.719754361859741	-6.75979322703844
ENSMUSG00000039395	-0.0100694936699703	7.36037008097705	-0.209681777284769	0.833923799111656	0.895409692279981	-6.75982566998338
ENSMUSG00000021666	0.0149262656419324	7.48182850245131	0.647355755993516	0.517428685721694	0.655079426889896	-6.76025049869664
ENSMUSG00000024750	0.0167579634401571	7.47566128715856	0.660106994206204	0.509212755749776	0.648187982331169	-6.76128054872143
ENSMUSG00000090666	-0.00304780291537465	7.37623678831799	-0.0616401160480988	0.950851664764422	0.970771858447457	-6.76224892446396
ENSMUSG00000019461	0.0162547107636204	7.45130781999059	0.543606294745038	0.586734413957999	0.713101276228938	-6.76381107949412
ENSMUSG00000041817	0.00488230052535688	7.36969873972584	0.101821906356165	0.918901741322323	0.951868084631588	-6.76384033140689
ENSMUSG00000025040	-0.0158421529212927	7.42101672482345	-0.321756377176949	0.747649466381865	0.836171776343018	-6.76395095733085
ENSMUSG00000037971	-0.00851406356630324	7.40555857084579	-0.309569917244924	0.756899738859164	0.842701877807992	-6.76412806416907
ENSMUSG00000029022	0.000481259585309424	7.367793653827	0.0134613813086197	0.989260183294884	0.993891053618035	-6.7642162523746
ENSMUSG00000098128	0.0129734824849352	7.35614742822031	0.321777719688245	0.747633297503875	0.836171776343018	-6.76422587511961
ENSMUSG00000035203	-0.0221063920146127	7.44856320306227	-0.74209117048573	0.458063722233991	0.601260301933769	-6.76456813567988
ENSMUSG00000023861	-0.0133460091552218	7.43472496074374	-0.495084677323011	0.620560085795189	0.740439943606674	-6.7645960925514
ENSMUSG00000028975	-0.011396408847367	7.38562272267456	-0.40874101264612	0.682745613495358	0.787186752257264	-6.76480467104876
ENSMUSG00000062761	-0.00614547708782798	7.36298667927886	-0.193946791679668	0.846224692371534	0.903687900483943	-6.76534318168056
ENSMUSG00000029027	0.0156816722304809	7.46957945122914	0.648585299724871	0.51663348172289	0.654452398908183	-6.76627389702432
ENSMUSG00000031634	-0.00880151283257025	7.36586841696354	-0.227900469742764	0.819732071597868	0.885984667824593	-6.76637782362098
ENSMUSG00000049760	0.00797476857446178	7.37379741765345	0.233865834025089	0.815097824328191	0.883236278439387	-6.76664639545638
ENSMUSG00000022837	0.00273762015417844	7.36824932345327	0.0688114043909428	0.945142236491458	0.968256962107107	-6.76708239851486
ENSMUSG00000007036	-0.0121605474639201	7.37500946875711	-0.359324824677445	0.719365870949623	0.815759028364873	-6.77008652248559
ENSMUSG00000047221	-0.0163121165903268	7.39636284517421	-0.496355919766095	0.619663114036308	0.739730964617794	-6.77015666978631
ENSMUSG00000062252	-0.0192229945174995	7.42358379944062	-0.682940853733233	0.494672922722052	0.635176334275902	-6.77091018333739
ENSMUSG00000039154	0.0121344821789942	7.38445104871339	0.363227870759237	0.716448599740536	0.814047391891375	-6.77091518396374
ENSMUSG00000035045	0.0130422381878477	7.35610519189404	0.302944824225899	0.761943344055844	0.846332602101045	-6.77177769565828
ENSMUSG00000026014	-0.0102780590772635	7.37347316734335	-0.31620583662019	0.7518582522757	0.839229963235865	-6.77279303708552
ENSMUSG00000071337	-0.000626452537430211	7.3972767412338	-0.0345840984663094	0.972412633905282	0.982923579608396	-6.77306749091025
ENSMUSG00000014959	-0.0112896431858767	7.33419191898538	-0.252673802907457	0.800529716231888	0.874106342360958	-6.7734837524549
ENSMUSG00000014353	0.012639629268909	7.43221178136681	0.330786383332829	0.740818421476081	0.830945405583006	-6.77377644085383
ENSMUSG00000026259	-0.00239099991342862	7.32182003317624	-0.0589441685947502	0.952998714721293	0.972687235762935	-6.77381597387092
ENSMUSG00000019851	-0.0179051389802583	7.43651138341591	-0.532026350307584	0.594729190101081	0.719754361859741	-6.7738774002567
ENSMUSG00000028779	0.0118426492502079	7.34101376927858	0.257595809700132	0.796728480991675	0.871919190265236	-6.77438764529455
ENSMUSG00000027677	-0.00121958622669815	7.38776343471779	-0.0750359939018764	0.940188796904797	0.965256565956525	-6.77440737391437
ENSMUSG00000002006	-0.00746790048269297	7.35334067266059	-0.234364222885687	0.81471093675801	0.882963210598996	-6.77462703181092
ENSMUSG00000001082	0.0131340389905965	7.40066445764955	0.347106616427361	0.728524475961814	0.821802726115118	-6.77497367843101
ENSMUSG00000022887	-0.000257325500207628	7.35080557765441	-0.00774095648860059	0.99382395218203	0.99677030188429	-6.77538968973395
ENSMUSG00000000948	0.0198802707929024	7.43623071231269	0.441887181108775	0.658588184530884	0.769567700096246	-6.77595338837724
ENSMUSG00000029602	-0.0221190742438448	7.53223360132602	-0.947672684668803	0.343337659527041	0.491093263250084	-6.77619673411821
ENSMUSG00000079330	0.0186804355533106	7.50026384078355	0.770337565988471	0.441132696384709	0.58448631323435	-6.77808890215678
ENSMUSG00000054013	0.0237529027994619	7.43225203268239	0.725468297182054	0.468195589053965	0.610884657354446	-6.77824343689547
ENSMUSG00000023051	0.00828483400715996	7.3893376485914	0.252889284331387	0.800363201609982	0.873997417255641	-6.77883522989408
ENSMUSG00000021957	7.02722093599562e-05	7.41711539024385	0.00192613866126103	0.998463234360829	0.999412607025289	-6.77886620061573
ENSMUSG00000020650	0.0173425492275339	7.47478137459403	0.620279261252909	0.535099591980376	0.67044921602135	-6.77912004410986
ENSMUSG00000009995	-0.0131346527084268	7.39144107466468	-0.311178258798652	0.755676878842712	0.842199855095666	-6.77923510905
ENSMUSG00000025475	0.0142417651033826	7.38891728197853	0.451138393663463	0.651907556879749	0.765013982434355	-6.77931181525408
ENSMUSG00000023353	0.0146728220098646	7.35136445434353	0.344120333417948	0.730768920136125	0.823695798744912	-6.77943168584484
ENSMUSG00000037740	0.0188001551234365	7.41795902459304	0.56891548108862	0.569436680686058	0.698849367480534	-6.77977397636059
ENSMUSG00000037890	0.0165931952381282	7.55468756840883	0.91301650827812	0.361273795763886	0.50797943659551	-6.78003982815267
ENSMUSG00000052798	0.0157008798571621	7.4393548377784	0.447390352962491	0.65461082198847	0.767111070665328	-6.7805032612582
ENSMUSG00000010803	-0.0034574301144179	7.37826669497498	-0.0879622869355225	0.92990984632718	0.959519207764458	-6.78095428613132
ENSMUSG00000080904	0.0197466684937657	7.49325418086247	0.727551254566649	0.466919233961285	0.609887918888671	-6.78121626902881
ENSMUSG00000041000	0.0205241195534382	7.44364648503888	0.595589460799681	0.551473974506858	0.683655509367907	-6.78163092240702
ENSMUSG00000017466	-0.00844868649125186	7.36494708100034	-0.237600867914293	0.812199509072068	0.881116669934663	-6.7819243740491
ENSMUSG00000021536	0.020713179739837	7.4445506918216	0.68588407340209	0.492815064276674	0.633474209279353	-6.78200727356942
ENSMUSG00000026771	0.0089143066790367	7.4052541874804	0.194731049699237	0.845610680559836	0.903316207165717	-6.78218527367968
ENSMUSG00000025280	-0.0108194678002471	7.38507175865994	-0.324064919417331	0.7459011823762	0.834980016927186	-6.78306459323782
ENSMUSG00000022619	-0.0162532729564555	7.40715641423483	-0.605798359054714	0.54467360592189	0.678225874902928	-6.78315348784722
ENSMUSG00000102602	0.0221186848964932	7.48221453140461	0.652461213023046	0.514130897893185	0.652497337177313	-6.78326062995205
ENSMUSG00000022307	-0.00103802946962084	7.35673407460071	-0.0276534943312313	0.977939516859814	0.986377823939036	-6.78329091279087
ENSMUSG00000031813	0.0269434198506007	7.5251804310707	0.834137513833814	0.404239648960319	0.55041068866623	-6.78367384545956
ENSMUSG00000070101	0.0159361518419781	7.42541863436123	0.456053702787129	0.648369330071607	0.762390090650034	-6.78380152934546
ENSMUSG00000027965	0.00827002886581507	7.40280852048703	0.210777494287128	0.833068693235721	0.894785079320868	-6.78408357281131
ENSMUSG00000033917	-0.011158676036362	7.36333905568044	-0.322143828810524	0.747355954108637	0.836129221602313	-6.78409478592696
ENSMUSG00000031972	0.0261668351377828	7.61301897532337	1.08296551678492	0.278871105584584	0.425175324829786	-6.78448915190246
ENSMUSG00000080316	-0.00560125341354745	7.39380212076235	-0.143041556050661	0.886262590712579	0.930394502253955	-6.78485977757653
ENSMUSG00000102854	-0.0137613744959113	7.50477136141465	-0.706598078597197	0.479846153761889	0.621379410984239	-6.78494052934641
ENSMUSG00000031691	0.00688028177541522	7.3386846927293	0.203629927991315	0.838650221768403	0.899235309296399	-6.78560870391218
ENSMUSG00000031980	-0.0105042929150185	7.38258630219186	-0.408949496689183	0.682592613992279	0.787124645985415	-6.78634990265525
ENSMUSG00000043831	0.00406602191041738	7.35645036716422	0.137110609033071	0.890948375124839	0.933728146904845	-6.78655042308709
ENSMUSG00000019998	-0.00860363509647399	7.39480514124051	-0.29816044356843	0.765591950263443	0.849561774270978	-6.78697695967722
ENSMUSG00000038822	-0.00820591888440969	7.39731631191565	-0.357700155547106	0.720581413912604	0.816854435097741	-6.78743721924606
ENSMUSG00000058756	0.0232981923458881	7.42632821077071	0.590477712403039	0.554894634000468	0.686837529387741	-6.7875279576275
ENSMUSG00000038838	0.00822820469401009	7.36929570256222	0.215983094932114	0.829008917679442	0.892356974272756	-6.78788905756666
ENSMUSG00000045176	0.023158447555609	7.42533715370118	0.555939308980623	0.578274912241453	0.706098614495402	-6.78867687885493
ENSMUSG00000067430	-0.0169953704597265	7.39245191531729	-0.348985332284071	0.727113652820776	0.821272706645639	-6.78900121424349
ENSMUSG00000041684	-0.0157419232689557	7.43156126814095	-0.406325450609687	0.684519263527066	0.788824603489388	-6.78924896449197
ENSMUSG00000097583	-0.0148063724164214	7.43164881831968	-0.505025758986298	0.613560936771493	0.734717012160022	-6.78941375661486
ENSMUSG00000042992	0.0149942585356913	7.45480071955557	0.655556794265708	0.512136695126386	0.650739100052959	-6.78975745254498
ENSMUSG00000036672	-0.00268707101711207	7.36486824127485	-0.0714566157389135	0.943036944588796	0.967346210025584	-6.78990976704735
ENSMUSG00000020940	0.0186408484079026	7.39310273926653	0.40127577549595	0.688232653693712	0.791769938678214	-6.7900476384088
ENSMUSG00000040675	-0.0292424908076638	7.42662321373533	-0.527351944931846	0.597970434776746	0.722222156290309	-6.79046629404465
ENSMUSG00000020175	-0.0146926040776725	7.40389746647975	-0.444837368678852	0.656454755383887	0.768406247946529	-6.79048269739634
ENSMUSG00000032997	-0.00219476530550899	7.35006615392921	-0.0777438505859161	0.938034634063219	0.964254823269131	-6.79072780713257
ENSMUSG00000032046	0.0153913771680392	7.42703170248204	0.468722674747701	0.639286415409005	0.754964617583862	-6.79286596995729
ENSMUSG00000028760	0.011884154200299	7.48443407626157	0.649964080015378	0.515742513477712	0.65382986215263	-6.79310898147567
ENSMUSG00000066613	-0.0105730407515878	7.55555625194239	-0.853536326868732	0.393399045274229	0.539532820105825	-6.79324080641537
ENSMUSG00000046607	-0.00462595479695782	7.37324516121609	-0.13736653448603	0.890746099634581	0.933678777935623	-6.79331332790943
ENSMUSG00000077450	-0.00685147063100455	7.37125877213013	-0.217012028168111	0.828207003698507	0.891805621841217	-6.79338760282669
ENSMUSG00000047085	-0.0115378444117047	7.43229192190905	-0.496546427951336	0.619528742723526	0.73970545369233	-6.79376150031134
ENSMUSG00000029769	-0.00249709070485959	7.39157113129764	-0.0810539357661094	0.935402002095226	0.962469241159758	-6.79428407562353
ENSMUSG00000103114	-0.0199487603323716	7.46971703109507	-0.694516579253996	0.487387582190956	0.628382471477877	-6.79502750673165
ENSMUSG00000029415	0.00229765220385403	7.35713057821877	0.0665542102604594	0.946939013818381	0.968995276607022	-6.79533856102329
ENSMUSG00000025893	0.0160151980764818	7.49950065974829	0.63037390017904	0.528476118145406	0.66527012872689	-6.79592763514823
ENSMUSG00000040420	0.00973767189947061	7.38480634478076	0.274897609312914	0.783405207956338	0.862921687976928	-6.79638572982109
ENSMUSG00000027584	-0.0267675347896423	7.53636415610534	-0.961603672937184	0.336290911232293	0.484294424139608	-6.79648665317426
ENSMUSG00000062861	-0.00624476629174175	7.39904687014886	-0.231311354562099	0.817081512842423	0.88432131228237	-6.79660345119887
ENSMUSG00000053436	-0.0225175957228894	7.38676729048072	-0.520809203213862	0.602520613784315	0.725551864943364	-6.79742770319423
ENSMUSG00000022841	-0.0127649870626811	7.37652868618477	-0.408994754959272	0.682559402176817	0.787124645985415	-6.79824374643845
ENSMUSG00000041653	-0.0111825930212222	7.41219165440435	-0.372429747653282	0.709587228926394	0.808308330035374	-6.79828982120871
ENSMUSG00000020032	-0.00873814502500547	7.33859004878795	-0.187911383798268	0.850953036474376	0.906528106187897	-6.7986667545224
ENSMUSG00000033773	0.0157090593434512	7.42491676159872	0.448291227187568	0.653960653296116	0.766527250058542	-6.79971143899248
ENSMUSG00000025626	-0.00836120189947298	7.41900947240711	-0.246306703731831	0.805453993496319	0.876996314275932	-6.79986634522425
ENSMUSG00000040813	0.00775478038999822	7.36295034751432	0.192612372158739	0.847269651499544	0.904399044226011	-6.80021741974703
ENSMUSG00000005958	-3.24185932703003e-05	7.35192532352222	-0.000803170453404404	0.999359191832537	0.999611115178989	-6.80055213391578
ENSMUSG00000020228	-0.0176114010456869	7.48782007050816	-0.590331279841264	0.554992775806586	0.686894065121934	-6.80172811419921
ENSMUSG00000032407	0.00520277397710345	7.41756437229745	0.140072080281499	0.888608158241316	0.932068804017298	-6.80217675012936
ENSMUSG00000022375	-0.0152140358729973	7.40887607583781	-0.35171049316226	0.725068836027934	0.819882639599042	-6.80261127673821
ENSMUSG00000037902	-0.0150734988798762	7.40763705312249	-0.505533361751198	0.613204488709745	0.734431723189826	-6.80274121691488
ENSMUSG00000022404	-0.000926205799468782	7.39099118130771	-0.0388061914386479	0.969046314018032	0.981499572682524	-6.8027465269773
ENSMUSG00000035033	-0.0226089156171509	7.52768918855338	-0.864106939068261	0.387566752177698	0.534332763217189	-6.80350370641826
ENSMUSG00000012429	-0.0203742304216421	7.48760620962865	-0.61313505739079	0.539812341721287	0.674295563138493	-6.80353590370509
ENSMUSG00000030662	0.0177760659263662	7.45283938849949	0.600684034284	0.548075155201124	0.681295094178989	-6.80361184204212
ENSMUSG00000060288	0.0123957691122669	7.44268345671198	0.455465585233781	0.648792263509954	0.762750387380776	-6.8047198991231
ENSMUSG00000029049	0.0169400423749506	7.5123520616087	0.745030117626269	0.456285281441385	0.599346534025344	-6.80503760162116
ENSMUSG00000028488	-0.0216964872587591	7.54718822413135	-0.969977065553862	0.332100488779721	0.479843240161583	-6.80521027749704
ENSMUSG00000038429	0.00099828523769574	7.34750814025783	0.0228292569740217	0.981787296856725	0.988811392449284	-6.80534452215222
ENSMUSG00000048285	-0.0130547992919805	7.34503408368885	-0.295742064332193	0.767438212112253	0.850745222097681	-6.80541530450989
ENSMUSG00000085207	0.00796456500266807	7.38384364043177	0.205229265641504	0.837400584508178	0.898258783480628	-6.80543756775886
ENSMUSG00000003458	-0.021657365036277	7.44576632148244	-0.486754787541189	0.626451470099649	0.744913955181162	-6.80551833358037
ENSMUSG00000021868	-0.016198922046442	7.45985328252429	-0.63312898640616	0.526675683846588	0.663833450748006	-6.8055296562746
ENSMUSG00000045648	0.0199152594064644	7.45894523897174	0.54410586117075	0.586390637617876	0.71288199718574	-6.80661132178996
ENSMUSG00000026163	0.00922320022564982	7.35721233434961	0.232180994818645	0.816406058882067	0.884068496516462	-6.80716778588751
ENSMUSG00000034379	-0.0118037898584786	7.45700457303015	-0.464676717142607	0.642181340116879	0.757056120182475	-6.80788214273223
ENSMUSG00000076612	-0.000296840347858485	7.33750043783508	-0.00679293816967729	0.994580307048468	0.997084144101708	-6.80801379459442
ENSMUSG00000043542	-0.0165577610580616	7.45734700480098	-0.588050737235679	0.556522331805185	0.688334614542377	-6.8080303553994
ENSMUSG00000057666	-0.00276444114448182	7.34759416785025	-0.0925553459455318	0.926260184165692	0.956960095572699	-6.80827110712485
ENSMUSG00000040136	-0.000924244778555128	7.37644728267039	-0.0249048806773236	0.980131735854396	0.987834750884259	-6.80920917427152
ENSMUSG00000047496	0.00724760107549205	7.37796046204465	0.238615396610079	0.811412696589122	0.880691252573206	-6.80939409702744
ENSMUSG00000096433	0.0115567277563766	7.45274499982059	0.393507416631869	0.693959968847389	0.796189984414163	-6.8096523783298
ENSMUSG00000026463	0.00325249241341918	7.36647973941954	0.0993582994359881	0.920857404666734	0.953147935710326	-6.8097471003541
ENSMUSG00000025104	0.0181777113679944	7.46867928580698	0.538488296131119	0.590261729896926	0.715877574221643	-6.81053676730888
ENSMUSG00000020196	0.0179793703595212	7.46509674505615	0.648922369674913	0.516415593357963	0.654303004765553	-6.81071406142015
ENSMUSG00000040479	-0.0113959485058643	7.37391549141054	-0.323208576498793	0.74654954800831	0.835584054246798	-6.81079410954954
ENSMUSG00000038257	0.0106507920260634	7.39775973111863	0.247999506843121	0.80414402737646	0.876256738685721	-6.81155156890941
ENSMUSG00000031897	-0.0103280417745175	7.36582044835909	-0.273509198264175	0.784472071266478	0.863446465329163	-6.8122668209102
ENSMUSG00000079658	0.00800095762050113	7.41408138074953	0.250916321418638	0.801888159016084	0.875103064669928	-6.81251368482105
ENSMUSG00000026761	0.00411097693167761	7.41855762436389	0.210959843827051	0.832926405411455	0.894785079320868	-6.81365166822486
ENSMUSG00000079157	0.0175137076143059	7.42417257802522	0.467684351296418	0.640028824854957	0.755310143780032	-6.81418301003348
ENSMUSG00000020289	-0.0182957455268786	7.48421508185284	-0.680108353817395	0.496464421451712	0.636789674306438	-6.81419726205834
ENSMUSG00000020241	-0.0172008530128727	7.42494646976033	-0.477028051617184	0.633361060392326	0.750096440902427	-6.81467871771618
ENSMUSG00000011306	-0.0128137206123968	7.43093019552718	-0.386486323594879	0.69915144939606	0.800392687608711	-6.8151520692868
ENSMUSG00000007837	0.00834660295647716	7.44381743839513	0.358446346640994	0.720023041648852	0.816319046459386	-6.81529155594789
ENSMUSG00000078919	-0.00256385059133191	7.39279057835847	-0.112317884866761	0.910575451829847	0.946924410929828	-6.81536181125145
ENSMUSG00000036552	-0.0164203076845952	7.4697999248109	-0.475250853472656	0.634627017709419	0.75115603614969	-6.81588269301358
ENSMUSG00000069727	-0.0221251061373877	7.49552629652756	-0.606380742234655	0.544286927878342	0.678066843637193	-6.81589513406949
ENSMUSG00000102070	-0.00208256198658407	7.41314596492925	-0.082194072344252	0.934495371820968	0.962278858571662	-6.81612739878033
ENSMUSG00000029722	-0.00277757830475167	7.3558519756032	-0.0707236040440741	0.943620300546321	0.967511020739015	-6.81683052872678
ENSMUSG00000056413	0.00333343878671055	7.35237246212008	0.0699890538658385	0.944204911225139	0.967937569317949	-6.81703621156847
ENSMUSG00000029148	0.00916981943712702	7.38195146004558	0.17911760364893	0.857851943897232	0.911008174963407	-6.81763453360644
ENSMUSG00000022466	0.0173356266512608	7.43942554807958	0.483842882001875	0.628516602578536	0.746759176055739	-6.81802449431486
ENSMUSG00000022820	0.0154673826752711	7.39089264258744	0.443217372759603	0.657625910514872	0.769250260615132	-6.81833537526938
ENSMUSG00000084890	-0.000841532695135427	7.36043515545612	-0.0221361023921236	0.982340189319835	0.989139959896576	-6.81866541426296
ENSMUSG00000027834	0.0172672115797941	7.43649540423985	0.445757779052265	0.655789732323591	0.767942681178931	-6.81892910234879
ENSMUSG00000035967	-0.0059087247685925	7.42455092173812	-0.224991169927693	0.821994484735515	0.887184814027812	-6.81952013479353
ENSMUSG00000026672	0.0172850994081113	7.484140996221	0.598824253189552	0.549314698128539	0.681994123081919	-6.81983146414034
ENSMUSG00000098397	0.0226979306698727	7.42610542983714	0.436329642980188	0.662614668661268	0.771861486085356	-6.82006443113421
ENSMUSG00000025142	0.00536522722468113	7.39549334793013	0.128112978184867	0.898064239785679	0.938344535297215	-6.82037628260173
ENSMUSG00000044912	0.0183188314647973	7.55351922185304	0.93668520615886	0.3489615499036	0.49683710278543	-6.82052758935778
ENSMUSG00000029276	0.0214111718776246	7.61652696490221	1.03438098752699	0.301003472986156	0.44806565870776	-6.82062208043088
ENSMUSG00000002055	0.00163032421909381	7.36945350886844	0.0480529120948218	0.961675814645614	0.977656450173969	-6.82169324501575
ENSMUSG00000019082	-0.0217638976739947	7.48905272057084	-0.821238922986318	0.411545711009596	0.556779626799383	-6.82228015169393
ENSMUSG00000029617	0.0109681558751822	7.45552994570264	0.389504970165209	0.696917684179502	0.798743440539091	-6.82230587491287
ENSMUSG00000025935	-0.0116171517449919	7.44755841753891	-0.30938539051574	0.757040077888067	0.842786454057021	-6.82234288266674
ENSMUSG00000028066	-0.00820661944134748	7.4488626450845	-0.293315908184041	0.769291738620764	0.852006382033926	-6.82275220652477
ENSMUSG00000045083	0.0286575878603248	7.46277142410585	0.63365529143586	0.52633210303828	0.663535837847625	-6.82331819373221
ENSMUSG00000029030	0.0135229906555994	7.41305106509762	0.430321911563159	0.666978315875164	0.775289009272631	-6.82376007300158
ENSMUSG00000062729	0.00931750927089858	7.42410471468862	0.252994373340208	0.800281996711013	0.873997417255641	-6.82417882249611
ENSMUSG00000039307	0.00103619644343045	7.37626113237112	0.0287350791169471	0.977076919221965	0.985963544508554	-6.82558867849376
ENSMUSG00000016763	0.0287219560777014	7.4900806600187	0.777723759070324	0.43676526509295	0.580285249705389	-6.82561609227908
ENSMUSG00000020524	-0.0108787790315228	7.39626431146602	-0.293176572431039	0.769398228042216	0.852052241712797	-6.82611921227456
ENSMUSG00000017760	0.0156096685762108	7.50772246800797	0.567240180408627	0.570574114977175	0.699669619515973	-6.82623475606001
ENSMUSG00000021476	0.0346685411873002	7.48446559486742	0.801165769816626	0.423070221695428	0.567736299962745	-6.82639737980731
ENSMUSG00000025777	-0.00339651246684269	7.36235131825909	-0.102850144879071	0.918085648246259	0.951564929716934	-6.82643084411379
ENSMUSG00000022750	0.0164352558312899	7.40997906860197	0.523856911317803	0.600399130330775	0.723862732690903	-6.8266454238999
ENSMUSG00000024833	0.00514054742030989	7.40590180153151	0.224718776569416	0.82220638720627	0.887340369409322	-6.82705515033474
ENSMUSG00000045427	-0.0115410406346781	7.4392609428958	-0.362556230009724	0.716950313817003	0.814246124364525	-6.82714090359072
ENSMUSG00000029714	0.0160361883368036	7.46004340631441	0.512414369304227	0.608381570136649	0.730057884163979	-6.82751049577224
ENSMUSG00000055707	-0.00464542333342344	7.35149389268235	-0.129507610932798	0.896960728928206	0.937552356400793	-6.82847964001556
ENSMUSG00000076135	0.000697132355673702	7.40351342902126	0.0191202446318557	0.984745873621118	0.99080025956407	-6.83040765059798
ENSMUSG00000032172	-0.0173792920130014	7.43252537858798	-0.540529532015416	0.58885374276707	0.714748117959066	-6.83050676625205
ENSMUSG00000047284	0.00907269603731731	7.40084278843536	0.221642675344415	0.824600269997961	0.88904444822641	-6.830650184961
ENSMUSG00000001472	-0.0115239961003759	7.38913500550481	-0.367432282396317	0.713310703212818	0.811352191699584	-6.83065614942938
ENSMUSG00000059900	-0.00651877076687324	7.38588522237363	-0.187922695789719	0.850944169203345	0.906528106187897	-6.8311069305175
ENSMUSG00000028747	-0.0153222673551419	7.41036417653975	-0.434680711839496	0.663811218791725	0.772774006439735	-6.8314655601348
ENSMUSG00000026648	0.0127818236610553	7.46570384558349	0.589046639583524	0.555854129013778	0.687700080991153	-6.83188432584832
ENSMUSG00000021938	0.00817122059235853	7.43429918781855	0.320838354747394	0.74834505623707	0.836612865304438	-6.83203540758903
ENSMUSG00000041645	0.0290082425045242	7.45521661494882	0.628430221397528	0.529748185419297	0.666397137579896	-6.8328882226534
ENSMUSG00000032178	-0.0121399795943615	7.44809573817303	-0.435731580415514	0.663048554602333	0.772142119584679	-6.8329193009222
ENSMUSG00000089736	0.0169731287825696	7.49438148463564	0.657327864367088	0.510997572638746	0.649638786267864	-6.83297108089703
ENSMUSG00000069227	0.00981177829053159	7.40745879571717	0.334572357201457	0.737960431307178	0.82873374220909	-6.8332184629695
ENSMUSG00000040938	0.00535360736285462	7.39225265369674	0.148278573383702	0.882128348865642	0.927765451747187	-6.83350528469514
ENSMUSG00000059866	0.00274818724676784	7.40571005769892	0.080575584371851	0.935782409490344	0.962747911453576	-6.83433315614722
ENSMUSG00000028039	0.00403930026605703	7.362559656419	0.101485341963879	0.919168884593207	0.951962585008644	-6.83458916407658
ENSMUSG00000022205	0.00175209185236991	7.38657409041962	0.0518599509753275	0.958642165219394	0.975919529899229	-6.83496755325089
ENSMUSG00000098176	0.0193539212950347	7.486925001967	0.554248625100542	0.57943119230635	0.707047550533575	-6.83505054343961
ENSMUSG00000026939	-0.0123289904222448	7.45060166628183	-0.40030304409799	0.688948841022118	0.792106632709368	-6.83517541968101
ENSMUSG00000059995	0.00946066635618958	7.38185486428829	0.261188682741345	0.793956764251333	0.869612813317029	-6.83522508505005
ENSMUSG00000051934	0.0184917729904539	7.4615946755195	0.527693110466277	0.597733598440147	0.722045420813656	-6.83529090212386
ENSMUSG00000028671	0.0123897953893337	7.44179710566037	0.474519088579062	0.635148589292387	0.751501611479072	-6.8361072981879
ENSMUSG00000026767	0.00100754700312677	7.4183730651941	0.0200650701587738	0.983992190842473	0.990194140085292	-6.83631365116728
ENSMUSG00000051853	0.00306381351784157	7.33137261651714	0.074318876989952	0.940759354024033	0.965586751078977	-6.83744841328693
ENSMUSG00000038425	0.00351477890991347	7.43130183001721	0.152684111739352	0.878652980025118	0.925299615065062	-6.83787542747271
ENSMUSG00000031166	0.0102076034592793	7.38785320292694	0.295879211908125	0.767333474187972	0.850745222097681	-6.83939942172362
ENSMUSG00000040018	0.00410369748203721	7.40574265792931	0.151721312920259	0.879412299662468	0.925713603353829	-6.84028142077662
ENSMUSG00000006010	0.00337000284987443	7.43195606737715	0.098943097968618	0.921187047856917	0.953147935710326	-6.84159217154269
ENSMUSG00000034032	0.00943417067085317	7.39996385600137	0.253720034686896	0.799721319064762	0.873763554979796	-6.84171791415531
ENSMUSG00000093089	0.00697925640424657	7.38784770629399	0.196238151673546	0.844431002860462	0.903239709351673	-6.84221411043712
ENSMUSG00000053553	-0.0244989261498834	7.54512156564356	-0.90818094509043	0.363822338370808	0.510669430629097	-6.84254623647107
ENSMUSG00000037126	-0.00943557222035452	7.37975962169844	-0.244421233228869	0.806913697247802	0.877636796906889	-6.84335240860207
ENSMUSG00000061981	-0.0186786103180605	7.521321182719	-0.822261865515268	0.410963446733406	0.556221797232891	-6.84361178699526
ENSMUSG00000029088	0.0132827755310343	7.43374255726746	0.376971300435809	0.706209446390282	0.805377477405527	-6.84463299559544
ENSMUSG00000027716	0.00647499392088857	7.41842541780798	0.231283107051046	0.817103455107915	0.88432131228237	-6.84488028209973
ENSMUSG00000048997	0.00741471179143716	7.40262786210017	0.225843744876687	0.821331326669337	0.886868977469981	-6.84515871312376
ENSMUSG00000042532	-0.020948613444788	7.44092265263633	-0.599238015063683	0.549038806525795	0.68171624194193	-6.84516497029028
ENSMUSG00000043004	-0.0185678748438232	7.4583403705451	-0.585161365703851	0.558463175743817	0.690080216785092	-6.84544453661488
ENSMUSG00000029804	-0.0215560081525226	7.57031767630173	-0.948502008519535	0.342915537552013	0.49086488274994	-6.84579790403758
ENSMUSG00000047187	0.0110964954665533	7.44214022260551	0.394327418909998	0.693354579421184	0.795774362565279	-6.84586863693
ENSMUSG00000061731	0.0101693859848657	7.39194017009287	0.278963799374239	0.780283072806536	0.860684639749193	-6.84709026087838
ENSMUSG00000028431	-0.00419627007683765	7.38490423347925	-0.123139592451365	0.902001049634503	0.940731119398942	-6.84741414468814
ENSMUSG00000019796	0.0208294084488063	7.4552242600493	0.646497119928395	0.517984381786295	0.655529388723651	-6.8483555709965
ENSMUSG00000050967	0.0113301161166746	7.41030743226234	0.337066706045024	0.73607944977087	0.827473137248861	-6.84917939004489
ENSMUSG00000056091	-0.0115420594936317	7.41771638962912	-0.381755577240042	0.702657389222048	0.803103748407592	-6.84954372137692
ENSMUSG00000030077	-0.00145003296756574	7.38253339542882	-0.0428520506371842	0.965821023968464	0.980044089737648	-6.85004782217755
ENSMUSG00000066392	-0.00702891320213261	7.36368015694817	-0.140782053934721	0.88804726562331	0.931595737302915	-6.8501035947097
ENSMUSG00000051985	0.0187871200138483	7.51024450121075	0.703206063184813	0.481957044407033	0.623191967620433	-6.85042655360878
ENSMUSG00000047141	0.0216907235042179	7.51922800925242	0.630488372398865	0.528401248775585	0.665239845078369	-6.85085371841751
ENSMUSG00000035367	0.00612646834249642	7.44675618246593	0.196126731916156	0.844518204292546	0.903239709351673	-6.85097105048557
ENSMUSG00000033065	-0.0162889785823896	7.39344063848982	-0.33606919388154	0.736831481792987	0.827892727690912	-6.85208544191057
ENSMUSG00000038542	0.00554999208465912	7.39187948521621	0.157589796773727	0.874785817048382	0.923132026515523	-6.85309043891126
ENSMUSG00000098024	0.0106471499252052	7.42740418072675	0.343310400411319	0.731378051889256	0.82416951758772	-6.85324635089166
ENSMUSG00000020436	-0.012852637495528	7.45069607012987	-0.446045704529188	0.655581753857927	0.767826819839717	-6.85400867824934
ENSMUSG00000024038	-0.00716638185321727	7.438008916313	-0.3436708895436	0.73110691546407	0.823934900340501	-6.85456706754993
ENSMUSG00000085517	0.0261073970855756	7.51813567564478	0.786745566516063	0.43146465138731	0.574876370441957	-6.85548262318768
ENSMUSG00000039114	-0.0036130090187001	7.388967015114	-0.117995178268289	0.906075778241327	0.943777873238559	-6.85548603326964
ENSMUSG00000018599	-0.0061438443375712	7.37250127352015	-0.182364827359417	0.855303133749991	0.909193620254537	-6.85611307215784
ENSMUSG00000004936	-0.00367573446983549	7.34099018403072	-0.0989686160984906	0.921166787716149	0.953147935710326	-6.8562598686397
ENSMUSG00000031862	0.00842323349222251	7.41863021307791	0.228727158344516	0.81908947115254	0.885582571337769	-6.85668640476093
ENSMUSG00000029009	0.0201124029106632	7.46858603341083	0.624300638613287	0.532456005195185	0.668528573238835	-6.85696700517547
ENSMUSG00000040875	-0.00228349632509239	7.39269527753611	-0.0860688115591042	0.931414842816143	0.960553229214313	-6.85710000149585
ENSMUSG00000026977	-0.00429370770435611	7.43734297798224	-0.123967630774058	0.901345424900396	0.940395666209529	-6.8573534271969
ENSMUSG00000057897	-0.0220786372968744	7.41870078952349	-0.466113034753896	0.641153014230506	0.756282121119541	-6.85739867997803
ENSMUSG00000074467	-0.0113915356689347	7.4319077560277	-0.347822275155145	0.727986942709957	0.821621125341272	-6.85813939483993
ENSMUSG00000062257	0.00976307164374557	7.41664294682482	0.255024522976001	0.798713674230708	0.873142904394492	-6.85826476253235
ENSMUSG00000032405	-0.00681478177650785	7.41668967718032	-0.145621774612441	0.884225302859885	0.929224407211561	-6.85928757884357
ENSMUSG00000031601	0.00295543810564336	7.43619803433573	0.109783750674541	0.912584875210592	0.948595568579362	-6.86012667262583
ENSMUSG00000054383	0.00996247543039352	7.44342438608993	0.428247730758786	0.668487503510952	0.776216265717551	-6.86175009924898
ENSMUSG00000031158	0.00370615581721445	7.41084573745148	0.138248002012517	0.890049469728058	0.933172712235103	-6.86301606794591
ENSMUSG00000029059	-0.0158030799929039	7.41252706749418	-0.434517552227666	0.663929662581701	0.772799618386421	-6.86302680981661
ENSMUSG00000034818	-0.0168920447844165	7.43383911706117	-0.508718746401952	0.610969743378571	0.732492296731891	-6.86344764464856
ENSMUSG00000033352	-0.00203143033854847	7.385355668603	-0.0630945160331526	0.949693529200158	0.970329864412029	-6.86349231673699
ENSMUSG00000048281	-0.0163986707334667	7.49382221197486	-0.685102780079777	0.493307877721082	0.633796539266379	-6.86378722604299
ENSMUSG00000046999	0.016033939045295	7.52590126541152	0.780490875434115	0.435135515373866	0.578648467981173	-6.86383616347712
ENSMUSG00000029330	0.00986543836731268	7.38632912468249	0.286281561260951	0.774673239447126	0.856857419834283	-6.86459242423593
ENSMUSG00000066235	0.00609089515228423	7.39400051070546	0.198936874356771	0.842319462540605	0.901704680698473	-6.86553199019308
ENSMUSG00000033712	-0.000587172334789443	7.39793727087823	-0.018037458095636	0.98560962393908	0.99128887543834	-6.86581844625438
ENSMUSG00000097320	0.00073746838960087	7.40448571419418	0.0235819332736714	0.981186937010622	0.988432779375584	-6.86645423600705
ENSMUSG00000028133	0.00119248719460341	7.42148452061246	0.0634059782912693	0.949445526212576	0.970329864412029	-6.86669582379212
ENSMUSG00000029575	-0.0163613297866716	7.49342669245373	-0.722024383107831	0.470310118350107	0.61273396406068	-6.86794763459646
ENSMUSG00000097182	0.0105636902506676	7.44403940053003	0.412499940671602	0.679989068672082	0.785229213821362	-6.86835992158901
ENSMUSG00000068923	0.00687610510917391	7.44146232842377	0.200662024005854	0.840970260268432	0.900737683055739	-6.86849779084374
ENSMUSG00000045854	-0.00445499596893129	7.43911883631604	-0.183046278695624	0.854768439829268	0.909068108387066	-6.86871155977705
ENSMUSG00000044501	0.0145086683289088	7.47430610371126	0.46410461857419	0.642591123126185	0.75733403353501	-6.86882216214579
ENSMUSG00000062044	-0.00937213714430474	7.40668437604142	-0.215279674717297	0.829557241024263	0.892356974272756	-6.86888731190249
ENSMUSG00000025582	0.0132509101857883	7.41345509640532	0.365967841662023	0.714403118146545	0.812261938098391	-6.86917416654732
ENSMUSG00000031489	0.0113317511806104	7.44610363569342	0.429827886235121	0.66733764998663	0.77546339920957	-6.86967792842741
ENSMUSG00000050069	-0.016820776280202	7.45859155949818	-0.523626705272551	0.600559256782983	0.723889709821137	-6.87031355015453
ENSMUSG00000086596	-0.00372974748841948	7.36884916825349	-0.100387231843022	0.920040557424223	0.952639273789776	-6.87061955645177
ENSMUSG00000046709	-0.0179579947629396	7.46362389972605	-0.640447385923054	0.521908409649451	0.659284532914957	-6.87335524739036
ENSMUSG00000032551	-0.000376849754016639	7.43709177369036	-0.0154696387272863	0.98765806631934	0.992588154239241	-6.87496039350081
ENSMUSG00000031633	0.0052587878114263	7.38460361364783	0.162202365922881	0.871152442821741	0.920213634131211	-6.87556944626807
ENSMUSG00000046699	-0.00410378817274992	7.43659430661025	-0.117159038771188	0.906738294623955	0.944092393289075	-6.87607867424554
ENSMUSG00000023966	0.0101726528690476	7.43456879702446	0.354770438482457	0.722775150408004	0.818450918447994	-6.87637450364884
ENSMUSG00000056938	0.0104421919816122	7.45688193269741	0.427786649918715	0.6688231713881	0.776468294742662	-6.87675637762436
ENSMUSG00000028439	0.0194069001585406	7.43218957066941	0.537110059037429	0.591213275203899	0.71641653081909	-6.87801248507389
ENSMUSG00000031104	-0.000995311908079444	7.40699725791836	-0.0355184974124494	0.971667583162985	0.982473895487319	-6.87827813569189
ENSMUSG00000031723	-0.00693135688173729	7.41834907700947	-0.263226666448804	0.792385718296525	0.868255258113333	-6.87881962092072
ENSMUSG00000031290	0.0124872654433466	7.46843309905712	0.253768215529974	0.799684096093095	0.873763554979796	-6.87923729727408
ENSMUSG00000060166	0.0157536090489412	7.46727549437	0.560049461237303	0.575468462745803	0.7036549093367	-6.88005392549521
ENSMUSG00000090061	-0.0184523379245016	7.53620734364426	-0.829398006198829	0.406915149285484	0.552742595397962	-6.88057130595602
ENSMUSG00000019189	0.0161144845114789	7.38377385660938	0.274068992795342	0.784041872950431	0.863346149416847	-6.88368696260116
ENSMUSG00000035545	0.00180210084957277	7.43371513694072	0.0482525544625865	0.961516714899934	0.977570616717398	-6.88487066302447
ENSMUSG00000017721	-0.00160139200139486	7.43029556742295	-0.0468661868569945	0.962621575472483	0.978162190785917	-6.88507097886004
ENSMUSG00000042743	-0.00455144195142765	7.40609997588676	-0.163537116623693	0.870101547911076	0.919642534016506	-6.8854002872326
ENSMUSG00000058152	-0.00408016796019517	7.41207726875791	-0.133535370182196	0.893774868765783	0.935517215903501	-6.88655694031009
ENSMUSG00000027357	-0.00512239160296168	7.43201556710452	-0.212072541615616	0.832058283196547	0.894213351141783	-6.8874475326828
ENSMUSG00000034793	0.00682710768542449	7.40011298510177	0.216955329199703	0.828251188204045	0.891805621841217	-6.88821042138616
ENSMUSG00000033981	-0.0138619794203088	7.44954629892498	-0.34828702332626	0.727637940719159	0.821509440480375	-6.89114605388564
ENSMUSG00000039768	0.0125655046635735	7.43211913756739	0.266182101996072	0.790108923547286	0.866848741061013	-6.89117947191305
ENSMUSG00000042182	-0.00910083996719102	7.41285265865437	-0.252525591120407	0.800644253083919	0.874145420162798	-6.89170656640953
ENSMUSG00000028793	-0.0155746104724734	7.4106847020899	-0.42537419367436	0.670580523283226	0.777749841497519	-6.89274000005351
ENSMUSG00000019470	0.00172900055012981	7.43750021023678	0.0638506468088875	0.94909146573778	0.970254256249209	-6.89322635264049
ENSMUSG00000043964	0.0130142718246624	7.49056916325588	0.546692283246542	0.584612288400573	0.711446744723955	-6.89385449451328
ENSMUSG00000043987	-0.0116365014840856	7.57752147253113	-0.818907370238696	0.412874671694403	0.558173812662445	-6.89410602448496
ENSMUSG00000040697	-0.00384570309430821	7.43694610218733	-0.199574147113486	0.841821011129571	0.901449425626398	-6.89436647826987
ENSMUSG00000041343	0.00415344306279231	7.40764190213904	0.13327209541442	0.893983060954441	0.935648431850312	-6.89457705816271
ENSMUSG00000099681	-0.0158338643476039	7.50669899870586	-0.626051992768255	0.5313067647291	0.667613798237199	-6.89588211990958
ENSMUSG00000020905	0.0122780595246113	7.47744764284692	0.514119749219652	0.607188883047791	0.728976569230032	-6.89651272642894
ENSMUSG00000034951	-0.00743859628953736	7.42278335164541	-0.317202557028833	0.751101925042774	0.838637336785108	-6.89704565747381
ENSMUSG00000019772	-0.00981117470508774	7.40239568553795	-0.274863189225893	0.783431651641748	0.862921687976928	-6.89711237967973
ENSMUSG00000022394	0.00247987723201515	7.4168547397554	0.117000391159383	0.906864006637672	0.94411281608798	-6.89720497590616
ENSMUSG00000023927	0.00446387449265551	7.43892421620942	0.153424625781285	0.878069043118397	0.925063065906533	-6.89782669462383
ENSMUSG00000052584	0.00697342208613971	7.37692288527445	0.171672570709921	0.86370125370161	0.915000551340142	-6.89787251358707
ENSMUSG00000022490	0.0080743136769561	7.42313187228004	0.179037623149205	0.857914740996322	0.911008174963407	-6.89793831384466
ENSMUSG00000044442	-0.0113465551653427	7.47551342640086	-0.477456849754952	0.633055773776277	0.7499743181865	-6.89856042460941
ENSMUSG00000026017	0.0155972602883363	7.50368721916411	0.496390042481968	0.619639045295485	0.739730964617794	-6.89935361881113
ENSMUSG00000015247	0.0147497912490877	7.50458763613531	0.554675278834766	0.579139296062946	0.706793623650945	-6.89978887940312
ENSMUSG00000032842	0.0111708611501093	7.47637274686513	0.431502753954005	0.666119728379414	0.774464598229125	-6.90073559474557
ENSMUSG00000035653	0.00293615990569585	7.40582451947458	0.0804190898662541	0.935906864426342	0.962747911453576	-6.90108225050988
ENSMUSG00000054708	-0.0115122203154092	7.44669293439557	-0.393244035375007	0.694154458843824	0.79627356305821	-6.90261781808507
ENSMUSG00000029840	0.0012193195082979	7.42601505241689	0.0400430090881739	0.968060287862934	0.981126216135316	-6.90420883787606
ENSMUSG00000053799	-0.0199354005400503	7.4939591280489	-0.613301117621672	0.539702562866148	0.674280556641245	-6.90450881560375
ENSMUSG00000073968	0.00336327087458255	7.45750977315971	0.121561640425889	0.903250626291873	0.941584298066183	-6.9072850997128
ENSMUSG00000032528	-0.0130457820807095	7.39370006210697	-0.294785937806078	0.76816851219819	0.851395742455741	-6.90824236975548
ENSMUSG00000034023	-0.0095384221875241	7.4279198583534	-0.28254200933844	0.777538549242108	0.858670154928526	-6.9082582992292
ENSMUSG00000015127	-0.000274624545754776	7.40305601783373	-0.00887104242799201	0.992922346113221	0.996704090455121	-6.90854714044476
ENSMUSG00000019888	0.0178904979501722	7.58737855412614	0.833253275921144	0.404738009748724	0.550773634697304	-6.90977006233697
ENSMUSG00000035258	-0.00134720066941441	7.40400412023762	-0.0424104300766846	0.966173050115992	0.980142655624556	-6.90981155032383
ENSMUSG00000031703	-0.00765109886730286	7.42791781324678	-0.182691311963961	0.85504695258836	0.909081616141056	-6.90991948848506
ENSMUSG00000018068	-0.00613124955189903	7.44118264939913	-0.210843136049145	0.833017472166302	0.894785079320868	-6.91024180182018
ENSMUSG00000039086	0.00140432225883824	7.42477104986841	0.0463671341205785	0.963019311404361	0.978262633838136	-6.91071647719679
ENSMUSG00000023031	0.0011088813828275	7.43249213207103	0.0429882653644174	0.965712445343305	0.980040643677213	-6.9107213347681
ENSMUSG00000034187	-0.017270150351786	7.4683186794215	-0.639971620987657	0.522217651455156	0.659611528495022	-6.91214789473965
ENSMUSG00000031109	0.0176060308834893	7.56819059627101	0.809324192443176	0.418363631641898	0.563267859466859	-6.91354809800394
ENSMUSG00000040570	-0.0016708759839732	7.41857387609816	-0.0470270205485049	0.962493395930442	0.978132491262759	-6.91384131958131
ENSMUSG00000093910	-0.0143211941277066	7.52692456453485	-0.675186886144121	0.499585361621837	0.63947707805564	-6.91504723617573
ENSMUSG00000023192	0.0114303152440272	7.4626314851113	0.442312074364402	0.658280750904152	0.769414480031886	-6.91562216189916
ENSMUSG00000041708	0.0130898313362815	7.45721385496296	0.500247252808113	0.616920963085483	0.737398817558217	-6.91642068087237
ENSMUSG00000030682	-0.0147159093118505	7.40257872674927	-0.399217280508035	0.689748579363151	0.792747642965708	-6.91704980841147
ENSMUSG00000031520	0.0117422355970813	7.48827660153689	0.497792410903042	0.618650226050267	0.73903203959403	-6.91722136168434
ENSMUSG00000024118	0.00504829810793961	7.42688746015601	0.14530217577822	0.884477610303057	0.929386894862232	-6.91741078767437
ENSMUSG00000086429	0.0100064895940752	7.52944098541485	0.598602953789803	0.549462286059488	0.682047999344915	-6.91751220258108
ENSMUSG00000011837	0.0135240386288853	7.4804102136496	0.495889343007512	0.619992258717343	0.73998893710707	-6.91798618638043
ENSMUSG00000023935	0.00991297751927878	7.52837643495608	0.64700482413136	0.517655766126354	0.655303547681901	-6.91827678614273
ENSMUSG00000034902	-0.0211113644905954	7.48801768120569	-0.661287531462514	0.508455578952392	0.647557940675148	-6.92010684910661
ENSMUSG00000030410	0.0128116099038902	7.47503707669767	0.439454162890811	0.660349717460477	0.770594393528172	-6.92014150424595
ENSMUSG00000074056	-0.00745352683943867	7.43397125698641	-0.226572190400496	0.820764821296702	0.886734860572407	-6.92061418831281
ENSMUSG00000009894	-0.0172289848138396	7.50742656880226	-0.732804085127812	0.463709093645875	0.606966552090762	-6.92151682320763
ENSMUSG00000020785	-0.00267736272008623	7.35035820335776	-0.0577139328415653	0.953978587627745	0.973232110124089	-6.92157120010264
ENSMUSG00000032773	-0.0106696992405384	7.41485463499642	-0.327942621467906	0.742967503890365	0.832500048008615	-6.92173405236997
ENSMUSG00000004187	-0.0164493582023644	7.44676876577649	-0.480554535891626	0.630852208233209	0.748441992403218	-6.9222882313765
ENSMUSG00000044252	0.0142070986283045	7.49790278151975	0.547767187534792	0.583873953981165	0.710878620433498	-6.92290063735152
ENSMUSG00000047879	-0.00629308689867258	7.43394637504011	-0.281861101429277	0.778060599854161	0.858956857516711	-6.92305034973323
ENSMUSG00000033633	-0.0100769664199305	7.4407406290536	-0.346105723847692	0.72927647312224	0.822509268273291	-6.92460375315289
ENSMUSG00000044573	0.010003359884573	7.45425468588448	0.322621942079511	0.746993812019592	0.835866921962435	-6.92475913521716
ENSMUSG00000026554	0.0196286593874833	7.55053356265042	0.66585943241259	0.505528819428035	0.645318184862699	-6.92640469605101
ENSMUSG00000028677	-0.00209166173035413	7.42436105385958	-0.0797232158782283	0.936460289062643	0.963090188877307	-6.92688176948692
ENSMUSG00000069631	-0.0144967887994243	7.49676766809558	-0.57771964584561	0.563477013942718	0.69446586601532	-6.9276087339799
ENSMUSG00000063052	0.00784206528729658	7.47122673785704	0.242073947077828	0.808731871788443	0.879030109211648	-6.92783684245555
ENSMUSG00000002409	-0.00982070407924507	7.48914009585746	-0.4450330268868	0.656313363869742	0.768349687899729	-6.92816216983048
ENSMUSG00000071252	0.00030369513859263	7.41884899593562	0.00828643396558277	0.993388757848726	0.996739554556456	-6.92866394772738
ENSMUSG00000040935	-0.0115930042486161	7.48619919966633	-0.511785821243107	0.608821419294145	0.730451798148731	-6.92915299823108
ENSMUSG00000020042	0.0191817167651216	7.58493485815578	0.862665948337917	0.38835869479286	0.535142830462912	-6.92956742053116
ENSMUSG00000030380	0.0121536525904729	7.47173393868904	0.42437356626814	0.671309959504186	0.778113323579354	-6.93016993464957
ENSMUSG00000027805	0.0105307365082101	7.47244619402194	0.443512104094433	0.657412775620966	0.769155322469141	-6.93020066341031
ENSMUSG00000028247	0.0184109672994168	7.52376708653633	0.693035732274147	0.488316329680299	0.629297902172898	-6.9323535454937
ENSMUSG00000052459	-0.00718605265834427	7.41848255177802	-0.239656707398202	0.810605311491831	0.880262503156192	-6.93307417399852
ENSMUSG00000049939	0.0158629574547575	7.47215709499005	0.495758569646582	0.620084525923576	0.740031596480534	-6.93353381554549
ENSMUSG00000097267	-0.00604809070871504	7.46833553357801	-0.240143360144392	0.810228052091507	0.879981779472371	-6.93390905718574
ENSMUSG00000031202	-0.00276294619179307	7.45322095112443	-0.134298259922266	0.893171632880574	0.93517298605826	-6.93443560918201
ENSMUSG00000039478	0.0152549362861381	7.49749764164517	0.442773457162446	0.657946980526093	0.769330049912258	-6.93492597164162
ENSMUSG00000021708	-0.00446307159713655	7.39870735243289	-0.107089956428282	0.914721512754344	0.949610185154221	-6.93514694119369
ENSMUSG00000057788	0.0100224011106915	7.49166902190081	0.372942658191933	0.709205463829334	0.807993007012449	-6.93648822688776
ENSMUSG00000053025	0.0151318740900788	7.48456576257334	0.569562503984668	0.568997678756536	0.698679198112978	-6.9369040370715
ENSMUSG00000094500	0.00749138753770406	7.41159264744098	0.210356949512752	0.833396866272899	0.894917304235957	-6.93727047707789
ENSMUSG00000026986	0.0190946236386758	7.54157764389879	0.694941163010635	0.48712147072787	0.628190927380741	-6.93757111802348
ENSMUSG00000046793	0.0140831724089283	7.45381693859633	0.398546491042555	0.690242834537536	0.793106827256926	-6.93860209188454
ENSMUSG00000085181	-0.00159271820372986	7.45080964943684	-0.0435264318497681	0.965283471703811	0.980022934057423	-6.93976201875981
ENSMUSG00000028134	0.00824816570610931	7.47756912389052	0.217756299460735	0.82762705668077	0.891573555999723	-6.94039574281366
ENSMUSG00000033953	0.00864096617848631	7.48107447746195	0.435672400641955	0.663091494843458	0.772142119584679	-6.94118932146329
ENSMUSG00000021712	-0.0209998668405174	7.50643151054847	-0.502130962037425	0.615595461666907	0.736436995328635	-6.94151033158189
ENSMUSG00000022687	0.00571570704833402	7.44519401105948	0.162638797613627	0.870808800084022	0.919999097054553	-6.94165366555007
ENSMUSG00000027330	-0.0035576401852877	7.44493404460379	-0.113216047692053	0.909863396737919	0.946442999371749	-6.94192347430221
ENSMUSG00000040035	0.00851202822525909	7.44436436682033	0.345131798360436	0.730008459348631	0.82302579594043	-6.94196173846125
ENSMUSG00000036820	-0.0110107070579462	7.50810038013305	-0.567174386620103	0.57061880731969	0.699669619515973	-6.94215904164476
ENSMUSG00000021591	0.0143720682002746	7.47086664594706	0.484401771721286	0.628120010015429	0.746491210159949	-6.94274821666675
ENSMUSG00000073792	0.0161251384335994	7.64149853063997	0.937070715522489	0.348763243380198	0.496629147523771	-6.94363653049512
ENSMUSG00000027371	0.0106626485069334	7.44586377456637	0.310908426028574	0.755881996417073	0.842229832742924	-6.94403450295828
ENSMUSG00000035681	-0.00906205305860386	7.45638843383674	-0.331404824332668	0.740351321405758	0.830563796044917	-6.94506278414
ENSMUSG00000028085	0.0159935940726017	7.51432407064396	0.644911103273436	0.519011638651363	0.656448688360896	-6.94561738120295
ENSMUSG00000031878	-0.00484696743208701	7.48078868300981	-0.274988736241742	0.783335199700855	0.862921687976928	-6.94776119621856
ENSMUSG00000027546	0.00284744346739352	7.41976407923072	0.116952271751672	0.906902136810452	0.94411281608798	-6.94964881484241
ENSMUSG00000024743	0.00331312209031509	7.40456134209605	0.0946561008923843	0.924591428770974	0.955763994115246	-6.94994185146676
ENSMUSG00000045045	-0.00170430302773994	7.43613926479392	-0.072032091099114	0.942578982871557	0.967027979292722	-6.95012714117053
ENSMUSG00000039838	-0.020667454598275	7.54224575476902	-0.774487547180865	0.438675752527898	0.582055635157114	-6.95118257857419
ENSMUSG00000030207	-0.00356741659207493	7.41344068485743	-0.12077553589306	0.903873230366709	0.942008305362279	-6.95129024809081
ENSMUSG00000073073	-0.007221783515865	7.48816200766772	-0.377085618480581	0.706124496589098	0.805377477405527	-6.95144593940667
ENSMUSG00000046056	-0.010389253962769	7.50573428473429	-0.381782974372146	0.70263706698966	0.803103748407592	-6.95158959164655
ENSMUSG00000039913	-0.00745806577067309	7.46292499194812	-0.235956762936851	0.813474988694853	0.88206183137262	-6.95199488847248
ENSMUSG00000098657	0.0131968150510433	7.46544361420371	0.410865876388913	0.681186858501337	0.786220431235079	-6.95286475699956
ENSMUSG00000038990	-0.00137687891882443	7.44738011941923	-0.057620417160389	0.95405307498197	0.973232262557577	-6.95346201199949
ENSMUSG00000055629	0.00867087152705182	7.43014687040339	0.249067895335023	0.803317543820523	0.87568925414721	-6.95572754458623
ENSMUSG00000102496	-0.00213262169752326	7.48445607779987	-0.155476056427347	0.876451722324554	0.924187269244834	-6.95602710750661
ENSMUSG00000051243	-0.00573889027406072	7.42671508899131	-0.146019079778485	0.88391166649572	0.928969377680178	-6.9573924996211
ENSMUSG00000030316	-0.00722224210517286	7.47103091208639	-0.276001662014547	0.78255713782913	0.86261160633653	-6.95789949577668
ENSMUSG00000058624	0.00606145515075074	7.43962283605545	0.187857472629479	0.850995296749867	0.906528106187897	-6.95874615011033
ENSMUSG00000075585	-0.0196859182489559	7.56842791646949	-0.773378661239857	0.439331483178558	0.582674870521981	-6.96142247612583
ENSMUSG00000065414	0.0111932551336116	7.46584049853055	0.329849801424896	0.741525990973644	0.831596562774281	-6.96156107060834
ENSMUSG00000022092	0.00708104799705023	7.50738787757089	0.312910772975817	0.754360292193683	0.841233811362836	-6.96184169129951
ENSMUSG00000088634	-0.00110134064733813	7.43881952998087	-0.0498404700053925	0.960251322387484	0.976984581522163	-6.96400586970402
ENSMUSG00000089917	0.00172090314246542	7.46218428371868	0.0623620073537121	0.950276811145524	0.97043869044596	-6.96417625888021
ENSMUSG00000009207	0.0057662345047147	7.47810870578871	0.228224892582143	0.819479877223211	0.88582143643663	-6.96488929378211
ENSMUSG00000037279	0.012734922042446	7.45468009926053	0.410165586918021	0.681700425998513	0.786535822435228	-6.96771557467219
ENSMUSG00000049728	-0.00918655476704977	7.46040390066455	-0.313779215051103	0.753700606741358	0.840641365092679	-6.96868758779699
ENSMUSG00000042380	-0.00426572920108725	7.42314460734964	-0.146981408491291	0.883152070846149	0.928469197102528	-6.96918896656016
ENSMUSG00000032688	-0.00449515854575999	7.47671075406238	-0.15390241155186	0.87769231740369	0.9249575641511	-6.9694427409189
ENSMUSG00000026854	-0.000938571445009195	7.42353708893298	-0.036409022778462	0.970957538390458	0.982311367926544	-6.96961164190748
ENSMUSG00000006522	-0.00444812408655704	7.47638096699539	-0.195083696604331	0.845334616553378	0.903316207165717	-6.97017561375177
ENSMUSG00000000532	0.0135450928890286	7.46385398172166	0.437646379600062	0.661659794088425	0.771504277182548	-6.97219561218105
ENSMUSG00000000743	0.0145461689719415	7.45744424111871	0.435164648203611	0.663459960336662	0.77250241912925	-6.97418761401645
ENSMUSG00000034108	-0.00604085957143585	7.49296287908966	-0.287775398322843	0.773529490542064	0.855941741112612	-6.97425405850974
ENSMUSG00000022351	-0.00353524603067346	7.45925910343245	-0.116433068979181	0.907313570541355	0.94441947853882	-6.97542095182081
ENSMUSG00000086098	-0.0168848609021222	7.56124071992555	-0.731474930960953	0.464520210056036	0.607685273348855	-6.97586762115582
ENSMUSG00000024517	0.0183084838119205	7.49805969701483	0.618905658818034	0.536004089688371	0.67132550867695	-6.97592814990907
ENSMUSG00000027499	-0.00422932583753877	7.45673014556713	-0.141602859802254	0.887398883358832	0.931139390954062	-6.97631932820358
ENSMUSG00000027296	0.0152266587542398	7.44650187644339	0.435083410825738	0.663518920188544	0.77250241912925	-6.97650442625649
ENSMUSG00000067594	0.00451392210534962	7.46124336356483	0.154475010124499	0.877240869959738	0.92470550835707	-6.97656331636291
ENSMUSG00000041303	-0.00533419222517573	7.45672832407576	-0.195415932136152	0.845074548641784	0.903316207165717	-6.97755154644204
ENSMUSG00000019894	0.0137293475234737	7.4757666688628	0.378088474420484	0.705379430892127	0.804988450944886	-6.9777209511013
ENSMUSG00000037217	0.0203741009253822	7.53972192756893	0.695343697702033	0.48686925120731	0.627927518156448	-6.97773700854416
ENSMUSG00000054099	0.0117811337233071	7.5825384786024	0.757449993088637	0.448812696541825	0.591727676044871	-6.97785257767759
ENSMUSG00000049630	-0.00562130766886515	7.43510084708427	-0.175978638776174	0.860317189636464	0.912670986688322	-6.97812248847655
ENSMUSG00000027669	-0.00228480465569092	7.48479540748822	-0.0937039705292582	0.925347722226936	0.956319259503872	-6.97850859638645
ENSMUSG00000036617	0.00061522623998389	7.45337376165803	0.0258733030942091	0.979359330672442	0.987429523077675	-6.97891858474063
ENSMUSG00000030718	-0.00260264125204568	7.4131509374219	-0.0752985360987311	0.93997991907535	0.965238196485541	-6.97902375390554
ENSMUSG00000029267	-0.0109375330492956	7.51717139742692	-0.412969207679309	0.679645239085682	0.78492550018611	-6.98085157057114
ENSMUSG00000075334	-0.00206682612990772	7.44230809317129	-0.0686684138532388	0.945256051992892	0.968256962107107	-6.98144114775258
ENSMUSG00000049556	0.0118625877548491	7.46559435943493	0.397217585273965	0.691222397086925	0.793953642977893	-6.98170392629146
ENSMUSG00000022119	0.0157834497292031	7.53338370865299	0.436756468846646	0.662305081756717	0.77163817125202	-6.98581072584164
ENSMUSG00000031841	-0.00690104436285388	7.47099575597056	-0.207146380044076	0.835903194203063	0.897167127275496	-6.98687782932467
ENSMUSG00000031934	-0.00491956128357174	7.43242756859872	-0.19533064582026	0.845141307603554	0.903316207165717	-6.98718148431694
ENSMUSG00000020156	0.0042434633958166	7.48608328842403	0.164327834128442	0.869479097045115	0.919261918639639	-6.99050957897137
ENSMUSG00000019984	0.000368511216554346	7.4764689319948	0.0131453611468311	0.989512297149975	0.994068062790629	-6.99151938539564
ENSMUSG00000031399	-0.000170927330878534	7.48966099450345	-0.00633489796686812	0.994945745800093	0.997124140422609	-6.99300858839875
ENSMUSG00000054459	-0.00923974167599795	7.46202771081632	-0.357294558599337	0.720884983289598	0.817057068758326	-6.99305708344265
ENSMUSG00000037664	-0.00370831626038282	7.44812227019521	-0.148554138145494	0.881910898576007	0.92774966118022	-6.99453335386445
ENSMUSG00000036894	0.0123075763311018	7.50417021447836	0.376967253882068	0.70621245345367	0.805377477405527	-6.99467674229502
ENSMUSG00000037808	0.0126658345852686	7.58046981456228	0.632346707275265	0.527186580462516	0.664157689705086	-6.99482659172674
ENSMUSG00000000339	0.000370436244157446	7.45109094244577	0.0151397174617347	0.987921262629753	0.992774422040891	-6.99513462945041
ENSMUSG00000064284	0.00685033820331959	7.48627358845796	0.25975915047293	0.795059265252283	0.870674688472011	-6.99532246132472
ENSMUSG00000020056	0.000914964065344748	7.45721161150191	0.0340858698902252	0.972809910473619	0.983097440981908	-6.99695284523099
ENSMUSG00000031343	-0.0114334828470684	7.47469413660364	-0.426781250116503	0.669555334243314	0.776940133567154	-6.99703170983677
ENSMUSG00000028838	0.00638664358499152	7.47146202407491	0.25296327768242	0.800306024876685	0.873997417255641	-6.99848060048189
ENSMUSG00000001986	0.000927617369920419	7.44706940234329	0.0375356540582287	0.970059271774521	0.981861527509555	-6.99899982709598
ENSMUSG00000036825	0.0162312823962534	7.52156816591688	0.546607682625899	0.584670417635995	0.711451353070959	-7.00056706530216
ENSMUSG00000004637	0.00426205228797816	7.45808386657107	0.150163933882095	0.880640774722198	0.926790416126986	-7.0023303194513
ENSMUSG00000093677	0.00838278171608131	7.46634950828981	0.264865337307499	0.791123106545673	0.867234673942556	-7.00384553203338
ENSMUSG00000009394	-0.0122312814571792	7.46277967025996	-0.452191372037509	0.651148919409429	0.764762356993579	-7.00464997842406
ENSMUSG00000039349	0.011655769451977	7.51564346981681	0.491081601823408	0.623388286894026	0.742485394106313	-7.00547399269499
ENSMUSG00000063564	-0.00222341415834837	7.48396381742007	-0.0859239246480876	0.931530013869518	0.960553229214313	-7.00562344038362
ENSMUSG00000042579	-0.00237552341523717	7.45379745470116	-0.0848424186222644	0.932389751492824	0.960942031531453	-7.00609044684347
ENSMUSG00000020027	0.00947707504182116	7.4457875460195	0.246371763557502	0.805403637199064	0.876996314275932	-7.00696052152405
ENSMUSG00000053716	0.00155502954892572	7.43340385501433	0.0347756559254249	0.972259891994337	0.982920965713503	-7.00761495776675
ENSMUSG00000041025	-0.00897529218735027	7.46315704188133	-0.267701734921381	0.788938931702603	0.866223601120908	-7.00806285016275
ENSMUSG00000030772	0.0150976446122053	7.49293465963995	0.527015432896997	0.598204082416255	0.72231997743275	-7.00824300034612
ENSMUSG00000092486	0.0129414426603205	7.57234466535505	0.683723094104861	0.494178781384988	0.634666333715152	-7.00835656052618
ENSMUSG00000046159	0.00661526935300749	7.47843128149215	0.193491270157524	0.846581372496438	0.903959165543052	-7.01080797921913
ENSMUSG00000027575	-0.000511865287606383	7.44654122748557	-0.0159405581203271	0.987282390394608	0.992588154239241	-7.01163249042833
ENSMUSG00000074782	0.0112906103530692	7.48533579114184	0.347544014134097	0.728195929447552	0.821786148463697	-7.01367309573425
ENSMUSG00000090015	0.0154247621671519	7.61879691745171	0.76374735065682	0.445050510313145	0.588367290822951	-7.01461080973759
ENSMUSG00000053399	0.000259369268095888	7.45695778618264	0.00846279239403626	0.993248055499388	0.996739554556456	-7.01478733284424
ENSMUSG00000039917	-0.00318351938795391	7.4436485058958	-0.0972185904727964	0.922556339927594	0.95426306410145	-7.01585489793902
ENSMUSG00000028102	0.0117185444579802	7.48376615067377	0.432437895424411	0.665440099726222	0.773982034969411	-7.01667187590755
ENSMUSG00000031176	0.00923867916021592	7.50642267517447	0.360116046315037	0.718774152448821	0.815281186206889	-7.01758847989083
ENSMUSG00000041889	-0.00982554067133101	7.48951069288404	-0.353432790155168	0.723777524898072	0.819129958157465	-7.01915259510865
ENSMUSG00000070699	0.0023548845545891	7.48484794881145	0.0869233100398549	0.930735628630409	0.960144263653716	-7.02220651088225
ENSMUSG00000055078	-0.00767665836889364	7.46729621548215	-0.238506549181716	0.811497103540726	0.880691252573206	-7.02234043941574
ENSMUSG00000085218	0.00532340430767508	7.50297830479444	0.206815908168728	0.83616127183547	0.897296997612293	-7.02592190649078
ENSMUSG00000051675	-0.0140703269140836	7.47746883156915	-0.50191549119447	0.615747017674482	0.736473036295945	-7.02694672961078
ENSMUSG00000025141	-0.00448027060361866	7.48234302217335	-0.184656781080998	0.853505040907457	0.908240916488696	-7.02702877737259
ENSMUSG00000033781	0.0141766718654335	7.49430442038715	0.52312561023792	0.600907874621759	0.724158472069761	-7.02784858583506
ENSMUSG00000026000	0.00936483481266226	7.46179570121119	0.327238461445242	0.74349996076561	0.832954089195907	-7.02808064674156
ENSMUSG00000040795	-0.00114364337979556	7.48534765397182	-0.0393647025995604	0.96860104710752	0.981343825161094	-7.02896348484053
ENSMUSG00000100183	-0.00915129405170934	7.5156892599981	-0.369364776034167	0.711870039172221	0.810206255137157	-7.02972897137176
ENSMUSG00000046207	-0.0108877938537706	7.47589162905989	-0.382351609274685	0.702215321565453	0.802917291697372	-7.03032074387257
ENSMUSG00000039106	-0.00464348444302409	7.45998903737578	-0.170934196503721	0.864281782243406	0.91546740235685	-7.03180205843874
ENSMUSG00000045867	0.00722065884161349	7.48620654631127	0.273932532588394	0.784146735618372	0.863346149416847	-7.03259084707803
ENSMUSG00000026730	-0.0119144239346678	7.52180773387718	-0.488960914297633	0.624888825178705	0.7437989361978	-7.03465209325689
ENSMUSG00000103477	-0.00332842796074395	7.50027920519148	-0.143286892701441	0.886068845337274	0.930394502253955	-7.03496891227742
ENSMUSG00000022103	-0.00304019908289721	7.45114824376423	-0.0996127648310372	0.920655382271341	0.95312511977672	-7.03716683339338
ENSMUSG00000057177	0.00937630323181082	7.45242890911368	0.259067943768649	0.795592492980977	0.871067872560877	-7.03833150331866
ENSMUSG00000030075	0.00260079405141767	7.4727661053495	0.07979074832421	0.936406579541577	0.963090188877307	-7.0392998461498
ENSMUSG00000074461	0.0117398251778811	7.5166037482257	0.420946109939435	0.673810847451007	0.780311587653168	-7.04036079111244
ENSMUSG00000020312	0.008781152767245	7.49250225583978	0.336941819545657	0.736173588821494	0.827507909749378	-7.0405248096967
ENSMUSG00000021044	0.0145067036310254	7.5277294755429	0.57891156487316	0.56267250391888	0.693840861006497	-7.04127989476686
ENSMUSG00000040118	0.00681565359577441	7.49502230973589	0.258447390886355	0.796071296566402	0.871345657942257	-7.0433658688541
ENSMUSG00000062961	0.00669114840665497	7.51414106367165	0.32558743070739	0.744748883180183	0.833925109356394	-7.04436344676652
ENSMUSG00000063179	-0.00554581140742361	7.49717935909825	-0.229405544214494	0.818562239936513	0.885158738353748	-7.04768088011642
ENSMUSG00000006127	-0.0158980125501076	7.54184940026614	-0.535312966356666	0.592455059936813	0.717456446646264	-7.04970069903475
ENSMUSG00000086567	-0.00812057150299594	7.50661259835462	-0.348204724401585	0.727699738867316	0.821509440480375	-7.04998479744715
ENSMUSG00000020319	0.00120559673196308	7.47319222515807	0.048580552540409	0.961255328770643	0.977524366597606	-7.05053631222625
ENSMUSG00000025903	0.0131374656882581	7.55735946209846	0.437154869305353	0.662016164550736	0.771526231607355	-7.05180913583505
ENSMUSG00000075419	0.00365621017972195	7.48033030725629	0.193903869516233	0.846258299719916	0.903687900483943	-7.05240438669798
ENSMUSG00000080469	-0.00778293338357461	7.55268468902205	-0.563444796651792	0.5731549628555	0.701809275505444	-7.0542610072439
ENSMUSG00000058704	-0.00234092353815374	7.4981630993637	-0.089391178894799	0.928774281694962	0.958869004166815	-7.05521057275777
ENSMUSG00000087795	0.00626052272600575	7.49890090325497	0.229578762914378	0.818427630130644	0.885132404375407	-7.05592021922464
ENSMUSG00000039781	-0.0137482742020705	7.53607241667447	-0.472012730005954	0.636936389020284	0.752905907052475	-7.05594686784808
ENSMUSG00000026825	0.0100162069206844	7.50098665589975	0.395547369677549	0.692454279280283	0.795154080272303	-7.05653664266836
ENSMUSG00000043165	0.0136114633970257	7.51288332556813	0.487217854486475	0.626123330832914	0.744794352831593	-7.05834889567314
ENSMUSG00000097353	0.00236427459839739	7.49860925425481	0.104479038223776	0.916793004045429	0.950855898674068	-7.06010699922463
ENSMUSG00000001901	-0.00971960240176362	7.52492444310362	-0.506684956058543	0.612396157118554	0.733651999134113	-7.06379431002748
ENSMUSG00000076498	-0.00375696332109943	7.49163206263195	-0.155073826650762	0.876768794513835	0.92443078503464	-7.06389421048648
ENSMUSG00000001844	-0.00159102903279518	7.52101510444854	-0.0856861514041353	0.931719023662737	0.960553229214313	-7.06608416603451
ENSMUSG00000033214	0.00420051920095421	7.48476931315506	0.135452727257253	0.892258884512808	0.934665811813225	-7.06820846758204
ENSMUSG00000031227	0.00573037696379686	7.47477890811022	0.186385406678419	0.852149395440752	0.90731456450149	-7.07088387474259
ENSMUSG00000002617	-0.0118821323172842	7.59240615297377	-0.600523257400626	0.54818225827527	0.681363536061885	-7.07116244637525
ENSMUSG00000003279	0.0137277635417288	7.56380101939296	0.602328231533441	0.546980451442284	0.680321876333116	-7.07577629431518
ENSMUSG00000019809	-0.00152469512067466	7.50979887740206	-0.0547823219356837	0.956313869935354	0.974836649925964	-7.07607838202566
ENSMUSG00000036534	-0.0115136331579944	7.53535643093137	-0.488475341190337	0.625232622173822	0.744052437723323	-7.07815046598943
ENSMUSG00000085829	-0.00946473464092712	7.53366119731361	-0.351881068898824	0.724940910022021	0.819882639599042	-7.08240773877346
ENSMUSG00000009566	-0.00108183098237546	7.52336726293948	-0.0573404949032788	0.954276041784834	0.973383867475422	-7.08339600408812
ENSMUSG00000032850	0.0223969443305814	7.56300814876926	0.658050350407942	0.510533262310766	0.649363788028033	-7.0837059285337
ENSMUSG00000000792	0.0139533737545916	7.52064654133899	0.40361250372608	0.686513347714684	0.790278092700312	-7.08499509644797
ENSMUSG00000003464	-0.00531105703124091	7.48698015250564	-0.191255571854884	0.848332412052014	0.905004882703772	-7.08502458723466
ENSMUSG00000103713	-0.00927244250996662	7.52129855515965	-0.382605081559217	0.702027355653444	0.802900548606256	-7.08524189266422
ENSMUSG00000031487	0.00586884742209204	7.52019064893175	0.358414629120116	0.720046772724793	0.816319046459386	-7.08847079873293
ENSMUSG00000033373	-0.00464157341741256	7.52278071588814	-0.311551348397161	0.755393297361508	0.842000767421616	-7.08911753668093
ENSMUSG00000060402	-0.0065316801886901	7.48308703538385	-0.191434169222604	0.848192503707673	0.905004882703772	-7.0910158853839
ENSMUSG00000079598	-0.0138031955579629	7.53268571513141	-0.520239586975594	0.602917493031771	0.725762763770867	-7.09115593767751
ENSMUSG00000063434	0.00236590696497707	7.47221227653195	0.0725426910413364	0.942172664726465	0.966686875125304	-7.09267507600268
ENSMUSG00000039096	0.0104195584761317	7.55661002097632	0.511919480671051	0.608727874439889	0.73040650097764	-7.09320056541924
ENSMUSG00000089788	-0.00419287855091621	7.54528931408118	-0.195975920083376	0.844636238529246	0.903239709351673	-7.09467584178601
ENSMUSG00000052658	0.00218548297145915	7.50287951123972	0.0682518272889401	0.945587646791962	0.968438898895591	-7.09498485136947
ENSMUSG00000018740	-0.00045042385900107	7.52370424711921	-0.0157084111054452	0.987467585318022	0.992588154239241	-7.09527059399994
ENSMUSG00000020216	0.00505018488651388	7.45954354265776	0.124552550035534	0.90088233767836	0.940163536459553	-7.09807750452375
ENSMUSG00000025400	0.00883259668448666	7.52130468536541	0.42502631942295	0.670834081082607	0.777922499287952	-7.09876484338153
ENSMUSG00000021314	0.00943903328469453	7.49267432990583	0.317367903620697	0.750976480536272	0.838603214191477	-7.09891869218586
ENSMUSG00000045027	0.0121149393023821	7.51965364375307	0.394980162203631	0.692872813493596	0.795430627346384	-7.10757827377336
ENSMUSG00000042810	0.0034763977292549	7.52070785949115	0.168365105700398	0.866302235776208	0.917086059802679	-7.1081205475732
ENSMUSG00000087334	-0.0110223574288524	7.60394216308439	-0.596569201451766	0.550819541406275	0.683260136381952	-7.10923570713188
ENSMUSG00000045031	0.00376640083385915	7.54092473486743	0.134857066097316	0.892729810145398	0.935009493953884	-7.10947307864489
ENSMUSG00000039347	0.00524892884819383	7.47728684947771	0.201980642763271	0.839939311752193	0.899926650000453	-7.11020617684399
ENSMUSG00000032101	-0.00943209113711596	7.50560766307869	-0.381098407828444	0.703144918135929	0.803103748407592	-7.11200045667653
ENSMUSG00000022206	-0.00652996787105309	7.526766743151	-0.202408279829286	0.839605026991879	0.899812460165167	-7.11369259682373
ENSMUSG00000038473	-0.0112209167969661	7.50675764378845	-0.362284424187612	0.717153386879088	0.814308078145795	-7.11392518266742
ENSMUSG00000015396	-0.0132878431429031	7.5133955527099	-0.423188301957602	0.672174392974591	0.779046313104049	-7.11575444460193
ENSMUSG00000089199	0.00181895492580075	7.50432744501635	0.0549419135249077	0.956186731558908	0.974801175017071	-7.11611311776557
ENSMUSG00000027634	-0.0105856946704526	7.53829782651688	-0.433128891197774	0.664938084302245	0.773604318820314	-7.11774988756417
ENSMUSG00000031698	0.0157500759643687	7.58715155553214	0.628383780669764	0.529778598222697	0.666397137579896	-7.11936225175937
ENSMUSG00000022668	0.00362784695017382	7.50599945148825	0.137153758425295	0.890914270694049	0.933728146904845	-7.12030140233301
ENSMUSG00000032606	-0.00436019814043842	7.46142186854723	-0.121312578709016	0.903447879691584	0.94171493956387	-7.12202256370982
ENSMUSG00000064125	0.0106286375394644	7.55828110673898	0.440897772323488	0.659304299854102	0.770106085586082	-7.12326587420159
ENSMUSG00000030600	0.0140934474204375	7.52693488784868	0.432009648397821	0.665751300853655	0.774206433716117	-7.13214959728891
ENSMUSG00000032313	-0.00532979652460597	7.5084063975635	-0.236317102696196	0.813195398371499	0.881904751116605	-7.13236004867903
ENSMUSG00000052364	0.00586682844147202	7.50866395103286	0.206078292161194	0.836737366878601	0.897738380853975	-7.13463558862262
ENSMUSG00000025512	0.0033543020038298	7.5101109325058	0.171768011670566	0.863626220960631	0.915000551340142	-7.13515728543857
ENSMUSG00000099966	-0.000147619877345129	7.5225235986795	-0.00642714030950364	0.994872151896047	0.997124140422609	-7.13714127295036
ENSMUSG00000004383	0.00553153767230885	7.50898704301465	0.225228918213454	0.82180954425822	0.887131477030723	-7.13716565203838
ENSMUSG00000022441	0.0028919235490994	7.49188375608161	0.0857033765793441	0.931705330963131	0.960553229214313	-7.13802878034103
ENSMUSG00000024442	-0.00324028300865997	7.55906482492701	-0.167333967957809	0.867113417470472	0.917724241028571	-7.14251808242017
ENSMUSG00000079339	0.0101991892991071	7.53335196167674	0.334813285061267	0.737778679583358	0.82860070971136	-7.14412945573858
ENSMUSG00000101037	0.00822838218941246	7.5469052066012	0.340805827764144	0.733262753111745	0.825653733872793	-7.14459726864809
ENSMUSG00000049744	0.0106867602272267	7.56900425129293	0.517577410733337	0.604773918489145	0.727244482487624	-7.14480602415405
ENSMUSG00000022415	-0.0131426455703236	7.58009445322211	-0.60415526144005	0.545765289277768	0.679391382259631	-7.14717022958951
ENSMUSG00000023991	0.0100007755036069	7.56357966768481	0.409085549734537	0.682492776223086	0.787124645985415	-7.15271274059905
ENSMUSG00000088818	0.00254824831789957	7.53085706327869	0.107310177824314	0.914546816337439	0.949504117326705	-7.15471096967524
ENSMUSG00000002803	-0.0124723902745227	7.56532139638778	-0.511379291640631	0.609105978415255	0.730726241126411	-7.15525570781999
ENSMUSG00000018659	-0.00919721156564801	7.54214954401405	-0.285336871757995	0.775396788972131	0.857100199360279	-7.15688567974338
ENSMUSG00000039953	0.0065593311424168	7.53711255368128	0.318546515632708	0.750082486685026	0.837962276276163	-7.16161138062747
ENSMUSG00000044628	-0.00932872704479948	7.52896924892563	-0.316970628840803	0.751277894502838	0.838725180765	-7.1656835584094
ENSMUSG00000044216	0.0112217728042978	7.54332761680392	0.436773681983328	0.66229259787164	0.77163817125202	-7.16701222467039
ENSMUSG00000096936	-0.0043328682098478	7.55306845660067	-0.275707071866751	0.782783399889712	0.862643120484521	-7.16878217919406
ENSMUSG00000032017	0.00475455036562877	7.49304519986487	0.118026988842384	0.906050574373261	0.943777873238559	-7.16932156202584
ENSMUSG00000019066	0.00103876129653546	7.53421718800576	0.0474614864731918	0.962147144709269	0.97798372814703	-7.17075758329755
ENSMUSG00000025647	-0.0108804930019009	7.52827704557858	-0.383815998904874	0.701129634752053	0.802236425290499	-7.17625472528332
ENSMUSG00000031626	-0.00947765792165889	7.54491664659575	-0.345078166320551	0.730048775454951	0.82302579594043	-7.1771683750284
ENSMUSG00000024831	0.0050887979896741	7.54063361075521	0.247096217703229	0.804842964366495	0.876485568012955	-7.17754165379462
ENSMUSG00000064247	-0.00793243077014161	7.53538008073699	-0.317158762393015	0.751135152088465	0.838637336785108	-7.17767916249338
ENSMUSG00000021597	-0.000795068915013353	7.54934346320375	-0.0342456874560159	0.972682474702652	0.983097440981908	-7.18427418397506
ENSMUSG00000036856	0.00139674418049029	7.51168935787094	0.0433664952648877	0.96541095644866	0.980022934057423	-7.1905359506386
ENSMUSG00000025474	0.00778952573237923	7.57956350670923	0.41675347700121	0.676874964680716	0.782623601307068	-7.19062368090301
ENSMUSG00000087022	-0.00834569754026315	7.57745469912228	-0.398051461976842	0.690607669637249	0.793347930772392	-7.19567575968202
ENSMUSG00000071267	-0.010271397584809	7.61329881717174	-0.491085219922166	0.623385728163438	0.742485394106313	-7.19752212831675
ENSMUSG00000030760	-0.00416250501062887	7.56204507235194	-0.146038740727734	0.883896146433119	0.928969377680178	-7.19864237589929
ENSMUSG00000039166	-0.000846035578241811	7.56504634054746	-0.0323241441561115	0.974214725486583	0.98421322525429	-7.20002660786159
ENSMUSG00000021481	-0.00351481574968204	7.53165662180744	-0.164006503853723	0.869732037708268	0.919455090251667	-7.20037701909994
ENSMUSG00000008136	-0.0105695545347162	7.55321295789816	-0.414556391892113	0.678482811363904	0.783859598162392	-7.20349682942196
ENSMUSG00000100455	-0.0117513363957178	7.60736945751856	-0.522306001128913	0.601478283531399	0.724429962096879	-7.21293074755895
ENSMUSG00000053347	0.00702751401360224	7.59916976852654	0.280265675232858	0.779284201770861	0.859967314315886	-7.22068367732896
ENSMUSG00000044933	0.00898942316305718	7.58459357332775	0.419457709056742	0.674898004519303	0.781234719289718	-7.2222779785122
ENSMUSG00000031937	-0.00963858823734665	7.60926111039416	-0.518684599220209	0.604001527038976	0.726733571546207	-7.22756727311194
ENSMUSG00000034473	-0.00573473749026654	7.57279107005618	-0.381542529738748	0.702815427644761	0.803103748407592	-7.23162129098483
ENSMUSG00000021217	-0.010079045823475	7.5930870540294	-0.416183607988342	0.677291858856368	0.783036472637546	-7.23419335176947
ENSMUSG00000062190	0.000764276155686971	7.55246470246458	0.0372552953388557	0.970282799145054	0.981981585180972	-7.23750090367328
ENSMUSG00000044566	-0.00800425040923436	7.59618388536197	-0.398015113401405	0.690634461275049	0.793347930772392	-7.2428743658637
ENSMUSG00000027419	-0.0119803748120173	7.6049301290539	-0.494953162279098	0.620652913316502	0.740439943606674	-7.24792521344544
ENSMUSG00000036196	0.00632870039264155	7.58402393704292	0.328579767510218	0.74248582619337	0.832102759503818	-7.24847559495779
ENSMUSG00000022421	-0.00409775866988138	7.5504960578578	-0.152855958319563	0.878517463450544	0.925231327447069	-7.25941634215133
ENSMUSG00000005583	-0.00807082999877906	7.58979980807576	-0.308110995835938	0.758009518145064	0.84343537409104	-7.26871449040297
ENSMUSG00000021759	-0.00367809614608117	7.56039660128255	-0.168922570050794	0.865863744939584	0.91669805505006	-7.28766182152197
ENSMUSG00000030802	0.00343903421500524	7.60385714501064	0.223943945471114	0.822809221044685	0.887771412717736	-7.29624269258369
ENSMUSG00000040740	-0.00437545423467345	7.6004932446378	-0.230110866691372	0.818014161011538	0.884785310307589	-7.30028817657709
ENSMUSG00000030792	-0.00499710865705882	7.58975536647671	-0.232795831797158	0.815928594183837	0.883843881768559	-7.30087582973895
ENSMUSG00000024382	-0.00149023967664252	7.59215014092807	-0.0672115403084119	0.946415736037495	0.968788781693578	-7.30623228321996
ENSMUSG00000038255	-0.00173880032883478	7.58421016132683	-0.0558734691157797	0.955444631686056	0.974240472185088	-7.32487484842372
