version https://git-lfs.github.com/spec/v1
oid sha256:a96cab72c7fe082277df21f5f8c28545e5c4e0ef429e01f23b33da9dc446d877
size 1675135
